   16.2461715006108       -540.966076756042     
   16.2461603193254       -540.965817061253     
   16.2461488387474       -540.965550399909     
   16.2461370685730       -540.965276998380     
   16.2461250072634       -540.964996824012     
   16.2461126626690       -540.964710055181     
   16.2461000453119       -540.964416935109     
   16.2460871575145       -540.964117514930     
   16.2460740072067       -540.963811982365     
   16.2460605973401       -540.963500400656     
   16.2460469276181       -540.963182765234     
   16.2460329933139       -540.962858963263     
   16.2460187899356       -540.962528891861     
   16.2460043061839       -540.962192283128     
   16.2459895260495       -540.961848769686     
   16.2459744314194       -540.961497922865     
   16.2459590043292       -540.961139329127     
   16.2459432199195       -540.960772407911     
   16.2459270607583       -540.960396750714     
   16.2459104985920       -540.960011698189     
   16.2458935116997       -540.959616741602     
   16.2458760824457       -540.959211479465     
   16.2458581831796       -540.958795258077     
   16.2458398055170       -540.958367875544     
   16.2458209368112       -540.957929046126     
   16.2458015637710       -540.957478451688     
   16.2457816893734       -540.957016160566     
   16.2457613155024       -540.956542213768     
   16.2457404489035       -540.956056764146     
   16.2457191115422       -540.955560319911     
   16.2456973269516       -540.955053430487     
   16.2456751257405       -540.954536801670     
   16.2456525486183       -540.954011372494     
   16.2456296442814       -540.953478281619     
   16.2456064613792       -540.952938662202     
   16.2455830654533       -540.952394035296     
   16.2455595280392       -540.951846058655     
   16.2455359246502       -540.951296494837     
   16.2455123301553       -540.950747086259     
   16.2454888371803       -540.950199993589     
   16.2454655443552       -540.949657510850     
   16.2454425327640       -540.949121525831     
   16.2454199129624       -540.948594621819     
   16.2453977948486       -540.948079357710     
   16.2453762782870       -540.947578061518     
   16.2453554721217       -540.947093280090     
   16.2453354858856       -540.946627560450     
   16.2453164390243       -540.946183697524     
   16.2452984418564       -540.945764263772     
   16.2452816083543       -540.945371923677     
   16.2452660482998       -540.945009241230     
   16.2452518743347       -540.944678848726     
   16.2452392003823       -540.944383403694     
   16.2452281405153       -540.944125570357     
   16.2452187984469       -540.943907778012     
   16.2452112749773       -540.943732376327     
   16.2452056793360       -540.943601918174     
   16.2452021158052       -540.943518831686     
   16.2452013957553       -540.943502045993     
   16.2452017880856       -540.943511189922     
   16.2452033373914       -540.943547311734     
   16.2452100588726       -540.943704024685     
   16.2452180453429       -540.943890221009     
   16.2452286002310       -540.944136288017     
   16.2452418046834       -540.944444115099     
   16.2452577343392       -540.944815449446     
   16.2452764590662       -540.945251906815     
   16.2452980441434       -540.945754996093     
   16.2453225592281       -540.946326326288     
   16.2453500596176       -540.946967160125     
   16.2453806067157       -540.947678910859     
   16.2454142517071       -540.948462742817     
   16.2454510482812       -540.949319874868     
   16.2454910400385       -540.950251297822     
   16.2455342739740       -540.951258062501     
   16.2455807915165       -540.952341096883     
   16.2456306247447       -540.953501105221     
   16.2456838132021       -540.954738962464     
   16.2457403919755       -540.956055439514     
   16.2458003831310       -540.957450992253     
   16.2458638187012       -540.958926305961     
   16.2459307192746       -540.960481800023     
   16.2460011102723       -540.962118007592     
   16.2460750051410       -540.963835167466     
   16.2461524265008       -540.965633731568     
   16.2462333823163       -540.967513814627     
   16.2463178931036       -540.969475811697     
   16.2464059637809       -540.971519756189     
   16.2464976038305       -540.973645774298     
   16.2465928165095       -540.975853855722     
   16.2466916167842       -540.978144257679     
   16.2467939999480       -540.980516767508     
   16.2468999651388       -540.982971267746     
   16.2470095184658       -540.985507793841     
   16.2471226629049       -540.988126306096     
   16.2472393851664       -540.990826387279     
   16.2473596899075       -540.993608024961     
   16.2474835629879       -540.996470779151     
   16.2476110037559       -540.999414515798     
   16.2477420117288       -541.002439098665     
   16.2478765691874       -541.005543987034     
   16.2480146680100       -541.008728864166     
   16.2481563100380       -541.011993637047     
   16.2483014618514       -541.015337402991     
   16.2484501344560       -541.018760273349     
   16.2486023074212       -541.022261640406     
   16.2487579608219       -541.025840896444     
   16.2489170859086       -541.029497691343     
   16.2490796787380       -541.033231794339     
   16.2492457100520       -541.037042368378     
   16.2494151746527       -541.040929149953     
   16.2495880569643       -541.044891616883     
   16.2497643241135       -541.048928860691     
   16.2499439909401       -541.053041062260     
   16.2501270160100       -541.057227100391     
   16.2503133887703       -541.061486581370     
   16.2505031009976       -541.065819139883     
   16.2506961144989       -541.070223737799     
   16.2508924428745       -541.074700512661     
   16.2510920464576       -541.079248390510     
   16.2512949038528       -541.083866704052     
   16.2515010142220       -541.088555260794     
   16.2517103468501       -541.093313180900     
   16.2519228907731       -541.098140040907     
   16.2521386201735       -541.103035068780     
   16.2523575167603       -541.107997672341     
   16.2525795750680       -541.113027540676     
   16.2528047677525       -541.118123870692     
   16.2530330712877       -541.123285937851     
   16.2532644738666       -541.128513297939     
   16.2534989643382       -541.133805502177     
   16.2537365078890       -541.139161577710     
   16.2539770980643       -541.144581191998     
   16.2542207086921       -541.150063563691     
   16.2544673240037       -541.155608142988     
   16.2547169364431       -541.161214564054     
   16.2549695142178       -541.166881924873     
   16.2552250438855       -541.172609726724     
   16.2554835088143       -541.178397397918     
   16.2557448854008       -541.184244217671     
   16.2560091731035       -541.190149977308     
   16.2562763301127       -541.196113544778     
   16.2565463620781       -541.202134847466     
   16.2568192226310       -541.208212652069     
   16.2570949242597       -541.214347037836     
   16.2573734443111       -541.220537299174     
   16.2576547484453       -541.226782482874     
   16.2579388329196       -541.233082293824     
   16.2582256766564       -541.239436073491     
   16.2585152720535       -541.245843445970     
   16.2588075923596       -541.252303623914     
   16.2591026232615       -541.258816082845     
   16.2594003596261       -541.265380509925     
   16.2597007543987       -541.271995674004     
   16.2600038394899       -541.278662068100     
   16.2603095482328       -541.285378025874     
   16.2606178971066       -541.292143707076     
   16.2609288659799       -541.298958470463     
   16.2612424285913       -541.305821532471     
   16.2615585932929       -541.312732883438     
   16.2618773170760       -541.319691371988     
   16.2621986032104       -541.326696870965     
   16.2625224179415       -541.333748444915     
   16.2628487679040       -541.340846033912     
   16.2631776395575       -541.347989142989     
   16.2635089917633       -541.355176677520     
   16.2638428290141       -541.362408529443     
   16.2641791448596       -541.369684363191     
   16.2645179032915       -541.377003191767     
   16.2648591217442       -541.384365200356     
   16.2652027503813       -541.391769109934     
   16.2655487971531       -541.399214888195     
   16.2658972460207       -541.406701993110     
   16.2662480736833       -541.414229723363     
   16.2666013054612       -541.421798422176     
   16.2669568602265       -541.429406150710     
   16.2673147793463       -541.437053601578     
   16.2676750373642       -541.444740028674     
   16.2680376063622       -541.452464637288     
   16.2684024880716       -541.460227268486     
   16.2687696717734       -541.468027498224     
   16.2691391386459       -541.475864727108     
   16.2695108703243       -541.483738371666     
   16.2698848669841       -541.491648237541     
   16.2702611139048       -541.499593821092     
   16.2706395844818       -541.507574366085     
   16.2710202965769       -541.515590049850     
   16.2714032103270       -541.523639848718     
   16.2717883376058       -541.531723805732     
   16.2721756408565       -541.539840952842     
   16.2725651186983       -541.547991060565     
   16.2729567629639       -541.556173773482     
   16.2733505560402       -541.564388527011     
   16.2737465124381       -541.572635434801     
   16.2741445896382       -541.580913425132     
   16.2745448012178       -541.589222583454     
   16.2749470855052       -541.597561454430     
   16.2753515038851       -541.605931108177     
   16.2757579903666       -541.614330000913     
   16.2761665543859       -541.622758137557     
   16.2765772147377       -541.631215726287     
   16.2769898979169       -541.639701056207     
   16.2774046398514       -541.648214695451     
   16.2778214165525       -541.656755959557     
   16.2782402080153       -541.665324257192     
   16.2786610399961       -541.673919935361     
   16.2790838595452       -541.682541732356     
   16.2795086547510       -541.691189216537     
   16.2799354628125       -541.699862974172     
   16.2803642300205       -541.708561734064     
   16.2807949683178       -541.717285552557     
   16.2812276692451       -541.726034089719     
   16.2816622735671       -541.734805967688     
   16.2820988485893       -541.743602373346     
   16.2825373345931       -541.752421924029     
   16.2829777407959       -541.761264633387     
   16.2834200468327       -541.770129916200     
   16.2838642494928       -541.779017536435     
   16.2843103244734       -541.787926844001     
   16.2847582880610       -541.796857986541     
   16.2852081156190       -541.805810303515     
   16.2856597937163       -541.814783362264     
   16.2861133247782       -541.823777039797     
   16.2865686844609       -541.832790692832     
   16.2870258768357       -541.841824231349     
   16.2874848989852       -541.850877430959     
   16.2879457135905       -541.859949395614     
   16.2884083387530       -541.869040315301     
   16.2888727630359       -541.878149804514     
   16.2893389443750       -541.887276876834     
   16.2898068934985       -541.896421589539     
   16.2902766503055       -541.905584554945     
   16.2907481301409       -541.914763962879     
   16.2912213435058       -541.923959867330     
   16.2916963198947       -541.933172679157     
   16.2921730085128       -541.942401261622     
   16.2926514120394       -541.951645516790     
   16.2931315191757       -541.960905064450     
   16.2936133400484       -541.970179955882     
   16.2940968281892       -541.979469143669     
   16.2945820327535       -541.988773420599     
   16.2950688775337       -541.998091180198     
   16.2955574042127       -542.007423070405     
   16.2960475880538       -542.016768472793     
   16.2965393932335       -542.026126559649     
   16.2970328685504       -542.035498111945     
   16.2975279528842       -542.044881833019     
   16.2980246625100       -542.054277882329     
   16.2985229534748       -542.063685295900     
   16.2990228667585       -542.073104700015     
   16.2995243861487       -542.082535656606     
   16.3000274603631       -542.091977059492     
   16.3005321518107       -542.101429947739     
   16.3010383640163       -542.110892376339     
   16.3015461540759       -542.120365281764     
   16.3020554640425       -542.129847447126     
   16.3025663711893       -542.139340185153     
   16.3030787560232       -542.148841139337     
   16.3035926655622       -542.158351059159     
   16.3041081189824       -542.167870163132     
   16.3046250701118       -542.177397482825     
   16.3051435082082       -542.186932684126     
   16.3056634219144       -542.196475443663     
   16.3061848243704       -542.206025872962     
   16.3067076908315       -542.215583402896     
   16.3072320286731       -542.225148040481     
   16.3077578093553       -542.234719152417     
   16.3082850447154       -542.244296832243     
   16.3088137014121       -542.253880363482     
   16.3093437714603       -542.263469477912     
   16.3098752772492       -542.273064477573     
   16.3104081941909       -542.282664795959     
   16.3109425003031       -542.292269927246     
   16.3114781555994       -542.301879049483     
   16.3120152674745       -542.311493977293     
   16.3125537259193       -542.321112624253     
   16.3130934972162       -542.330734298826     
   16.3136346971887       -542.340360951755     
   16.3141771876184       -542.349990011659     
   16.3147210678739       -542.359623155498     
   16.3152662423096       -542.369258581602     
   16.3158127360025       -542.378896628536     
   16.3163605150840       -542.388536610466     
   16.3169096620347       -542.398179879616     
   16.3174600448775       -542.407824018243     
   16.3180117321835       -542.417470137822     
   16.3185646897599       -542.427117546933     
   16.3191189471210       -542.436766666098     
   16.3196744094597       -542.446415751794     
   16.3202311534685       -542.456066057610     
   16.3207891369892       -542.465716757113     
   16.3213483480854       -542.475367562118     
   16.3219087877345       -542.485018395411     
   16.3224703944833       -542.494668126834     
   16.3230332665528       -542.504318357329     
   16.3235973430697       -542.513967960753     
   16.3241625660574       -542.523615866550     
   16.3247289674695       -542.533262541663     
   16.3252965653042       -542.542908217816     
   16.3258652989385       -542.552551789646     
   16.3264352000983       -542.562193720310     
   16.3270062228077       -542.571833155642     
   16.3275783999314       -542.581470585894     
   16.3281516997801       -542.591105402040     
   16.3287261242471       -542.600737567729     
   16.3293016583150       -542.610366766079     
   16.3298782368888       -542.619991844520     
   16.3304559563251       -542.629614343517     
   16.3310347549446       -542.639233173628     
   16.3316146283192       -542.648848199839     
   16.3321955145503       -542.658458333550     
   16.3327775221876       -542.668065313803     
   16.3333605369123       -542.677667194803     
   16.3339446086261       -542.687264740991     
   16.3345296855645       -542.696857049625     
   16.3351158030184       -542.706444645271     
   16.3357029335094       -542.716027024726     
   16.3362910402881       -542.725603536848     
   16.3368801460770       -542.735174503265     
   16.3374702135820       -542.744739271817     
   16.3380612888237       -542.754298547457     
   16.3386533158651       -542.763851369906     
   16.3392463083558       -542.773397919489     
   16.3398402254678       -542.782937490061     
   16.3404351181490       -542.792470865505     
   16.3410309167123       -542.801996889059     
   16.3416276166637       -542.811515453068     
   16.3422252636919       -542.821027241152     
   16.3428237888886       -542.830531122803     
   16.3434232358647       -542.840027763421     
   16.3440235309806       -542.849515954265     
   16.3446247502322       -542.858996865223     
   16.3452267909861       -542.868468848610     
   16.3458297038522       -542.877932677104     
   16.3464334517601       -542.887387735187     
   16.3470380590290       -542.896834378596     
   16.3476434733537       -542.906271763379     
   16.3482497212886       -542.915700279322     
   16.3488568396886       -542.925120482774     
   16.3494646921471       -542.934530222847     
   16.3500733831717       -542.943931108690     
   16.3506827863753       -542.953321167268     
   16.3512930953988       -542.962703358033     
   16.3519040589413       -542.972073811281     
   16.3525158318139       -542.981434878689     
   16.3531283743160       -542.990785942413     
   16.3537416055380       -543.000125755090     
   16.3543555738279       -543.009455042309     
   16.3549702830731       -543.018773854536     
   16.3555857261214       -543.028082069999     
   16.3562018910129       -543.037379502406     
   16.3568187482345       -543.046665697941     
   16.3574362324438       -543.055939669139     
   16.3580544508212       -543.065203024336     
   16.3586733373482       -543.074454770831     
   16.3592928201006       -543.083693832130     
   16.3599130392943       -543.092922302574     
   16.3605339023373       -543.102138798276     
   16.3611553932815       -543.111343085940     
   16.3617774802886       -543.120534694899     
   16.3624001911770       -543.129714051669     
   16.3630235598508       -543.138881652412     
   16.3636474831995       -543.148035988415     
   16.3642719897251       -543.157177487650     
   16.3648971124370       -543.166306647763     
   16.3655228311748       -543.175423176872     
   16.3661491050993       -543.184526486555     
   16.3667758994491       -543.193616096687     
   16.3674032674593       -543.202692788938     
   16.3680311647419       -543.211755931261     
   16.3686596403814       -543.220806250494     
   16.3692886270098       -543.229842791305     
   16.3699180662054       -543.238864737010     
   16.3705480873507       -543.247873958171     
   16.3711785560337       -543.256868558674     
   16.3718095107365       -543.265849100484     
   16.3724410179805       -543.274816555204     
   16.3730729500631       -543.283769133559     
   16.3737053088515       -543.292706888955     
   16.3743381725944       -543.301630948845     
   16.3749714557088       -543.310540136881     
   16.3756052419901       -543.319435657380     
   16.3762393503304       -543.328314995189     
   16.3768739767873       -543.337180926843     
   16.3775090087598       -543.346031905618     
   16.3781444123703       -543.354867491813     
   16.3787801864598       -543.363687712408     
   16.3794163971410       -543.372493504838     
   16.3800530202102       -543.381284573552     
   16.3806899215312       -543.390059098718     
   16.3813272935250       -543.398819774011     
   16.3819649082534       -543.407563493209     
   16.3826029242506       -543.416292481270     
   16.3832412922605       -543.425006095466     
   16.3838800392367       -543.433704740513     
   16.3845189976209       -543.442386180657     
   16.3851583358301       -543.451052743796     
   16.3857979488538       -543.459703048400     
   16.3864379276895       -543.468338371458     
   16.3870781849491       -543.476957570994     
   16.3877186712137       -543.485560026777     
   16.3883594890297       -543.494147169054     
   16.3890005506836       -543.502717864059     
   16.3896418372764       -543.511271907628     
   16.3902833750508       -543.519809701975     
   16.3909252501828       -543.528332436428     
   16.3915672603099       -543.536837474559     
   16.3922095475989       -543.545326754975     
   16.3928520159207       -543.553799057670     
   16.3934947273682       -543.562255248107     
   16.3941377284707       -543.570695992443     
   16.3947808050480       -543.579118531168     
   16.3954240625370       -543.587524307659     
   16.3960675780102       -543.595914379664     
   16.3967111704033       -543.604286439862     
   16.3973550350133       -543.612643090426     
   16.3979990381048       -543.620982640423     
   16.3986431455212       -543.629304717091     
   16.3992873711811       -543.637609559664     
   16.3999319806042       -543.645900638163     
   16.4005764521687       -543.654171300732     
   16.4012210744949       -543.662425327173     
   16.4018658481174       -543.670662780845     
   16.4025107163011       -543.678882994456     
   16.4031557728893       -543.687087228463     
   16.4038008223380       -543.695273054647     
   16.4044459977642       -543.703442227183     
   16.4050911831913       -543.711593346205     
   16.4057365568738       -543.719728726399     
   16.4063819744117       -543.727846598980     
   16.4070272765862       -543.735945049499     
   16.4076728054037       -543.744028422370     
   16.4083183188102       -543.752093757183     
   16.4089638787039       -543.760141891486     
   16.4096094848777       -543.768172890152     
   16.4102551447282       -543.776186912903     
   16.4109007665509       -543.784182886971     
   16.4115463909894       -543.792161388410     
   16.4121920068466       -543.800122355024     
   16.4128375797895       -543.808065424062     
   16.4134832834873       -543.815992808988     
   16.4141289014888       -543.823901912430     
   16.4147743937579       -543.831792323675     
   16.4154199767883       -543.839666760206     
   16.4160654878407       -543.847523305565     
   16.4167108730389       -543.855361381633     
   16.4173562642596       -543.863182663743     
   16.4180016228775       -543.870986752911     
   16.4186469362295       -543.878773567325     
   16.4192921066004       -543.886542002991     
   16.4199371639792       -543.894292500481     
   16.4205822656643       -543.902027023316     
   16.4212272240608       -543.909743389173     
   16.4218720145881       -543.917441384401     
   16.4225168753350       -543.925123927300     
   16.4231614750098       -543.932787143742     
   16.4238061102381       -543.940434637159     
   16.4244503588266       -543.948061476898     
   16.4250946997800       -543.955673416058     
   16.4257388014074       -543.963266606384     
   16.4263827448163       -543.970842087409     
   16.4270266136915       -543.978400910681     
   16.4276703770614       -543.985942802159     
   16.4283138166032       -543.993465275358     
   16.4289572702605       -544.000972359790     
   16.4296004317028       -544.008460558049     
   16.4302434691357       -544.015931916394     
   16.4308863004504       -544.023385548557     
   16.4315289860737       -544.030822241388     
   16.4321715413864       -544.038242249575     
   16.4328137274363       -544.045642887475     
   16.4334558727127       -544.053028027643     
   16.4340976577826       -544.060394072731     
   16.4347392790642       -544.067743368010     
   16.4353807080796       -544.075075654895     
   16.4360219361933       -544.082390919823     
   16.4366628867202       -544.089688367094     
   16.4373035590737       -544.096968072059     
   16.4379440863483       -544.104231625301     
   16.4385842746817       -544.111476912862     
   16.4392242671794       -544.118705632165     
   16.4398640263840       -544.125917436031     
   16.4405034700580       -544.133111489413     
   16.4411426846930       -544.140288839990     
   16.4417814626403       -544.147447245050     
   16.4424200968553       -544.154590061196     
   16.4430584393874       -544.161715725175     
   16.4436966138628       -544.168825681088     
   16.4443343214534       -544.175916689856     
   16.4449717582166       -544.182991017500     
   16.4456089349108       -544.190048864257     
   16.4462458939113       -544.197090768837     
   16.4468825030604       -544.204115360772     
   16.4475186328018       -544.211121288332     
   16.4481545309175       -544.218111373455     
   16.4487902510845       -544.225086274411     
   16.4494253227704       -544.232040919975     
   16.4500604527804       -544.238983123942     
   16.4506948568260       -544.245904398762     
   16.4513292152013       -544.252812248014     
   16.4519629181652       -544.259700119932     
   16.4525965834505       -544.266574802867     
   16.4532296878662       -544.273430703266     
   16.4538625635883       -544.280271499185     
   16.4544949171949       -544.287094104337     
   16.4551270157342       -544.293901478813     
   16.4557587368652       -544.300692385121     
   16.4563899455607       -544.307465454272     
   16.4570210491775       -544.314225135313     
   16.4576515939898       -544.320966651401     
   16.4582818189640       -544.327692637540     
   16.4589114786268       -544.334400553431     
   16.4595408977617       -544.341093947529     
   16.4601696294424       -544.347768143576     
   16.4607984161459       -544.354431110405     
   16.4614265452372       -544.361075358524     
   16.4620542614527       -544.367703570228     
   16.4626815484609       -544.374315652152     
   16.4633085092531       -544.380912772787     
   16.4639347722821       -544.387491097441     
   16.4645609624874       -544.394057276921     
   16.4651865079743       -544.400605382049     
   16.4658116885904       -544.407138433744     
   16.4664363870081       -544.413655283133     
   16.4670606293444       -544.420156277920     
   16.4676845277702       -544.426642666367     
   16.4683079465192       -544.433113116858     
   16.4689307443851       -544.439566243032     
   16.4695533117756       -544.446006171231     
   16.4701752444873       -544.452428791381     
   16.4707968330073       -544.458837190527     
   16.4714178899753       -544.465229510795     
   16.4720385581659       -544.471607291896     
   16.4726586552257       -544.477968753170     
   16.4732784467740       -544.484316686459     
   16.4738975261680       -544.490647007391     
   16.4745163626677       -544.496964584454     
   16.4751345240021       -544.503265088424     
   16.4757523302173       -544.509551861702     
   16.4763694553871       -544.515821659210     
   16.4769862751242       -544.522078375536     
   16.4776025602504       -544.528319756355     
   16.4782183620969       -544.534546404000     
   16.4788336065353       -544.540757641458     
   16.4794485056744       -544.546955678990     
   16.4800626878285       -544.553136857692     
   16.4806762690542       -544.559302420123     
   16.4812894863786       -544.565454821510     
   16.4819024137767       -544.571594867710     
   16.4825144321304       -544.577716439642     
   16.4831264077969       -544.583828274335     
   16.4837373313401       -544.589920363447     
   16.4843480390498       -544.596001127822     
   16.4849581170577       -544.602066512976     
   16.4855676758836       -544.608117690077     
   16.4861767318370       -544.614154900832     
   16.4867854405653       -544.620179748978     
   16.4873934024029       -544.626188353432     
   16.4880007511247       -544.632182115049     
   16.4886075488440       -544.638161718787     
   16.4892140785746       -544.644130026863     
   16.4898198008595       -544.650081790634     
   16.4904250138311       -544.656020025199     
   16.4910299968835       -544.661947525863     
   16.4916339168195       -544.667856211308     
   16.4922378334541       -544.673756518867     
   16.4928408064544       -544.679639323469     
   16.4934434648598       -544.685510838550     
   16.4940452651600       -544.691365843697     
   16.4946468698595       -544.697210840386     
   16.4952475534450       -544.703038860403     
   16.4958481438000       -544.708857994992     
   16.4964476863439       -544.714659068413     
   16.4970469750948       -544.720449829940     
   16.4976456137061       -544.726226516126     
   16.4982435755774       -544.731988941989     
   16.4988410315919       -544.737738818105     
   16.4994380419328       -544.743476791598     
   16.5000344661960       -544.749201577331     
   16.5006299587760       -544.754909926181     
   16.5012252241506       -544.760608659999     
   16.5018197489516       -544.766292929329     
   16.5024142404306       -544.771969548543     
   16.5030074869966       -544.777627021133     
   16.5036002733930       -544.783272901172     
   16.5041927749832       -544.788908918272     
   16.5047843763960       -544.794529278501     
   16.5053755895233       -544.800138919090     
   16.5059659521937       -544.805733515881     
   16.5065561183916       -544.811319322791     
   16.5071456518604       -544.816892275208     
   16.5077341971909       -544.822449078260     
   16.5083227089291       -544.827998802706     
   16.5089103480383       -544.833533599449     
   16.5094972031303       -544.839054369600     
   16.5100838218766       -544.844566325395     
   16.5106696130266       -544.850063966325     
   16.5112549844013       -544.855551184388     
   16.5118395617319       -544.861024534155     
   16.5124237285998       -544.866487665800     
   16.5130070244982       -544.871936330863     
   16.5135903383840       -544.877378887526     
   16.5141724606522       -544.882804114313     
   16.5147543430339       -544.888220939669     
   16.5153355396218       -544.893625263299     
   16.5159159914203       -544.899016605312     
   16.5164959763108       -544.904397600971     
   16.5170753374122       -544.909766855941     
   16.5176543783613       -544.915127226559     
   16.5182321532903       -544.920470030804     
   16.5188099309570       -544.925807056570     
   16.5193870761589       -544.931132479542     
   16.5199634291442       -544.936444882420     
   16.5205394388565       -544.941748470184     
   16.5211145497964       -544.947038174607     
   16.5216890470649       -544.952316681098     
   16.5222630339377       -544.957584990305     
   16.5228367015007       -544.962844901631     
   16.5234093427112       -544.968089998700     
   16.5239815164219       -544.973325449595     
   16.5245534631542       -544.978553506924     
   16.5251241606930       -544.983764878765     
   16.5256949485244       -544.988971850456     
   16.5262644016394       -544.994161483191     
   16.5268338672168       -544.999346098484     
   16.5274025880707       -545.004518850561     
   16.5279705107657       -545.009679311624     
   16.5285378724477       -545.014829688706     
   16.5291049551972       -545.019972593989     
   16.5296710417764       -545.025101563486     
   16.5302369201668       -545.030223798502     
   16.5308021759718       -545.035335587309     
   16.5313667706130       -545.040436635696     
   16.5319304221166       -545.045524449903     
   16.5324938942362       -545.050605966273     
   16.5330566609566       -545.055676492193     
   16.5336189308426       -545.060737954482     
   16.5341803912834       -545.065787593718     
   16.5347414575335       -545.070829183795     
   16.5353012864075       -545.075855204544     
   16.5358615439709       -545.080880661699     
   16.5364206462895       -545.085891381517     
   16.5369794017884       -545.090894664550     
   16.5375375280536       -545.095888023847     
   16.5380949191713       -545.100870559138     
   16.5386515740377       -545.105842318881     
   16.5392081851447       -545.110809515871     
   16.5397638652535       -545.115764287155     
   16.5403189818711       -545.120709950250     
   16.5408734837841       -545.125646098109     
   16.5414274784818       -545.130573730945     
   16.5419808915680       -545.135492224654     
   16.5425337557037       -545.140401922457     
   16.5430859125879       -545.145301456883     
   16.5436379455294       -545.150196049362     
   16.5441887978197       -545.155076370836     
   16.5447393685451       -545.159950431087     
   16.5452893470040       -545.164815524273     
   16.5458389221426       -545.169673361699     
   16.5463875517341       -545.174519190856     
   16.5469357079735       -545.179357229033     
   16.5474835284385       -545.184188730782     
   16.5480307425250       -545.189011342765     
   16.5485774343096       -545.193825854163     
   16.5491233777158       -545.198630307190     
   16.5496688686679       -545.203427356755     
   16.5502140062607       -545.208217907028     
   16.5507580354387       -545.212995360896     
   16.5513021761424       -545.217770479823     
   16.5518452569780       -545.222533016728     
   16.5523882261751       -545.227291322488     
   16.5529302891365       -545.232038475544     
   16.5534718934242       -545.236778435530     
   16.5540128674500       -545.241509739746     
   16.5545536579626       -545.246236332139     
   16.5550933775019       -545.250950486545     
   16.5556327463113       -545.255658544949     
   16.5561714826590       -545.260358081636     
   16.5567100920681       -545.265053540556     
   16.5572478857647       -545.269738945266     
   16.5577851234452       -545.274416610744     
   16.5583224477537       -545.279092150507     
   16.5588582444449       -545.283751563460     
   16.5593939930235       -545.288407755463     
   16.5599296113373       -545.293060040276     
   16.5604640938515       -545.297699716582     
   16.5609982142258       -545.302333547355     
   16.5615319989005       -545.306961787574     
   16.5620650388952       -545.311580927286     
   16.5625979366160       -545.316196219617     
   16.5631299347924       -545.320801142487     
   16.5636612360267       -545.325397482753     
   16.5641923940099       -545.329990064260     
   16.5647232047255       -545.334577150788     
   16.5652532424305       -545.339155102440     
   16.5657826826914       -545.343725467887     
   16.5663118988173       -545.348291498376     
   16.5668402340438       -545.352847565577     
   16.5673685733071       -545.357401324756     
   16.5678960414406       -545.361945269775     
   16.5684234479445       -545.366486404178     
   16.5689501213842       -545.371018980019     
   16.5694760061700       -545.375542542868     
   16.5700013077280       -545.380058906041     
   16.5705270367259       -545.384576775396     
   16.5710515906080       -545.389082414826     
   16.5715758648419       -545.393583544297     
   16.5720997631374       -545.398079369130     
   16.5726233929906       -545.402570837119     
   16.5731456292097       -545.407048332854     
   16.5736682391360       -545.411527035700     
   16.5741903649614       -545.415999621298     
   16.5747121316224       -545.420467193704     
   16.5752331057942       -545.424926063715     
   16.5757534039751       -545.429377261287     
   16.5762736407261       -545.433826077147     
   16.5767935709151       -545.438270438317     
   16.5773125946484       -545.442705246911     
   16.5778313268674       -545.447135781840     
   16.5783501526697       -545.451565361553     
   16.5788679092916       -545.455984085740     
   16.5793855147577       -545.460399819713     
   16.5799028039920       -545.464811175043     
   16.5804195362189       -545.469216130732     
   16.5809357001831       -545.473614616407     
   16.5814519883166       -545.478012556152     
   16.5819672528437       -545.482400204986     
   16.5824820326547       -545.486782174994     
   16.5829968585604       -545.491163012804     
   16.5835109372880       -545.495535990573     
   16.5840251941344       -545.499909005390     
   16.5845385703328       -545.504273078201     
   16.5850514889739       -545.508631829813     
   16.5855641669838       -545.512987138063     
   16.5860768555292       -545.517341151077     
   16.5865885552502       -545.521685406391     
   16.5870999468035       -545.526025717496     
   16.5876113749424       -545.530365031213     
   16.5881217580435       -545.534694182046     
   16.5886326456537       -545.539026356477     
   16.5891427665519       -545.543350783701     
   16.5896525954409       -545.547671519977     
   16.5901618673849       -545.551986337290     
   16.5906712995256       -545.556301341683     
   16.5911798543539       -545.560607764055     
   16.5916883722599       -545.564912744740     
   16.5921961035101       -545.569209962909     
   16.5927040140323       -545.573507611000     
   16.5932112155799       -545.577798204788     
   16.5937186027278       -545.582089322765     
   16.5942248573262       -545.586369848228     
   16.5947317530898       -545.590654796717     
   16.5952370823170       -545.594925534038     
   16.5957425452975       -545.599196444819     
   16.5962491105361       -545.603475735814     
   16.5967537056449       -545.607737475482     
   16.5972590876855       -545.612004969589     
   16.5977632681080       -545.616261449351     
   16.5982679036300       -545.620520923112     
   16.5987718565056       -545.624773804855     
   16.5992756018744       -545.629024132912     
   16.5997789704981       -545.633270494000     
   16.6002825039772       -545.637517480965     
   16.6007856771940       -545.641760679457     
   16.6012883842955       -545.645999227156     
   16.6017909273709       -545.650235682435     
   16.6022923060639       -545.654461639235     
   16.6027949618483       -545.658697696461     
   16.6032965168871       -545.662923831027     
   16.6037980278011       -545.667148965324     
   16.6042992790258       -545.671371309611     
   16.6048004916113       -545.675592737884     
   16.6053011929598       -545.679809297260     
   16.6058019518598       -545.684025793220     
   16.6063020313159       -545.688236036338     
   16.6068020771102       -545.692445491528     
   16.6073025804955       -545.696658303903     
   16.6078022661145       -545.700863763283     
   16.6083017034547       -545.705066686060     
   16.6088011033098       -545.709268855455     
   16.6093001268326       -545.713467444497     
   16.6097993619468       -545.717667419172     
   16.6102983169866       -545.721864658233     
   16.6107974576958       -545.726063100854     
   16.6112961664726       -545.730257574614     
   16.6117936656536       -545.734441548644     
   16.6122920582947       -545.738632735389     
   16.6127908728819       -545.742827185459     
   16.6132889224125       -545.747014935070     
   16.6137863401252       -545.751197121979     
   16.6142842186755       -545.755382954609     
   16.6147818433147       -545.759566439869     
   16.6152790705460       -545.763746390614     
   16.6157766943984       -545.767929499620     
   16.6162741301487       -545.772110864462     
   16.6167714048446       -545.776290736452     
   16.6172685147029       -545.780469101679     
   16.6177652060707       -545.784643842373     
   16.6182624459007       -545.788823105569     
   16.6187597442565       -545.793002791761     
   16.6192562474285       -545.797175738204     
   16.6197531308799       -545.801351850270     
   16.6202495212374       -545.805523793853     
   16.6207463947776       -545.809699803969     
   16.6212430891772       -545.813874322077     
   16.6217402430835       -545.818052735412     
   16.6222366175173       -545.822224654141     
   16.6227328445987       -545.826395399810     
   16.6232296247414       -545.830570877559     
   16.6237257916629       -545.834741308179     
   16.6242232184833       -545.838922448020     
   16.6247192742094       -545.843092200172     
   16.6252161198673       -545.847268745594     
   16.6257126410754       -545.851442738291     
   16.6262084234841       -545.855610707164     
   16.6267056062379       -545.859790653136     
   16.6272022705308       -545.863966465258     
   16.6276990416354       -545.868143411761     
   16.6281966938040       -545.872328024125     
   16.6286926985704       -545.876499059843     
   16.6291898674391       -545.880680174392     
   16.6296866338295       -545.884858207690     
   16.6301836301085       -545.889038501802     
   16.6306813192301       -545.893224962987     
   16.6311788905057       -545.897410793987     
   16.6316764439121       -545.901596845593     
   16.6321737352590       -545.905781089212     
   16.6326714929593       -545.909969663451     
   16.6331698097490       -545.914163366309     
   16.6336673087272       -545.918350631808     
   16.6341651127788       -545.922540922940     
   16.6346636595841       -545.926737938571     
   16.6351621617913       -545.930935071665     
   16.6356610104440       -545.935135637817     
   16.6361592869687       -545.939331909118     
   16.6366584139326       -545.943535886996     
   16.6371575977354       -545.947740902426     
   16.6376565387750       -545.951944452012     
   16.6381570472212       -545.956161800132     
   16.6386563770827       -545.960369829671     
   16.6391563592339       -545.964583984751     
   16.6396569344425       -545.968803782715     
   16.6401572569044       -545.973022116814     
   16.6406578379606       -545.977243306319     
   16.6411588144173       -545.981468527461     
   16.6416608553962       -545.985703442973     
   16.6421612675986       -545.989925349044     
   16.6426631958418       -545.994160791393     
   16.6431661005362       -545.998405239457     
   16.6436689445087       -546.002649962000     
   16.6441720275077       -546.006897504558     
   16.6446746311860       -546.011141812021     
   16.6451785948557       -546.015398440504     
   16.6456819910648       -546.019651132752     
   16.6461856875810       -546.023907229101     
   16.6466904662769       -546.028173354862     
   16.6471965702334       -546.032451589679     
   16.6477018191710       -546.036723524448     
   16.6482076829831       -546.041001598351     
   16.6487132285912       -546.045277935569     
   16.6492201081505       -546.049566538684     
   16.6497282177848       -546.053866544768     
   16.6502349790664       -546.058156148996     
   16.6507436012043       -546.062462540518     
   16.6512517650878       -546.066766101809     
   16.6517596119910       -546.071068041318     
   16.6522689964180       -546.075384094671     
   16.6527799993968       -546.079714967025     
   16.6532911797039       -546.084048469871     
   16.6538009995556       -546.088371581660     
   16.6543132444727       -546.092716419138     
   16.6548246820083       -546.097055585735     
   16.6553382787908       -546.101414278382     
   16.6558513454876       -546.105769688467     
   16.6563638088991       -546.110121209087     
   16.6568790973836       -546.114497981936     
   16.6573933024987       -546.118866824574     
   16.6579099201269       -546.123257464351     
   16.6584257298705       -546.127642552514     
   16.6589425491065       -546.132037561765     
   16.6594598168829       -546.136437739740     
   16.6599780002013       -546.140847078088     
   16.6604975437806       -546.145269394881     
   16.6610168725226       -546.149691298400     
   16.6615368963568       -546.154120556777     
   16.6620579925304       -546.158560406358     
   16.6625814107513       -546.163021529210     
   16.6631026532767       -546.167465603066     
   16.6636256682001       -546.171926306706     
   16.6641496415656       -546.176396727387     
   16.6646752907562       -546.180883016554     
   16.6652002799726       -546.185365255194     
   16.6657277560016       -546.189870338247     
   16.6662544284197       -546.194370188372     
   16.6667829488721       -546.198887481383     
   16.6673121147474       -546.203411967697     
   16.6678424848693       -546.207948448020     
   16.6683722021027       -546.212481062423     
   16.6689035965114       -546.217029767344     
   16.6694370763455       -546.221598095726     
   16.6699709325084       -546.226171442569     
   16.6705052404320       -546.230750473711     
   16.6710401006822       -546.235336069425     
   16.6715774462957       -546.239944841480     
   16.6721150976898       -546.244558127946     
   16.6726546117704       -546.249189316353     
   16.6731946783349       -546.253827182780     
   16.6737345141098       -546.258465030609     
   16.6742769383149       -546.263127106969     
   16.6748191488879       -546.267789358273     
   16.6753633249893       -546.272470549971     
   16.6759081790832       -546.277159643098     
   16.6764546865026       -546.281865058234     
   16.6770025219406       -546.286584030400     
   16.6775514491005       -546.291314557893     
   16.6781009004978       -546.296051775222     
   16.6786530879372       -546.300814793765     
   16.6792057793985       -546.305584397167     
   16.6797585563829       -546.310356996546     
   16.6803135685345       -546.315151179675     
   16.6808694265271       -546.319954986306     
   16.6814272667404       -546.324778275128     
   16.6819873810582       -546.329623617552     
   16.6825467864672       -546.334465229738     
   16.6831079361885       -546.339324375818     
   16.6836711702533       -546.344204042078     
   16.6842362000048       -546.349101773492     
   16.6848020221994       -546.354008907743     
   16.6853695945198       -546.358933792304     
   16.6859391193647       -546.363878222415     
   16.6865095660770       -546.368833289976     
   16.6870814879975       -546.373803839291     
   16.6876563405610       -546.378802573017     
   16.6882304588404       -546.383797649818     
   16.6888074118267       -546.388820160966     
   16.6893867871668       -546.393866575730     
   16.6899663302125       -546.398917294049     
   16.6905487908035       -546.403996321606     
   16.6911319966764       -546.409084767569     
   16.6917186775964       -546.414206496178     
   16.6923059245419       -546.419336169405     
   16.6928946089258       -546.424481433234     
   16.6934861068529       -546.429654360603     
   16.6940781632263       -546.434835291497     
   16.6946726111994       -546.440040296642     
   16.6952704098068       -546.445277855441     
   16.6958696427087       -546.450531222363     
   16.6964681523332       -546.455781522003     
   16.6970726527696       -546.461087714124     
   16.6976751698545       -546.466379852878     
   16.6982832336829       -546.471724132920     
   16.6988905788531       -546.477065551182     
   16.6995027836041       -546.482453227538     
   16.7001155521702       -546.487849420490     
   16.7007287869841       -546.493253303255     
   16.7013469398199       -546.498704177415     
   16.7019665231814       -546.504171366396     
   16.7025883398237       -546.509662015917     
   16.7032123702424       -546.515176011802     
   16.7038408769252       -546.520733431302     
   16.7044694445593       -546.526295297255     
   16.7051013297334       -546.531890481361     
   16.7057345055505       -546.537501109444     
   16.7063702038792       -546.543138147448     
   16.7070108003648       -546.548822766083     
   16.7076528901242       -546.554524836916     
   16.7082952430749       -546.560233470867     
   16.7089437160426       -546.566000806139     
   16.7095911807222       -546.571763527376     
   16.7102456621350       -546.577593147987     
   16.7109006167282       -546.583431478211     
   16.7115601993244       -546.589315639780     
   16.7122202270961       -546.595208390994     
   16.7128822260388       -546.601123415079     
   16.7135517369124       -546.607110337354     
   16.7142200901816       -546.613091735693     
   16.7148920648425       -546.619110426866     
   16.7155683075711       -546.625172324333     
   16.7162480746618       -546.631270862388     
   16.7169303115677       -546.637396686652     
   16.7176145842447       -546.643545975909     
   16.7183044645705       -546.649750944052     
   16.7189976230597       -546.655990768573     
   16.7196915729663       -546.662243141560     
   16.7203909418008       -546.668549858790     
   16.7210931998440       -546.674888233945     
   16.7217998576091       -546.681272019661     
   16.7225095671269       -546.687689157727     
   16.7232243670371       -546.694158216706     
   16.7239402549959       -546.700643077114     
   16.7246627116048       -546.707193509792     
   16.7253853566120       -546.713751789939     
   16.7261145837854       -546.720376055047     
   16.7268458365446       -546.727025061322     
   16.7275819946909       -546.733725111961     
   16.7283241615640       -546.740486430324     
   16.7290701329601       -546.747289095423     
   16.7298193016904       -546.754127706750     
   16.7305716029001       -546.761001780251     
   16.7313294791606       -546.767933799769     
   16.7320936177161       -546.774930245068     
   16.7328598052943       -546.781952691090     
   16.7336314739413       -546.789032741566     
   16.7344060028844       -546.796146504115     
   16.7351891661413       -546.803347214765     
   16.7359730751000       -546.810562521307     
   16.7367642990711       -546.817853038287     
   16.7375584535236       -546.825178565661     
   16.7383587173482       -546.832568600570     
   16.7391658225558       -546.840030135703     
   16.7399778854664       -546.847545987606     
   16.7407945965968       -546.855113476951     
   16.7416143033107       -546.862717458134     
   16.7424419369201       -546.870403886685     
   16.7432761222681       -546.878160273773     
   16.7441165875591       -546.885984345165     
   16.7449594527236       -546.893840163772     
   16.7458104273761       -546.901781170891     
   16.7466664613702       -546.909779171227     
   16.7475275134532       -546.917833993677     
   16.7483981832206       -546.925988969451     
   16.7492717117950       -546.934181058255     
   16.7501527236724       -546.942453863507     
   16.7510402251918       -546.950798345555     
   16.7519375396267       -546.959246104350     
   16.7528384651579       -546.967739050131     
   16.7537468527558       -546.976313736843     
   16.7546629326636       -546.984972681821     
   16.7555869270413       -546.993718333455     
   16.7565158648476       -547.002522876457     
   16.7574519196257       -547.011407192011     
   16.7583982832961       -547.020401981310     
   16.7593500273676       -547.029460770893     
   16.7603130188760       -547.038639801642     
   16.7612805231867       -547.047875258198     
   16.7622571891738       -547.057211861073     
   16.7632411575794       -547.066632244299     
   16.7642367146500       -547.076177907962     
   16.7652381930855       -547.085794953135     
   16.7662499958098       -547.095526078134     
   16.7672673177331       -547.105325485056     
   16.7683008801902       -547.115297004551     
   16.7693400493517       -547.125338605198     
   16.7703861236173       -547.135463194689     
   16.7714431677820       -547.145710597106     
   16.7725118212319       -547.156087613635     
   16.7735904626025       -547.166579100565     
   16.7746785242372       -547.177180072118     
   16.7757789688003       -547.187920009252     
   16.7768877281539       -547.198759799881     
   16.7780082300391       -547.209733542782     
   16.7791412959911       -547.220849984733     
   16.7802839051147       -547.232080147718     
   16.7814388156819       -547.243451792834     
   16.7826064681123       -547.254970017791     
   16.7837856191305       -547.266623300762     
   16.7849778281188       -547.278427811456     
   16.7861819548983       -547.290373053780     
   16.7874006427972       -547.302486083063     
   16.7886304772853       -547.314733801933     
   16.7898771146371       -547.327173438098     
   16.7911338198747       -547.339738686336     
   16.7924068858167       -547.352493357204     
   16.7936943258925       -547.365418580215     
   16.7949969902459       -547.378523912135     
   16.7963144820555       -547.391806402564     
   16.7976468262334       -547.405267365975     
   16.7989960939901       -547.418928851635     
   16.8003620399226       -547.432789602462     
   16.8017447968297       -547.446852190711     
   16.8031441912335       -547.461116105609     
   16.8045586714683       -547.475566737150     
   16.8059945582785       -547.490270055365     
   16.8074498239445       -547.505206870643     
   16.8089203860121       -547.520336654910     
   16.8104135217463       -547.535735804471     
   16.8119258138415       -547.551370759145     
   16.8134579426235       -547.567250161053     
   16.8150111321340       -547.583388410741     
   16.8165887632411       -547.599822557793     
   16.8181823666763       -547.616466129926     
   16.8198023171759       -547.633429329493     
   16.8214439284699       -547.650665217749     
   16.8231097964212       -547.668203114357     
   16.8248004221202       -547.686050534889     
   16.8265162428362       -547.704214416095     
   16.8282607486593       -547.722734234645     
   16.8300264034536       -547.741532381071     
   16.8318214204771       -547.760698768834     
   16.8336446832506       -547.780224309798     
   16.8354971155291       -547.800121785403     
   16.8373781379662       -547.820387912769     
   16.8392899831412       -547.841049828683     
   16.8412334616563       -547.862119579746     
   16.8432086457529       -547.883601340232     
   16.8452182878416       -547.905528641830     
   16.8472615005893       -547.927895560628     
   16.8493425241966       -547.950752521458     
   16.8514546784045       -547.974030097539     
   16.8536053222386       -547.997813430644     
   16.8557935610130       -548.022097122797     
   16.8580260376896       -548.046959785832     
   16.8602956023006       -548.072326753289     
   16.8626086655101       -548.098274681193     
   16.8649652125931       -548.124808871449     
   16.8673654066812       -548.151936757902     
   16.8698116492874       -548.179691312253     
   16.8723055923524       -548.208097481605     
   16.8748491111541       -548.237183170451     
   16.8774436168701       -548.266971391567     
   16.8800866095850       -548.297440338880     
   16.8827870282623       -548.328700548213     
   16.8855391694163       -548.360693803668     
   16.8883486879410       -548.393493783980     
   16.8912165421494       -548.427120211825     
   16.8941471613659       -548.461634108971     
   16.8971395000873       -548.497032628657     
   16.9001946925234       -548.533338799141     
   16.9033151778524       -548.570591609168     
   16.9065038928408       -548.608836699161     
   16.9097622452093       -548.648102000414     
   16.9130927132381       -548.688428888825     
   16.9164930757024       -548.729802085465     
   16.9199703592910       -548.772319227690     
   16.9235239274462       -548.815985335415     
   16.9271555987000       -548.860835732747     
   16.9308671568946       -548.906905806274     
   16.9346603079442       -548.954230462085     
   16.9385388237487       -549.002870999306     
   16.9424960076387       -549.052757379483     
   16.9465446338105       -549.104065114225     
   16.9506732631731       -549.156663728121     
   16.9548921654426       -549.210698296578     
   16.9591953931930       -549.266107118136     
   16.9635895585013       -549.322989611683     
   16.9680658010141       -549.381244810385     
   16.9726310016460       -549.440975410922     
   16.9772791714700       -549.502115825424     
   16.9820101448587       -549.564675486035     
   16.9868226948200       -549.628649020451     
   16.9917162251897       -549.694038483402     
   16.9966781589783       -549.760683685250     
   17.0017174331594       -549.828711318260     
   17.0068234516949       -549.897983946779     
   17.0119900575966       -549.968421026657     
   17.0172096728372       -550.039919875155     
   17.0224937098467       -550.112636832288     
   17.0278155854553       -550.186203585705     
   17.0331782588953       -550.260655351798     
   17.0385703581776       -550.335826847091     
   17.0439975457501       -550.411788147147     
   17.0494371737589       -550.488211103948     
   17.0548930506849       -550.565135743615     
   17.0603552811115       -550.642407905805     
   17.0658117979360       -550.719840097910     
   17.0712627338934       -550.797416158835     
   17.0767001265756       -550.875003906316     
   17.0821131770339       -550.952429141063     
   17.0875040410253       -551.029702051019     
   17.0928670784288       -551.106721052725     
   17.0981843579754       -551.183207131369     
   17.1034622147364       -551.259229876916     
   17.1087004464231       -551.334765486245     
   17.1138909355703       -551.409676289797     
   17.1190263829899       -551.483836687898     
   17.1241095571681       -551.557267073134     
   17.1291319124660       -551.629825194977     
   17.1340975371606       -551.701552182640     
   17.1390036060627       -551.772390191618     
   17.1438462112226       -551.842266755819     
   17.1486269065600       -551.911189271399     
   17.1533406804273       -551.979071531503     
   17.1579915987379       -552.045959176001     
   17.1625746821927       -552.111768746749     
   17.1671008350655       -552.176645742002     
   17.1715578932582       -552.240405757213     
   17.1759494179938       -552.303091037262     
   17.1802775240258       -552.364723793289     
   17.1845458062502       -552.425347864744     
   17.1887453493489       -552.484830499190     
   17.1928844515098       -552.543284033076     
   17.1969650320854       -552.600730607548     
   17.2009793652144       -552.657057712669     
   17.2049362511534       -552.712385805935     
   17.2088339173968       -552.766687376134     
   17.2126760805396       -552.820012039796     
   17.2164570402928       -552.872279411153     
   17.2201853692128       -552.923607171339     
   17.2238564543374       -552.973931304150     
   17.2274747776563       -553.023313398066     
   17.2310392486904       -553.071739003091     
   17.2345507613339       -553.119221293658     
   17.2380124539600       -553.165803913027     
   17.2414265151834       -553.211517508636     
   17.2447856533277       -553.256266659708     
   17.2480997388648       -553.300185296015     
   17.2513652423378       -553.343228879676     
   17.2545870923568       -553.385464889230     
   17.2577623044670       -553.426856923848     
   17.2608934813465       -553.467442063615     
   17.2639802294761       -553.507218499290     
   17.2670263204720       -553.546238089708     
   17.2700283238897       -553.584460460639     
   17.2729899467174       -553.621936673619     
   17.2759135571255       -553.658700146509     
   17.2787949690107       -553.694702212088     
   17.2816405807085       -553.730026796547     
   17.2844489479186       -553.764659612410     
   17.2872175174346       -553.798573567386     
   17.2899522200947       -553.831845526875     
   17.2926497988045       -553.864439984492     
   17.2953155034259       -553.896424460807     
   17.2979432622874       -553.927730490133     
   17.3005393899316       -553.958437886235     
   17.3031032969804       -553.988543697254     
   17.3056348048869       -554.018050133745     
   17.3081348573264       -554.046972577606     
   17.3106028258245       -554.075308254338     
   17.3130415510373       -554.103094161983     
   17.3154510131093       -554.130334212561     
   17.3178312420051       -554.157033042429     
   17.3201817893700       -554.183190101583     
   17.3225053864339       -554.208840095816     
   17.3248008588745       -554.233974287519     
   17.3270692074918       -554.258607989497     
   17.3293102651014       -554.282743766467     
   17.3315263978732       -554.306411267607     
   17.3337178994531       -554.329617557349     
   17.3358816977436       -554.352334496536     
   17.3380222090092       -554.374612750631     
   17.3401381566809       -554.396443006990     
   17.3422320707985       -554.417855247419     
   17.3442987514466       -554.438800620352     
   17.3463448217894       -554.459350463963     
   17.3483678800493       -554.479484361596     
   17.3503682824396       -554.499209915113     
   17.3523475187397       -554.518545685220     
   17.3543050126202       -554.537489852257     
   17.3562413367617       -554.556051835418     
   17.3581560094531       -554.574230929080     
   17.3600510291726       -554.592049875122     
   17.3619253305773       -554.609502350038     
   17.3637816728711       -554.626617553295     
   17.3656153536127       -554.643355957756     
   17.3674323759432       -554.659776051412     
   17.3692300196501       -554.675856538961     
   17.3710078094061       -554.691596940567     
   17.3727685395138       -554.707025487151     
   17.3745118648447       -554.722142339800     
   17.3762354190720       -554.736930593499     
   17.3779421524906       -554.751419108448     
   17.3796326961530       -554.765616353863     
   17.3813068929390       -554.779524069425     
   17.3829619242471       -554.793122353236     
   17.3846013745697       -554.806444078160     
   17.3862263452841       -554.819501025981     
   17.3878331351510       -554.832266650134     
   17.3894248431494       -554.844768875162     
   17.3910018987386       -554.857013938075     
   17.3925625957889       -554.868991637253     
   17.3941088742688       -554.880719900510     
   17.3956405302331       -554.892200005765     
   17.3971570217026       -554.903430844628     
   17.3986592483532       -554.914421996014     
   17.4001485043694       -554.925185573346     
   17.4016211194211       -554.935698024114     
   17.4030810338073       -554.945990443142     
   17.4045277603084       -554.956061900855     
   17.4059608891758       -554.965912197222     
   17.4073802328809       -554.975542792672     
   17.4087868311659       -554.984963373921     
   17.4101809374394       -554.994178127497     
   17.4115617331711       -555.003184221132     
   17.4129299969229       -555.011989311432     
   17.4142861566640       -555.020598604286     
   17.4156296681790       -555.029011105216     
   17.4169613829877       -555.037234588614     
   17.4182814985327       -555.045272582822     
   17.4195888324135       -555.053120333294     
   17.4208850383665       -555.060790163872     
   17.4221699551640       -555.068283331406     
   17.4234431304529       -555.075599496253     
   17.4247055740857       -555.082746691303     
   17.4259567168450       -555.089723876037     
   17.4271967435819       -555.096534320648     
   17.4284259283621       -555.103181717830     
   17.4296445919488       -555.109669920785     
   17.4308530739638       -555.116002771305     
   17.4320507125073       -555.122178881778     
   17.4332381539760       -555.128203684639     
   17.4344153129146       -555.134078765201     
   17.4355825634670       -555.139807982952     
   17.4367403025018       -555.145395188069     
   17.4378878391884       -555.150838990929     
   17.4390259909730       -555.156145187677     
   17.4401544349267       -555.161314151454     
   17.4412733516671       -555.166348602099     
   17.4423827815044       -555.171250582847     
   17.4434830654157       -555.176023422304     
   17.4445740104986       -555.180668094312     
   17.4456563114725       -555.185189295094     
   17.4467295609806       -555.189587049244     
   17.4477942711514       -555.193865154666     
   17.4488506830878       -555.198026191152     
   17.4498970127395       -555.202064939425     
   17.4509355590487       -555.205992009782     
   17.4519664894176       -555.209809485183     
   17.4529873647266       -555.213510052505     
   17.4540011719111       -555.217106195458     
   17.4550063283049       -555.220593786653     
   17.4560036258091       -555.223977163376     
   17.4569929516690       -555.227257438819     
   17.4579743747803       -555.230436354381     
   17.4589475572715       -555.233514359861     
   17.4599139227741       -555.236497370264     
   17.4608721875183       -555.239382830128     
   17.4618225444478       -555.242172842874     
   17.4627661487353       -555.244872158393     
   17.4637018406828       -555.247478847334     
   17.4646308862389       -555.249997789244     
   17.4655519467610       -555.252426714957     
   17.4664658246934       -555.254769177816     
   17.4673729516548       -555.257027559448     
   17.4682729834256       -555.259202289133     
   17.4691659478649       -555.261294741707     
   17.4700516137873       -555.263305705244     
   17.4709312315566       -555.265239243716     
   17.4718037947928       -555.267094336363     
   17.4726695760908       -555.268872827291     
   17.4735285959351       -555.270576002542     
   17.4743808212920       -555.272205033747     
   17.4752278990130       -555.273764130572     
   17.4760676422112       -555.275250388018     
   17.4769021241937       -555.276668618171     
   17.4777282295685       -555.278014752112     
   17.4785498038105       -555.279296221706     
   17.4793644393961       -555.280510280834     
   17.4801730343115       -555.281659440865     
   17.4809751699546       -555.282744212076     
   17.4817720847807       -555.283767295943     
   17.4825629914869       -555.284728663799     
   17.4833481908180       -555.285629711230     
   17.4841267741752       -555.286470481835     
   17.4849004837496       -555.287253859657     
   17.4856673726964       -555.287978897832     
   17.4864297067391       -555.288648713031     
   17.4871863424289       -555.289263186918     
   17.4879373187274       -555.289823326835     
   17.4886823765140       -555.290329943440     
   17.4894222556623       -555.290784488519     
   17.4901571666437       -555.291187949595     
   17.4908861199971       -555.291540716978     
   17.4916096370302       -555.291844010411     
   17.4923292446326       -555.292099257756     
   17.4930421421758       -555.292306348740     
   17.4937502951611       -555.292466836632     
   17.4944540773870       -555.292581546411     
   17.4951516609193       -555.292651074880     
   17.4958451896379       -555.292676480574     
