  0.000000000000000E+000  0.000000000000000E+000
   1.00000000000000       7.459425176655124E-008
   2.00000000000000       1.498872268595439E-007
   3.00000000000000       2.220599640370881E-007
   4.00000000000000       2.989371112868894E-007
   5.00000000000000       3.761398588170677E-007
   6.00000000000000       4.537564392797774E-007
   7.00000000000000       5.289272320062623E-007
   8.00000000000000       5.990332013354823E-007
   9.00000000000000       6.756844243050191E-007
   10.0000000000000       7.457411997119505E-007
   11.0000000000000       8.312048540230883E-007
   12.0000000000000       9.132351467792144E-007
   13.0000000000000       9.933361147997450E-007
   14.0000000000000       1.102479492135294E-006
   15.0000000000000       1.206679439378024E-006
   16.0000000000000       1.323796491142797E-006
   17.0000000000000       1.456071840691156E-006
   18.0000000000000       1.579447425315378E-006
   19.0000000000000       1.740060769194585E-006
   20.0000000000000       1.898180033313822E-006
   21.0000000000000       2.088001166309101E-006
   22.0000000000000       2.274735725924994E-006
   23.0000000000000       2.479561150733176E-006
   24.0000000000000       2.703753475237945E-006
   25.0000000000000       2.923570512098925E-006
   26.0000000000000       3.159521106933452E-006
   27.0000000000000       3.404245542702232E-006
   28.0000000000000       3.640354776736392E-006
   29.0000000000000       3.873411969956325E-006
   30.0000000000000       4.133222148885858E-006
   31.0000000000000       4.364388650091476E-006
   32.0000000000000       4.556497940467461E-006
   33.0000000000000       4.759645494616480E-006
   34.0000000000000       4.953644638142963E-006
   35.0000000000000       5.028728981384384E-006
   36.0000000000000       5.155952272447302E-006
   37.0000000000000       5.227284131343151E-006
   38.0000000000000       5.200461827018097E-006
   39.0000000000000       5.181520370943270E-006
   40.0000000000000       5.072612318790872E-006
   41.0000000000000       4.930847303637419E-006
   42.0000000000000       4.712708343328881E-006
   43.0000000000000       4.494051079657643E-006
   44.0000000000000       4.150012641124342E-006
   45.0000000000000       3.810500011080241E-006
   46.0000000000000       3.445039865166074E-006
   47.0000000000000       3.011233487453707E-006
   48.0000000000000       2.560083016703234E-006
   49.0000000000000       2.077818540177792E-006
   50.0000000000000       1.630981101863144E-006
   51.0000000000000       1.200908943887052E-006
   52.0000000000000       8.131132802673917E-007
   53.0000000000000       4.801298521702922E-007
   54.0000000000000       2.014975812774386E-007
   55.0000000000000       1.019656454973503E-008
   56.0000000000000       1.021567904289270E-009
   57.0000000000000       2.994082510955504E-008
   58.0000000000000       5.659126813519478E-007
   59.0000000000000       9.223284291888632E-007
   60.0000000000000       1.660147069564252E-006
   61.0000000000000       2.689144333508865E-006
   62.0000000000000       4.012869921358158E-006
   63.0000000000000       5.632473545416852E-006
   64.0000000000000       7.666687133691257E-006
   65.0000000000000       1.005776575888059E-005
   66.0000000000000       1.292047383825431E-005
   67.0000000000000       1.634977081429402E-005
   68.0000000000000       2.014852426118141E-005
   69.0000000000000       2.445770079541287E-005
   70.0000000000000       2.940000702756932E-005
   71.0000000000000       3.496107394947547E-005
   72.0000000000000       4.100751430352806E-005
   73.0000000000000       4.807787776204953E-005
   74.0000000000000       5.557370504010381E-005
   75.0000000000000       6.386376718427560E-005
   76.0000000000000       7.276370539372208E-005
   77.0000000000000       8.268213791829247E-005
   78.0000000000000       9.347413361899832E-005
   79.0000000000000       1.049534034830885E-004
   80.0000000000000       1.171672180573755E-004
   81.0000000000000       1.304881850246132E-004
   82.0000000000000       1.450984595555074E-004
   83.0000000000000       1.595309546454422E-004
   84.0000000000000       1.761104332755694E-004
   85.0000000000000       1.932171398998044E-004
   86.0000000000000       2.109257891989718E-004
   87.0000000000000       2.302734610701324E-004
   88.0000000000000       2.512249831254475E-004
   89.0000000000000       2.710248069872582E-004
   90.0000000000000       2.947021226920909E-004
   91.0000000000000       3.174173550203700E-004
   92.0000000000000       3.418730375321716E-004
   93.0000000000000       3.682538444102226E-004
   94.0000000000000       3.942781810717523E-004
   95.0000000000000       4.230210592258613E-004
   96.0000000000000       4.525762144243918E-004
   97.0000000000000       4.816892393680678E-004
   98.0000000000000       5.132215549451675E-004
   99.0000000000000       5.477094052399896E-004
   100.000000000000       5.789746493223702E-004
   101.000000000000       6.160308412295044E-004
   102.000000000000       6.523463005969721E-004
   103.000000000000       6.881100088401684E-004
   104.000000000000       7.285414633845386E-004
   105.000000000000       7.671562546767741E-004
   106.000000000000       8.098121751895992E-004
   107.000000000000       8.509429140356659E-004
   108.000000000000       8.949924758990029E-004
   109.000000000000       9.392029394747409E-004
   110.000000000000       9.873958134845034E-004
   111.000000000000       1.033565717128241E-003
   112.000000000000       1.080830247094742E-003
   113.000000000000       1.133212372499980E-003
   114.000000000000       1.182053345726461E-003
   115.000000000000       1.234959686936702E-003
   116.000000000000       1.287110498245200E-003
   117.000000000000       1.347396044912257E-003
   118.000000000000       1.394531937018195E-003
   119.000000000000       1.458467825840622E-003
   120.000000000000       1.515819708282184E-003
   121.000000000000       1.573220259320679E-003
   122.000000000000       1.633556024246354E-003
   123.000000000000       1.701101372964848E-003
   124.000000000000       1.760065902781243E-003
   125.000000000000       1.825693656419269E-003
   126.000000000000       1.888520160149256E-003
   127.000000000000       1.958105350536928E-003
   128.000000000000       2.028783772167488E-003
   129.000000000000       2.094526388786629E-003
   130.000000000000       2.164129035402237E-003
   131.000000000000       2.245998011164126E-003
   132.000000000000       2.309149798059787E-003
   133.000000000000       2.385201460539730E-003
   134.000000000000       2.467570729832329E-003
   135.000000000000       2.538400984611744E-003
   136.000000000000       2.616955035708596E-003
   137.000000000000       2.696547357593578E-003
   138.000000000000       2.780502222116034E-003
   139.000000000000       2.852673471778001E-003
   140.000000000000       2.942734311345227E-003
   141.000000000000       3.030613885210844E-003
   142.000000000000       3.107054738820426E-003
   143.000000000000       3.200638125175614E-003
   144.000000000000       3.284101522060761E-003
   145.000000000000       3.372673795729871E-003
   146.000000000000       3.455291311479841E-003
   147.000000000000       3.563459630428814E-003
   148.000000000000       3.634541275216921E-003
   149.000000000000       3.749523207402053E-003
   150.000000000000       3.819167786287164E-003
   151.000000000000       3.933022587822413E-003
   152.000000000000       4.023894101278855E-003
   153.000000000000       4.125186548968873E-003
   154.000000000000       4.217843175470735E-003
   155.000000000000       4.323875957127236E-003
   156.000000000000       4.427492018034176E-003
   157.000000000000       4.521237929668873E-003
   158.000000000000       4.631412716538053E-003
   159.000000000000       4.731144257241776E-003
   160.000000000000       4.848809955955605E-003
   161.000000000000       4.937910062565874E-003
   162.000000000000       5.059473029141932E-003
   163.000000000000       5.160960620306828E-003
   164.000000000000       5.275906369594790E-003
   165.000000000000       5.384757022833773E-003
   166.000000000000       5.499342331264499E-003
   167.000000000000       5.598743354040733E-003
   168.000000000000       5.726712361205089E-003
   169.000000000000       5.841313986472186E-003
   170.000000000000       5.973124970910015E-003
   171.000000000000       6.068689952806979E-003
   172.000000000000       6.192073047319432E-003
   173.000000000000       6.308909723530608E-003
   174.000000000000       6.447482501772528E-003
   175.000000000000       6.550064287677013E-003
   176.000000000000       6.685290100830162E-003
   177.000000000000       6.815292220003205E-003
   178.000000000000       6.922201992445449E-003
   179.000000000000       7.066658020973587E-003
   180.000000000000       7.188820734301000E-003
   181.000000000000       7.322603924284327E-003
   182.000000000000       7.428571639539893E-003
   183.000000000000       7.586602764390080E-003
   184.000000000000       7.713770061141019E-003
   185.000000000000       7.842801180497485E-003
   186.000000000000       7.977802714331038E-003
   187.000000000000       8.109211633423223E-003
   188.000000000000       8.256848392991449E-003
   189.000000000000       8.371935623315337E-003
   190.000000000000       8.526573311053214E-003
   191.000000000000       8.672407066777441E-003
   192.000000000000       8.811994199969196E-003
   193.000000000000       8.947602649730128E-003
   194.000000000000       9.069585281438114E-003
   195.000000000000       9.261294211184835E-003
   196.000000000000       9.354256240268168E-003
   197.000000000000       9.520026174387857E-003
   198.000000000000       9.682231403065763E-003
   199.000000000000       9.819879309100107E-003
   200.000000000000       9.952554176195115E-003
   201.000000000000       1.012124145771095E-002
   202.000000000000       1.027893938099135E-002
   203.000000000000       1.039192589055454E-002
   204.000000000000       1.061095623154811E-002
   205.000000000000       1.069950737133042E-002
   206.000000000000       1.088474689896306E-002
   207.000000000000       1.104929354047563E-002
   208.000000000000       1.119914741915547E-002
   209.000000000000       1.133057758472136E-002
   210.000000000000       1.151757692286773E-002
   211.000000000000       1.167082341907600E-002
   212.000000000000       1.185222081219442E-002
   213.000000000000       1.197253925095685E-002
   214.000000000000       1.217351649826268E-002
   215.000000000000       1.233460042275280E-002
   216.000000000000       1.246510103307291E-002
   217.000000000000       1.264136885883233E-002
   218.000000000000       1.282954982504060E-002
   219.000000000000       1.301292244459011E-002
   220.000000000000       1.312915474275141E-002
   221.000000000000       1.334569691264189E-002
   222.000000000000       1.350514147053014E-002
   223.000000000000       1.367178681907342E-002
   224.000000000000       1.380542002399275E-002
   225.000000000000       1.403323228504117E-002
   226.000000000000       1.420794009211586E-002
   227.000000000000       1.434009897608710E-002
   228.000000000000       1.454677058215781E-002
   229.000000000000       1.475501403520934E-002
   230.000000000000       1.486651358475363E-002
   231.000000000000       1.511661576261922E-002
   232.000000000000       1.523280922005141E-002
   233.000000000000       1.545299066260539E-002
   234.000000000000       1.562406239838960E-002
   235.000000000000       1.579555851318023E-002
   236.000000000000       1.597697042347806E-002
   237.000000000000       1.618218586451658E-002
   238.000000000000       1.635532738849993E-002
   239.000000000000       1.659143132106650E-002
   240.000000000000       1.670477285652151E-002
   241.000000000000       1.693472583897416E-002
   242.000000000000       1.709211046240661E-002
   243.000000000000       1.729776920701213E-002
   244.000000000000       1.751075862994636E-002
   245.000000000000       1.766761006889171E-002
   246.000000000000       1.790253637340421E-002
   247.000000000000       1.804175783622951E-002
   248.000000000000       1.832288759377117E-002
   249.000000000000       1.843329119616265E-002
   250.000000000000       1.865244556673328E-002
   251.000000000000       1.889897635768614E-002
   252.000000000000       1.903909652931121E-002
   253.000000000000       1.926927182932043E-002
   254.000000000000       1.940403940494163E-002
   255.000000000000       1.967870758828318E-002
   256.000000000000       1.988401172518400E-002
   257.000000000000       2.003628299431402E-002
   258.000000000000       2.026296660738839E-002
   259.000000000000       2.047253159507690E-002
   260.000000000000       2.069640439577485E-002
   261.000000000000       2.080081186310360E-002
   262.000000000000       2.106427345479306E-002
   263.000000000000       2.132767828274620E-002
   264.000000000000       2.146701907550783E-002
   265.000000000000       2.172187789671185E-002
   266.000000000000       2.188625179430384E-002
   267.000000000000       2.212575802526963E-002
   268.000000000000       2.230145156206586E-002
   269.000000000000       2.254608100558159E-002
   270.000000000000       2.274766240530766E-002
   271.000000000000       2.291278665044248E-002
   272.000000000000       2.323446836676091E-002
   273.000000000000       2.337994140981905E-002
   274.000000000000       2.362661164870842E-002
   275.000000000000       2.383690430470579E-002
   276.000000000000       2.400874210709194E-002
   277.000000000000       2.430113189450150E-002
   278.000000000000       2.446425816746071E-002
   279.000000000000       2.466479129726688E-002
   280.000000000000       2.494777754240299E-002
   281.000000000000       2.509475688358810E-002
   282.000000000000       2.537224845241044E-002
   283.000000000000       2.551345180898350E-002
   284.000000000000       2.579776360753096E-002
   285.000000000000       2.605405409048715E-002
   286.000000000000       2.624024326616194E-002
   287.000000000000       2.643290530425177E-002
   288.000000000000       2.668619904299946E-002
   289.000000000000       2.694789714563866E-002
   290.000000000000       2.705091625412588E-002
   291.000000000000       2.736400883516677E-002
   292.000000000000       2.763686437485335E-002
   293.000000000000       2.777146544766265E-002
   294.000000000000       2.807095889564403E-002
   295.000000000000       2.830750777874171E-002
   296.000000000000       2.840736436184132E-002
   297.000000000000       2.879684438756358E-002
   298.000000000000       2.893944779374602E-002
   299.000000000000       2.914560960093945E-002
   300.000000000000       2.944095004800789E-002
   301.000000000000       2.963674007244374E-002
   302.000000000000       2.992799785352667E-002
   303.000000000000       3.001585913825277E-002
   304.000000000000       3.042279686346800E-002
   305.000000000000       3.061194074795785E-002
   306.000000000000       3.068632098359063E-002
   307.000000000000       3.110590077845218E-002
   308.000000000000       3.129309026999483E-002
   309.000000000000       3.148666729101453E-002
   310.000000000000       3.176040499858519E-002
   311.000000000000       3.206814854100708E-002
   312.000000000000       3.216346305357568E-002
   313.000000000000       3.244017799577091E-002
   314.000000000000       3.272615204066720E-002
   315.000000000000       3.295617003496613E-002
   316.000000000000       3.311244298958339E-002
   317.000000000000       3.340710093818364E-002
   318.000000000000       3.366001013369105E-002
   319.000000000000       3.387802589603926E-002
   320.000000000000       3.407415777387920E-002
   321.000000000000       3.432842073741621E-002
   322.000000000000       3.466601464760986E-002
   323.000000000000       3.485258530520274E-002
   324.000000000000       3.502252222455874E-002
   325.000000000000       3.538462523761014E-002
   326.000000000000       3.545839187843249E-002
   327.000000000000       3.587224618029496E-002
   328.000000000000       3.604559272059774E-002
   329.000000000000       3.626553617454094E-002
   330.000000000000       3.653179188580799E-002
   331.000000000000       3.675695341498456E-002
   332.000000000000       3.703564862556771E-002
   333.000000000000       3.732009927787926E-002
   334.000000000000       3.742513858121004E-002
   335.000000000000       3.772823901171304E-002
   336.000000000000       3.798946525647302E-002
   337.000000000000       3.824976291334197E-002
   338.000000000000       3.849395946480780E-002
   339.000000000000       3.869514810188773E-002
   340.000000000000       3.892454225929525E-002
   341.000000000000       3.930437792515215E-002
   342.000000000000       3.939965572346251E-002
   343.000000000000       3.963127528612758E-002
   344.000000000000       3.994116838309580E-002
   345.000000000000       4.016942848273593E-002
   346.000000000000       4.043742830158994E-002
   347.000000000000       4.073881650019923E-002
   348.000000000000       4.089299262277377E-002
   349.000000000000       4.110321342716147E-002
   350.000000000000       4.144772640732427E-002
   351.000000000000       4.169429398489852E-002
   352.000000000000       4.180755364204764E-002
   353.000000000000       4.211840405935841E-002
   354.000000000000       4.244681925088513E-002
   355.000000000000       4.254645796052718E-002
   356.000000000000       4.296508400684531E-002
   357.000000000000       4.315605516990341E-002
   358.000000000000       4.331546165045628E-002
   359.000000000000       4.369636737992455E-002
   360.000000000000       4.375927795445243E-002
   361.000000000000       4.412823571925107E-002
   362.000000000000       4.434240871730016E-002
   363.000000000000       4.461042981385891E-002
   364.000000000000       4.474353052105286E-002
   365.000000000000       4.518036250819370E-002
   366.000000000000       4.525409328528945E-002
   367.000000000000       4.567267882872028E-002
   368.000000000000       4.581981662427153E-002
   369.000000000000       4.603190403991405E-002
   370.000000000000       4.632281144171994E-002
   371.000000000000       4.655924989052918E-002
   372.000000000000       4.690979894128498E-002
   373.000000000000       4.700734666496029E-002
   374.000000000000       4.732716989951097E-002
   375.000000000000       4.747358109729804E-002
   376.000000000000       4.778245687505005E-002
   377.000000000000       4.805276085673250E-002
   378.000000000000       4.827576478601067E-002
   379.000000000000       4.851014329587607E-002
   380.000000000000       4.887922061306793E-002
   381.000000000000       4.890848862911090E-002
   382.000000000000       4.927631942510534E-002
   383.000000000000       4.944739031178311E-002
   384.000000000000       4.979871963583195E-002
   385.000000000000       4.993645595922064E-002
   386.000000000000       5.016037619737976E-002
   387.000000000000       5.057772300792314E-002
   388.000000000000       5.068640341722376E-002
   389.000000000000       5.094255508258531E-002
   390.000000000000       5.116370086526496E-002
   391.000000000000       5.148990108541181E-002
   392.000000000000       5.172013079222243E-002
   393.000000000000       5.195533586025440E-002
   394.000000000000       5.216038677243311E-002
   395.000000000000       5.242280490497365E-002
   396.000000000000       5.270358868700048E-002
   397.000000000000       5.275227233603538E-002
   398.000000000000       5.316561881035070E-002
   399.000000000000       5.337525461847924E-002
   400.000000000000       5.349200103948908E-002
   401.000000000000       5.392241521605510E-002
   402.000000000000       5.411321747874182E-002
   403.000000000000       5.421074992436482E-002
   404.000000000000       5.455323833131098E-002
   405.000000000000       5.479019403812175E-002
   406.000000000000       5.508851682434939E-002
   407.000000000000       5.530685265085237E-002
   408.000000000000       5.546873818880942E-002
   409.000000000000       5.576301068032878E-002
   410.000000000000       5.600667054281603E-002
   411.000000000000       5.619040719214766E-002
   412.000000000000       5.656781367015500E-002
   413.000000000000       5.662675638786181E-002
   414.000000000000       5.681057421122538E-002
   415.000000000000       5.717488387219099E-002
   416.000000000000       5.747684977659544E-002
   417.000000000000       5.753504050951507E-002
   418.000000000000       5.781263392499996E-002
   419.000000000000       5.813733229444931E-002
   420.000000000000       5.833065939267968E-002
   421.000000000000       5.858323030634743E-002
   422.000000000000       5.887388441118058E-002
   423.000000000000       5.903382569521365E-002
   424.000000000000       5.917260149210193E-002
   425.000000000000       5.945917972930372E-002
   426.000000000000       5.962884502625881E-002
   427.000000000000       6.005957641928236E-002
   428.000000000000       6.009766073450563E-002
   429.000000000000       6.045054727288274E-002
   430.000000000000       6.072321208043008E-002
   431.000000000000       6.062726602209995E-002
   432.000000000000       6.123029774135772E-002
   433.000000000000       6.121011675864508E-002
   434.000000000000       6.157563463267657E-002
   435.000000000000       6.179263008011543E-002
   436.000000000000       6.197392609136246E-002
   437.000000000000       6.205710194578185E-002
   438.000000000000       6.250481417927542E-002
   439.000000000000       6.261232698299750E-002
   440.000000000000       6.300735095210562E-002
   441.000000000000       6.287178491836001E-002
   442.000000000000       6.349981759128254E-002
   443.000000000000       6.333459831725238E-002
   444.000000000000       6.380738955819967E-002
   445.000000000000       6.407058794149455E-002
   446.000000000000       6.422155934603925E-002
   447.000000000000       6.428354593503285E-002
   448.000000000000       6.468914154185446E-002
   449.000000000000       6.482039101171869E-002
   450.000000000000       6.498958568596128E-002
   451.000000000000       6.549566443465506E-002
   452.000000000000       6.534997948821238E-002
   453.000000000000       6.587258243561678E-002
   454.000000000000       6.578752777302289E-002
   455.000000000000       6.624879418477646E-002
   456.000000000000       6.644590346707596E-002
   457.000000000000       6.659837261085724E-002
   458.000000000000       6.676830231258729E-002
   459.000000000000       6.707895273519783E-002
   460.000000000000       6.733201293603562E-002
   461.000000000000       6.728760184415532E-002
   462.000000000000       6.781490746840747E-002
   463.000000000000       6.777118274957553E-002
   464.000000000000       6.812614087110812E-002
   465.000000000000       6.815472123524882E-002
   466.000000000000       6.853115592319936E-002
   467.000000000000       6.871624004070748E-002
   468.000000000000       6.884524689791356E-002
   469.000000000000       6.901718313744315E-002
   470.000000000000       6.947986860896663E-002
   471.000000000000       6.939584060701665E-002
   472.000000000000       6.979954516758571E-002
   473.000000000000       6.987590679677223E-002
   474.000000000000       7.018962472506006E-002
   475.000000000000       7.029797414270227E-002
   476.000000000000       7.059961039503347E-002
   477.000000000000       7.061262073576376E-002
   478.000000000000       7.109843679082828E-002
   479.000000000000       7.100368753658906E-002
   480.000000000000       7.140836843565568E-002
   481.000000000000       7.146138230174663E-002
   482.000000000000       7.178512593267634E-002
   483.000000000000       7.202426795005588E-002
   484.000000000000       7.204689123176407E-002
   485.000000000000       7.239983903422750E-002
   486.000000000000       7.254521422180402E-002
   487.000000000000       7.274211957557533E-002
   488.000000000000       7.283743630069922E-002
   489.000000000000       7.322845172962827E-002
   490.000000000000       7.312339901543216E-002
   491.000000000000       7.369709062590525E-002
   492.000000000000       7.362912599922015E-002
   493.000000000000       7.378849077903168E-002
   494.000000000000       7.421042311157333E-002
   495.000000000000       7.432512837093493E-002
   496.000000000000       7.434931179804206E-002
   497.000000000000       7.465287495998676E-002
   498.000000000000       7.496921051709682E-002
   499.000000000000       7.494980428276304E-002
   500.000000000000       7.530807429866276E-002
   501.000000000000       7.531709978317672E-002
   502.000000000000       7.570895289483423E-002
   503.000000000000       7.575506082723758E-002
   504.000000000000       7.599486712127385E-002
   505.000000000000       7.608452907258449E-002
   506.000000000000       7.633672396744728E-002
   507.000000000000       7.662626863511188E-002
   508.000000000000       7.688900202713074E-002
   509.000000000000       7.662950951452162E-002
   510.000000000000       7.717763604034540E-002
   511.000000000000       7.730224463168270E-002
   512.000000000000       7.731989990279768E-002
   513.000000000000       7.764282434788838E-002
   514.000000000000       7.794609462565429E-002
   515.000000000000       7.796602954500247E-002
   516.000000000000       7.807663249750377E-002
   517.000000000000       7.835977126492820E-002
   518.000000000000       7.868601578925787E-002
   519.000000000000       7.857615616178242E-002
   520.000000000000       7.896333670034879E-002
   521.000000000000       7.892934161220767E-002
   522.000000000000       7.922774159129746E-002
   523.000000000000       7.948915353133865E-002
   524.000000000000       7.965652313133520E-002
   525.000000000000       7.975655521479814E-002
   526.000000000000       7.993774619381509E-002
   527.000000000000       8.018048188236659E-002
   528.000000000000       8.024368451374773E-002
   529.000000000000       8.045604875704855E-002
   530.000000000000       8.067422210635475E-002
   531.000000000000       8.093480681234524E-002
   532.000000000000       8.081326627253232E-002
   533.000000000000       8.135643269164398E-002
   534.000000000000       8.123790052938963E-002
   535.000000000000       8.145233587776687E-002
   536.000000000000       8.176380533839850E-002
   537.000000000000       8.164851157470035E-002
   538.000000000000       8.208871350212549E-002
   539.000000000000       8.217976995797459E-002
   540.000000000000       8.229739309037931E-002
   541.000000000000       8.248373139251682E-002
   542.000000000000       8.245100955091521E-002
   543.000000000000       8.301917414037341E-002
   544.000000000000       8.299967491276450E-002
   545.000000000000       8.312146894076319E-002
   546.000000000000       8.329946508954508E-002
   547.000000000000       8.355351625967802E-002
   548.000000000000       8.360670327289230E-002
   549.000000000000       8.381509968809361E-002
   550.000000000000       8.390223744132108E-002
   551.000000000000       8.422040919303177E-002
   552.000000000000       8.426782051070643E-002
   553.000000000000       8.448182478687745E-002
   554.000000000000       8.478080094324357E-002
   555.000000000000       8.464115126067999E-002
   556.000000000000       8.488069763847565E-002
   557.000000000000       8.528504745610338E-002
   558.000000000000       8.524165517695706E-002
   559.000000000000       8.525145564187263E-002
   560.000000000000       8.573309367265207E-002
   561.000000000000       8.568844329709226E-002
   562.000000000000       8.585520923022294E-002
   563.000000000000       8.617811383563213E-002
   564.000000000000       8.614566239973594E-002
   565.000000000000       8.619045084516559E-002
   566.000000000000       8.654238083484039E-002
   567.000000000000       8.666746443267344E-002
   568.000000000000       8.693905075843580E-002
   569.000000000000       8.726374787786847E-002
   570.000000000000       8.670411798729104E-002
   571.000000000000       8.728788234252027E-002
   572.000000000000       8.762346527834595E-002
   573.000000000000       8.761748164754299E-002
   574.000000000000       8.757482421024142E-002
   575.000000000000       8.787163244670962E-002
   576.000000000000       8.820785821886463E-002
   577.000000000000       8.805508313489863E-002
   578.000000000000       8.838313850910406E-002
   579.000000000000       8.844555709001700E-002
   580.000000000000       8.890616231168764E-002
   581.000000000000       8.855169660858263E-002
   582.000000000000       8.894180336317604E-002
   583.000000000000       8.926645002666296E-002
   584.000000000000       8.908460840243403E-002
   585.000000000000       8.957603804880457E-002
   586.000000000000       8.956420967683568E-002
   587.000000000000       8.979976474181071E-002
   588.000000000000       8.968233492877703E-002
   589.000000000000       9.010282973916585E-002
   590.000000000000       9.027461953858411E-002
   591.000000000000       9.017376398008298E-002
   592.000000000000       9.058964823006579E-002
   593.000000000000       9.065572060608809E-002
   594.000000000000       9.063238275424165E-002
   595.000000000000       9.102412453562980E-002
   596.000000000000       9.089015706965387E-002
   597.000000000000       9.120496314212763E-002
   598.000000000000       9.137702386259407E-002
   599.000000000000       9.143643623794462E-002
   600.000000000000       9.174273298913559E-002
   601.000000000000       9.176311129255316E-002
   602.000000000000       9.192081643948666E-002
   603.000000000000       9.205590057058119E-002
   604.000000000000       9.241112593167865E-002
   605.000000000000       9.229156517085833E-002
   606.000000000000       9.261075286132525E-002
   607.000000000000       9.259785085550909E-002
   608.000000000000       9.291820909414134E-002
   609.000000000000       9.294216346249613E-002
   610.000000000000       9.325611041920444E-002
   611.000000000000       9.323488393462788E-002
   612.000000000000       9.320353438929632E-002
   613.000000000000       9.355212262505033E-002
   614.000000000000       9.398241113291485E-002
   615.000000000000       9.370086745394041E-002
   616.000000000000       9.412080832900024E-002
   617.000000000000       9.395465020437635E-002
   618.000000000000       9.454725820499399E-002
   619.000000000000       9.428343374421221E-002
   620.000000000000       9.470274002198131E-002
   621.000000000000       9.469170128779407E-002
   622.000000000000       9.502079367479753E-002
   623.000000000000       9.484335232104925E-002
   624.000000000000       9.512069679864457E-002
   625.000000000000       9.528790815920203E-002
   626.000000000000       9.544394238399601E-002
   627.000000000000       9.552213309900577E-002
   628.000000000000       9.576190205174209E-002
   629.000000000000       9.608816507219357E-002
   630.000000000000       9.583133516927417E-002
   631.000000000000       9.629520599790532E-002
   632.000000000000       9.635323006604969E-002
   633.000000000000       9.644239104855298E-002
   634.000000000000       9.662402945604046E-002
   635.000000000000       9.691463836830751E-002
   636.000000000000       9.706537098587195E-002
   637.000000000000       9.701129760762958E-002
   638.000000000000       9.714538232834009E-002
   639.000000000000       9.730995841333545E-002
   640.000000000000       9.752344614351631E-002
   641.000000000000       9.756046460982835E-002
   642.000000000000       9.790389174484450E-002
   643.000000000000       9.803044746970890E-002
   644.000000000000       9.805283707933082E-002
   645.000000000000       9.837234544528685E-002
   646.000000000000       9.830868161395163E-002
   647.000000000000       9.871972397645795E-002
   648.000000000000       9.870759510517509E-002
   649.000000000000       9.871699956789763E-002
   650.000000000000       9.921434756723094E-002
   651.000000000000       9.891688869218701E-002
   652.000000000000       9.937551882479485E-002
   653.000000000000       9.954109426157996E-002
   654.000000000000       9.962043625360342E-002
   655.000000000000       9.973860182219706E-002
   656.000000000000       9.983090386610931E-002
   657.000000000000       0.100088202009203     
   658.000000000000       0.100189584143541     
   659.000000000000       0.100381402733521     
   660.000000000000       0.100544103804749     
   661.000000000000       0.100671591651403     
   662.000000000000       0.100866241321522     
   663.000000000000       0.101085734477817     
   664.000000000000       0.101104138647033     
   665.000000000000       0.101391831887175     
   666.000000000000       0.101331793314323     
   667.000000000000       0.101573217368093     
   668.000000000000       0.101986005571910     
   669.000000000000       0.101724478624003     
   670.000000000000       0.102239988297813     
   671.000000000000       0.102129159182645     
   672.000000000000       0.102327689618287     
   673.000000000000       0.102764275910193     
   674.000000000000       0.102741416564336     
   675.000000000000       0.102727946216328     
   676.000000000000       0.103136143719641     
   677.000000000000       0.103296558810496     
   678.000000000000       0.103448357534948     
   679.000000000000       0.103583742142649     
   680.000000000000       0.103595291328933     
   681.000000000000       0.104098220871835     
   682.000000000000       0.103939557732587     
   683.000000000000       0.104225535042733     
   684.000000000000       0.104425619305883     
   685.000000000000       0.104640010105361     
   686.000000000000       0.104667758594916     
   687.000000000000       0.105074407316787     
   688.000000000000       0.104859170108357     
   689.000000000000       0.105460752672744     
   690.000000000000       0.105161528907744     
   691.000000000000       0.105777951109077     
   692.000000000000       0.105766308170960     
   693.000000000000       0.105834903394003     
   694.000000000000       0.106194612992296     
   695.000000000000       0.106449556418954     
   696.000000000000       0.106242166920178     
   697.000000000000       0.106759315709014     
   698.000000000000       0.106893870720111     
   699.000000000000       0.106716714395913     
   700.000000000000       0.107390511203350     
   701.000000000000       0.107325201547604     
   702.000000000000       0.107790008872270     
   703.000000000000       0.107726139765429     
   704.000000000000       0.107917974373086     
   705.000000000000       0.107961005267616     
   706.000000000000       0.108190502499240     
   707.000000000000       0.108734460338681     
   708.000000000000       0.108548260368065     
   709.000000000000       0.108860463375108     
   710.000000000000       0.109009641772937     
   711.000000000000       0.109099068019551     
   712.000000000000       0.109604290496626     
   713.000000000000       0.109693219390491     
   714.000000000000       0.109867114220796     
   715.000000000000       0.109962177818968     
   716.000000000000       0.110194951562338     
   717.000000000000       0.110412489280750     
   718.000000000000       0.110661927082804     
   719.000000000000       0.110768542247328     
   720.000000000000       0.111054434046306     
   721.000000000000       0.111010798309588     
   722.000000000000       0.111616797415982     
   723.000000000000       0.111931188880978     
   724.000000000000       0.111707540936420     
   725.000000000000       0.112023821810012     
   726.000000000000       0.112454659914098     
   727.000000000000       0.112216764522264     
   728.000000000000       0.112801377473445     
   729.000000000000       0.112807772427658     
   730.000000000000       0.113130716522599     
   731.000000000000       0.113568882816438     
   732.000000000000       0.113377794037804     
   733.000000000000       0.113897613200133     
   734.000000000000       0.113957675441447     
   735.000000000000       0.114467514061213     
   736.000000000000       0.114118566250288     
   737.000000000000       0.114841424433570     
   738.000000000000       0.114515930122764     
   739.000000000000       0.115261621307486     
   740.000000000000       0.115323671611893     
   741.000000000000       0.115612485257381     
   742.000000000000       0.115724769833408     
   743.000000000000       0.116080667497473     
   744.000000000000       0.116388851294259     
   745.000000000000       0.116466516838578     
   746.000000000000       0.116809679046750     
   747.000000000000       0.116722762473927     
   748.000000000000       0.117478339095885     
   749.000000000000       0.117508050902168     
   750.000000000000       0.117863042035874     
   751.000000000000       0.117842381173212     
   752.000000000000       0.118476332238549     
   753.000000000000       0.118134872714246     
   754.000000000000       0.118841288245172     
   755.000000000000       0.118995100409193     
   756.000000000000       0.119383414754234     
   757.000000000000       0.119482797939521     
   758.000000000000       0.119767957369531     
   759.000000000000       0.119613907863321     
   760.000000000000       0.120701091098491     
   761.000000000000       0.120729324407587     
   762.000000000000       0.120676755233434     
   763.000000000000       0.121176284941910     
   764.000000000000       0.121496925853459     
   765.000000000000       0.121495316429020     
   766.000000000000       0.121747827294608     
   767.000000000000       0.122401050289271     
   768.000000000000       0.122531675722349     
   769.000000000000       0.122709461525066     
   770.000000000000       0.122914834642062     
   771.000000000000       0.123607591587429     
   772.000000000000       0.123607531682142     
   773.000000000000       0.123776368022333     
   774.000000000000       0.124311012866493     
   775.000000000000       0.124693058486204     
   776.000000000000       0.124623007811180     
   777.000000000000       0.125199685294655     
   778.000000000000       0.125515820659466     
   779.000000000000       0.125757444717859     
   780.000000000000       0.126257422204662     
   781.000000000000       0.126220012355433     
   782.000000000000       0.126693463858473     
   783.000000000000       0.127078290498199     
   784.000000000000       0.127205577519582     
   785.000000000000       0.127869595480961     
   786.000000000000       0.127869878344177     
   787.000000000000       0.128232433516294     
   788.000000000000       0.128832095476413     
   789.000000000000       0.128738051686723     
   790.000000000000       0.129270788187729     
   791.000000000000       0.129704369750414     
   792.000000000000       0.130032796509404     
   793.000000000000       0.130202206795760     
   794.000000000000       0.130495890549940     
   795.000000000000       0.131288187977828     
   796.000000000000       0.131355668230298     
   797.000000000000       0.131622716121275     
   798.000000000000       0.132245476471099     
   799.000000000000       0.132468382710301     
   800.000000000000       0.132758753717313     
   801.000000000000       0.133174599133544     
   802.000000000000       0.133586299718493     
   803.000000000000       0.133854804124901     
   804.000000000000       0.134231958033584     
   805.000000000000       0.134739658512226     
   806.000000000000       0.135121065896143     
   807.000000000000       0.135392018634702     
   808.000000000000       0.136021544680369     
   809.000000000000       0.136038452158834     
   810.000000000000       0.136812584142528     
   811.000000000000       0.136971701417083     
   812.000000000000       0.137777315036302     
   813.000000000000       0.137503573992995     
   814.000000000000       0.138374788690525     
   815.000000000000       0.138743345204184     
   816.000000000000       0.139100022146610     
   817.000000000000       0.139486624891263     
   818.000000000000       0.140357922109549     
   819.000000000000       0.140182741048212     
   820.000000000000       0.140574956943364     
   821.000000000000       0.141328101588079     
   822.000000000000       0.141927205567332     
   823.000000000000       0.142006080297323     
   824.000000000000       0.142584438209851     
   825.000000000000       0.142830522452011     
   826.000000000000       0.143731280453749     
   827.000000000000       0.144036006747451     
   828.000000000000       0.144493670143569     
   829.000000000000       0.144885502143408     
   830.000000000000       0.145145398217309     
   831.000000000000       0.145920604444089     
   832.000000000000       0.146227644354293     
   833.000000000000       0.146894164020500     
   834.000000000000       0.147479556514480     
   835.000000000000       0.147551817006711     
   836.000000000000       0.148295677995230     
   837.000000000000       0.148797390861287     
   838.000000000000       0.149181827918167     
   839.000000000000       0.149959335153785     
   840.000000000000       0.150169725510422     
   841.000000000000       0.150917365608171     
   842.000000000000       0.151369677702520     
   843.000000000000       0.152121225979763     
   844.000000000000       0.152459399731081     
   845.000000000000       0.152965723187494     
   846.000000000000       0.153081797917516     
   847.000000000000       0.154312476241456     
   848.000000000000       0.154942318337820     
   849.000000000000       0.155332252502688     
   850.000000000000       0.155353217549372     
   851.000000000000       0.156433701241784     
   852.000000000000       0.157074769091792     
   853.000000000000       0.157257035603160     
   854.000000000000       0.157988425096229     
   855.000000000000       0.158718788085542     
   856.000000000000       0.159224545278002     
   857.000000000000       0.159953603338233     
   858.000000000000       0.160255799189906     
   859.000000000000       0.161331552155637     
   860.000000000000       0.161762472610837     
   861.000000000000       0.161819471372933     
   862.000000000000       0.163389394250603     
   863.000000000000       0.163336361730628     
   864.000000000000       0.164428017268453     
   865.000000000000       0.164572667684075     
   866.000000000000       0.165606663830467     
   867.000000000000       0.165774538768417     
   868.000000000000       0.167198607596298     
   869.000000000000       0.167437649912672     
   870.000000000000       0.168311286868793     
   871.000000000000       0.168818070521514     
   872.000000000000       0.169287877738281     
   873.000000000000       0.170787196380083     
   874.000000000000       0.170688862288161     
   875.000000000000       0.171820549015835     
   876.000000000000       0.172529787023342     
   877.000000000000       0.173313980352880     
   878.000000000000       0.173570962468543     
   879.000000000000       0.174962709616315     
   880.000000000000       0.174682666856800     
   881.000000000000       0.176325406718411     
   882.000000000000       0.176973051392051     
   883.000000000000       0.177825699496766     
   884.000000000000       0.178434977682915     
   885.000000000000       0.179302226296965     
   886.000000000000       0.179825186035679     
   887.000000000000       0.180769480944409     
   888.000000000000       0.181808020087602     
   889.000000000000       0.182391670549545     
   890.000000000000       0.183565020039852     
   891.000000000000       0.183711944549777     
   892.000000000000       0.185157721866210     
   893.000000000000       0.185309662855035     
   894.000000000000       0.186920364253580     
   895.000000000000       0.187357704065392     
   896.000000000000       0.188609565416710     
   897.000000000000       0.188942340677252     
   898.000000000000       0.190327032872100     
   899.000000000000       0.190598180113684     
   900.000000000000       0.192078990199492     
   901.000000000000       0.192758851234654     
   902.000000000000       0.193362058866989     
   903.000000000000       0.194613962876913     
   904.000000000000       0.195498283039912     
   905.000000000000       0.195774139526643     
   906.000000000000       0.197755118426426     
   907.000000000000       0.198271341652033     
   908.000000000000       0.199472826956899     
   909.000000000000       0.200158149118824     
   910.000000000000       0.201507459744568     
   911.000000000000       0.202444509939807     
   912.000000000000       0.203023294565408     
   913.000000000000       0.204492752684599     
   914.000000000000       0.205352782168421     
   915.000000000000       0.206600525579365     
   916.000000000000       0.207716829714484     
   917.000000000000       0.208224093047501     
   918.000000000000       0.209854620609100     
   919.000000000000       0.210289830000791     
   920.000000000000       0.211777699200613     
   921.000000000000       0.213028414899690     
   922.000000000000       0.213911882228146     
   923.000000000000       0.214956194267188     
   924.000000000000       0.216268696536257     
   925.000000000000       0.217241633080148     
   926.000000000000       0.218517287401537     
   927.000000000000       0.219446196001901     
   928.000000000000       0.221121517502317     
   929.000000000000       0.221922792449965     
   930.000000000000       0.222956782984850     
   931.000000000000       0.224707873074527     
   932.000000000000       0.225645571807089     
   933.000000000000       0.227021003683996     
   934.000000000000       0.227777833827887     
   935.000000000000       0.229417864505138     
   936.000000000000       0.230743778315887     
   937.000000000000       0.231771738006980     
   938.000000000000       0.233308648186081     
   939.000000000000       0.234502734622498     
   940.000000000000       0.235622623775249     
   941.000000000000       0.237113178882618     
   942.000000000000       0.237950327217997     
   943.000000000000       0.240302084290673     
   944.000000000000       0.240850793341398     
   945.000000000000       0.242467001781540     
   946.000000000000       0.244576151842073     
   947.000000000000       0.244751855731203     
   948.000000000000       0.247383295712466     
   949.000000000000       0.248048547661199     
   950.000000000000       0.250118599612968     
   951.000000000000       0.250689609513384     
   952.000000000000       0.252719352067983     
   953.000000000000       0.254263125385983     
   954.000000000000       0.255319431782137     
   955.000000000000       0.257508402081769     
   956.000000000000       0.258570884937743     
   957.000000000000       0.260767711988008     
   958.000000000000       0.261379175667470     
   959.000000000000       0.263436166944263     
   960.000000000000       0.264647683006136     
   961.000000000000       0.266871426465828     
   962.000000000000       0.267724130675905     
   963.000000000000       0.270435904526914     
   964.000000000000       0.271321873151218     
   965.000000000000       0.273305491897642     
   966.000000000000       0.274657741020816     
   967.000000000000       0.277325329900848     
   968.000000000000       0.277954730452210     
   969.000000000000       0.281044088195385     
   970.000000000000       0.281896506562046     
   971.000000000000       0.283445048139473     
   972.000000000000       0.285836257096447     
   973.000000000000       0.286688208130417     
   974.000000000000       0.288808828761277     
   975.000000000000       0.291704550126749     
   976.000000000000       0.292561852602121     
   977.000000000000       0.294675700252248     
   978.000000000000       0.296827695786084     
   979.000000000000       0.297946561856769     
   980.000000000000       0.300735763665970     
   981.000000000000       0.302723508800013     
   982.000000000000       0.303612615748383     
   983.000000000000       0.307498408582080     
   984.000000000000       0.307741107359675     
   985.000000000000       0.311010549669164     
   986.000000000000       0.312282932723268     
   987.000000000000       0.315222093898996     
   988.000000000000       0.316751878729055     
   989.000000000000       0.319378421819535     
   990.000000000000       0.320949891486654     
   991.000000000000       0.322987905563360     
   992.000000000000       0.325847702336550     
   993.000000000000       0.327267993802175     
   994.000000000000       0.329558682403191     
   995.000000000000       0.332855768967412     
   996.000000000000       0.333670547403775     
   997.000000000000       0.336563999117718     
   998.000000000000       0.339570438278789     
   999.000000000000       0.340601638643602     
   1000.00000000000       0.343600011759277     
   1001.00000000000       0.345928391598554     
   1002.00000000000       0.347926378050406     
   1003.00000000000       0.351629226677818     
   1004.00000000000       0.353493829366986     
   1005.00000000000       0.355162733420133     
   1006.00000000000       0.358565307209715     
   1007.00000000000       0.361145017698779     
   1008.00000000000       0.362830488085973     
   1009.00000000000       0.365433670605664     
   1010.00000000000       0.368414218494092     
   1011.00000000000       0.370686379200840     
   1012.00000000000       0.373196850079410     
   1013.00000000000       0.375614142434471     
   1014.00000000000       0.378806506284548     
   1015.00000000000       0.382502832283694     
   1016.00000000000       0.384175287221272     
   1017.00000000000       0.388127959408295     
   1018.00000000000       0.388929538908554     
   1019.00000000000       0.392387651276326     
   1020.00000000000       0.396855377088374     
   1021.00000000000       0.397057616610231     
   1022.00000000000       0.402157757608625     
   1023.00000000000       0.403769588036384     
   1024.00000000000       0.407547294676484     
   1025.00000000000       0.410016833753347     
   1026.00000000000       0.413051805795143     
   1027.00000000000       0.416374793145268     
   1028.00000000000       0.418770859364201     
   1029.00000000000       0.423257461928985     
   1030.00000000000       0.424169397293984     
   1031.00000000000       0.429582649889610     
   1032.00000000000       0.430196926927857     
   1033.00000000000       0.435637441974959     
   1034.00000000000       0.437758928983405     
   1035.00000000000       0.441412429923965     
   1036.00000000000       0.445303596096516     
   1037.00000000000       0.447721913630166     
   1038.00000000000       0.450290185498511     
   1039.00000000000       0.455776277314757     
   1040.00000000000       0.457963005763561     
   1041.00000000000       0.461243466191233     
   1042.00000000000       0.464362179850675     
   1043.00000000000       0.468842880439943     
   1044.00000000000       0.471489832427295     
   1045.00000000000       0.475320849221823     
   1046.00000000000       0.479309138005474     
   1047.00000000000       0.482541211233456     
   1048.00000000000       0.486005186051920     
   1049.00000000000       0.490285728958753     
   1050.00000000000       0.493192972470262     
   1051.00000000000       0.497534593808056     
   1052.00000000000       0.501135522884629     
   1053.00000000000       0.504011126882839     
   1054.00000000000       0.508549523904811     
   1055.00000000000       0.512762125284678     
   1056.00000000000       0.516120482201521     
   1057.00000000000       0.520552944171560     
   1058.00000000000       0.524249936298314     
   1059.00000000000       0.528479320093573     
   1060.00000000000       0.531059419322884     
   1061.00000000000       0.536303858771260     
   1062.00000000000       0.540816724373032     
   1063.00000000000       0.544281592208490     
   1064.00000000000       0.548534292400698     
   1065.00000000000       0.551883958466922     
   1066.00000000000       0.556862210307342     
   1067.00000000000       0.560102683971433     
   1068.00000000000       0.565862957611202     
   1069.00000000000       0.569253185544796     
   1070.00000000000       0.573778935257862     
   1071.00000000000       0.575175668186304     
   1072.00000000000       0.584686647118648     
   1073.00000000000       0.586001571061203     
   1074.00000000000       0.591274237060569     
   1075.00000000000       0.595635623181953     
   1076.00000000000       0.599361091354953     
   1077.00000000000       0.602683409774551     
   1078.00000000000       0.610571061525999     
   1079.00000000000       0.613353743819484     
   1080.00000000000       0.618402721613743     
   1081.00000000000       0.624139848737897     
   1082.00000000000       0.627885336247367     
   1083.00000000000       0.630276899633539     
   1084.00000000000       0.637976043912169     
   1085.00000000000       0.642944901558024     
   1086.00000000000       0.645732619788441     
   1087.00000000000       0.650943168662459     
   1088.00000000000       0.657286887896683     
   1089.00000000000       0.660284966861854     
   1090.00000000000       0.666951912875700     
   1091.00000000000       0.671480662897906     
   1092.00000000000       0.675566601862073     
   1093.00000000000       0.680016191781791     
   1094.00000000000       0.686779702100820     
   1095.00000000000       0.691491361679003     
   1096.00000000000       0.696223817657177     
   1097.00000000000       0.701235927715938     
   1098.00000000000       0.706208286841182     
   1099.00000000000       0.713634926071909     
   1100.00000000000       0.714820485989790     
   1101.00000000000       0.720607535080137     
   1102.00000000000       0.730116942763313     
   1103.00000000000       0.732667659200507     
   1104.00000000000       0.736126143202061     
   1105.00000000000       0.743830170854493     
   1106.00000000000       0.748241399278584     
   1107.00000000000       0.752533311817839     
   1108.00000000000       0.760256960760157     
   1109.00000000000       0.762407421092900     
   1110.00000000000       0.770228473393536     
   1111.00000000000       0.776221800744614     
   1112.00000000000       0.777847672571527     
   1113.00000000000       0.787452725599789     
   1114.00000000000       0.790599130771676     
   1115.00000000000       0.798031763241235     
   1116.00000000000       0.803436675767082     
   1117.00000000000       0.806863080770178     
   1118.00000000000       0.815333878415349     
   1119.00000000000       0.817374730265628     
   1120.00000000000       0.825482915121674     
   1121.00000000000       0.830497394252084     
   1122.00000000000       0.835045010289801     
   1123.00000000000       0.840167742883781     
   1124.00000000000       0.846634814215768     
   1125.00000000000       0.853331453238514     
   1126.00000000000       0.856710152507840     
   1127.00000000000       0.865260083616234     
   1128.00000000000       0.866844402287810     
   1129.00000000000       0.877576052059870     
   1130.00000000000       0.880547647691499     
   1131.00000000000       0.885815779228834     
   1132.00000000000       0.891953692484515     
   1133.00000000000       0.897949814749481     
   1134.00000000000       0.902474493014275     
   1135.00000000000       0.909230995275779     
   1136.00000000000       0.915319209708718     
   1137.00000000000       0.922350942048037     
   1138.00000000000       0.924513343786097     
   1139.00000000000       0.934191479257034     
   1140.00000000000       0.936582592743509     
   1141.00000000000       0.944950946465246     
   1142.00000000000       0.948893285125783     
   1143.00000000000       0.953372997478916     
   1144.00000000000       0.961230607367173     
   1145.00000000000       0.966912746224967     
   1146.00000000000       0.973206736598857     
   1147.00000000000       0.975826264062444     
   1148.00000000000       0.984461308124264     
   1149.00000000000       0.988385009878327     
   1150.00000000000       0.993718527140850     
   1151.00000000000        1.00100447328148     
   1152.00000000000        1.00342180886581     
   1153.00000000000        1.01238338543406     
   1154.00000000000        1.01771587311585     
   1155.00000000000        1.02186139909652     
   1156.00000000000        1.02953030798208     
   1157.00000000000        1.02993582507219     
   1158.00000000000        1.04213564871350     
   1159.00000000000        1.04000531844279     
   1160.00000000000        1.05223261634549     
   1161.00000000000        1.05467050138708     
   1162.00000000000        1.06013380264957     
   1163.00000000000        1.06602048944948     
   1164.00000000000        1.07210591453644     
   1165.00000000000        1.07523713854634     
   1166.00000000000        1.08245300162720     
   1167.00000000000        1.08622802207365     
   1168.00000000000        1.09087592811766     
   1169.00000000000        1.09626718785215     
   1170.00000000000        1.10241128547707     
   1171.00000000000        1.10734989118967     
   1172.00000000000        1.11330061102693     
   1173.00000000000        1.11832570763485     
   1174.00000000000        1.12221729653404     
   1175.00000000000        1.12693388824834     
   1176.00000000000        1.13260662854484     
   1177.00000000000        1.13726657194139     
   1178.00000000000        1.13901309369668     
   1179.00000000000        1.14951462626913     
   1180.00000000000        1.15053369606860     
   1181.00000000000        1.15570736553149     
   1182.00000000000        1.15764330661821     
   1183.00000000000        1.16662921554263     
   1184.00000000000        1.16977102313292     
   1185.00000000000        1.17055180683402     
   1186.00000000000        1.17989424793126     
   1187.00000000000        1.18065782690864     
   1188.00000000000        1.18532643300175     
   1189.00000000000        1.19070360031883     
   1190.00000000000        1.19326665469464     
   1191.00000000000        1.20083816281325     
   1192.00000000000        1.19885236800743     
   1193.00000000000        1.20904305761073     
   1194.00000000000        1.20921123854845     
   1195.00000000000        1.21521416363135     
   1196.00000000000        1.21644770922927     
   1197.00000000000        1.22256748295802     
   1198.00000000000        1.22475418079636     
   1199.00000000000        1.23083347029687     
   1200.00000000000        1.23222434340444     
   1201.00000000000        1.23722314461435     
   1202.00000000000        1.23959458622787     
   1203.00000000000        1.24174188054593     
   1204.00000000000        1.24441402668587     
   1205.00000000000        1.24837162967497     
   1206.00000000000        1.25242057860136     
   1207.00000000000        1.25517890350678     
   1208.00000000000        1.25854844262386     
   1209.00000000000        1.26139184344930     
   1210.00000000000        1.26219048733408     
   1211.00000000000        1.26649829551573     
   1212.00000000000        1.27093711271474     
   1213.00000000000        1.27025793618472     
   1214.00000000000        1.27252109539259     
   1215.00000000000        1.27452094630763     
   1216.00000000000        1.28042554519826     
   1217.00000000000        1.27927624517089     
   1218.00000000000        1.28516296539198     
   1219.00000000000        1.28458464610638     
   1220.00000000000        1.28647193548257     
   1221.00000000000        1.28919913607541     
   1222.00000000000        1.29031836776063     
   1223.00000000000        1.29144433209146     
   1224.00000000000        1.29604331686943     
   1225.00000000000        1.29185825533535     
   1226.00000000000        1.29907658377080     
   1227.00000000000        1.29824021456196     
   1228.00000000000        1.30002490564836     
   1229.00000000000        1.29891679347219     
   1230.00000000000        1.30425826486043     
   1231.00000000000        1.30418718105909     
   1232.00000000000        1.30401155707362     
   1233.00000000000        1.30616445355594     
   1234.00000000000        1.30460838171414     
   1235.00000000000        1.30613966232430     
   1236.00000000000        1.30825735262975     
   1237.00000000000        1.30849210487041     
   1238.00000000000        1.31032534474986     
   1239.00000000000        1.30934396214763     
   1240.00000000000        1.30904247871068     
   1241.00000000000        1.31096686766049     
   1242.00000000000        1.31001413000373     
   1243.00000000000        1.31267782737128     
   1244.00000000000        1.31008029258632     
   1245.00000000000        1.31163420305621     
   1246.00000000000        1.30855425602916     
   1247.00000000000        1.31059992514606     
   1248.00000000000        1.30973464443367     
   1249.00000000000        1.31075709273308     
   1250.00000000000        1.30766562550031     
   1251.00000000000        1.30959233075566     
   1252.00000000000        1.30763852074875     
   1253.00000000000        1.30935089003911     
   1254.00000000000        1.30766318671467     
   1255.00000000000        1.30473032383430     
   1256.00000000000        1.30430908909888     
   1257.00000000000        1.30591478835072     
   1258.00000000000        1.30277193086632     
   1259.00000000000        1.30318941992017     
   1260.00000000000        1.30170716944795     
   1261.00000000000        1.29897699022611     
   1262.00000000000        1.29807260461076     
   1263.00000000000        1.29612610582998     
   1264.00000000000        1.29344601059001     
   1265.00000000000        1.29415028679128     
   1266.00000000000        1.29273276725848     
   1267.00000000000        1.28854070760529     
   1268.00000000000        1.28899856787182     
   1269.00000000000        1.28802222175958     
   1270.00000000000        1.28510583344074     
   1271.00000000000        1.28340376228188     
   1272.00000000000        1.28168110022069     
   1273.00000000000        1.27948579982274     
   1274.00000000000        1.27818759259498     
   1275.00000000000        1.27362677705347     
   1276.00000000000        1.27325787433192     
   1277.00000000000        1.26935526053161     
   1278.00000000000        1.26895581427304     
   1279.00000000000        1.26213004331242     
   1280.00000000000        1.26532857722673     
   1281.00000000000        1.25943663785584     
   1282.00000000000        1.25823413176456     
   1283.00000000000        1.25543681482640     
   1284.00000000000        1.25324544542583     
   1285.00000000000        1.24933956876490     
   1286.00000000000        1.24700658942656     
   1287.00000000000        1.24324591368562     
   1288.00000000000        1.24105657630678     
   1289.00000000000        1.23836556085714     
   1290.00000000000        1.23506963348631     
   1291.00000000000        1.23019473925161     
   1292.00000000000        1.22931825801590     
   1293.00000000000        1.22738947586152     
   1294.00000000000        1.22166734069280     
   1295.00000000000        1.21859987860366     
   1296.00000000000        1.21651404071878     
   1297.00000000000        1.21109698065957     
   1298.00000000000        1.20824437185009     
   1299.00000000000        1.20706334857687     
   1300.00000000000        1.20141085842795     
   1301.00000000000        1.19954134283923     
   1302.00000000000        1.19230443921925     
   1303.00000000000        1.19305092246726     
   1304.00000000000        1.18814802210763     
   1305.00000000000        1.18249816160312     
   1306.00000000000        1.18134005355655     
   1307.00000000000        1.17650217298848     
   1308.00000000000        1.17196845115626     
   1309.00000000000        1.17015607870483     
   1310.00000000000        1.16626594542223     
   1311.00000000000        1.16087379403868     
   1312.00000000000        1.15677505383481     
   1313.00000000000        1.15207642172955     
   1314.00000000000        1.14873364669147     
   1315.00000000000        1.14649156176238     
   1316.00000000000        1.14076402183924     
   1317.00000000000        1.13575124262024     
   1318.00000000000        1.13304007460356     
   1319.00000000000        1.12877535230021     
   1320.00000000000        1.12288994407592     
   1321.00000000000        1.12166315242668     
   1322.00000000000        1.11533199583246     
   1323.00000000000        1.11201039058414     
   1324.00000000000        1.10771542659254     
   1325.00000000000        1.10193174452799     
   1326.00000000000        1.10018192667615     
   1327.00000000000        1.09316952364683     
   1328.00000000000        1.09168565771876     
   1329.00000000000        1.08513132384584     
   1330.00000000000        1.08185974411468     
   1331.00000000000        1.07731177356302     
   1332.00000000000        1.07176433020862     
   1333.00000000000        1.06751971728540     
   1334.00000000000        1.06453657404648     
   1335.00000000000        1.05928720255169     
   1336.00000000000        1.05404084559427     
   1337.00000000000        1.05014128641374     
   1338.00000000000        1.04714484021589     
   1339.00000000000        1.04232899124891     
   1340.00000000000        1.03618554978203     
   1341.00000000000        1.03207325959996     
   1342.00000000000        1.02737713442118     
   1343.00000000000        1.02388542015122     
   1344.00000000000        1.01823712997953     
   1345.00000000000        1.01381158465404     
   1346.00000000000        1.00788197155397     
   1347.00000000000        1.00675334114515     
   1348.00000000000       0.999270211406248     
   1349.00000000000       0.994994454077267     
   1350.00000000000       0.992183992052486     
   1351.00000000000       0.985483405619852     
   1352.00000000000       0.981190922680378     
   1353.00000000000       0.975725920396701     
   1354.00000000000       0.972562694366160     
   1355.00000000000       0.967762263919229     
   1356.00000000000       0.962997336381441     
   1357.00000000000       0.958940347702639     
   1358.00000000000       0.953127031703128     
