0 -0.00000000
1 -0.00055058
2 -0.00111129
3 -0.00168215
4 -0.00226318
5 -0.00285441
6 -0.00345585
7 -0.00406753
8 -0.00468946
9 -0.00532168
10 -0.00596419
11 -0.00661703
12 -0.00728021
13 -0.00795376
14 -0.00863769
15 -0.00933203
16 -0.01003680
17 -0.01075202
18 -0.01147771
19 -0.01221390
20 -0.01296059
21 -0.01371782
22 -0.01448560
23 -0.01526396
24 -0.01605291
25 -0.01685249
26 -0.01766270
27 -0.01848356
28 -0.01931511
29 -0.02015735
30 -0.02101032
31 -0.02187403
32 -0.02274849
33 -0.02363374
34 -0.02452979
35 -0.02543667
36 -0.02635438
37 -0.02728296
38 -0.02822242
39 -0.02917278
40 -0.03013406
41 -0.03110629
42 -0.03208948
43 -0.03308366
44 -0.03408883
45 -0.03510503
46 -0.03613228
47 -0.03717058
48 -0.03821997
49 -0.03928045
50 -0.04035206
51 -0.04143481
52 -0.04252872
53 -0.04363381
54 -0.04475010
55 -0.04587761
56 -0.04701636
57 -0.04816637
58 -0.04932765
59 -0.05050023
60 -0.05168412
61 -0.05287935
62 -0.05408593
63 -0.05530388
64 -0.05653323
65 -0.05777399
66 -0.05902617
67 -0.06028981
68 -0.06156491
69 -0.06285150
70 -0.06414959
71 -0.06545921
72 -0.06678037
73 -0.06811309
74 -0.06945739
75 -0.07081329
76 -0.07218081
77 -0.07355996
78 -0.07495076
79 -0.07635324
80 -0.07776740
81 -0.07919328
82 -0.08063088
83 -0.08208023
84 -0.08354134
85 -0.08501423
86 -0.08649892
87 -0.08799542
88 -0.08950377
89 -0.09102396
90 -0.09255603
91 -0.09409999
92 -0.09565585
93 -0.09722364
94 -0.09880336
95 -0.10039505
96 -0.10199872
97 -0.10361438
98 -0.10524206
99 -0.10688176
100 -0.10853351
101 -0.11019733
102 -0.11187323
103 -0.11356122
104 -0.11526134
105 -0.11697359
106 -0.11869799
107 -0.12043456
108 -0.12218331
109 -0.12394427
110 -0.12571744
111 -0.12750286
112 -0.12930052
113 -0.13111046
114 -0.13293268
115 -0.13476721
116 -0.13661406
117 -0.13847324
118 -0.14034478
119 -0.14222869
120 -0.14412498
121 -0.14603368
122 -0.14795480
123 -0.14988836
124 -0.15183437
125 -0.15379285
126 -0.15576381
127 -0.15774728
128 -0.15974326
129 -0.16175178
130 -0.16377285
131 -0.16580648
132 -0.16785270
133 -0.16991152
134 -0.17198295
135 -0.17406701
136 -0.17616371
137 -0.17827308
138 -0.18039512
139 -0.18252986
140 -0.18467731
141 -0.18683748
142 -0.18901040
143 -0.19119607
144 -0.19339451
145 -0.19560573
146 -0.19782976
147 -0.20006661
148 -0.20231629
149 -0.20457882
150 -0.20685421
151 -0.20914248
152 -0.21144364
153 -0.21375771
154 -0.21608471
155 -0.21842465
156 -0.22077754
157 -0.22314339
158 -0.22552224
159 -0.22791408
160 -0.23031893
161 -0.23273681
162 -0.23516774
163 -0.23761172
164 -0.24006878
165 -0.24253892
166 -0.24502216
167 -0.24751852
168 -0.25002801
169 -0.25255064
170 -0.25508643
171 -0.25763540
172 -0.26019755
173 -0.26277291
174 -0.26536148
175 -0.26796328
176 -0.27057832
177 -0.27320663
178 -0.27584820
179 -0.27850306
180 -0.28117123
181 -0.28385270
182 -0.28654751
183 -0.28925565
184 -0.29197715
185 -0.29471202
186 -0.29746027
187 -0.30022192
188 -0.30299698
189 -0.30578546
190 -0.30858738
191 -0.31140275
192 -0.31423158
193 -0.31707389
194 -0.31992969
195 -0.32279900
196 -0.32568182
197 -0.32857817
198 -0.33148806
199 -0.33441151
200 -0.33734853
201 -0.34029913
202 -0.34326332
203 -0.34624113
204 -0.34923255
205 -0.35223761
206 -0.35525632
207 -0.35828868
208 -0.36133472
209 -0.36439444
210 -0.36746786
211 -0.37055498
212 -0.37365583
213 -0.37677042
214 -0.37989875
215 -0.38304084
216 -0.38619670
217 -0.38936635
218 -0.39254979
219 -0.39574705
220 -0.39895812
221 -0.40218302
222 -0.40542177
223 -0.40867438
224 -0.41194085
225 -0.41522121
226 -0.41851546
227 -0.42182361
228 -0.42514568
229 -0.42848168
230 -0.43183162
231 -0.43519550
232 -0.43857336
233 -0.44196518
234 -0.44537099
235 -0.44879081
236 -0.45222462
237 -0.45567246
238 -0.45913434
239 -0.46261025
240 -0.46610022
241 -0.46960425
242 -0.47312237
243 -0.47665457
244 -0.48020087
245 -0.48376127
246 -0.48733580
247 -0.49092447
248 -0.49452727
249 -0.49814423
250 -0.50177536
251 -0.50542066
252 -0.50908014
253 -0.51275382
254 -0.51644172
255 -0.52014382
256 -0.52386016
257 -0.52759074
258 -0.53133557
259 -0.53509465
260 -0.53886801
261 -0.54265565
262 -0.54645758
263 -0.55027381
264 -0.55410435
265 -0.55794922
266 -0.56180842
267 -0.56568196
268 -0.56956985
269 -0.57347210
270 -0.57738873
271 -0.58131973
272 -0.58526513
273 -0.58922494
274 -0.59319915
275 -0.59718778
276 -0.60119085
277 -0.60520835
278 -0.60924031
279 -0.61328673
280 -0.61734761
281 -0.62142297
282 -0.62551282
283 -0.62961717
284 -0.63373603
285 -0.63786940
286 -0.64201730
287 -0.64617973
288 -0.65035670
289 -0.65454823
290 -0.65875432
291 -0.66297498
292 -0.66721022
293 -0.67146005
294 -0.67572448
295 -0.68000351
296 -0.68429716
297 -0.68860544
298 -0.69292834
299 -0.69726589
300 -0.70161809
301 -0.70598494
302 -0.71036647
303 -0.71476267
304 -0.71917355
305 -0.72359913
306 -0.72803940
307 -0.73249439
308 -0.73696409
309 -0.74144852
310 -0.74594769
311 -0.75046159
312 -0.75499025
313 -0.75953366
314 -0.76409184
315 -0.76866480
316 -0.77325254
317 -0.77785506
318 -0.78247239
319 -0.78710452
320 -0.79175146
321 -0.79641323
322 -0.80108982
323 -0.80578125
324 -0.81048752
325 -0.81520865
326 -0.81994463
327 -0.82469548
328 -0.82946121
329 -0.83424182
330 -0.83903731
331 -0.84384770
332 -0.84867299
333 -0.85351320
334 -0.85836832
335 -0.86323836
336 -0.86812334
337 -0.87302325
338 -0.87793811
339 -0.88286792
340 -0.88781269
341 -0.89277243
342 -0.89774714
343 -0.90273683
344 -0.90774150
345 -0.91276117
346 -0.91779584
347 -0.92284551
348 -0.92791020
349 -0.93298990
350 -0.93808463
351 -0.94319439
352 -0.94831919
353 -0.95345903
354 -0.95861393
355 -0.96378388
356 -0.96896889
357 -0.97416897
358 -0.97938413
359 -0.98461437
360 -0.98985970
361 -0.99512011
362 -1.00039563
363 -1.00568625
364 -1.01099199
365 -1.01631284
366 -1.02164881
367 -1.02699991
368 -1.03236614
369 -1.03774751
370 -1.04314403
371 -1.04855570
372 -1.05398252
373 -1.05942450
374 -1.06488165
375 -1.07035397
376 -1.07584147
377 -1.08134415
378 -1.08686201
379 -1.09239507
380 -1.09794333
381 -1.10350679
382 -1.10908545
383 -1.11467933
384 -1.12028843
385 -1.12591275
386 -1.13155229
387 -1.13720707
388 -1.14287709
389 -1.14856234
390 -1.15426284
391 -1.15997860
392 -1.16570960
393 -1.17145587
394 -1.17721740
395 -1.18299421
396 -1.18878628
397 -1.19459363
398 -1.20041627
399 -1.20625418
400 -1.21210739
401 -1.21797590
402 -1.22385970
403 -1.22975881
404 -1.23567322
405 -1.24160294
406 -1.24754798
407 -1.25350833
408 -1.25948401
409 -1.26547502
410 -1.27148135
411 -1.27750302
412 -1.28354003
413 -1.28959237
414 -1.29566007
415 -1.30174311
416 -1.30784150
417 -1.31395524
418 -1.32008435
419 -1.32622882
420 -1.33238865
421 -1.33856385
422 -1.34475443
423 -1.35096038
424 -1.35718170
425 -1.36341841
426 -1.36967051
427 -1.37593799
428 -1.38222086
429 -1.38851912
430 -1.39483278
431 -1.40116184
432 -1.40750631
433 -1.41386617
434 -1.42024145
435 -1.42663213
436 -1.43303823
437 -1.43945974
438 -1.44589667
439 -1.45234902
440 -1.45881680
441 -1.46530000
442 -1.47179863
443 -1.47831268
444 -1.48484217
445 -1.49138710
446 -1.49794746
447 -1.50452326
448 -1.51111450
449 -1.51772118
450 -1.52434331
451 -1.53098089
452 -1.53763391
453 -1.54430239
454 -1.55098631
455 -1.55768570
456 -1.56440054
457 -1.57113083
458 -1.57787659
459 -1.58463781
460 -1.59141449
461 -1.59820663
462 -1.60501424
463 -1.61183732
464 -1.61867587
465 -1.62552988
466 -1.63239937
467 -1.63928433
468 -1.64618476
469 -1.65310067
470 -1.66003206
471 -1.66697892
472 -1.67394126
473 -1.68091908
474 -1.68791238
475 -1.69492116
476 -1.70194542
477 -1.70898517
478 -1.71604040
479 -1.72311111
480 -1.73019731
481 -1.73729899
482 -1.74441617
483 -1.75154882
484 -1.75869697
485 -1.76586060
486 -1.77303972
487 -1.78023433
488 -1.78744443
489 -1.79467002
490 -1.80191109
491 -1.80916766
492 -1.81643972
493 -1.82372726
494 -1.83103030
495 -1.83834883
496 -1.84568285
497 -1.85303235
498 -1.86039735
499 -1.86777784
500 -1.87517381
501 -1.88258528
502 -1.89001224
503 -1.89745468
504 -1.90491261
505 -1.91238603
506 -1.91987494
507 -1.92737934
508 -1.93489922
509 -1.94243458
510 -1.94998544
511 -1.95755177
512 -1.96513360
513 -1.97273090
514 -1.98034369
515 -1.98797196
516 -1.99561571
517 -2.00327493
518 -2.01094964
519 -2.01863983
520 -2.02634549
521 -2.03406663
522 -2.04180324
523 -2.04955532
524 -2.05732288
525 -2.06510591
526 -2.07290440
527 -2.08071837
528 -2.08854780
529 -2.09639269
530 -2.10425305
531 -2.11212887
532 -2.12002015
533 -2.12792689
534 -2.13584909
535 -2.14378674
536 -2.15173985
537 -2.15970841
538 -2.16769242
539 -2.17569187
540 -2.18370677
541 -2.19173712
542 -2.19978290
543 -2.20784413
544 -2.21592080
545 -2.22401290
546 -2.23212043
547 -2.24024339
548 -2.24838179
549 -2.25653561
550 -2.26470485
551 -2.27288952
552 -2.28108960
553 -2.28930510
554 -2.29753602
555 -2.30578234
556 -2.31404408
557 -2.32232122
558 -2.33061376
559 -2.33892171
560 -2.34724505
561 -2.35558379
562 -2.36393792
563 -2.37230744
564 -2.38069234
565 -2.38909263
566 -2.39750829
567 -2.40593934
568 -2.41438575
569 -2.42284754
570 -2.43132469
571 -2.43981721
572 -2.44832509
573 -2.45684832
574 -2.46538691
575 -2.47394085
576 -2.48251013
577 -2.49109476
578 -2.49969473
579 -2.50831003
580 -2.51694066
581 -2.52558662
582 -2.53424791
583 -2.54292451
584 -2.55161643
585 -2.56032367
586 -2.56904621
587 -2.57778406
588 -2.58653721
589 -2.59530565
590 -2.60408939
591 -2.61288841
592 -2.62170272
593 -2.63053231
594 -2.63937717
595 -2.64823731
596 -2.65711271
597 -2.66600337
598 -2.67490929
599 -2.68383046
600 -2.69276688
601 -2.70171854
602 -2.71068545
603 -2.71966758
604 -2.72866495
605 -2.73767754
606 -2.74670535
607 -2.75574838
608 -2.76480661
609 -2.77388005
610 -2.78296869
611 -2.79207252
612 -2.80119155
613 -2.81032576
614 -2.81947515
615 -2.82863971
616 -2.83781944
617 -2.84701433
618 -2.85622438
619 -2.86544959
620 -2.87468994
621 -2.88394543
622 -2.89321606
623 -2.90250182
624 -2.91180270
625 -2.92111870
626 -2.93044982
627 -2.93979604
628 -2.94915737
629 -2.95853379
630 -2.96792530
631 -2.97733189
632 -2.98675357
633 -2.99619031
634 -3.00564212
635 -3.01510899
636 -3.02459091
637 -3.03408788
638 -3.04359989
639 -3.05312694
640 -3.06266901
641 -3.07222611
642 -3.08179822
643 -3.09138534
644 -3.10098746
645 -3.11060458
646 -3.12023668
647 -3.12988377
648 -3.13954584
649 -3.14922287
650 -3.15891487
651 -3.16862182
652 -3.17834372
653 -3.18808056
654 -3.19783234
655 -3.20759904
656 -3.21738066
657 -3.22717720
658 -3.23698864
659 -3.24681499
660 -3.25665622
661 -3.26651234
662 -3.27638334
663 -3.28626920
664 -3.29616993
665 -3.30608551
666 -3.31601594
667 -3.32596122
668 -3.33592132
669 -3.34589625
670 -3.35588599
671 -3.36589054
672 -3.37590990
673 -3.38594405
674 -3.39599298
675 -3.40605669
676 -3.41613517
677 -3.42622842
678 -3.43633642
679 -3.44645916
680 -3.45659664
681 -3.46674885
682 -3.47691579
683 -3.48709743
684 -3.49729378
685 -3.50750483
686 -3.51773056
687 -3.52797098
688 -3.53822606
689 -3.54849581
690 -3.55878021
691 -3.56907926
692 -3.57939294
693 -3.58972126
694 -3.60006419
695 -3.61042173
696 -3.62079387
697 -3.63118061
698 -3.64158193
699 -3.65199783
700 -3.66242829
701 -3.67287331
702 -3.68333288
703 -3.69380698
704 -3.70429562
705 -3.71479877
706 -3.72531644
707 -3.73584861
708 -3.74639527
709 -3.75695641
710 -3.76753203
711 -3.77812211
712 -3.78872664
713 -3.79934562
714 -3.80997904
715 -3.82062688
716 -3.83128914
717 -3.84196580
718 -3.85265686
719 -3.86336231
720 -3.87408213
721 -3.88481632
722 -3.89556487
723 -3.90632776
724 -3.91710499
725 -3.92789655
726 -3.93870242
727 -3.94952260
728 -3.96035707
729 -3.97120584
730 -3.98206887
731 -3.99294617
732 -4.00383773
733 -4.01474353
734 -4.02566356
735 -4.03659782
736 -4.04754629
737 -4.05850896
738 -4.06948582
739 -4.08047687
740 -4.09148208
741 -4.10250145
742 -4.11353497
743 -4.12458263
744 -4.13564441
745 -4.14672031
746 -4.15781031
747 -4.16891440
748 -4.18003258
749 -4.19116483
750 -4.20231114
751 -4.21347149
752 -4.22464589
753 -4.23583430
754 -4.24703674
755 -4.25825317
756 -4.26948360
757 -4.28072801
758 -4.29198638
759 -4.30325872
760 -4.31454499
761 -4.32584520
762 -4.33715934
763 -4.34848738
764 -4.35982932
765 -4.37118515
766 -4.38255485
767 -4.39393841
768 -4.40533582
769 -4.41674708
770 -4.42817215
771 -4.43961105
772 -4.45106374
773 -4.46253022
774 -4.47401049
775 -4.48550451
776 -4.49701229
777 -4.50853381
778 -4.52006906
779 -4.53161802
780 -4.54318068
781 -4.55475704
782 -4.56634707
783 -4.57795077
784 -4.58956812
785 -4.60119911
786 -4.61284373
787 -4.62450196
788 -4.63617379
789 -4.64785921
790 -4.65955821
791 -4.67127076
792 -4.68299687
793 -4.69473651
794 -4.70648968
795 -4.71825635
796 -4.73003652
797 -4.74183018
798 -4.75363730
799 -4.76545788
800 -4.77729191
801 -4.78913936
802 -4.80100023
803 -4.81287450
804 -4.82476216
805 -4.83666320
806 -4.84857759
807 -4.86050534
808 -4.87244642
809 -4.88440082
810 -4.89636852
811 -4.90834952
812 -4.92034380
813 -4.93235134
814 -4.94437213
815 -4.95640616
816 -4.96845342
817 -4.98051388
818 -4.99258753
819 -5.00467436
820 -5.01677436
821 -5.02888751
822 -5.04101380
823 -5.05315321
824 -5.06530573
825 -5.07747134
826 -5.08965003
827 -5.10184178
828 -5.11404659
829 -5.12626442
830 -5.13849528
831 -5.15073915
832 -5.16299600
833 -5.17526583
834 -5.18754862
835 -5.19984436
836 -5.21215303
837 -5.22447461
838 -5.23680909
839 -5.24915646
840 -5.26151670
841 -5.27388980
842 -5.28627573
843 -5.29867449
844 -5.31108606
845 -5.32351043
846 -5.33594757
847 -5.34839747
848 -5.36086012
849 -5.37333551
850 -5.38582361
851 -5.39832441
852 -5.41083789
853 -5.42336405
854 -5.43590285
855 -5.44845430
856 -5.46101836
857 -5.47359504
858 -5.48618430
859 -5.49878613
860 -5.51140053
861 -5.52402746
862 -5.53666692
863 -5.54931889
864 -5.56198336
865 -5.57466029
866 -5.58734969
867 -5.60005154
868 -5.61276581
869 -5.62549249
870 -5.63823157
871 -5.65098302
872 -5.66374684
873 -5.67652300
874 -5.68931149
875 -5.70211229
876 -5.71492539
877 -5.72775076
878 -5.74058840
879 -5.75343828
880 -5.76630038
881 -5.77917470
882 -5.79206121
883 -5.80495989
884 -5.81787074
885 -5.83079373
886 -5.84372884
887 -5.85667606
888 -5.86963537
889 -5.88260675
890 -5.89559019
891 -5.90858566
892 -5.92159316
893 -5.93461266
894 -5.94764414
895 -5.96068759
896 -5.97374300
897 -5.98681033
898 -5.99988958
899 -6.01298073
900 -6.02608376
901 -6.03919864
902 -6.05232538
903 -6.06546393
904 -6.07861430
905 -6.09177645
906 -6.10495038
907 -6.11813605
908 -6.13133347
909 -6.14454260
910 -6.15776343
911 -6.17099594
912 -6.18424011
913 -6.19749592
914 -6.21076336
915 -6.22404241
916 -6.23733304
917 -6.25063525
918 -6.26394900
919 -6.27727429
920 -6.29061109
921 -6.30395939
922 -6.31731916
923 -6.33069039
924 -6.34407306
925 -6.35746715
926 -6.37087263
927 -6.38428950
928 -6.39771773
929 -6.41115731
930 -6.42460821
931 -6.43807041
932 -6.45154390
933 -6.46502866
934 -6.47852466
935 -6.49203189
936 -6.50555033
937 -6.51907996
938 -6.53262075
939 -6.54617270
940 -6.55973578
941 -6.57330997
942 -6.58689525
943 -6.60049160
944 -6.61409900
945 -6.62771744
946 -6.64134688
947 -6.65498732
948 -6.66863873
949 -6.68230109
950 -6.69597439
951 -6.70965859
952 -6.72335369
953 -6.73705966
954 -6.75077648
955 -6.76450413
956 -6.77824260
957 -6.79199185
958 -6.80575187
959 -6.81952265
960 -6.83330415
961 -6.84709637
962 -6.86089927
963 -6.87471283
964 -6.88853705
965 -6.90237189
966 -6.91621734
967 -6.93007337
968 -6.94393997
969 -6.95781711
970 -6.97170477
971 -6.98560294
972 -6.99951158
973 -7.01343068
974 -7.02736023
975 -7.04130018
976 -7.05525054
977 -7.06921127
978 -7.08318235
979 -7.09716377
980 -7.11115549
981 -7.12515751
982 -7.13916979
983 -7.15319232
984 -7.16722508
985 -7.18126804
986 -7.19532118
987 -7.20938448
988 -7.22345792
989 -7.23754147
990 -7.25163512
991 -7.26573885
992 -7.27985262
993 -7.29397643
994 -7.30811024
995 -7.32225404
996 -7.33640780
997 -7.35057150
998 -7.36474512
999 -7.37892864
1000 -7.39312203
1001 -7.40732528
1002 -7.42153835
1003 -7.43576124
1004 -7.44999390
1005 -7.46423634
1006 -7.47848851
1007 -7.49275040
1008 -7.50702198
1009 -7.52130324
1010 -7.53559415
1011 -7.54989468
1012 -7.56420482
1013 -7.57852454
1014 -7.59285382
1015 -7.60719264
1016 -7.62154096
1017 -7.63589878
1018 -7.65026607
1019 -7.66464280
1020 -7.67902895
1021 -7.69342450
1022 -7.70782942
1023 -7.72224369
1024 -7.73666730
1025 -7.75110020
1026 -7.76554239
1027 -7.77999384
1028 -7.79445452
1029 -7.80892441
1030 -7.82340349
1031 -7.83789173
1032 -7.85238911
1033 -7.86689561
1034 -7.88141120
1035 -7.89593586
1036 -7.91046957
1037 -7.92501230
1038 -7.93956402
1039 -7.95412472
1040 -7.96869437
1041 -7.98327294
1042 -7.99786041
1043 -8.01245676
1044 -8.02706197
1045 -8.04167600
1046 -8.05629884
1047 -8.07093046
1048 -8.08557083
1049 -8.10021994
1050 -8.11487775
1051 -8.12954424
1052 -8.14421940
1053 -8.15890318
1054 -8.17359558
1055 -8.18829656
1056 -8.20300610
1057 -8.21772417
1058 -8.23245076
1059 -8.24718583
1060 -8.26192936
1061 -8.27668132
1062 -8.29144170
1063 -8.30621046
1064 -8.32098758
1065 -8.33577304
1066 -8.35056681
1067 -8.36536886
1068 -8.38017917
1069 -8.39499772
1070 -8.40982448
1071 -8.42465942
1072 -8.43950252
1073 -8.45435375
1074 -8.46921309
1075 -8.48408051
1076 -8.49895598
1077 -8.51383949
1078 -8.52873101
1079 -8.54363050
1080 -8.55853794
1081 -8.57345332
1082 -8.58837660
1083 -8.60330775
1084 -8.61824675
1085 -8.63319358
1086 -8.64814820
1087 -8.66311060
1088 -8.67808074
1089 -8.69305861
1090 -8.70804416
1091 -8.72303739
1092 -8.73803825
1093 -8.75304673
1094 -8.76806280
1095 -8.78308643
1096 -8.79811760
1097 -8.81315628
1098 -8.82820244
1099 -8.84325605
1100 -8.85831709
1101 -8.87338554
1102 -8.88846136
1103 -8.90354453
1104 -8.91863503
1105 -8.93373282
1106 -8.94883788
1107 -8.96395017
1108 -8.97906969
1109 -8.99419639
1110 -9.00933025
1111 -9.02447125
1112 -9.03961935
1113 -9.05477453
1114 -9.06993677
1115 -9.08510602
1116 -9.10028228
1117 -9.11546550
1118 -9.13065567
1119 -9.14585275
1120 -9.16105672
1121 -9.17626755
1122 -9.19148521
1123 -9.20670968
1124 -9.22194092
1125 -9.23717891
1126 -9.25242362
1127 -9.26767503
1128 -9.28293310
1129 -9.29819781
1130 -9.31346913
1131 -9.32874703
1132 -9.34403149
1133 -9.35932247
1134 -9.37461995
1135 -9.38992390
1136 -9.40523428
1137 -9.42055109
1138 -9.43587427
1139 -9.45120382
1140 -9.46653969
1141 -9.48188186
1142 -9.49723030
1143 -9.51258498
1144 -9.52794588
1145 -9.54331296
1146 -9.55868620
1147 -9.57406556
1148 -9.58945103
1149 -9.60484256
1150 -9.62024014
1151 -9.63564373
1152 -9.65105330
1153 -9.66646883
1154 -9.68189028
1155 -9.69731763
1156 -9.71275084
1157 -9.72818990
1158 -9.74363476
1159 -9.75908541
1160 -9.77454180
1161 -9.79000392
1162 -9.80547172
1163 -9.82094519
1164 -9.83642430
1165 -9.85190900
1166 -9.86739928
1167 -9.88289511
1168 -9.89839645
1169 -9.91390327
1170 -9.92941555
1171 -9.94493326
1172 -9.96045636
1173 -9.97598483
1174 -9.99151863
1175 -10.00705774
1176 -10.02260213
1177 -10.03815176
1178 -10.05370660
1179 -10.06926664
1180 -10.08483183
1181 -10.10040214
1182 -10.11597755
1183 -10.13155802
1184 -10.14714353
1185 -10.16273405
1186 -10.17832953
1187 -10.19392996
1188 -10.20953531
1189 -10.22514553
1190 -10.24076061
1191 -10.25638051
1192 -10.27200520
1193 -10.28763465
1194 -10.30326882
1195 -10.31890770
1196 -10.33455124
1197 -10.35019942
1198 -10.36585220
1199 -10.38150956
1200 -10.39717146
1201 -10.41283787
1202 -10.42850877
1203 -10.44418411
1204 -10.45986388
1205 -10.47554803
1206 -10.49123653
1207 -10.50692936
1208 -10.52262649
1209 -10.53832787
1210 -10.55403349
1211 -10.56974330
1212 -10.58545729
1213 -10.60117540
1214 -10.61689763
1215 -10.63262392
1216 -10.64835425
1217 -10.66408860
1218 -10.67982692
1219 -10.69556918
1220 -10.71131536
1221 -10.72706542
1222 -10.74281933
1223 -10.75857706
1224 -10.77433857
1225 -10.79010383
1226 -10.80587281
1227 -10.82164549
1228 -10.83742182
1229 -10.85320177
1230 -10.86898531
1231 -10.88477241
1232 -10.90056304
1233 -10.91635717
1234 -10.93215475
1235 -10.94795577
1236 -10.96376018
1237 -10.97956795
1238 -10.99537906
1239 -11.01119346
1240 -11.02701113
1241 -11.04283203
1242 -11.05865613
1243 -11.07448340
1244 -11.09031380
1245 -11.10614730
1246 -11.12198387
1247 -11.13782347
1248 -11.15366608
1249 -11.16951165
1250 -11.18536016
1251 -11.20121157
1252 -11.21706584
1253 -11.23292295
1254 -11.24878287
1255 -11.26464555
1256 -11.28051097
1257 -11.29637908
1258 -11.31224987
1259 -11.32812329
1260 -11.34399930
1261 -11.35987789
1262 -11.37575901
1263 -11.39164262
1264 -11.40752870
1265 -11.42341721
1266 -11.43930812
1267 -11.45520139
1268 -11.47109699
1269 -11.48699489
1270 -11.50289504
1271 -11.51879742
1272 -11.53470200
1273 -11.55060873
1274 -11.56651758
1275 -11.58242853
1276 -11.59834153
1277 -11.61425655
1278 -11.63017356
1279 -11.64609251
1280 -11.66201339
1281 -11.67793615
1282 -11.69386075
1283 -11.70978717
1284 -11.72571537
1285 -11.74164531
1286 -11.75757695
1287 -11.77351028
1288 -11.78944524
1289 -11.80538180
1290 -11.82131993
1291 -11.83725960
1292 -11.85320077
1293 -11.86914340
1294 -11.88508746
1295 -11.90103291
1296 -11.91697972
1297 -11.93292785
1298 -11.94887727
1299 -11.96482794
1300 -11.98077982
1301 -11.99673289
1302 -12.01268710
1303 -12.02864242
1304 -12.04459882
1305 -12.06055626
1306 -12.07651469
1307 -12.09247410
1308 -12.10843443
1309 -12.12439566
1310 -12.14035775
1311 -12.15632067
1312 -12.17228437
1313 -12.18824882
1314 -12.20421399
1315 -12.22017984
1316 -12.23614633
1317 -12.25211342
1318 -12.26808109
1319 -12.28404929
1320 -12.30001800
1321 -12.31598716
1322 -12.33195674
1323 -12.34792672
1324 -12.36389705
1325 -12.37986769
1326 -12.39583862
1327 -12.41180978
1328 -12.42778115
1329 -12.44375269
1330 -12.45972437
1331 -12.47569613
1332 -12.49166796
1333 -12.50763981
1334 -12.52361164
1335 -12.53958342
1336 -12.55555511
1337 -12.57152668
1338 -12.58749808
1339 -12.60346928
1340 -12.61944024
1341 -12.63541093
1342 -12.65138131
1343 -12.66735133
1344 -12.68332097
1345 -12.69929019
1346 -12.71525894
1347 -12.73122719
1348 -12.74719491
1349 -12.76316205
1350 -12.77912857
1351 -12.79509445
1352 -12.81105964
1353 -12.82702411
1354 -12.84298781
1355 -12.85895071
1356 -12.87491277
1357 -12.89087395
1358 -12.90683422
