  0.000000000000000E+000   118.296047475733     
   1.00000000000000        118.295533871271     
   2.00000000000000        118.296030021752     
   3.00000000000000        118.296082119206     
   4.00000000000000        118.294804752660     
   5.00000000000000        118.295735924400     
   6.00000000000000        118.294898567430     
   7.00000000000000        118.294946802377     
   8.00000000000000        118.294987606344     
   9.00000000000000        118.294587225419     
   10.0000000000000        118.293306942036     
   11.0000000000000        118.294675338802     
   12.0000000000000        118.295165013031     
   13.0000000000000        118.293893627079     
   14.0000000000000        118.294831523761     
   15.0000000000000        118.293134507715     
   16.0000000000000        118.293651478858     
   17.0000000000000        118.294185856006     
   18.0000000000000        118.293409173389     
   19.0000000000000        118.293089655512     
   20.0000000000000        118.292347036883     
   21.0000000000000        118.292509833470     
   22.0000000000000        118.291373254652     
   23.0000000000000        118.291148598891     
   24.0000000000000        118.290510520365     
   25.0000000000000        118.289459646003     
   26.0000000000000        118.289762944336     
   27.0000000000000        118.287900304248     
   28.0000000000000        118.287395017570     
   29.0000000000000        118.285604722225     
   30.0000000000000        118.285181717919     
   31.0000000000000        118.283033427789     
   32.0000000000000        118.282247848864     
   33.0000000000000        118.280628354530     
   34.0000000000000        118.279938929053     
   35.0000000000000        118.277974154475     
   36.0000000000000        118.275610801367     
   37.0000000000000        118.273300583898     
   38.0000000000000        118.270592748483     
   39.0000000000000        118.269706595162     
   40.0000000000000        118.266667581778     
   41.0000000000000        118.264559342071     
   42.0000000000000        118.260740155718     
   43.0000000000000        118.258738132672     
   44.0000000000000        118.256352348118     
   45.0000000000000        118.254460029324     
   46.0000000000000        118.248648587906     
   47.0000000000000        118.247312606014     
   48.0000000000000        118.243374199560     
   49.0000000000000        118.239941694337     
   50.0000000000000        118.235231635437     
   51.0000000000000        118.232349956641     
   52.0000000000000        118.227756908613     
   53.0000000000000        118.223656429948     
   54.0000000000000        118.219174930564     
   55.0000000000000        118.215188421199     
   56.0000000000000        118.210816423449     
   57.0000000000000        118.206502183891     
   58.0000000000000        118.200911602797     
   59.0000000000000        118.195378204013     
   60.0000000000000        118.190781589752     
   61.0000000000000        118.185800488091     
   62.0000000000000        118.180866570977     
   63.0000000000000        118.174668520332     
   64.0000000000000        118.168514598956     
   65.0000000000000        118.163739322186     
   66.0000000000000        118.156813442415     
   67.0000000000000        118.151699378166     
   68.0000000000000        118.145310667778     
   69.0000000000000        118.138532663964     
   70.0000000000000        118.132241965207     
   71.0000000000000        118.126011706307     
   72.0000000000000        118.118490870471     
   73.0000000000000        118.111906206307     
   74.0000000000000        118.105812403456     
   75.0000000000000        118.646915850947     
   76.0000000000000        118.653756085736     
   77.0000000000000        118.663858219737     
   78.0000000000000        118.670447690133     
   79.0000000000000        118.677673348283     
   80.0000000000000        118.686261636274     
   81.0000000000000        118.693621289142     
   82.0000000000000        118.699736266118     
   83.0000000000000        118.709121970605     
   84.0000000000000        118.714903042993     
   85.0000000000000        118.723074916775     
   86.0000000000000        118.730404911028     
   87.0000000000000        118.738263874247     
   88.0000000000000        118.745675660984     
   89.0000000000000        118.751042490891     
   90.0000000000000        118.758157662922     
   91.0000000000000        118.766269969081     
   92.0000000000000        118.772607082405     
   93.0000000000000        118.779019120321     
   94.0000000000000        118.787298005171     
   95.0000000000000        118.793297262463     
   96.0000000000000        118.799870475126     
   97.0000000000000        118.806893551379     
   98.0000000000000        118.812668274129     
   99.0000000000000        118.818420030602     
   100.000000000000        118.824653303390     
   101.000000000000        118.831390362714     
   102.000000000000        118.836776697983     
   103.000000000000        118.842699699671     
   104.000000000000        118.848592704290     
   105.000000000000        118.854986793476     
   106.000000000000        118.860057573795     
   107.000000000000        118.866040518764     
   108.000000000000        118.872476914185     
   109.000000000000        118.878045772301     
   110.000000000000        118.882295823821     
   111.000000000000        118.887471814387     
   112.000000000000        118.894436866726     
   113.000000000000        118.899591118047     
   114.000000000000        118.903910416950     
   115.000000000000        118.908642243734     
   116.000000000000        118.913888920109     
   117.000000000000        118.918222204088     
   118.000000000000        118.922995844843     
   119.000000000000        118.928662701279     
   120.000000000000        118.932083466536     
   121.000000000000        118.937375076418     
   122.000000000000        118.940354162225     
   123.000000000000        118.946087028192     
   124.000000000000        118.949957752884     
   125.000000000000        118.953887057973     
   126.000000000000        118.959154316811     
   127.000000000000        118.962596435305     
   128.000000000000        118.966982148222     
   129.000000000000        118.971314652969     
   130.000000000000        118.975685763993     
   131.000000000000        118.978697340919     
   132.000000000000        118.983488618679     
   133.000000000000        118.986090570056     
   134.000000000000        118.990334151334     
   135.000000000000        118.993865855256     
   136.000000000000        118.998200836482     
   137.000000000000        119.001555419422     
   138.000000000000        119.002790961411     
   139.000000000000        119.007067031633     
   140.000000000000        119.010089371691     
   141.000000000000        119.013909155551     
   142.000000000000        119.015506559499     
   143.000000000000        119.020780175927     
   144.000000000000        119.022690537007     
   145.000000000000        119.026153322028     
   146.000000000000        119.028108778312     
   147.000000000000        119.030157805850     
   148.000000000000        119.034385336897     
   149.000000000000        119.036398839269     
   150.000000000000        119.039779438900     
   151.000000000000        119.042083762629     
   152.000000000000        119.043684789452     
   153.000000000000        119.047014050994     
   154.000000000000        119.049395699570     
   155.000000000000        119.052222888702     
   156.000000000000        119.054053750631     
   157.000000000000        119.055108975448     
   158.000000000000        119.057103431366     
   159.000000000000        119.060289832736     
   160.000000000000        119.063066421139     
   161.000000000000        119.064441278070     
   162.000000000000        119.066858747125     
   163.000000000000        119.069044885780     
   164.000000000000        119.070927788567     
   165.000000000000        119.072726875466     
   166.000000000000        119.074126530854     
   167.000000000000        119.076825603552     
   168.000000000000        119.077639679163     
   169.000000000000        119.079458480918     
   170.000000000000        119.080766245411     
   171.000000000000        119.081600955406     
   172.000000000000        119.084292879423     
   173.000000000000        119.084980713506     
   174.000000000000        119.087300076638     
   175.000000000000        119.088469600885     
   176.000000000000        119.090174195612     
   177.000000000000        119.091893799284     
   178.000000000000        119.092117811390     
   179.000000000000        119.092932074560     
   180.000000000000        119.094570885590     
   181.000000000000        119.095661337869     
   182.000000000000        119.096914296737     
   183.000000000000        119.097488370608     
   184.000000000000        119.099173139714     
   185.000000000000        119.099379222324     
   186.000000000000        119.099990673357     
   187.000000000000        119.102496111036     
   188.000000000000        119.103066435667     
   189.000000000000        119.103268511662     
   190.000000000000        119.104335301747     
   191.000000000000        119.103547118949     
   192.000000000000        119.105932900125     
   193.000000000000        119.105549316296     
   194.000000000000        119.106614090025     
   195.000000000000        119.106703549999     
   196.000000000000        119.107655251791     
   197.000000000000        119.107654844703     
   198.000000000000        119.107710125916     
   199.000000000000        119.109250949080     
   200.000000000000        119.109098323569     
   201.000000000000        119.109584722012     
   202.000000000000        119.110082578670     
   203.000000000000        119.110502877860     
   204.000000000000        119.110385267149     
   205.000000000000        119.109538983932     
   206.000000000000        119.111261454155     
   207.000000000000        119.111175633717     
   208.000000000000        119.112482626938     
   209.000000000000        119.109593607874     
   210.000000000000        119.110477156833     
   211.000000000000        119.111171751995     
   212.000000000000        119.110621548151     
   213.000000000000        119.112695504362     
   214.000000000000        119.109802015615     
   215.000000000000        119.111064650228     
   216.000000000000        119.110415577880     
   217.000000000000        119.110561447739     
   218.000000000000        119.110366272906     
   219.000000000000        119.110660665686     
   220.000000000000        119.109490892633     
   221.000000000000        119.110593182011     
   222.000000000000        119.108861397406     
   223.000000000000        119.109248352582     
   224.000000000000        119.109180696206     
   225.000000000000        119.108506480733     
   226.000000000000        119.108182954093     
   227.000000000000        119.107375479535     
   228.000000000000        119.107145764416     
   229.000000000000        119.105754481350     
   230.000000000000        119.105815189718     
   231.000000000000        119.104981904151     
   232.000000000000        119.105615008006     
   233.000000000000        119.104687204798     
   234.000000000000        119.104214527975     
   235.000000000000        119.103313472802     
   236.000000000000        119.101591468797     
   237.000000000000        119.101543227567     
   238.000000000000        119.100598387887     
   239.000000000000        119.100545056844     
   240.000000000000        119.099238634784     
   241.000000000000        119.098546302923     
   242.000000000000        119.096753906140     
   243.000000000000        119.097179020500     
   244.000000000000        119.097090295682     
   245.000000000000        119.094112799647     
   246.000000000000        119.092764668437     
   247.000000000000        119.092597494460     
   248.000000000000        119.092356988108     
   249.000000000000        119.090559325227     
   250.000000000000        119.090734699874     
   251.000000000000        119.087877837594     
   252.000000000000        119.088083302785     
   253.000000000000        119.086978752179     
   254.000000000000        119.085885156302     
   255.000000000000        119.084220885291     
   256.000000000000        119.084643474116     
   257.000000000000        119.081939761100     
   258.000000000000        119.079404077374     
   259.000000000000        119.081019539366     
   260.000000000000        119.078334927688     
   261.000000000000        119.077745627209     
   262.000000000000        119.077316306303     
   263.000000000000        119.074212216025     
   264.000000000000        119.073962555835     
   265.000000000000        119.072637469774     
   266.000000000000        119.071933079260     
   267.000000000000        119.069651797999     
   268.000000000000        119.068033320096     
   269.000000000000        119.067143690613     
   270.000000000000        119.066700566103     
   271.000000000000        119.064351665930     
   272.000000000000        119.062808935910     
   273.000000000000        119.062130497581     
   274.000000000000        119.059981143274     
   275.000000000000        119.058532292790     
   276.000000000000        119.057323920367     
   277.000000000000        119.055337890044     
   278.000000000000        119.054398731585     
   279.000000000000        119.051985133289     
   280.000000000000        119.050109909578     
   281.000000000000        119.049703049790     
   282.000000000000        119.047731103465     
   283.000000000000        119.044444938770     
   284.000000000000        119.043384531881     
   285.000000000000        119.040899048443     
   286.000000000000        119.040467449830     
   287.000000000000        119.039769953517     
   288.000000000000        119.037404007445     
   289.000000000000        119.036929975564     
   290.000000000000        119.034270116124     
   291.000000000000        119.033237876479     
   292.000000000000        119.030257467748     
   293.000000000000        119.027379548715     
   294.000000000000        119.026702466149     
   295.000000000000        119.024080382483     
   296.000000000000        119.023153821780     
   297.000000000000        119.021245200412     
   298.000000000000        119.017851227486     
   299.000000000000        119.017857768164     
   300.000000000000        119.015913925988     
   301.000000000000        119.013902880034     
   302.000000000000        119.011720674144     
   303.000000000000        119.008613330572     
   304.000000000000        119.006592251627     
   305.000000000000        119.004857535942     
   306.000000000000        119.002530109649     
   307.000000000000        119.000961083110     
   308.000000000000        119.000165092706     
   309.000000000000        118.997319849173     
   310.000000000000        118.995785560016     
   311.000000000000        118.992405755122     
   312.000000000000        118.990295219399     
   313.000000000000        118.989498961655     
   314.000000000000        118.986575681363     
   315.000000000000        118.985432356785     
   316.000000000000        118.983059469949     
   317.000000000000        118.980762338811     
   318.000000000000        118.979498476574     
   319.000000000000        118.975575175338     
   320.000000000000        118.973381366312     
   321.000000000000        118.972952433204     
   322.000000000000        118.970455219188     
   323.000000000000        118.967291081939     
   324.000000000000        118.964020913617     
   325.000000000000        118.962976706577     
   326.000000000000        118.959577429444     
   327.000000000000        118.958191953344     
   328.000000000000        118.956863670593     
   329.000000000000        118.953289017151     
   330.000000000000        118.951004947840     
   331.000000000000        118.949436800588     
   332.000000000000        118.947397700393     
   333.000000000000        118.945029807174     
   334.000000000000        118.942019815218     
   335.000000000000        118.940144930007     
   336.000000000000        118.936620570993     
   337.000000000000        118.935053639838     
   338.000000000000        118.932628728264     
   339.000000000000        118.930371226673     
   340.000000000000        118.928051006950     
   341.000000000000        118.924971494128     
   342.000000000000        118.922494413949     
   343.000000000000        118.921248749488     
   344.000000000000        118.918172271060     
   345.000000000000        118.915265188201     
   346.000000000000        118.913061098510     
   347.000000000000        118.909883327197     
   348.000000000000        118.907967427461     
   349.000000000000        118.905682532419     
   350.000000000000        118.902674355168     
   351.000000000000        118.900796727739     
   352.000000000000        118.896906643480     
   353.000000000000        118.894266816029     
   354.000000000000        118.890946546097     
   355.000000000000        118.890315088866     
   356.000000000000        118.887071774657     
   357.000000000000        118.884907538477     
   358.000000000000        118.881638316318     
   359.000000000000        118.878175691162     
   360.000000000000        118.877179930697     
   361.000000000000        118.873010512756     
   362.000000000000        118.870831000253     
   363.000000000000        118.867973149533     
   364.000000000000        118.865252468646     
   365.000000000000        118.863428067021     
   366.000000000000        118.859729847907     
   367.000000000000        118.856888112387     
   368.000000000000        118.855148340625     
   369.000000000000        118.852252716365     
   370.000000000000        118.848769976741     
   371.000000000000        118.846750043285     
   372.000000000000        118.842726944191     
   373.000000000000        118.840496347079     
   374.000000000000        118.839058088620     
   375.000000000000        118.834550125945     
   376.000000000000        118.832743455069     
   377.000000000000        118.829919713586     
   378.000000000000        118.827407832728     
   379.000000000000        118.824730552453     
   380.000000000000        118.820968166189     
   381.000000000000        118.817880898440     
   382.000000000000        118.814869084943     
   383.000000000000        118.811974101711     
   384.000000000000        118.809178030468     
   385.000000000000        118.805572532766     
   386.000000000000        118.802965621587     
   387.000000000000        118.800508519435     
   388.000000000000        118.797440206095     
   389.000000000000        118.794175896989     
   390.000000000000        118.791412414444     
   391.000000000000        118.788397987745     
   392.000000000000        118.784305565315     
   393.000000000000        118.783618251231     
   394.000000000000        118.780110219053     
   395.000000000000        118.776806907781     
   396.000000000000        118.772783689599     
   397.000000000000        118.771709250834     
   398.000000000000        118.768006931343     
   399.000000000000        118.764378187633     
   400.000000000000        118.761802925689     
   401.000000000000        118.759798983394     
   402.000000000000        118.754075128209     
   403.000000000000        118.753590517892     
   404.000000000000        118.750167144162     
   405.000000000000        118.747159060821     
   406.000000000000        118.742962911938     
   407.000000000000        118.739541419057     
   408.000000000000        118.737692435890     
   409.000000000000        118.733496191978     
   410.000000000000        118.730814931167     
   411.000000000000        118.728080108227     
   412.000000000000        118.723528519253     
   413.000000000000        118.721643734982     
   414.000000000000        118.717300929129     
   415.000000000000        118.715298450287     
   416.000000000000        118.712942518882     
   417.000000000000        118.708069572347     
   418.000000000000        118.705960269486     
   419.000000000000        118.702032623422     
   420.000000000000        118.698487857906     
   421.000000000000        118.694697227422     
   422.000000000000        118.693223449128     
   423.000000000000        118.689357103747     
   424.000000000000        118.686506954056     
   425.000000000000        118.683399286786     
   426.000000000000        118.679505477042     
   427.000000000000        118.676061333501     
   428.000000000000        118.673066602668     
   429.000000000000        118.671132315982     
   430.000000000000        118.666159923384     
   431.000000000000        118.663096698402     
   432.000000000000        118.659826032095     
   433.000000000000        118.657968447732     
   434.000000000000        118.652754823166     
   435.000000000000        118.649994837918     
   436.000000000000        118.647019051886     
   437.000000000000        118.644194001369     
   438.000000000000        118.639009174164     
   439.000000000000        118.636334527690     
   440.000000000000        118.633201918932     
   441.000000000000        118.628689553687     
   442.000000000000        118.627010629890     
   443.000000000000        118.623558059879     
   444.000000000000        118.619742418706     
   445.000000000000        118.616821452328     
   446.000000000000        118.612660096907     
   447.000000000000        118.610259231144     
   448.000000000000        118.606550682870     
   449.000000000000        118.601617397208     
   450.000000000000        118.599250718259     
   451.000000000000        118.596027964923     
   452.000000000000        118.592432450028     
   453.000000000000        118.588353289815     
   454.000000000000        118.586756875938     
   455.000000000000        118.581653817984     
   456.000000000000        118.578996946060     
   457.000000000000        118.574432334517     
   458.000000000000        118.570445446405     
   459.000000000000        118.568275773440     
   460.000000000000        118.562837849802     
   461.000000000000        118.561513215719     
   462.000000000000        118.557248265780     
   463.000000000000        118.553965022424     
   464.000000000000        118.549868900808     
   465.000000000000        118.546705824748     
   466.000000000000        118.543964206290     
   467.000000000000        118.539314182019     
   468.000000000000        118.535932578879     
   469.000000000000        118.531935143674     
   470.000000000000        118.527284654173     
   471.000000000000        118.525858450603     
   472.000000000000        118.521149300729     
   473.000000000000        118.517235985157     
   474.000000000000        118.514061414439     
   475.000000000000        118.511303623828     
   476.000000000000        118.507073941949     
   477.000000000000        118.504178922179     
   478.000000000000        118.500778255240     
   479.000000000000        118.496206208154     
   480.000000000000        118.493736594787     
   481.000000000000        118.487444203179     
   482.000000000000        118.485841029216     
   483.000000000000        118.481596739391     
   484.000000000000        118.478711634090     
   485.000000000000        118.473167730845     
   486.000000000000        118.470306518882     
   487.000000000000        118.466249010006     
   488.000000000000        118.461945523523     
   489.000000000000        118.459427814011     
   490.000000000000        118.455544057201     
   491.000000000000        118.453667857268     
   492.000000000000        118.448134842109     
   493.000000000000        118.444856196661     
   494.000000000000        118.440404372375     
   495.000000000000        118.435592099298     
   496.000000000000        118.433176246625     
   497.000000000000        118.429964590109     
   498.000000000000        118.425384050885     
   499.000000000000        118.421302529614     
   500.000000000000        118.417511191130     
   501.000000000000        118.413175653939     
   502.000000000000        118.409965539783     
   503.000000000000        118.406783472424     
   504.000000000000        118.403741243236     
   505.000000000000        118.398887421993     
   506.000000000000        118.395347707709     
   507.000000000000        118.390173419721     
   508.000000000000        118.387748131106     
   509.000000000000        118.382803603404     
   510.000000000000        118.379717773396     
   511.000000000000        118.374841469576     
   512.000000000000        118.370735743197     
   513.000000000000        118.369162159191     
   514.000000000000        118.363943105896     
   515.000000000000        118.361237775165     
   516.000000000000        118.355819820929     
   517.000000000000        118.354636149906     
   518.000000000000        118.348804430035     
   519.000000000000        118.344339311524     
   520.000000000000        118.340440250621     
   521.000000000000        118.336695521479     
   522.000000000000        118.332925120511     
   523.000000000000        118.329889999836     
   524.000000000000        118.324759538082     
   525.000000000000        118.319764774303     
   526.000000000000        118.316711354143     
   527.000000000000        118.312523477180     
   528.000000000000        118.309283713075     
   529.000000000000        118.305508856788     
   530.000000000000        118.301217571026     
   531.000000000000        118.298005583979     
   532.000000000000        118.292956101562     
   533.000000000000        118.288980178011     
   534.000000000000        118.285135811977     
   535.000000000000        118.281833390519     
   536.000000000000        118.276375175512     
   537.000000000000        118.272632610300     
   538.000000000000        118.268664237160     
   539.000000000000        118.264462182577     
   540.000000000000        118.260480399652     
   541.000000000000        118.256039043261     
   542.000000000000        118.251062747157     
   543.000000000000        118.249859951725     
   544.000000000000        118.244718584214     
   545.000000000000        118.239725350276     
   546.000000000000        118.236307285518     
   547.000000000000        118.232170947296     
   548.000000000000        118.227616226701     
   549.000000000000        118.224531465986     
   550.000000000000        118.220920305487     
   551.000000000000        118.215742919652     
   552.000000000000        118.211148369065     
   553.000000000000        118.208178657966     
   554.000000000000        118.203797664685     
   555.000000000000        118.198046223340     
   556.000000000000        118.196123740104     
   557.000000000000        118.190765785767     
   558.000000000000        118.187924318577     
   559.000000000000        118.181455311199     
   560.000000000000        118.177841843201     
   561.000000000000        118.173444964645     
   562.000000000000        118.169434049700     
   563.000000000000        118.166971205567     
   564.000000000000        118.161758253409     
   565.000000000000        118.156568751285     
   566.000000000000        118.152538422906     
   567.000000000000        118.147077635710     
   568.000000000000        118.144851180569     
   569.000000000000        118.139670182072     
   570.000000000000        118.136311864869     
   571.000000000000        118.131311965319     
   572.000000000000        118.127207139310     
   573.000000000000        118.121792252765     
   574.000000000000        118.118684381866     
   575.000000000000        118.113815125312     
   576.000000000000        118.110555521719     
   577.000000000000        118.106039897092     
   578.000000000000        118.100909408912     
   579.000000000000        118.097632246145     
   580.000000000000        118.091838986548     
   581.000000000000        118.088591705410     
   582.000000000000        118.084011302430     
   583.000000000000        118.080716250548     
   584.000000000000        118.075145777490     
   585.000000000000        118.071572353382     
   586.000000000000        118.067244856822     
   587.000000000000        118.062701745879     
   588.000000000000        118.057711074700     
   589.000000000000        118.052853835142     
   590.000000000000        118.048859449802     
   591.000000000000        118.044896756143     
   592.000000000000        118.041049717395     
   593.000000000000        118.035511650896     
   594.000000000000        118.030416787418     
   595.000000000000        118.028443687679     
   596.000000000000        118.022090300663     
   597.000000000000        118.020029211201     
   598.000000000000        118.013231771652     
   599.000000000000        118.008780095266     
   600.000000000000        118.005263466369     
   601.000000000000        118.001191360223     
   602.000000000000        117.994945581490     
   603.000000000000        117.992008610499     
   604.000000000000        117.986617317857     
   605.000000000000        117.983709238558     
   606.000000000000        117.978485566984     
   607.000000000000        117.971745270955     
   608.000000000000        117.968904324516     
   609.000000000000        117.963744118614     
   610.000000000000        117.960579543858     
   611.000000000000        117.955961155091     
   612.000000000000        117.950262276450     
   613.000000000000        117.945703939189     
   614.000000000000        117.940875059731     
   615.000000000000        117.937577620828     
   616.000000000000        117.932434975545     
   617.000000000000        117.929403214757     
   618.000000000000        117.923824230656     
   619.000000000000        117.918539872624     
   620.000000000000        117.914453988618     
   621.000000000000        117.908935346778     
   622.000000000000        117.904622919762     
   623.000000000000        117.901445385428     
   624.000000000000        117.895205364610     
   625.000000000000        117.890818696156     
   626.000000000000        117.885963979590     
   627.000000000000        117.880987091548     
   628.000000000000        117.877928340272     
   629.000000000000        117.871818071555     
   630.000000000000        117.868169419823     
   631.000000000000        117.863634413422     
   632.000000000000        117.858231179257     
   633.000000000000        117.853725915919     
   634.000000000000        117.849518365623     
   635.000000000000        117.843738110566     
   636.000000000000        117.840436534478     
   637.000000000000        117.836118765120     
   638.000000000000        117.830907237629     
   639.000000000000        117.825490322981     
   640.000000000000        117.821261046493     
   641.000000000000        117.816812070648     
   642.000000000000        117.811397092371     
   643.000000000000        117.807074452803     
   644.000000000000        117.802922786274     
   645.000000000000        117.798825552800     
   646.000000000000        117.792482340412     
   647.000000000000        117.789002978780     
   648.000000000000        117.783474608990     
   649.000000000000        117.778368023357     
   650.000000000000        117.772661223213     
   651.000000000000        117.768435176425     
   652.000000000000        117.763344591460     
   653.000000000000        117.758859862950     
   654.000000000000        117.753278515293     
   655.000000000000        117.749417599866     
   656.000000000000        117.743631583371     
   657.000000000000        117.739583438466     
   658.000000000000        117.734179770436     
   659.000000000000        117.729873850291     
   660.000000000000        117.725476988836     
   661.000000000000        117.719346209747     
   662.000000000000        117.716092990314     
   663.000000000000        117.711563979955     
   664.000000000000        117.705290874992     
   665.000000000000        117.700092897533     
   666.000000000000        117.694982736363     
   667.000000000000        117.690066312322     
   668.000000000000        117.686694606021     
   669.000000000000        117.679773820591     
   670.000000000000        117.675122154947     
   671.000000000000        117.670474595239     
   672.000000000000        117.664899941333     
   673.000000000000        117.660282772071     
   674.000000000000        117.655985335111     
   675.000000000000        117.650270261861     
   676.000000000000        117.645472155941     
   677.000000000000        117.640362090113     
   678.000000000000        117.635278819687     
   679.000000000000        117.629727509050     
   680.000000000000        117.626698593659     
   681.000000000000        117.620062171118     
   682.000000000000        117.613864453033     
   683.000000000000        117.610535134570     
   684.000000000000        117.603621505769     
   685.000000000000        117.600296058240     
   686.000000000000        117.595015636754     
   687.000000000000        117.589690270051     
   688.000000000000        117.584711090298     
   689.000000000000        117.580271694774     
   690.000000000000        117.575109800533     
   691.000000000000        117.569235211991     
   692.000000000000        117.564691586782     
   693.000000000000        117.559596502782     
   694.000000000000        117.553267583438     
   695.000000000000        117.548771744398     
   696.000000000000        117.542957271225     
   697.000000000000        117.538874752385     
   698.000000000000        117.532840632864     
   699.000000000000        117.529025991049     
   700.000000000000        117.522548210507     
   701.000000000000        117.518155253717     
   702.000000000000        117.513032356090     
   703.000000000000        117.507310622606     
   704.000000000000        117.503087742360     
   705.000000000000        117.496145263892     
   706.000000000000        117.490821795876     
   707.000000000000        117.487470000271     
   708.000000000000        117.481757132963     
   709.000000000000        117.475746500192     
   710.000000000000        117.471181795126     
   711.000000000000        117.465558664478     
   712.000000000000        117.461081021793     
   713.000000000000        117.455221489035     
   714.000000000000        117.450604245698     
   715.000000000000        117.443706751816     
   716.000000000000        117.438506458543     
   717.000000000000        117.432957363398     
   718.000000000000        117.428928662914     
   719.000000000000        117.422384420144     
   720.000000000000        117.418680426066     
   721.000000000000        117.411304707363     
   722.000000000000        117.406514229686     
   723.000000000000        117.401517129591     
   724.000000000000        117.396618849392     
   725.000000000000        117.390738725309     
   726.000000000000        117.385182830787     
   727.000000000000        117.379915294162     
   728.000000000000        117.373589981435     
   729.000000000000        117.369856148198     
   730.000000000000        117.362499717894     
   731.000000000000        117.359695865127     
   732.000000000000        117.352815701903     
   733.000000000000        117.346927864532     
   734.000000000000        117.342434522041     
   735.000000000000        117.336684435492     
   736.000000000000        117.330173686384     
   737.000000000000        117.326199004419     
   738.000000000000        117.319874757965     
   739.000000000000        117.313994201463     
   740.000000000000        117.307449244060     
   741.000000000000        117.304660374739     
   742.000000000000        117.298738317959     
   743.000000000000        117.291783769850     
   744.000000000000        117.286091714807     
   745.000000000000        117.282375810214     
   746.000000000000        117.275714724945     
   747.000000000000        117.269350026465     
   748.000000000000        117.262921651306     
   749.000000000000        117.257394811743     
   750.000000000000        117.252076469745     
   751.000000000000        117.246909690150     
   752.000000000000        117.242122965858     
   753.000000000000        117.236568387956     
   754.000000000000        117.230765775683     
   755.000000000000        117.225480900069     
   756.000000000000        117.218833531715     
   757.000000000000        117.214097063029     
   758.000000000000        117.207757195937     
   759.000000000000        117.203067141827     
   760.000000000000        117.195480700632     
   761.000000000000        117.190051080212     
   762.000000000000        117.184579097504     
   763.000000000000        117.177607142567     
   764.000000000000        117.173140130560     
   765.000000000000        117.167362498210     
   766.000000000000        117.162028214533     
   767.000000000000        117.154500642554     
   768.000000000000        117.149945156063     
   769.000000000000        117.143946400704     
   770.000000000000        117.138601256580     
   771.000000000000        117.131334842586     
   772.000000000000        117.128575957979     
   773.000000000000        117.119956154482     
   774.000000000000        117.114237737410     
   775.000000000000        117.110025090608     
   776.000000000000        117.103366916338     
   777.000000000000        117.099755292252     
   778.000000000000        117.092276037340     
   779.000000000000        117.087005465090     
   780.000000000000        117.081131871809     
   781.000000000000        117.074440088371     
   782.000000000000        117.069641924598     
   783.000000000000        117.062155615665     
   784.000000000000        117.055571745377     
   785.000000000000        117.050510958172     
   786.000000000000        117.044172481326     
   787.000000000000        117.039690696652     
   788.000000000000        117.032842245414     
   789.000000000000        117.026103673560     
   790.000000000000        117.021451143338     
   791.000000000000        117.013625131399     
   792.000000000000        117.008849723895     
   793.000000000000        117.003044620239     
   794.000000000000        116.996427930743     
   795.000000000000        116.991934139597     
   796.000000000000        116.984635669787     
   797.000000000000        116.979330272271     
   798.000000000000        116.972314115213     
   799.000000000000        116.967876514751     
   800.000000000000        116.959669211309     
   801.000000000000        116.954185784064     
   802.000000000000        116.948867525580     
   803.000000000000        116.941571070374     
   804.000000000000        116.935177774111     
   805.000000000000        116.930239841130     
   806.000000000000        116.924294350953     
   807.000000000000        116.918235299119     
   808.000000000000        116.912869008306     
   809.000000000000        116.905007765281     
   810.000000000000        116.898039938291     
   811.000000000000        116.893390462159     
   812.000000000000        116.886151147194     
   813.000000000000        116.880569137371     
   814.000000000000        116.875619345912     
   815.000000000000        116.868809666719     
   816.000000000000        116.861788718944     
   817.000000000000        116.854395887423     
   818.000000000000        116.850008205977     
   819.000000000000        116.842474394027     
   820.000000000000        116.837252045460     
   821.000000000000        116.831460914959     
   822.000000000000        116.824470464018     
   823.000000000000        116.816544964224     
   824.000000000000        116.811704748448     
   825.000000000000        116.804685571322     
   826.000000000000        116.798923847024     
   827.000000000000        116.792536759152     
   828.000000000000        116.786849900094     
   829.000000000000        116.779556519589     
   830.000000000000        116.774081448800     
   831.000000000000        116.766789281412     
   832.000000000000        116.759984763306     
   833.000000000000        116.753310784660     
   834.000000000000        116.747542153016     
   835.000000000000        116.741761375309     
   836.000000000000        116.733703636296     
   837.000000000000        116.728587964695     
   838.000000000000        116.721198463432     
   839.000000000000        116.715178020373     
   840.000000000000        116.709334165317     
   841.000000000000        116.702586250208     
   842.000000000000        116.695260647502     
   843.000000000000        116.689647190610     
   844.000000000000        116.682072039417     
   845.000000000000        116.676375508294     
   846.000000000000        116.670067874013     
   847.000000000000        116.663864672611     
   848.000000000000        116.656459262449     
   849.000000000000        116.649462058830     
   850.000000000000        116.643621026032     
   851.000000000000        116.638067795624     
   852.000000000000        116.630160593185     
   853.000000000000        116.623465795546     
   854.000000000000        116.617104205646     
   855.000000000000        116.609641853154     
   856.000000000000        116.602794492210     
   857.000000000000        116.597393847074     
   858.000000000000        116.589261175139     
   859.000000000000        116.584749159988     
   860.000000000000        116.576776662827     
   861.000000000000        116.568330402648     
   862.000000000000        116.561983883601     
   863.000000000000        116.556355756902     
   864.000000000000        116.550966618769     
   865.000000000000        116.541964979042     
   866.000000000000        116.535733219603     
   867.000000000000        116.528366504952     
   868.000000000000        116.522423332700     
   869.000000000000        116.513927241777     
   870.000000000000        116.508866942669     
   871.000000000000        116.502240269511     
   872.000000000000        116.495786693083     
   873.000000000000        116.486790666848     
   874.000000000000        116.479842624914     
   875.000000000000        116.474488980885     
   876.000000000000        116.466753688037     
   877.000000000000        116.460927343180     
   878.000000000000        116.451937467291     
   879.000000000000        116.446441568575     
   880.000000000000        116.439179133902     
   881.000000000000        116.432029335617     
   882.000000000000        116.424679026601     
   883.000000000000        116.416413390308     
   884.000000000000        116.411615555935     
   885.000000000000        116.405709217462     
   886.000000000000        116.396623416934     
   887.000000000000        116.390853727355     
   888.000000000000        116.383109093865     
   889.000000000000        116.376979421968     
   890.000000000000        116.368858299385     
   891.000000000000        116.363373937876     
   892.000000000000        116.355510677083     
   893.000000000000        116.346907086896     
   894.000000000000        116.341454625261     
   895.000000000000        116.334043259708     
   896.000000000000        116.326531937978     
   897.000000000000        116.320045145699     
   898.000000000000        116.311157562434     
   899.000000000000        116.305202364647     
   900.000000000000        116.298627269344     
   901.000000000000        116.288822545987     
   902.000000000000        116.282512170770     
   903.000000000000        116.276024267286     
   904.000000000000        116.269427302611     
   905.000000000000        116.261469331880     
   906.000000000000        116.253122711586     
   907.000000000000        116.247849110524     
   908.000000000000        116.240785995764     
   909.000000000000        116.232177712384     
   910.000000000000        116.226430162097     
   911.000000000000        116.217983811214     
   912.000000000000        116.210589986490     
   913.000000000000        116.203863829856     
   914.000000000000        116.194976519551     
   915.000000000000        116.190180901761     
   916.000000000000        116.180612523263     
   917.000000000000        116.173307908434     
   918.000000000000        116.166376878832     
   919.000000000000        116.157867091813     
   920.000000000000        116.151304004860     
   921.000000000000        116.144890633189     
   922.000000000000        116.137317424712     
   923.000000000000        116.128234153808     
   924.000000000000        116.120480355784     
   925.000000000000        116.113187399114     
   926.000000000000        116.106076744119     
   927.000000000000        116.098238807718     
   928.000000000000        116.091634700407     
   929.000000000000        116.082671401895     
   930.000000000000        116.075001004030     
   931.000000000000        116.068824955674     
   932.000000000000        116.060640923958     
   933.000000000000        116.052491088792     
   934.000000000000        116.045147451204     
   935.000000000000        116.036768968775     
   936.000000000000        116.029894833666     
   937.000000000000        116.022964064479     
   938.000000000000        116.013117276243     
   939.000000000000        116.007256237323     
   940.000000000000        115.999594148093     
   941.000000000000        115.991599030271     
   942.000000000000        115.983996764785     
   943.000000000000        115.975616103904     
   944.000000000000        115.968208073803     
   945.000000000000        115.960973709720     
   946.000000000000        115.952412826799     
   947.000000000000        115.945399595340     
   948.000000000000        115.936964694885     
   949.000000000000        115.928550778828     
   950.000000000000        115.920556217597     
   951.000000000000        115.911754534769     
   952.000000000000        115.905818273961     
   953.000000000000        115.896442144029     
   954.000000000000        115.888834671934     
   955.000000000000        115.880437180099     
   956.000000000000        115.874242241425     
   957.000000000000        115.864721772241     
   958.000000000000        115.857471683421     
   959.000000000000        115.848361280466     
   960.000000000000        115.842635962644     
   961.000000000000        115.833396997136     
   962.000000000000        115.825579789554     
   963.000000000000        115.816373325165     
   964.000000000000        115.808970926426     
   965.000000000000        115.802348230576     
   966.000000000000        115.793212356179     
   967.000000000000        115.785447971796     
   968.000000000000        115.776917094922     
   969.000000000000        115.769061027379     
   970.000000000000        115.760987391979     
   971.000000000000        115.751402327459     
   972.000000000000        115.745188977331     
   973.000000000000        115.736043211407     
   974.000000000000        115.728512262546     
   975.000000000000        115.718215139876     
   976.000000000000        115.712632296235     
   977.000000000000        115.702108797139     
   978.000000000000        115.694961680304     
   979.000000000000        115.687416496001     
   980.000000000000        115.677465876735     
   981.000000000000        115.670753441800     
   982.000000000000        115.660751735815     
   983.000000000000        115.653623121211     
   984.000000000000        115.645057148250     
   985.000000000000        115.635960355228     
   986.000000000000        115.629026542894     
   987.000000000000        115.619147768868     
   988.000000000000        115.612772177499     
   989.000000000000        115.602957417504     
   990.000000000000        115.594335917779     
   991.000000000000        115.585929608735     
   992.000000000000        115.578574444504     
   993.000000000000        115.570265151500     
   994.000000000000        115.561343224104     
   995.000000000000        115.553152633480     
   996.000000000000        115.543401156134     
   997.000000000000        115.535189981662     
   998.000000000000        115.527252713287     
   999.000000000000        115.518564752343     
   1000.00000000000        115.508487847063     
   1001.00000000000        115.500971812878     
   1002.00000000000        115.493158464165     
   1003.00000000000        115.482586566861     
   1004.00000000000        115.474918284629     
   1005.00000000000        115.465996904038     
   1006.00000000000        115.457875208419     
   1007.00000000000        115.448941264153     
   1008.00000000000        115.440259769982     
   1009.00000000000        115.431388705612     
   1010.00000000000        115.423959980781     
   1011.00000000000        115.414449763289     
   1012.00000000000        115.406287527603     
   1013.00000000000        115.395370746327     
   1014.00000000000        115.388525777128     
   1015.00000000000        115.377157945784     
   1016.00000000000        115.369237400337     
   1017.00000000000        115.360938454978     
   1018.00000000000        115.351724061027     
   1019.00000000000        115.343127077395     
   1020.00000000000        115.335232016595     
   1021.00000000000        115.326446405545     
   1022.00000000000        115.315858182835     
   1023.00000000000        115.308162958303     
   1024.00000000000        115.299283600961     
   1025.00000000000        115.289824468284     
   1026.00000000000        115.279746292508     
   1027.00000000000        115.274476941477     
   1028.00000000000        115.262101156019     
   1029.00000000000        115.253792891586     
   1030.00000000000        115.244710842005     
   1031.00000000000        115.234692231066     
   1032.00000000000        115.227100801043     
   1033.00000000000        115.217574107757     
   1034.00000000000        115.206754017407     
   1035.00000000000        115.198752509549     
   1036.00000000000        115.189649946002     
   1037.00000000000        115.180101557797     
   1038.00000000000        115.171172716254     
   1039.00000000000        115.162039069567     
   1040.00000000000        115.153654954032     
   1041.00000000000        115.145504184536     
   1042.00000000000        115.134549160586     
   1043.00000000000        115.125117873169     
   1044.00000000000        115.115154116673     
   1045.00000000000        115.105540279926     
   1046.00000000000        115.097908075427     
   1047.00000000000        115.087239513125     
   1048.00000000000        115.079551669262     
   1049.00000000000        115.069298908305     
   1050.00000000000        115.060239691607     
   1051.00000000000        115.049665382893     
   1052.00000000000        115.040184568452     
   1053.00000000000        115.031616668246     
   1054.00000000000        115.022693958691     
   1055.00000000000        115.011474821770     
   1056.00000000000        115.003566511609     
   1057.00000000000        114.993200380161     
   1058.00000000000        114.984225427164     
   1059.00000000000        114.973167468373     
   1060.00000000000        114.964448298341     
   1061.00000000000        114.955556361287     
   1062.00000000000        114.945781807975     
   1063.00000000000        114.935429733515     
   1064.00000000000        114.927310592337     
   1065.00000000000        114.917382810783     
   1066.00000000000        114.907337873755     
   1067.00000000000        114.897940525662     
   1068.00000000000        114.888517340735     
   1069.00000000000        114.878609386011     
   1070.00000000000        114.868088390017     
   1071.00000000000        114.858997921604     
   1072.00000000000        114.846751188195     
   1073.00000000000        114.838731003671     
   1074.00000000000        114.828317911092     
   1075.00000000000        114.820087800957     
   1076.00000000000        114.808336811944     
   1077.00000000000        114.801114405610     
   1078.00000000000        114.790554947047     
   1079.00000000000        114.779765249374     
   1080.00000000000        114.769959496022     
   1081.00000000000        114.759771110624     
   1082.00000000000        114.750390321812     
   1083.00000000000        114.739901597938     
   1084.00000000000        114.731206660502     
   1085.00000000000        114.719279242505     
   1086.00000000000        114.709403972486     
   1087.00000000000        114.701093992731     
   1088.00000000000        114.689723616229     
   1089.00000000000        114.679672234897     
   1090.00000000000        114.669025561171     
   1091.00000000000        114.658828508239     
   1092.00000000000        114.649489345979     
   1093.00000000000        114.638871941796     
   1094.00000000000        114.629236562185     
   1095.00000000000        114.618561946650     
   1096.00000000000        114.608638042131     
   1097.00000000000        114.597631093346     
   1098.00000000000        114.587816197830     
   1099.00000000000        114.577667309237     
   1100.00000000000        114.569028397664     
   1101.00000000000        114.557099403256     
   1102.00000000000        114.547087060671     
   1103.00000000000        114.536125396681     
   1104.00000000000        114.526855587824     
   1105.00000000000        114.514952522237     
   1106.00000000000        114.505607519624     
   1107.00000000000        114.494725287086     
   1108.00000000000        114.485061314087     
   1109.00000000000        114.474620239507     
   1110.00000000000        114.464484920802     
   1111.00000000000        114.453384299382     
   1112.00000000000        114.441705428091     
   1113.00000000000        114.432672548073     
   1114.00000000000        114.422056588909     
   1115.00000000000        114.411490002839     
   1116.00000000000        114.401559896231     
   1117.00000000000        114.390732765874     
   1118.00000000000        114.380425958884     
   1119.00000000000        114.369178177396     
   1120.00000000000        114.356854024247     
   1121.00000000000        114.348337192368     
   1122.00000000000        114.337151029107     
   1123.00000000000        114.325759992091     
   1124.00000000000        114.314210879978     
   1125.00000000000        114.304908105086     
   1126.00000000000        114.293415921761     
   1127.00000000000        114.283112130203     
   1128.00000000000        114.271195085312     
   1129.00000000000        114.261360465792     
   1130.00000000000        114.250165541852     
   1131.00000000000        114.239590039996     
   1132.00000000000        114.229024621787     
   1133.00000000000        114.219073120357     
   1134.00000000000        114.205163942258     
   1135.00000000000        114.196650369915     
   1136.00000000000        114.184542130196     
   1137.00000000000        114.174781767913     
   1138.00000000000        114.162779755866     
   1139.00000000000        114.151952229660     
   1140.00000000000        114.141329192966     
   1141.00000000000        114.129711020386     
   1142.00000000000        114.117064046318     
   1143.00000000000        114.108647847232     
   1144.00000000000        114.095699555639     
   1145.00000000000        114.086045094401     
   1146.00000000000        114.072971499387     
   1147.00000000000        114.063664168353     
   1148.00000000000        114.051488016609     
   1149.00000000000        114.041036389727     
   1150.00000000000        114.029536440073     
   1151.00000000000        114.019668713370     
   1152.00000000000        114.007326235846     
   1153.00000000000        113.995921903174     
   1154.00000000000        113.984793207487     
   1155.00000000000        113.974653037780     
   1156.00000000000        113.961782446703     
   1157.00000000000        113.951660155824     
   1158.00000000000        113.939750661962     
   1159.00000000000        113.926741273720     
   1160.00000000000        113.917628879530     
   1161.00000000000        113.905212414345     
   1162.00000000000        113.893113791355     
   1163.00000000000        113.882734435249     
   1164.00000000000        113.870765308252     
   1165.00000000000        113.857975914634     
   1166.00000000000        113.848053135683     
   1167.00000000000        113.835274101176     
   1168.00000000000        113.823531525658     
   1169.00000000000        113.812574127933     
   1170.00000000000        113.800250004712     
   1171.00000000000        113.790556171469     
   1172.00000000000        113.777575196355     
   1173.00000000000        113.767057188641     
   1174.00000000000        113.755465886187     
   1175.00000000000        113.742259947095     
   1176.00000000000        113.730215538298     
   1177.00000000000        113.720378061095     
   1178.00000000000        113.707774811052     
   1179.00000000000        113.696835501989     
   1180.00000000000        113.684230929456     
   1181.00000000000        113.670580507201     
   1182.00000000000        113.659320494816     
   1183.00000000000        113.647113747041     
   1184.00000000000        113.637022257231     
   1185.00000000000        113.623101260723     
   1186.00000000000        113.612963305792     
   1187.00000000000        113.599094266289     
   1188.00000000000        113.587759379707     
   1189.00000000000        113.575226130428     
   1190.00000000000        113.563209912278     
   1191.00000000000        113.551829961592     
   1192.00000000000        113.538455354185     
   1193.00000000000        113.529249384358     
   1194.00000000000        113.515454017223     
   1195.00000000000        113.503509330002     
   1196.00000000000        113.491683830190     
   1197.00000000000        113.479840445554     
   1198.00000000000        113.467102356038     
   1199.00000000000        113.454658359064     
   1200.00000000000        113.442765643143     
   1201.00000000000        113.430648656214     
   1202.00000000000        113.417340308390     
   1203.00000000000        113.406796779633     
   1204.00000000000        113.393113756550     
   1205.00000000000        113.380222651664     
   1206.00000000000        113.368139428098     
   1207.00000000000        113.356930141121     
   1208.00000000000        113.343622870684     
   1209.00000000000        113.331673937037     
   1210.00000000000        113.318817213957     
   1211.00000000000        113.306551878298     
   1212.00000000000        113.295165458908     
   1213.00000000000        113.281332348693     
   1214.00000000000        113.269008649699     
   1215.00000000000        113.256269818387     
   1216.00000000000        113.243829243938     
   1217.00000000000        113.230587172856     
   1218.00000000000        113.219987024722     
   1219.00000000000        113.205317355256     
   1220.00000000000        113.192983425778     
   1221.00000000000        113.179925090891     
   1222.00000000000        113.169169014588     
   1223.00000000000        113.154530405780     
   1224.00000000000        113.141180894641     
   1225.00000000000        113.128407372020     
   1226.00000000000        113.117014811982     
   1227.00000000000        113.102783728464     
   1228.00000000000        113.090338594147     
   1229.00000000000        113.079576759890     
   1230.00000000000        113.063506450115     
   1231.00000000000        113.051843450244     
   1232.00000000000        113.038919782459     
   1233.00000000000        113.027090617848     
   1234.00000000000        113.014054886674     
   1235.00000000000        112.999372314628     
   1236.00000000000        112.986742969816     
   1237.00000000000        112.972497809492     
   1238.00000000000        112.961823459805     
   1239.00000000000        112.947537567026     
   1240.00000000000        112.935460624412     
   1241.00000000000        112.919854044419     
   1242.00000000000        112.909292890601     
   1243.00000000000        112.894345130809     
   1244.00000000000        112.881307566995     
   1245.00000000000        112.868609548686     
   1246.00000000000        112.854728668827     
   1247.00000000000        112.840766142488     
   1248.00000000000        112.829174117219     
   1249.00000000000        112.815554520579     
   1250.00000000000        112.802028553714     
   1251.00000000000        112.789156668712     
   1252.00000000000        112.773964674678     
   1253.00000000000        112.762761068088     
   1254.00000000000        112.746906361990     
   1255.00000000000        112.734968850763     
   1256.00000000000        112.720206674564     
   1257.00000000000        112.709438947460     
   1258.00000000000        112.694272544689     
   1259.00000000000        112.681140538510     
   1260.00000000000        112.667383787366     
   1261.00000000000        112.654179028096     
   1262.00000000000        112.638774164982     
   1263.00000000000        112.626700392397     
   1264.00000000000        112.610501535732     
   1265.00000000000        112.598645716974     
   1266.00000000000        112.585573071994     
   1267.00000000000        112.570888760482     
   1268.00000000000        112.557780033601     
   1269.00000000000        112.543599240040     
   1270.00000000000        112.532191306167     
   1271.00000000000        112.515525103373     
   1272.00000000000        112.502539049120     
   1273.00000000000        112.488136769656     
   1274.00000000000        112.475015535931     
   1275.00000000000        112.461027298917     
   1276.00000000000        112.446232097426     
   1277.00000000000        112.432206084604     
   1278.00000000000        112.419209987692     
   1279.00000000000        112.405634716779     
   1280.00000000000        112.390296782259     
   1281.00000000000        112.377066288991     
   1282.00000000000        112.362957671434     
   1283.00000000000        112.347373329042     
   1284.00000000000        112.334141500626     
   1285.00000000000        112.318627911067     
   1286.00000000000        112.307381876090     
   1287.00000000000        112.291665958986     
   1288.00000000000        112.274815132349     
   1289.00000000000        112.264777654045     
   1290.00000000000        112.248685420516     
   1291.00000000000        112.234359686163     
   1292.00000000000        112.219714407473     
   1293.00000000000        112.205774274880     
   1294.00000000000        112.189927517842     
   1295.00000000000        112.176974044920     
   1296.00000000000        112.162870874247     
   1297.00000000000        112.146530240727     
   1298.00000000000        112.134676693881     
   1299.00000000000        112.119183793695     
   1300.00000000000        112.105171939844     
   1301.00000000000        112.090472370498     
   1302.00000000000        112.076178704150     
   1303.00000000000        112.060270751329     
   1304.00000000000        112.045035346232     
   1305.00000000000        112.031279436871     
   1306.00000000000        112.017451463888     
   1307.00000000000        112.002227082780     
   1308.00000000000        111.988568857557     
   1309.00000000000        111.971432556969     
   1310.00000000000        111.957074308489     
   1311.00000000000        111.943448079530     
   1312.00000000000        111.928933065155     
   1313.00000000000        111.913838155009     
   1314.00000000000        111.898362359469     
   1315.00000000000        111.883858008381     
   1316.00000000000        111.869333363412     
   1317.00000000000        111.854634717069     
   1318.00000000000        111.839546436266     
   1319.00000000000        111.823560796267     
   1320.00000000000        111.807487405207     
   1321.00000000000        111.794944535663     
   1322.00000000000        111.779518797707     
   1323.00000000000        111.763843518034     
   1324.00000000000        111.748327279438     
   1325.00000000000        111.733147306628     
   1326.00000000000        111.717072039646     
   1327.00000000000        111.703857631451     
   1328.00000000000        111.689286053769     
   1329.00000000000        111.673749036074     
   1330.00000000000        111.656421489323     
   1331.00000000000        111.642497896263     
   1332.00000000000        111.626082238361     
   1333.00000000000        111.611511499298     
   1334.00000000000        111.597508254841     
   1335.00000000000        111.581888155452     
   1336.00000000000        111.566921543246     
   1337.00000000000        111.549474102093     
   1338.00000000000        111.535837914811     
   1339.00000000000        111.518844111901     
   1340.00000000000        111.504017790900     
   1341.00000000000        111.489393982811     
   1342.00000000000        111.472215520842     
   1343.00000000000        111.458206908135     
   1344.00000000000        111.440673158237     
   1345.00000000000        111.427249515801     
   1346.00000000000        111.411138744245     
   1347.00000000000        111.397269580005     
   1348.00000000000        111.378842483581     
   1349.00000000000        111.363730034998     
   1350.00000000000        111.347167510707     
   1351.00000000000        111.333291245602     
   1352.00000000000        111.315447011522     
   1353.00000000000        111.300710539914     
   1354.00000000000        111.283986904236     
   1355.00000000000        111.269227966100     
   1356.00000000000        111.251680144479     
   1357.00000000000        111.237426969093     
   1358.00000000000        111.221189914798     
