0 107.4203854953185981 -4.0915714766435389
1 107.4203854953185981 -4.0915714766435389
2 107.4203854953185981 -4.0915714766435389
3 107.4203854953185981 -4.0915714766435389
4 107.4203854953221366 -4.0915714766437841
5 107.4203854957236928 -4.0915714766717457
6 107.4203855057323977 -4.0915714773889835
7 107.4203856030987652 -4.0915714845553923
8 107.4203861297450402 -4.0915715242444666
9 107.4203880621475520 -4.0915716728797902
10 107.4203934927143251 -4.0915720978434331
11 107.4204061268508070 -4.0915731004947942
12 107.4204317477142041 -4.0915751561594060
13 107.4204786487693895 -4.0915789497239849
14 107.4205580428914999 -4.0915854072073925
15 107.4206844409597323 -4.0915957233638807
16 107.4208759790392378 -4.0916113846429338
17 107.4211546729323317 -4.0916341866454768
18 107.4215465882725624 -4.0916662455738839
19 107.4220819270578033 -4.0917100037937590
20 107.4227950411859211 -4.0917682301460632
21 107.4237243878667414 -4.0918440159082303
22 107.4249124419716139 -4.0919407673465802
23 107.4264055770560446 -4.0920621956427521
24 107.4282539228018862 -4.0922123047681040
25 107.4305112025162146 -4.0923953776536770
26 107.4332345510058815 -4.0926159608080210
27 107.4364843117304531 -4.0928788474447062
28 107.4403238108471470 -4.0931890590910518
29 107.4448191065504261 -4.0935518256790306
30 107.4500387124422929 -4.0939725641207465
31 107.4560532954816665 -4.0944568554616563
32 107.4629353498059885 -4.0950104207329083
33 107.4707588494994468 -4.0956390957170612
34 107.4795988840862293 -4.0963488048727834
35 107.4895312815310291 -4.0971455347150867
36 107.5006322237748435 -4.0980353069565174
37 107.5129778604893573 -4.0990241517487931
38 107.5266439260713440 -4.1001180813220648
39 107.5417053652941348 -4.1013230643407210
40 107.5582359720406060 -4.1026450012339053
41 107.5763080454711371 -4.1040897007548498
42 107.5959920668993703 -4.1056628579574888
43 107.6173564005592453 -4.1073700337746066
44 107.6404670201560094 -4.1092166363042475
45 107.6653872629838560 -4.1112079039051750
46 107.6921776124618759 -4.1133488901467965
47 107.7208955095767067 -4.1156444506373324
48 107.7515951931328289 -4.1180992317195111
49 107.7843275682776749 -4.1207176609970251
50 107.8191401025266742 -4.1235039396409130
51 107.8560767480934146 -4.1264620363994036
52 107.8951778891805731 -4.1295956832266425
53 107.9364803126049992 -4.1329083724284326
54 107.9800172002271097 -4.1364033552286781
55 108.0258181412432492 -4.1400836416358775
56 108.0739091627111748 -4.1439520015077029
57 108.1243127763835759 -4.1480109666935174
58 108.1770480401513197 -4.1522628341487344
59 108.2321306323282784 -4.1567096699102271
60 108.2895729370861773 -4.1613533138271164
61 108.3493841394838455 -4.1661953849488516
62 108.4115703285238936 -4.1712372874722972
63 108.4761346069519874 -4.1764802171659285
64 108.5430772063009499 -4.1819251681774059
65 108.6123956061184259 -4.1875729401558761
66 108.6840846562325709 -4.1934241456164925
67 108.7581367009712778 -4.1994792174776876
68 108.8345417045933914 -4.2057384167223573
69 108.9132873769067231 -4.2122018401181673
70 108.9943592985127196 -4.2188694279588344
71 109.0777410450016305 -4.2257409717823862
72 109.1634143094684646 -4.2328161220252820
73 109.2513590229622196 -4.2400943955853219
74 109.3415534723691280 -4.2475751832604631
75 109.4339744155334984 -4.2552577570484607
76 109.5285971930422164 -4.2631412772702069
77 109.6253958367652501 -4.2712247995191364
78 109.7243431747561004 -4.2795072814106963
79 109.8254109324052763 -4.2879875891228689
80 109.9285698297541671 -4.2966645037197173
81 110.0337896749611275 -4.3055367272556015
82 110.1410394537369655 -4.3146028886467231
83 110.2502874148649283 -4.3238615493154198
84 110.3615011517996578 -4.3333112086046457
85 110.4746476802818762 -4.3429503089577555
86 110.5896935121500206 -4.3527772408725545
87 110.7066047252824603 -4.3627903476245367
88 110.8253470298977987 -4.3729879297714467
89 110.9458858311412968 -4.3833682494339516
90 111.0681862881658191 -4.3939295343637683
91 111.1922133698182193 -4.4046699818047772
92 111.3179319068913031 -4.4155877621443658
93 111.4453066412785063 -4.4266810223736819
94 111.5743022719792918 -4.4379478893538478
95 111.7048834981182210 -4.4493864728965304
96 111.8370150591370873 -4.4609948686684797
97 111.9706617722123951 -4.4727711609221990
98 112.1057885670963969 -4.4847134250646539
99 112.2423605184332729 -4.4968197300663260
100 112.3803428756808529 -4.5090881407184416
101 112.5197010907823767 -4.5215167197467023
102 112.6604008436697910 -4.5341035297860230
103 112.8024080656863788 -4.5468466352215868
104 112.9456889611447821 -4.5597441039089315
105 113.0902100269374984 -4.5727940087679046
106 113.2359380704819785 -4.5859944292675516
107 113.3828402260019175 -4.5993434528017536
108 113.5308839692080767 -4.6128391759595146
109 113.6800371305908470 -4.6264797057027236
110 113.8302679072554184 -4.6402631604469891
111 113.9815448734843386 -4.6541876710570564
112 114.1338369901179846 -4.6682513817617659
113 114.2871136127385938 -4.6824524509885341
114 114.4413444987817030 -4.6967890521240827
115 114.5964998136628026 -4.7112593742073026
116 114.7525501359627924 -4.7258616225567804
117 114.9094664617163062 -4.7405940193357976
118 115.0672202078811210 -4.7554548040597400
119 115.2257832150164489 -4.7704422340473984
120 115.3851277493477170 -4.7855545848273806
121 115.5452265040258339 -4.8007901504879555
122 115.7060525998719385 -4.8161472439880875
123 115.8675795855113648 -4.8316241974239889
124 116.0297814369674967 -4.8472193622556903
125 116.1926325568250320 -4.8629311095001677
126 116.3561077728538606 -4.8787578298848038
127 116.5201823363143490 -4.8946979339747188
128 116.6848319197589774 -4.9107498522626924
129 116.8500326146264712 -4.9269120352399520
130 117.0157609283995725 -4.9431829534339906
131 117.1819937815065771 -4.9595610974247357
132 117.3487085039806033 -4.9760449778396056
133 117.5158828318367483 -4.9926331253255753
134 117.6834949032695761 -5.0093240905045144
135 117.8515232546060787 -5.0261164439079593
136 118.0199468161326024 -5.0430087758985369
137 118.1887449076996290 -5.0599996965727421
138 118.3578972342499185 -5.0770878356535594
139 118.5273838811815779 -5.0942718423679594
140 118.6971853096100773 -5.1115503853133752
141 118.8672823515764492 -5.1289221523157797
142 119.0376562050741569 -5.1463858502724609
143 119.2082884291163651 -5.1639402049921044
144 119.3791609386793624 -5.1815839610232608
145 119.5502559996271401 -5.1993158814771947
146 119.7215562236015245 -5.2171347478443346
147 119.8930445628381136 -5.2350393598022595
148 120.0647043050773703 -5.2530285350252210
149 120.2365190683088798 -5.2711011089799991
150 120.4084727956227994 -5.2892559347242250
151 120.5805497500680303 -5.3074918827015294
152 120.7527345094419644 -5.3258078405289737
153 120.9250119611808145 -5.3442027127872729
154 121.0973672971969251 -5.3626754208042628
155 121.2697860088030666 -5.3812249024405263
156 121.4422538816434667 -5.3998501118722313
157 121.6147569906477344 -5.4185500193723675
158 121.7872816950424095 -5.4373236110924861
159 121.9598146333749042 -5.4561698888423402
160 122.1323427186461998 -5.4750878698732297
161 122.3048531334008118 -5.4940765866563206
162 122.4773333249457465 -5.5131350866659323
163 122.6497710005637742 -5.5322624321601106
164 122.8221541228188585 -5.5514576999642280
165 122.9944709049250804 -5.5707199812560990
166 123.1667098061176517 -5.5900483813490602
167 123.3388595271152326 -5.6094420194780987
168 123.5109090056909338 -5.6289000285906665
169 123.6828474122103216 -5.6484215551332211
170 123.8546641452903714 -5.6680057588432744
171 124.0263488275215309 -5.6876518125430611
172 124.1978913012171262 -5.7073589019332758
173 124.3692816242569137 -5.7271262253903332
174 124.5405100660120610 -5.7469529937671169
175 124.7115671032504025 -5.7668384301906270
176 124.8824434162150396 -5.7867817698684991
177 125.0531298846750587 -5.8067822598923069
178 125.2236175841009072 -5.8268391590467479
179 125.3938977818802414 -5.8469517376198246
180 125.5639619335880184 -5.8671192772149334
181 125.7338016793155901 -5.8873410705649700
182 125.9034088401261613 -5.9076164213528592
183 126.0727754144478610 -5.9279446440269243
184 126.2418935746619866 -5.9483250636267568
185 126.4107556636949994 -5.9687570156082028
186 126.5793541916025333 -5.9892398456666411
187 126.7476818323677179 -6.0097729095718755
188 126.9157314206124028 -6.0303555729970100
189 127.0834959484374878 -6.0509872113537986
190 127.2509685623359559 -6.0716672096313244
191 127.4181425601003070 -6.0923949622335538
192 127.5850113878544931 -6.1131698728232919
193 127.7515686371100259 -6.1339913541666151
194 127.9178080418603969 -6.1548588279788881
195 128.0837234757545957 -6.1757717247745143
196 128.2493089493318053 -6.1967294837196354
197 128.4145586072834249 -6.2177315524856764
198 128.5794667257968626 -6.2387773871068379
199 128.7440277099049695 -6.2598664518375653
200 128.9082360909405338 -6.2809982190152018
201 129.0720865240027422 -6.3021721689228665
202 129.2355737855048403 -6.3233877896565396
203 129.3986927707099142 -6.3446445769907864
204 129.5614384914049140 -6.3659420342520256
205 129.7238060735176362 -6.3872796721879563
206 129.8857907548875517 -6.4086570088454549
207 130.0473878829874366 -6.4300735694450877
208 130.2085929127460986 -6.4515288862611477
209 130.3694014043910272 -6.4730224985021891
210 130.5298090213515820 -6.4945539521949094
211 130.6898115281666435 -6.5161228000677092
212 130.8494047884964289 -6.5377286014399640
213 131.0085847631120828 -6.5593709221096068
214 131.1673475079556397 -6.5810493342444918
215 131.3256891722391231 -6.6027634162756099
216 131.4836059965749087 -6.6245127527917465
217 131.6410943111400513 -6.6462969344359673
218 131.7981505338915724 -6.6681155578045850
219 131.9547711688022389 -6.6899682253470232
220 132.1109528041562555 -6.7118545452689808
221 132.2666921108257725 -6.7337741314340711
222 132.4219858406727326 -6.7557266032726160
223 132.5768308248533174 -6.7777115856843704
224 132.7312239723150640 -6.7997287089523901
225 132.8851622681811762 -6.8217776086498318
226 133.0386427722407063 -6.8438579255529621
227 133.1916626174903797 -6.8659693055568232
228 133.3442190086151697 -6.8881113995870429
229 133.4963092206154727 -6.9102838635201778
230 133.6479305973378757 -6.9324863580979779
231 133.7990805501699185 -6.9547185488513055
232 133.9497565566253456 -6.9769801060172316
233 134.0999561590890039 -6.9992707044654683
234 134.2496769634679765 -7.0215900236190532
235 134.3989166379598714 -7.0439377473816220
236 134.5476729117837635 -7.0663135640626091
237 134.6959435740018876 -7.0887171663073643
238 134.8437264722752502 -7.1111482510232742
239 134.9910195117501246 -7.1336065193135711
240 135.1378206538944653 -7.1560916764078826
241 135.2841279153455787 -7.1786034315934115
242 135.4299393668486573 -7.2011414981512987
243 135.5752531321863330 -7.2237055932923218
244 135.7200673870797516 -7.2462954380907965
245 135.8643803582119176 -7.2689107574255818
246 136.0081903221819744 -7.2915512799168996
247 136.1514956044935900 -7.3142167378650678
248 136.2942945786469693 -7.3369068671951023
249 136.4365856651189404 -7.3596214073949033
250 136.5783673304741797 -7.3823601014607663
251 136.7196380864332923 -7.4051226958405509
252 136.8603964889896645 -7.4279089403792824
253 137.0006411375007360 -7.4507185882635998
254 137.1403706738680341 -7.4735513959709614
255 137.2795837816785252 -7.4964071232167129
256 137.4182791853426124 -7.5192855329008701
257 137.5564556493635848 -7.5421863910625060
258 137.6941119774693334 -7.5651094668259224
259 137.8312470118673616 -7.5880545323542776
260 137.9678596324907289 -7.6110213628022096
261 138.1039487562211434 -7.6340097362675285
262 138.2395133361990247 -7.6570194337474717
263 138.3745523610724035 -7.6800502390918215
264 138.5090648543042562 -7.7031019389590059
265 138.6430498734835339 -7.7261743227725637
266 138.7765065096591854 -7.7492671826789454
267 138.9094338866648286 -7.7723803135045859
268 139.0418311604734924 -7.7955135127148623
269 139.1736975185778817 -7.8186665803743844
270 139.3050321793405999 -7.8418393191056435
271 139.4358343914011868 -7.8650315340507193
272 139.5661034330667576 -7.8882430328323361
273 139.6958386117414364 -7.9114736255168516
274 139.8250392633292734 -7.9347231245758749
275 139.9537047517073063 -7.9579913448518500
276 140.0818344681050291 -7.9812781035182256
277 140.2094278306381909 -8.0045832200486462
278 140.3364842837404751 -8.0279065161799785
279 140.4630032976303937 -8.0512478158777014
280 140.5889843678219222 -8.0746069453035290
281 140.7144270146418989 -8.0979837327836126
282 140.8393307826884495 -8.1213780087731600
283 140.9636952403689918 -8.1447896058258777
284 141.0875199794726029 -8.1682183585651416
285 141.2108046146429956 -8.1916641036496856
286 141.3335487829669432 -8.2151266797457101
287 141.4557521434967953 -8.2386059274953549
288 141.5774143768596218 -8.2621016894902031
289 141.6985351847895629 -8.2856138102401111
290 141.8191142897322266 -8.3091421361465461
291 141.9391514343978429 -8.3326865154727319
292 142.0586463814201466 -8.3562467983199262
293 142.1775989128895219 -8.3798228365965741
294 142.2960088300285406 -8.4034144839955403
295 142.4138759527709510 -8.4270215959659556
296 142.5312001194147626 -8.4506440296891085
297 142.6479811862070335 -8.4742816440506044
298 142.7642190270685205 -8.4979342996205798
299 142.8799135331704235 -8.5216018586252407
300 142.9950646126061713 -8.5452841849241423
301 143.1096721900950968 -8.5689811439891113
302 143.2237362065695265 -8.5926926028765482
303 143.3372566189304678 -8.6164184302094320
304 143.4502333996850609 -8.6401584961525923
305 143.5626665366260113 -8.6639126723903512
306 143.6745560325788915 -8.6876808321080805
307 143.7859019050143843 -8.7114628499660363
308 143.8967041858405480 -8.7352586020835208
309 144.0069629210510413 -8.7590679660149497
310 144.1166781704715731 -8.7828908207312306
311 144.2258500074638903 -8.8067270465990983
312 144.3344785186696413 -8.8305765253625541
313 144.4425638037440933 -8.8544391401237501
314 144.5501059750387469 -8.8783147753209732
315 144.6571051574196360 -8.9022033167145391
316 144.7635614879834520 -8.9261046513666908
317 144.8694751157865994 -8.9500186676223290
318 144.9748462016242172 -8.9739452550925609
319 145.0796749177741276 -8.9978843046364698
320 145.1839614478131750 -9.0218357083467691
321 145.2877059862920248 -9.0457993595275177
322 145.3909087386057877 -9.0697751526831372
323 145.4935699207033508 -9.0937629834980012
324 145.5956897589280175 -9.1177627488238251
325 145.6972684897236547 -9.1417743466590746
326 145.7983063595359283 -9.1657976761399969
327 145.8988036244724924 -9.1898326375172878
328 145.9987605502402062 -9.2138791321492324
329 146.0981774118280612 -9.2379370624798653
330 146.1970544933913914 -9.2620063320289372
331 146.2953920880308090 -9.2860868453757455
332 146.3931904975925988 -9.3101785081442863
333 146.4904500325229435 -9.3342812269914042
334 146.5871710116378779 -9.3583949095903041
335 146.6833537620027812 -9.3825194646202412
336 146.7789986187108582 -9.4066548017504044
337 146.8741059247331577 -9.4308008316280638
338 146.9686760307430404 -9.4549574658651423
339 147.0627092949682435 -9.4791246170264802
340 147.1562060830179064 -9.5033021986166109
341 147.2491667677278429 -9.5274901250676702
342 147.3415917289976562 -9.5516883117268332
343 147.4334813536278261 -9.5758966748437189
344 147.5248360352272528 -9.6001151315619602
345 147.6156561739805113 -9.6243435999026410
346 147.7059421765903551 -9.6485819987579013
347 147.7956944560506543 -9.6728302478747157
348 147.8849134315912295 -9.6970882678488088
349 147.9735995284848684 -9.7213559801102445
350 148.0617531779171543 -9.7456333069130583
351 148.1493748168872173 -9.7699201713265573
352 148.2364648880568438 -9.7942164972235020
353 148.3230238396193101 -9.8185222092697320
354 148.4090521251944779 -9.8428372329150413
355 148.4945502036795517 -9.8671614943817776
356 148.5795185391532414 -9.8914949206562905
357 148.6639576007648884 -9.9158374394797342
358 148.7478678625677446 -9.9401889793355309
359 148.8312498034752025 -9.9645494694440604
360 148.9141039071183457 -9.9889188397516122
361 148.9964306616887768 -10.0132970209184045
362 149.0782305599420283 -10.0376839443161803
363 149.1595040989792835 -10.0620795420126630
364 149.2402517802176476 -10.0864837467672128
365 149.3204741092487779 -10.1108964920198829
366 149.4001715957721501 -10.1353177118848521
367 149.4793447534601682 -10.1597473411400188
368 149.5579940998896973 -10.1841853152202866
369 149.6361201564471628 -10.2086315702094836
370 149.7137234482144663 -10.2330860428310810
371 149.7908045039095271 -10.2575486704422794
372 149.8673638557714867 -10.2820193910245976
373 149.9434020394648996 -10.3064981431758902
374 150.0189195940426998 -10.3309848661055792
375 150.0939170618073035 -10.3554794996241526
376 150.1683949882469165 -10.3799819841368528
377 150.2423539219701070 -10.4044922606375199
378 150.3157944146065574 -10.4290102707002141
379 150.3887170207522672 -10.4535359564737540
380 150.4611222978467993 -10.4780692606720311
381 150.5330108061490080 -10.5026101265701435
382 150.6043831086102216 -10.5271584979947868
383 150.6752397708807223 -10.5517143193221266
384 150.7455813611420297 -10.5762775354657244
385 150.8154084500991701 -10.6008480918736918
386 150.8847216109187741 -10.6254259345228625
387 150.9535214190939882 -10.6500110099085372
388 151.0218084524634321 -10.6746032650432561
389 151.0895832910757690 -10.6992026474468034
390 151.1568465171702940 -10.7238091051425890
391 151.2235987150897643 -10.7484225866505003
392 151.2898404712434228 -10.7730430409824329
393 151.3555723740111603 -10.7976704176344942
394 151.4207950137091245 -10.8223046665828608
395 151.4855089825278753 -10.8469457382779044
396 151.5497148744617562 -10.8715935836379973
397 151.6134132852718039 -10.8962481540451002
398 151.6766048124282236 -10.9209094013393173
399 151.7392900550465527 -10.9455772778131237
400 151.8014696138073418 -10.9702517362044301
401 151.8631440909788353 -10.9949327296959041
402 151.9243140902709115 -11.0196202119043711
403 151.9849802168858446 -11.0443141368816775
404 152.0451430773699144 -11.0690144591040145
405 152.1048032796434484 -11.0937211334716093
406 152.1639614329025960 -11.1184341153009907
407 152.2226181475961653 -11.1431533603216106
408 152.2807740353703423 -11.1678788246706535
409 152.3384297090241830 -11.1926104648884603
410 152.3955857824858526 -11.2173482379151626
411 152.4522428707209087 -11.2420921010833137
412 152.5084015897478764 -11.2668420121169977
413 152.5640625565459061 -11.2915979291244000
414 152.6192263890507093 -11.3163598105957419
415 152.6738937060934802 -11.3411276153977170
416 152.7280651273514138 -11.3659013027688278
417 152.7817412733452613 -11.3906808323172353
418 152.8349227653667413 -11.4154661640148731
419 152.8876102254693023 -11.4402572581948263
420 152.9398042763881733 -11.4650540755449768
421 152.9915055415488325 -11.4898565771066412
422 153.0427146450048213 -11.5146647242691262
423 153.0934322114234476 -11.5394784787671085
424 153.1436588660281473 -11.5642978026754886
425 153.1933952345732166 -11.5891226584060885
426 153.2426419433290050 -11.6139530087051117
427 153.2913996190329158 -11.6387888166485194
428 153.3396688888277595 -11.6636300456366317
429 153.3874503802985600 -11.6884766593946381
430 153.4347447213845044 -11.7133286219656796
431 153.4815525403823813 -11.7381858977093891
432 153.5278744658823484 -11.7630484512964557
433 153.5737111267888793 -11.7879162477081376
434 153.6190631522401873 -11.8127892522299298
435 153.6639311716055545 -11.8376674304497342
436 153.7083158144613719 -11.8625507482548223
437 153.7522177105753372 -11.8874391718293229
438 153.7956374898265892 -11.9123326676478332
439 153.8385757822500182 -11.9372312024765126
440 153.8810332179601517 -11.9621347433670469
441 153.9230104271461812 -11.9870432576546051
442 153.9645080400412951 -12.0119567129546994
443 154.0055266869116508 -12.0368750771608273
444 154.0460669980143393 -12.0617983184405073
445 154.0861296036043768 -12.0867264052341365
446 154.1257151338442100 -12.1116593062482139
447 154.1648242188657889 -12.1365969904573898
448 154.2034574887202325 -12.1615394271000383
449 154.2416155733078824 -12.1864865856726841
450 154.2792991024240337 -12.2114384359311288
451 154.3165087057020060 -12.2363949478857954
452 154.3532450125929643 -12.2613560917988274
453 154.3895086523890257 -12.2863218381842412
454 154.4253002541178148 -12.3112921578001142
455 154.4606204466167583 -12.3362670216516488
456 154.4954698584487573 -12.3612464009846921
457 154.5298491179218558 -12.3862302672855087
458 154.5637588530492224 -12.4112185922770557
459 154.5971996915465922 -12.4362113479174194
460 154.6301722607960585 -12.4612085063962290
461 154.6626771878483737 -12.4862100401335745
462 154.6947150993890432 -12.5112159217765182
463 154.7262866217554631 -12.5362261241987571
464 154.7573923808633936 -12.5612406204950151
465 154.7880330022445037 -12.5862593839818313
466 154.8182091110175236 -12.6112823881946365
467 154.8479213318532572 -12.6363096068842538
468 154.8771702889778794 -12.6613410140158802
469 154.9059566061447697 -12.6863765837660747
470 154.9342809066508835 -12.7114162905224557
471 154.9621438132797664 -12.7364601088789939
472 154.9895459483222737 -12.7615080136360888
473 155.0164879335567036 -12.7865599797979730
474 155.0429703902022140 -12.8116159825688527
475 155.0689939389637857 -12.8366759973541988
476 155.0945591999739008 -12.8617399997561304
477 155.1196667927937085 -12.8868079655721992
478 155.1443173364037591 -12.9118798707937046
479 155.1685114491928346 -12.9369556916036785
480 155.1922497489597674 -12.9620354043759622
481 155.2155328528689324 -12.9871189856712075
482 155.2383613774584319 -13.0122064122362655
483 155.2607359386352073 -13.0372976610027500
484 155.2826571516395120 -13.0623927090836034
485 155.3041256310826554 -13.0874915337743278
486 155.3251419908836510 -13.1125941125479795
487 155.3457068442879176 -13.1377004230552217
488 155.3658208038457644 -13.1628104431217370
489 155.3854844814379987 -13.1879241507487812
490 155.4046984881790365 -13.2130415241062451
491 155.4234634345388599 -13.2381625415386974
492 155.4417799301863568 -13.2632871815551194
493 155.4596485841292122 -13.2884154228359819
494 155.4770700045626484 -13.3135472442232068
495 155.4940447989733912 -13.3386826247252923
496 155.5105735740829687 -13.3638215435127155
497 155.5266569358396112 -13.3889639799165892
498 155.5422954893985263 -13.4141099134262944
499 155.5574898391637930 -13.4392593236908429
500 155.5722405887234743 -13.4644121905140945
501 155.5865483408766181 -13.4895684938552840
502 155.6004136976154371 -13.5147282138268512
503 155.6138372601224944 -13.5398913306932922
504 155.6268196287604155 -13.5650578248695126
505 155.6393614030460526 -13.5902276769182713
506 155.6514631816960446 -13.6154008675518767
507 155.6631255625771075 -13.6405773776281585
508 155.6743491426976789 -13.6657571881490831
509 155.6851345182289776 -13.6909402802608895
510 155.6954822844848252 -13.7161266352520119
511 155.7053930358939056 -13.7413162345503821
512 155.7148673660632028 -13.7665090597261752
513 155.7239058676724994 -13.7917050924847029
514 155.7325091325591302 -13.8169043146703601
515 155.7406777516647196 -13.8421067082625449
516 155.7484123150348410 -13.8673122553747294
517 155.7557134118456474 -13.8925209382549735
518 155.7625816303212503 -13.9177327392802717
519 155.7690175578420337 -13.9429476409618243
520 155.7750217808568323 -13.9681656259390543
521 155.7805948848736932 -13.9933866769781101
522 155.7857374545302207 -14.0186107769750432
523 155.7904500735125168 -14.0438379089501861
524 155.7947333245925563 -14.0690680560493888
525 155.7985877896009299 -14.0943012015415352
526 155.8020140494497241 -14.1195373288190282
527 155.8050126841116025 -14.1447764213955978
528 155.8075842726115638 -14.1700184629049879
529 155.8097293930196372 -14.1952634370996265
530 155.8114486224910706 -14.2205113278521242
531 155.8127425371970105 -14.2457621191502870
532 155.8136117123725057 -14.2710157950991299
533 155.8140567222926336 -14.2962723399186107
534 155.8140781402599657 -14.3215317379419975
535 155.8136765386346099 -14.3467939736168386
536 155.8128524887918331 -14.3720590315015730
537 155.8116065611343117 -14.3973268962655006
538 155.8099393251222580 -14.4225975526896324
539 155.8078513492039008 -14.4478709856618064
540 155.8053432008888137 -14.4731471801802076
541 155.8024154466689595 -14.4984261213479169
542 155.7990686520824397 -14.5237077943757491
543 155.7953033816658319 -14.5489921845787578
544 155.7911201989798542 -14.5742792773769327
545 155.7865196666143675 -14.5995690582946125
546 155.7815023461148201 -14.6248615129554942
547 155.7760687980960483 -14.6501566270883963
548 155.7702195821332793 -14.6754543865201832
549 155.7639552568430190 -14.7007547771797444
550 155.7572763798228266 -14.7260577850935555
551 155.7501835076629675 -14.7513633963857895
552 155.7426771959716234 -14.7766715972788596
553 155.7347579993491991 -14.8019823740912901
554 155.7264264713989235 -14.8272957132374206
555 155.7176831646933692 -14.8526116012249343
556 155.7085286308253842 -14.8779300246568837
557 155.6989634203898731 -14.9032509702299905
558 155.6889880829260449 -14.9285744247304759
559 155.6786031670136765 -14.9539003750390531
560 155.6678092201902075 -14.9792288081252654
561 155.6566067890028933 -15.0045597110498381
562 155.6449964189656612 -15.0298930709614460
563 155.6329786545976788 -15.0552288750983010
564 155.6205540393907825 -15.0805671107854415
565 155.6077231158410825 -15.1059077654359548
566 155.5944864253924038 -15.1312508265469710
567 155.5808445084994958 -15.1565962817026385
568 155.5667979046123435 -15.1819441185724848
569 155.5523471521300962 -15.2072943249081440
570 155.5374927884568592 -15.2326468885458084
571 155.5222353499858343 -15.2580017974046793
572 155.5065753720509747 -15.2833590394835568
573 155.4905133890094078 -15.3087186028647970
574 155.4740499341918394 -15.3340804757109197
575 155.4571855398866944 -15.3594446462629328
576 155.4399207373900822 -15.3848111028426295
577 155.4222560569596112 -15.4101798338492024
578 155.4041920278450277 -15.4355508277604336
579 155.3857291782726122 -15.4609240731310873
580 155.3668680354354308 -15.4862995585917567
581 155.3476091255248548 -15.5116772728499743
582 155.3279529737137921 -15.5370572046886899
583 155.3079001041391507 -15.5624393429646197
584 155.2874510399314829 -15.5878236766092648
585 155.2666063031912529 -15.6132101946269728
586 155.2453664150163490 -15.6385988860958847
587 155.2237318954670400 -15.6639897401653503
588 155.2017032636053955 -15.6893827460575039
589 155.1792810374559792 -15.7147778930644524
590 155.1564657340253461 -15.7401751705487882
591 155.1332578693332209 -15.7655745679447588
592 155.1096579583359869 -15.7909760747532921
593 155.0856665150159870 -15.8163796805465484
594 155.0612840523190528 -15.8417853749636990
595 155.0365110821724102 -15.8671931477113972
596 155.0113481154961903 -15.8926029885638354
597 154.9857956622057600 -15.9180148873623679
598 154.9598542311796621 -15.9434288340130301
599 154.9335243303048344 -15.9688448184885345
600 154.9068064664381836 -15.9942628308255692
601 154.8797011454540495 -16.0196828611269559
602 154.8522088721817340 -16.0451048995574119
603 154.8243301504677163 -16.0705289363467045
604 154.7960654831278475 -16.0959549617861839
605 154.7674153719933372 -16.1213829662310353
606 154.7383803178581445 -16.1468129400965772
607 154.7089608205555180 -16.1722448738622262
608 154.6791573788635219 -16.1976787580654218
609 154.6489704905822009 -16.2231145833055805
610 154.6184006525121788 -16.2485523402423340
611 154.5874483604319209 -16.2739920195936669
612 154.5561141091503430 -16.2994336121384436
613 154.5243983924367512 -16.3248771087117639
614 154.4923017030914707 -16.3503225002086481
615 154.4598245328981250 -16.3757697775806434
616 154.4269673726720669 -16.4012189318381587
617 154.3937307121875619 -16.4266699540457211
618 154.3601150402638211 -16.4521228353264597
619 154.3261208447184742 -16.4775775668589013
620 154.2917486123453159 -16.5030341398751403
621 154.2569988289912146 -16.5284925456648324
622 154.2218719794898334 -16.5539527755708455
623 154.1863685476992600 -16.5794148209909586
624 154.1504890164746087 -16.6048786733757012
625 154.1142338676936845 -16.6303443242294868
626 154.0776035822364918 -16.6558117651087585
627 154.0405986400378993 -16.6812809876247492
628 154.0032195200043361 -16.7067519834380285
629 153.9654667000837094 -16.7322247442621119
630 153.9273406572451108 -16.7576992618618483
631 153.8888418674872582 -16.7831755280533983
632 153.8499708058172075 -16.8086535347024792
633 153.8107279462618351 -16.8341332737246887
634 153.7711137618888984 -16.8596147370861296
635 153.7311287248126348 -16.8850979168033959
636 153.6907733061250667 -16.9105828049389544
637 153.6500479759996267 -16.9360693936068785
638 153.6089532036058642 -16.9615576749673345
639 153.5674894571811251 -16.9870476412303333
640 153.5256572039554328 -17.0125392846508632
641 153.4834569102467299 -17.0380325975340732
642 153.4408890413661766 -17.0635275722291944
643 153.3979540616871873 -17.0890242011332454
644 153.3546524346169804 -17.1145224766888013
645 153.3109846226250568 -17.1400223913853047
646 153.2669510871913872 -17.1655239377556192
647 153.2225522888838327 -17.1910271083800517
648 153.1777886872812076 -17.2165318958813955
649 153.1326607410365455 -17.2420382929283491
650 153.0871689078261682 -17.2675462922319625
651 153.0413136444196027 -17.2930558865493502
652 152.9950954066105453 -17.3185670686792790
653 152.9485146492571062 -17.3440798314640112
654 152.9015718262787118 -17.3695941677887937
655 152.8542673906499942 -17.3951100705809871
656 152.8066017944092891 -17.4206275328102826
657 152.7585754886605116 -17.4461465474882615
658 152.7101889235647718 -17.4716671076675780
659 152.6614425483587638 -17.4971892064426129
660 152.6123368113330230 -17.5227128369478038
661 152.5628721598693858 -17.5482379923593932
662 152.5130490404071111 -17.5737646658931119
663 152.4628678984550731 -17.5992928508044244
664 152.4123291786158632 -17.6248225403896228
665 152.3614333245465389 -17.6503537279830631
666 152.3101807789950044 -17.6758864069589094
667 152.2585719837934448 -17.7014205707304342
668 152.2066073798482932 -17.7269562127489912
669 152.1542874071513154 -17.7524933265042293
670 152.1016125047846401 -17.7780319055241058
671 152.0485831109131425 -17.8035719433739708
672 151.9951996627916344 -17.8291134336566763
673 151.9414625967594645 -17.8546563700118668
674 151.8873723482791149 -17.8802007461178150
675 151.8329293518665111 -17.9057465556870525
676 151.7781340411651456 -17.9312937924702389
677 151.7229868489035027 -17.9568424502534114
678 151.6674882069119121 -17.9823925228584969
679 151.6116385461220943 -18.0079440041430132
680 151.5554382965717366 -18.0334968879999273
681 151.4988878873998885 -18.0590511683569765
682 151.4419877468777145 -18.0846068391782744
683 151.3847383023342843 -18.1101638944593795
684 151.3271399802691235 -18.1357223282337046
685 151.2691932062592741 -18.1612821345666831
686 151.2108984050059064 -18.1868433075580995
687 151.1522560003265028 -18.2124058413413152
688 151.0932664151648055 -18.2379697300835524
689 151.0339300715572506 -18.2635349679834427
690 150.9742473907058127 -18.2891015492751166
691 150.9142187929100771 -18.3146694682237587
692 150.8538446976055525 -18.3402387191275658
693 150.7931255233459638 -18.3658092963163639
694 150.7320616878236592 -18.3913811941525047
695 150.6706536078702925 -18.4169544070304561
696 150.6089016994222334 -18.4425289293745855
697 150.5468063775907126 -18.4681047556428091
698 150.4843680565931550 -18.4936818803223808
699 150.4215871498063564 -18.5192602979325187
700 150.3584640697472992 -18.5448400030230758
701 150.2949992280645404 -18.5704209901736661
702 150.2311930355501488 -18.5960032539940450
703 150.1670459021692920 -18.6215867891255087
704 150.1025582370006362 -18.6471715902371074
705 150.0377304483118621 -18.6727576520297411
706 149.9725629434995255 -18.6983449692323305
707 149.9070561291054560 -18.7239335366024306
708 149.8412104108619474 -18.7495233489285766
709 149.7750261936209881 -18.7751144010258528
710 149.7085038814304028 -18.8007066877400391
711 149.6416438774715232 -18.8263002039436564
712 149.5744465841097224 -18.8518949445385218
713 149.5069124028818237 -18.8774909044548913
714 149.4390417344643254 -18.9030880786491018
715 149.3708349787353313 -18.9286864621070414
716 149.3022925347273144 -18.9542860498410128
717 149.2334148006429473 -18.9798868368903868
718 149.1642021738670394 -19.0054888183219504
719 149.0946550509756037 -19.0310919892302728
720 149.0247738277053600 -19.0566963447354567
721 148.9545588989791156 -19.0823018799844313
722 148.8840106589067886 -19.1079085901507355
723 148.8131295007869142 -19.1335164704342517
724 148.7419158171001925 -19.1591255160606053
725 148.6703699995076704 -19.1847357222806885
726 148.5984924388785942 -19.2103470843721382
727 148.5262835252629543 -19.2359595976372617
728 148.4537436479192820 -19.2615732574045495
729 148.3808731952868811 -19.2871880590267324
730 148.3076725550132551 -19.3128039978819714
731 148.2341421139385318 -19.3384210693728811
732 148.1602822581178316 -19.3640392689273853
733 148.0860933727984161 -19.3896585919972146
734 148.0115758424472858 -19.4152790340592141
735 147.9367300507227014 -19.4409005906133316
736 147.8615563805103079 -19.4665232571846296
737 147.7860552138846231 -19.4921470293205665
738 147.7102269321644030 -19.5177719025941165
739 147.6340719158638706 -19.5433978726005897
740 147.5575905447147136 -19.5690249349586054
741 147.4807831976689840 -19.5946530853101422
742 147.4036502529178563 -19.6202823193211948
743 147.3261920878434239 -19.6459126326788045
744 147.2484090790905782 -19.6715440210950092
745 147.1703016025037982 -19.6971764803028115
746 147.0918700331532989 -19.7228100060575109
747 147.0131147453706149 -19.7484445941384976
748 146.9340361126897392 -19.7740802403456009
749 146.8546345078845263 -19.7997169405009643
750 146.7749103029852904 -19.8253546904497959
751 146.6948638692344105 -19.8509934860575115
752 146.6144955771281673 -19.8766333232119194
753 146.5338057964081599 -19.9022741978225142
754 146.4527948960397339 -19.9279161058189374
755 146.3714632442623440 -19.9535590431536498
756 146.2898112085459275 -19.9792030057991532
757 146.2078391556035513 -20.0048479897485301
758 146.1255474514141497 -20.0304939910164670
759 146.0429364612010943 -20.0561410056378371
760 145.9600065494593650 -20.0817890296689328
761 145.8767580799071482 -20.1074380591844886
762 145.7931914155558957 -20.1330880902815181
763 145.7093069186521177 -20.1587391190756691
764 145.6251049507091579 -20.1843911417028359
765 145.5405858725244457 -20.2100441543199523
766 145.4557500441397906 -20.2356981531024189
767 145.3705978248649160 -20.2613531342452440
768 145.2851295733009636 -20.2870090939642580
769 145.1993456472844457 -20.3126660284924512
770 145.1132464039649221 -20.3383239340844426
771 145.0268321997276075 -20.3639828070116735
772 144.9401033902776135 -20.3896426435670399
773 144.8530603305431725 -20.4153034400591551
774 144.7657033747977096 -20.4409651928190605
775 144.6780328765476327 -20.4666278981936784
776 144.5900491885947190 -20.4922915525490232
777 144.5017526630403495 -20.5179561522703402
778 144.4131436512563766 -20.5436216937601799
779 144.3242225039197706 -20.5692881734401780
780 144.2349895709737666 -20.5949555877485579
781 144.1454452016930645 -20.6206239331437615
782 144.0555897446037648 -20.6462932060995001
783 143.9654235475619544 -20.6719634031091921
784 143.8749469577070386 -20.6976345206829713
785 143.7841603214831707 -20.7233065553487883
786 143.6930639846235351 -20.7489795036511850
787 143.6016582921770635 -20.7746533621527227
788 143.5099435885060757 -20.8003281274336338
789 143.4179202172488772 -20.8260037960893882
790 143.3255885214015564 -20.8516803647352553
791 143.2329488432104938 -20.8773578299998697
792 143.1400015242835480 -20.9030361885315017
793 143.0467469055152492 -20.9287154369934463
794 142.9531853271240607 -20.9543955720660549
795 142.8593171286694883 -20.9800765904475028
796 142.7651426489775588 -21.0057584888491924
797 142.6706622262236976 -21.0314412640004491
798 142.5758761979346616 -21.0571249126484616
799 142.4807849009041831 -21.0828094315530485
800 142.3853886712930432 -21.1084948174924065
801 142.2896878445852167 -21.1341810672602932
802 142.1936827555761624 -21.1598681776651816
803 142.0973737383956177 -21.1855561455313826
804 142.0007611265291416 -21.2112449677001003
805 141.9038452527697416 -21.2369346410264370
806 141.8066264492644564 -21.2626251623818270
807 141.7091050474777489 -21.2883165286519151
808 141.6112813782467299 -21.3140087367393569
809 141.5131557717163560 -21.3397017835599776
810 141.4147285573969555 -21.3653956660459272
811 141.3160000641198337 -21.3910903811428526
812 141.2169706200869257 -21.4167859258126647
813 141.1176405528343309 -21.4424822970312086
814 141.0180101892480025 -21.4681794917889519
815 140.9180798555767353 -21.4938775070916002
816 140.8178498774137779 -21.5195763399588600
817 140.7173205796986224 -21.5452759874242652
818 140.6164922867444886 -21.5709764465367257
819 140.5153653221959473 -21.5966777143577850
820 140.4139400090990648 -21.6223797879655706
821 140.3122166698179569 -21.6480826644497384
822 140.2101956260939915 -21.6737863409146847
823 140.1078771990502503 -21.6994908144797556
824 140.0052617091488401 -21.7251960822765007
825 139.9023494762383564 -21.7509021414512098
826 139.7991408195296117 -21.7766089891634707
827 139.6956360576082261 -21.8023166225866127
828 139.5918355084234861 -21.8280250389069117
829 139.4877394893016742 -21.8537342353241719
830 139.3833483169466376 -21.8794442090516412
831 139.2786623074445060 -21.9051549573160891
832 139.1736817762576663 -21.9308664773573128
833 139.0684070382114896 -21.9565787664270182
834 138.9628384075549548 -21.9822918217925256
835 138.8569761978639292 -22.0080056407306195
836 138.7508207221414409 -22.0337202205334179
837 138.6443722927608349 -22.0594355585048625
838 138.5376312215062455 -22.0851516519628852
839 138.4305978195073408 -22.1108684982354298
840 138.3232723973205509 -22.1365860946650521
841 138.2156552648969807 -22.1623044386068813
842 138.1077467315564604 -22.1880235274269282
843 137.9995471060284729 -22.2137433585043240
844 137.8910566964451050 -22.2394639292307232
845 137.7822758103368983 -22.2651852370099164
846 137.6732047546213096 -22.2909072792570306
847 137.5638438356301663 -22.3166300533999120
848 137.4541933591071938 -22.3423535568788765
849 137.3442536301736538 -22.3680777871444292
850 137.2340249533968404 -22.3938027416613430
851 137.1235076327088791 -22.4195284179034786
852 137.0127019714843470 -22.4452548133583463
853 136.9016082724898524 -22.4709819255239971
854 136.7902268379164923 -22.4967097519106147
855 136.6785579693664658 -22.5224382900398155
856 136.5666019678602936 -22.5481675374446482
857 136.4543591338318436 -22.5738974916694133
858 136.3418297671188100 -22.5996281502687602
859 136.2290141670144976 -22.6253595108106182
860 136.1159126322064026 -22.6510915708725165
861 136.0025254608150078 -22.6768243280436153
862 135.8888529503745985 -22.7025577799235094
863 135.7748953978740758 -22.7282919241243846
864 135.6606530996880053 -22.7540267582669351
865 135.5461263516537258 -22.7797622799846167
866 135.4313154490395732 -22.8054984869217421
867 135.3162206865075632 -22.8312353767310476
868 135.2008423582071543 -22.8569729470791820
869 135.0851807576705426 -22.8827111956402760
870 134.9692361779155192 -22.9084501201018718
871 134.8530089113548343 -22.9341897181595691
872 134.7364992498666822 -22.9599299875208196
873 134.6197074847624719 -22.9856709259030829
874 134.5026339067938750 -23.0114125310340008
875 134.3852788061686852 -23.0371548006521678
876 134.2676424725222546 -23.0628977325054052
877 134.1497251949256508 -23.0886413243510162
878 134.0315272619397149 -23.1143855739588169
879 133.9130489615340309 -23.1401304791063254
880 133.7942905811572984 -23.1658760375826738
881 133.6752524076931934 -23.1916222471858724
882 133.5559347274729305 -23.2173691057234919
883 133.4363378263166737 -23.2431166110148730
884 133.3164619894467364 -23.2688647608859576
885 133.1963075016047071 -23.2946135531759992
886 133.0758746469281277 -23.3203629857301067
887 132.9551637090704332 -23.3461130564063701
888 132.8341749711172213 -23.3718637630705537
889 132.7129087156150717 -23.3976151035978610
890 132.5913652245957337 -23.4233670758740580
891 132.4695447795338339 -23.4491196777930178
892 132.3474476613923230 -23.4748729072590905
893 132.2250741505716007 -23.5006267621841261
894 132.1024245269881590 -23.5263812404918937
895 131.9794990699758443 -23.5521363401121739
896 131.8562980584054856 -23.5778920589876115
897 131.7328217705475311 -23.6036483950655445
898 131.6090704842087007 -23.6294053463060187
899 131.4850444766427700 -23.6551629106761467
900 131.3607440245855571 -23.6809210861523418
901 131.2361694042647002 -23.7066798707205457
902 131.1113208913728556 -23.7324392623746192
903 130.9861987610888718 -23.7581992591174469
904 130.8608032880749477 -23.7839598589606673
905 130.7351347464876312 -23.8097210599251667
906 130.6091934099522405 -23.8354828600393951
907 130.4829795515972819 -23.8612452573414373
908 130.3564934440220213 -23.8870082498767822
909 130.2297353593388323 -23.9127718357008270
910 130.1027055691272380 -23.9385360128759821
911 129.9754043444811771 -23.9643007794743781
912 129.8478319559722820 -23.9900661335755387
913 129.7199886736715086 -24.0158320732675570
914 129.5918747671472602 -24.0415985966468817
915 129.4634905054700766 -24.0673657018184493
916 129.3348361571958094 -24.0931333868945607
917 129.2059119903894953 -24.1189016499961824
918 129.0767182726399369 -24.1446704892537056
919 128.9472552709772231 -24.1704399028019665
920 128.8175232520044062 -24.1962098887878874
921 128.6875224817813148 -24.2219804453634140
922 128.5572532259076013 -24.2477515706904825
923 128.4267157494631704 -24.2735232629372746
924 128.2959103170508683 -24.2992955202805518
925 128.1648371927814196 -24.3250683409048527
926 128.0334966402746488 -24.3508417230022580
927 127.9018889226737485 -24.3766156647731869
928 127.7700143026216466 -24.4023901644249683
929 127.6378730422758849 -24.4281652201724349
930 127.5054654033254025 -24.4539408302389987
931 127.3727916469631509 -24.4797169928547369
932 127.2398520339106085 -24.5054937062578411
933 127.1066468243853080 -24.5312709686926134
934 126.9731762781638764 -24.5570487784129448
935 126.8394406545174036 -24.5828271336785029
936 126.7054402122518155 -24.6086060327569704
937 126.5711752096965768 -24.6343854739232917
938 126.4366459047005122 -24.6601654554592535
939 126.3018525546361275 -24.6859459756537127
940 126.1667954164293377 -24.7117270328041592
941 126.0314747465105114 -24.7375086252138168
942 125.8958908008514328 -24.7632907511936047
943 125.7600438349558658 -24.7890734090615616
944 125.6239341038412647 -24.8148565971416346
945 125.4875618620935995 -24.8406403137668086
946 125.3509273638136960 -24.8664245572757885
947 125.2140308626444636 -24.8922093260146013
948 125.0768726117487688 -24.9179946183350971
949 124.9394528638630248 -24.9437804325980252
950 124.8017718712252559 -24.9695667671687076
951 124.6638298856463791 -24.9953536204211062
952 124.5256271584681826 -25.0211409907353399
953 124.3871639405760021 -25.0469288764981535
954 124.2484404823906488 -25.0727172761025408
955 124.1094570338838423 -25.0985061879483808
956 123.9702138445839950 -25.1242956104427613
957 123.8307111635633930 -25.1500855419991112
958 123.6909492394326975 -25.1758759810368247
959 123.5509283203691382 -25.2016669259826784
960 123.4106486540821379 -25.2274583752689061
961 123.2701104878622260 -25.2532503273357847
962 123.1293140685234420 -25.2790427806282985
963 122.9882596424445325 -25.3048357335983702
964 122.8469474555731438 -25.3306291847050105
965 122.7053777533926819 -25.3564231324123845
966 122.5635507809601279 -25.3822175751917918
967 122.4214667828864975 -25.4080125115205071
968 122.2791260033514789 -25.4338079398825201
969 122.1365286860801547 -25.4596038587670286
970 121.9936750743733711 -25.4854002666702364
971 121.8505654110831529 -25.5111971620937368
972 121.7071999386404570 -25.5369945435460224
973 121.5635788990298636 -25.5627924095409931
974 121.4197025338125684 -25.5885907585991177
975 121.2755710841081083 -25.6143895892462972
976 121.1311847906228820 -25.6401889000155130
977 120.9865438936039368 -25.6659886894439389
978 120.8416486328925998 -25.6917889560760351
979 120.6964992479014569 -25.7175896984620707
980 120.5510959775992461 -25.7433909151571925
981 120.4054390605594733 -25.7691926047241466
982 120.2595287348793391 -25.7949947657284575
983 120.1133652383039276 -25.8207973967455970
984 119.9669488080912458 -25.8466004963530089
985 119.8202796811096249 -25.8724040631357219
986 119.6733580937891048 -25.8982080956833585
987 119.5261842821764589 -25.9240125925933889
988 119.3787584818628034 -25.9498175524666408
989 119.2310809280329948 -25.9756229739102444
990 119.0831518554535222 -26.0014288555367514
991 118.9349714984840176 -26.0272351959647814
992 118.7865400910710747 -26.0530419938185211
993 118.6378578667356436 -26.0788492477269109
994 118.4889250585937646 -26.1046569563247992
995 118.3397418993434371 -26.1304651182520580
996 118.1903086212906544 -26.1562737321550287
997 118.0406254563092432 -26.1820827966840994
998 117.8906926358834113 -26.2078923104960850
999 117.7405103910670192 -26.2337022722517474
1000 117.5900789525428962 -26.2595126806192702
1001 117.4393985505584510 -26.2853235342702938
1002 117.2884694149596072 -26.3111348318818479
1003 117.1372917752178182 -26.3369465721379328
1004 116.9858658603606045 -26.3627587537252381
1005 116.8341918990444839 -26.3885713753374347
1006 116.6822701195100791 -26.4143844356723960
1007 116.5301007496154853 -26.4401979334340744
1008 116.3776840167992361 -26.4660118673303657
1009 116.2250201481196257 -26.4918262360751271
1010 116.0721093702245241 -26.5176410383865111
1011 115.9189519093708185 -26.5434562729878962
1012 115.7655479914348007 -26.5692719386084804
1013 115.6118978418895864 -26.5950880339819093
1014 115.4580016858089380 -26.6209045578463019
1015 115.3038597478766576 -26.6467215089448146
1016 115.1494722523973451 -26.6725388860262314
1017 114.9948394232748115 -26.6983566878434786
1018 114.8399614840387812 -26.7241749131551884
1019 114.6848386578046757 -26.7499935607233255
1020 114.5294711673250276 -26.7758126293160359
1021 114.3738592349579193 -26.8016321177057044
1022 114.2180030826717001 -26.8274520246692418
1023 114.0619029320647684 -26.8532723489890621
1024 113.9055590043448518 -26.8790930894519100
1025 113.7489715203243037 -26.9049142448484204
1026 113.5921407004586854 -26.9307358139752751
1027 113.4350667648062370 -26.9565577956328717
1028 113.2777499330513962 -26.9823801886265073
1029 113.1201904245040168 -27.0082029917663284
1030 112.9623884580860675 -27.0340262038664250
1031 112.8043442523462829 -27.0598498237456866
1032 112.6460580254648534 -27.0856738502278915
1033 112.4875299952442731 -27.1114982821411914
1034 112.3287603791077345 -27.1373231183179371
1035 112.1697493941188242 -27.1631483575957020
1036 112.0104972569433670 -27.1889739988150012
1037 111.8510041839040525 -27.2148000408224355
1038 111.6912703909469116 -27.2406264824685671
1039 111.5312960936225011 -27.2664533226069601
1040 111.3710815071464566 -27.2922805600973533
1041 111.2106268463575702 -27.3181081938033827
1042 111.0499323257191691 -27.3439362225924647
1043 110.8889981593426910 -27.3697646453371206
1044 110.7278245609408316 -27.3955934609122203
1045 110.5664117439090006 -27.4214226681995683
1046 110.4047599212628086 -27.4472522660842984
1047 110.2428693056330644 -27.4730822534544217
1048 110.0807401093202600 -27.4989126292039749
1049 109.9183725442377266 -27.5247433922296523
1050 109.7557668219589715 -27.5505745414333951
1051 109.5929231536748745 -27.5764060757199978
1052 109.4298417502753011 -27.6022379940016442
1053 109.2665228222089695 -27.6280702951897155
1054 109.1029665796322377 -27.6539029782034511
1055 108.9391732323344826 -27.6797360419654304
1056 108.7751429897211892 -27.7055694854006198
1057 108.6108760608705381 -27.7314033074395319
1058 108.4463726545100712 -27.7572375070168107
1059 108.2816329789981609 -27.7830720830701061
1060 108.1166572423608727 -27.8089070345421163
1061 107.9514456522505981 -27.8347423603781685
1062 107.7859984159984492 -27.8605780595291463
1063 107.6203157405551565 -27.8864141309480402
1064 107.4543978325535392 -27.9122505735934503
1065 107.2882448982588528 -27.9380873864266484
1066 107.1218571436054674 -27.9639245684136988
1067 106.9552347741601039 -27.9897621185232062
1068 106.7883779951687444 -28.0156000357289585
1069 106.6212870115237905 -28.0414383190080478
1070 106.4539620277763134 -28.0672769673413782
1071 106.2864032481251400 -28.0931159797130583
1072 106.1186108764425455 -28.1189553551118401
1073 105.9505851162412711 -28.1447950925291046
1074 105.7823261707351179 -28.1706351909622654
1075 105.6138342427472168 -28.1964756494095532
1076 105.4451095347939003 -28.2223164668745490
1077 105.2761522490437187 -28.2481576423640064
1078 105.1069625873407318 -28.2739991748890311
1079 104.9375407511697063 -28.2998410634628925
1080 104.7678869416989471 -28.3256833071037128
1081 104.5980013597720131 -28.3515259048336219
1082 104.4278842058722887 -28.3773688556768384
1083 104.2575356801685302 -28.4032121586621784
1084 104.0869559824872965 -28.4290558128214315
1085 103.9161453123360701 -28.4548998171905829
1086 103.7451038688809177 -28.4807441708085349
1087 103.5738318509669682 -28.5065888727181331
1088 103.4023294571087632 -28.5324339219656373
1089 103.2305968854958280 -28.5582793176009631
1090 103.0586343339828801 -28.5841250586769746
1091 102.8864420000853812 -28.6099711442493145
1092 102.7140200810283091 -28.6358175733790254
1093 102.5413687736877648 -28.6616643451291715
1094 102.3684882746157854 -28.6875114585662843
1095 102.1953787800579221 -28.7133589127611550
1096 102.0220404859178558 -28.7392067067868702
1097 101.8484735877735545 -28.7650548397196211
1098 101.6746782809200340 -28.7909033106411947
1099 101.5006547602824014 -28.8167521186337616
1100 101.3264032205070180 -28.8426012627851804
1101 101.1519238558795308 -28.8684507421841623
1102 100.9772168604124545 -28.8943005559253194
1103 100.8022824277781240 -28.9201507031052039
1104 100.6271207513258901 -28.9460011828232133
1105 100.4517320241027676 -28.9718519941827886
1106 100.2761164388283674 -28.9977031362898323
1107 100.1002741879286759 -29.0235546082547415
1108 99.9242054634900683 -29.0494064091894870
1109 99.7479104573081372 -29.0752585382105657
1110 99.5713893608425735 -29.1011109944362616
1111 99.3946423652644597 -29.1269637769892924
1112 99.2176696614388476 -29.1528168849957972
1113 99.0404714398811166 -29.1786703175827355
1114 98.8630478908388284 -29.2045240738825953
1115 98.6853992042309898 -29.2303781530297648
1116 98.5075255696731062 -29.2562325541620183
1117 98.3294271764804080 -29.2820872764204836
1118 98.1511042136367990 -29.3079423189480401
1119 97.9725568698624869 -29.3337976808929142
1120 97.7937853335294704 -29.3596533614039217
1121 97.6147897927359054 -29.3855093596346570
1122 97.4355704352577021 -29.4113656747405763
1123 97.2561274485753557 -29.4372223058806526
1124 97.0764610198735056 -29.4630792522170708
1125 96.8965713360307603 -29.4889365129148153
1126 96.7164585836098638 -29.5147940871409205
1127 96.5361229488908350 -29.5406519740663178
1128 96.3555646178614467 -29.5665101728653141
1129 96.1747837761798507 -29.5923686827133423
1130 95.9937806092386410 -29.6182275027905710
1131 95.8125553021085210 -29.6440866322787002
1132 95.6311080395864650 -29.6699460703635403
1133 95.4494390061535540 -29.6958058162326637
1134 95.2675483860146528 -29.7216658690775830
1135 95.0854363630486006 -29.7475262280908446
1136 94.9031031208678968 -29.7733868924693255
1137 94.7205488427929509 -29.7992478614129439
1138 94.5377737118354702 -29.8251091341233412
1139 94.3547779107342848 -29.8509707098060915
1140 94.1715616219031233 -29.8768325876676037
1141 93.9881250274949309 -29.9026947669187280
1142 93.8044683093736040 -29.9285572467731491
1143 93.6205916490905707 -29.9544200264459732
1144 93.4364952279367316 -29.9802831051565910
1145 93.2521792268846923 -30.0061464821253701
1146 93.0676438266550861 -30.0320101565774884
1147 92.8828892076458175 -30.0578741277386570
1148 92.6979155499840459 -30.0837383948381536
1149 92.5127230335277488 -30.1096029571088621
1150 92.3273118378278923 -30.1354678137850875
1151 92.1416821421471468 -30.1613329641034298
1152 91.9558341255067404 -30.1871984073056581
1153 91.7697679665769925 -30.2130641426321347
1154 91.5834838438064907 -30.2389301693293930
1155 91.3969819353257833 -30.2647964866443928
1156 91.2102624190192302 -30.2906630938287194
1157 91.0233254724453502 -30.3165299901339118
1158 90.8361712729215611 -30.3423971748162593
1159 90.6487999974638967 -30.3682646471333300
1160 90.4612118228225341 -30.3941324063459568
1161 90.2734069254630072 -30.4200004517171081
1162 90.0853854815825628 -30.4458687825127825
1163 89.8971476670903655 -30.4717373980008013
1164 89.7086936576181557 -30.4976062974514264
1165 89.5200236285415656 -30.5234754801384618
1166 89.3311377549324561 -30.5493449453365464
1167 89.1420362116215443 -30.5752146923246997
1168 88.9527191731494895 -30.6010847203833798
1169 88.7631868137623030 -30.6269550287942494
1170 88.5734393074819337 -30.6528256168442361
1171 88.3834768280225660 -30.6786964838204916
1172 88.1932995488364924 -30.7045676290132121
1173 88.0029076430950568 -30.7304390517143382
1174 87.8123012837390036 -30.7563107512204752
1175 87.6214806433835349 -30.7821827268273651
1176 87.4304458944236700 -30.8080549778358730
1177 87.2391972089619401 -30.8339275035478515
1178 87.0477347588269765 -30.8598003032671464
1179 86.8560587156075030 -30.8856733763014297
1180 86.6641692506124031 -30.9115467219599545
1181 86.4720665348677500 -30.9374203395533378
1182 86.2797507391551193 -30.9632942283956325
1183 86.0872220339901162 -30.9891683878031330
1184 85.8944805896207271 -31.0150428170941836
1185 85.7015265760321370 -31.0409175155895127
1186 85.5083601629381604 -31.0667924826115325
1187 85.3149815198253663 -31.0926677174869361
1188 85.1213908158537294 -31.1185432195409675
1189 84.9275882199890333 -31.1444189881049489
1190 84.7335739009037212 -31.1702950225105049
1191 84.5393480270130908 -31.1961713220916828
1192 84.3449107664737312 -31.2220478861846935
1193 84.1502622871918362 -31.2479247141285299
1194 83.9554027568077430 -31.2738018052638651
1195 83.7603323427032649 -31.2996791589335182
1196 83.5650512120041213 -31.3255567744825534
1197 83.3695595315884077 -31.3514346512586997
1198 83.1738574680761928 -31.3773127886116718
1199 82.9779451878056733 -31.4031911858918775
1200 82.7818228569133083 -31.4290698424548793
1201 82.5854906412323118 -31.4549487576555293
1202 82.3889487063611625 -31.4808279308518948
1203 82.1921972176541402 -31.5067073614046862
1204 81.9952363401878017 -31.5325870486752358
1205 81.7980662388255553 -31.5584669920292527
1206 81.6006870781521769 -31.5843471908329150
1207 81.4030990224953541 -31.6102276444541488
1208 81.2053022359525301 -31.6361083522640563
1209 81.0072968823649688 -31.6619893136354875
1210 80.8090831253182245 -31.6878705279429624
1211 80.6106611281569627 -31.7137519945634381
1212 80.4120310539763352 -31.7396337128758930
1213 80.2131930656220931 -31.7655156822611815
1214 80.0141473256804971 -31.7913979021014867
1215 79.8148939965337263 -31.8172803717834185
1216 79.6154332402692120 -31.8431630906927907
1217 79.4157652187546574 -31.8690460582189061
1218 79.2158900936011463 -31.8949292737523216
1219 79.0158080261907543 -31.9208127366865249
1220 78.8155191776438073 -31.9466964464158991
1221 78.6150237088595958 -31.9725804023380746
1222 78.4143217804749781 -31.9984646038514953
1223 78.2134135528852710 -32.0243490503566193
1224 78.0122991862632347 -32.0502337412569176
1225 77.8109788405148066 -32.0761186759563088
1226 77.6094526753327756 -32.1020038538622430
1227 77.4077208501463332 -32.1278892743826958
1228 77.2057835241668755 -32.1537749369288619
1229 77.0036408563259585 -32.1796608409113958
1230 76.8012930053848066 -32.2055469857468850
1231 76.5987401297960133 -32.2314333708496221
1232 76.3959823878145414 -32.2573199956381629
1233 76.1930199374561425 -32.2832068595327613
1234 75.9898529364937190 -32.3090939619551776
1235 75.7864815424527336 -32.3349813023283730
1236 75.5829059126598821 -32.3608688800792521
1237 75.3791262041537777 -32.3867566946334833
1238 75.1751425737795955 -32.4126447454209625
1239 74.9709551781401871 -32.4385330318729501
1240 74.7665641736049054 -32.4644215534224543
1241 74.5619697162869812 -32.4903103095029735
1242 74.3571719621053973 -32.5161992995520706
1243 74.1521710667282861 -32.5420885230079264
1244 73.9469671855772219 -32.5679779793097239
1245 73.7415604738788204 -32.5938676679004118
1246 73.5359510865850297 -32.6197575882222282
1247 73.3301391784792003 -32.6456477397227403
1248 73.1241249040374584 -32.6715381218466447
1249 72.9179084175693788 -32.6974287340441947
1250 72.7114898731454247 -32.7233195757666238
1251 72.5048694245734708 -32.7492106464649453
1252 72.2980472254696167 -32.7751019455940522
1253 72.0910234292174437 -32.8009934726100809
1254 71.8837981889459030 -32.8268852269693738
1255 71.6763716576076746 -32.8527772081328990
1256 71.4687439878925090 -32.8786694155610562
1257 71.2609153322673166 -32.9045618487161278
1258 71.0528858429865551 -32.9304545070627981
1259 70.8446556720773657 -32.9563473900672292
1260 70.6362249713584873 -32.9822404971982195
1261 70.4275938923818785 -33.0081338279235794
1262 70.2187625865167888 -33.0340273817151484
1263 70.0097312048998646 -33.0599211580459027
1264 69.8004998984552714 -33.0858151563909573
1265 69.5910688178504273 -33.1117093762249510
1266 69.3814381135792502 -33.1376038170270064
1267 69.1716079358746896 -33.1634984782754216
1268 68.9615784347951859 -33.1893933594528647
1269 68.7513497601152324 -33.2152884600397726
1270 68.5409220614645989 -33.2411837795225793
1271 68.3302954881832818 -33.2670793173851251
1272 68.1194701894656447 -33.2929750731171197
1273 67.9084463142304173 -33.3188710462064606
1274 67.6972240111986849 -33.3447672361437171
1275 67.4858034288901223 -33.3706636424220093
1276 67.2741847155775901 -33.3965602645341804
1277 67.0623680193389475 -33.4224571019758869
1278 66.8503534880488957 -33.4483541542450880
1279 66.6381412693371544 -33.4742514208394581
1280 66.4257315106406026 -33.5001489012595286
1281 66.2131243591722836 -33.5260465950067683
1282 66.0003199619378620 -33.5519445015845790
1283 65.7873184657242405 -33.5778426204975631
1284 65.5741200171178775 -33.6037409512525329
1285 65.3607247624697578 -33.6296394933564429
1286 65.1471328479484839 -33.6555382463194590
1287 64.9333444194934231 -33.6814372096522945
1288 64.7193596228312202 -33.7073363828669912
1289 64.5051786034856462 -33.7332357654775024
1290 64.2908015067777683 -33.7591353569997565
1291 64.0762284777996740 -33.7850351569499665
1292 63.8614596614560668 -33.8109351648471446
1293 63.6464952024192172 -33.8368353802103314
1294 63.4313352451774506 -33.8627358025615024
1295 63.2159799339975592 -33.8886364314232651
1296 63.0004294129368034 -33.9145372663195772
1297 62.7846838258705944 -33.9404383067772315
1298 62.5687433164113500 -33.9663395523212515
1299 62.3526080280456441 -33.9922410024827926
1300 62.1362781039830026 -34.0181426567901752
1301 61.9197536872673382 -34.0440445147755284
1302 61.7030349207252229 -34.0699465759716702
1303 61.4861219469845253 -34.0958488399131241
1304 61.2690149084626867 -34.1217513061355149
1305 61.0517139473850392 -34.1476539741764569
1306 60.8342192057403466 -34.1735568435730386
1307 60.6165308253606909 -34.1994599138664483
1308 60.3986489478707753 -34.2253631845989403
1309 60.1805737146506061 -34.2512666553116674
1310 59.9623052669167933 -34.2771703255493847
1311 59.7438437456830016 -34.3030741948580555
1312 59.5251892917504577 -34.3289782627843891
1313 59.3063420457187647 -34.3548825288762743
1314 59.0873021479927800 -34.3807869926833973
1315 58.8680697387860263 -34.4066916537571004
1316 58.6486449581233060 -34.4325965116508073
1317 58.4290279457880288 -34.4585015659166771
1318 58.2092188413945806 -34.4844068161099955
1319 57.9892177843774590 -34.5103122617883287
1320 57.7690249139264722 -34.5362179025078504
1321 57.5486403690873800 -34.5621237378291397
1322 57.3280642886672140 -34.5880297673116459
1323 57.1072968112998325 -34.6139359905173976
1324 56.8863380754247672 -34.6398424070099011
1325 56.6651882192672218 -34.6657490163527697
1326 56.4438473808801575 -34.6916558181123023
1327 56.2223156981091918 -34.7175628118552879
1328 56.0005933086066889 -34.7434699971499228
1329 55.7786803498375221 -34.7693773735659164
1330 55.5565769590698793 -34.7952849406741791
1331 55.3342832733757533 -34.8211926980466728
1332 55.1117994296314535 -34.8471006452564041
1333 54.8891255645379204 -34.8730087818786600
1334 54.6662618145906833 -34.8989171074891544
1335 54.4432083161131715 -34.9248256216660380
1336 54.2199652052022216 -34.9507343239865165
1337 53.9965326177901161 -34.9766432140306875
1338 53.7729106896181435 -35.0025522913797502
1339 53.5490995562351628 -35.0284615556159977
1340 53.3250993529889357 -35.0543710063223131
1341 53.1009102150589456 -35.0802806430840022
1342 52.8765322774305062 -35.1061904654872095
1343 52.6519656748846288 -35.1321004731183990
1344 52.4272105420394752 -35.1580106655667564
1345 52.2022670132981403 -35.1839210424209696
1346 51.9771352229071510 -35.2098316032727894
1347 51.7518153048845591 -35.2357423477126659
1348 51.5263073931212219 -35.2616532753357674
1349 51.3006116212812131 -35.2875643857359975
1350 51.0747281228344363 -35.3134756785079773
1351 50.8486570310965504 -35.3393871532493549
1352 50.6223984791891510 -35.3652988095583609
1353 50.3959526000305829 -35.3912106470332688
1354 50.1693195263847258 -35.4171226652753433
1355 49.9424993908064039 -35.4430348638855008
1356 49.7154923256899579 -35.4689472424671095
1357 49.4882984632204312 -35.4948598006231961
1358 49.2609179354147670 -35.5207725379588055
