  0.000000000000000E+000   112.180639730691     
   1.00000000000000        112.180639730691     
   2.00000000000000        112.180639730691     
   3.00000000000000        112.180639637927     
   4.00000000000000        112.180638883054     
   5.00000000000000        112.180639598271     
   6.00000000000000        112.180525198123     
   7.00000000000000        112.180617821206     
   8.00000000000000        112.180571227486     
   9.00000000000000        112.180446085320     
   10.0000000000000        112.180016583968     
   11.0000000000000        112.179321159030     
   12.0000000000000        112.177150776000     
   13.0000000000000        112.172509716106     
   14.0000000000000        112.162231366233     
   15.0000000000000        112.140623469394     
   16.0000000000000        112.179622056614     
   17.0000000000000        112.164070791073     
   18.0000000000000        112.178049214706     
   19.0000000000000        112.130916038082     
   20.0000000000000        112.177097094172     
   21.0000000000000        112.175367515848     
   22.0000000000000        112.173968645817     
   23.0000000000000        112.171813152517     
   24.0000000000000        112.170154852488     
   25.0000000000000        112.167191776908     
   26.0000000000000        112.164844548026     
   27.0000000000000        112.162013048335     
   28.0000000000000        112.158916996801     
   29.0000000000000        112.154959120653     
   30.0000000000000        112.150851681568     
   31.0000000000000        112.145824880119     
   32.0000000000000        112.140215369719     
   33.0000000000000        112.135990611027     
   34.0000000000000        112.129101037270     
   35.0000000000000        112.122394161179     
   36.0000000000000        112.115819152096     
   37.0000000000000        112.107509543532     
   38.0000000000000        112.099987953879     
   39.0000000000000        112.090631522283     
   40.0000000000000        112.082061781490     
   41.0000000000000        112.072257579520     
   42.0000000000000        112.061878777361     
   43.0000000000000        112.051358189642     
   44.0000000000000        112.039499483061     
   45.0000000000000        112.027501172121     
   46.0000000000000        112.015364849574     
   47.0000000000000        112.001452360108     
   48.0000000000000        111.988556556875     
   49.0000000000000        111.973003403639     
   50.0000000000000        111.957808964776     
   51.0000000000000        111.942979239333     
   52.0000000000000        111.927301119530     
   53.0000000000000        111.910068111166     
   54.0000000000000        111.893088358129     
   55.0000000000000        111.875258896651     
   56.0000000000000        111.856811616660     
   57.0000000000000        111.838392848966     
   58.0000000000000        111.818475827996     
   59.0000000000000        111.799031589867     
   60.0000000000000        111.778195556530     
   61.0000000000000        111.756733857424     
   62.0000000000000        111.735201757948     
   63.0000000000000        111.712221102496     
   64.0000000000000        111.690755965639     
   65.0000000000000        111.666476467467     
   66.0000000000000        111.643160907697     
   67.0000000000000        111.619389220609     
   68.0000000000000        111.594441844825     
   69.0000000000000        111.569421989269     
   70.0000000000000        111.544166001058     
   71.0000000000000        111.518062886392     
   72.0000000000000        111.491337707367     
   73.0000000000000        111.464374527389     
   74.0000000000000        111.436563759848     
   75.0000000000000        111.408842069926     
   76.0000000000000        111.380664830571     
   77.0000000000000        111.352574162801     
   78.0000000000000        111.323091955878     
   79.0000000000000        111.293421653659     
   80.0000000000000        111.263841248578     
   81.0000000000000        111.232973011293     
   82.0000000000000        111.203184041946     
   83.0000000000000        111.172273217156     
   84.0000000000000        111.140186521419     
   85.0000000000000        111.108457992542     
   86.0000000000000        111.077427055833     
   87.0000000000000        111.044280903568     
   88.0000000000000        111.011440996144     
   89.0000000000000        110.979347192080     
   90.0000000000000        110.945306419313     
   91.0000000000000        110.912116943840     
   92.0000000000000        110.876488100373     
   93.0000000000000        110.843691721977     
   94.0000000000000        110.808832851249     
   95.0000000000000        110.774611230542     
   96.0000000000000        110.738824068365     
   97.0000000000000        110.703667320705     
   98.0000000000000        110.667717593012     
   99.0000000000000        110.631901463049     
   100.000000000000        110.595291465391     
   101.000000000000        110.559640701431     
   102.000000000000        110.522973568802     
   103.000000000000        110.485943743446     
   104.000000000000        110.449385126178     
   105.000000000000        110.411639994681     
   106.000000000000        110.374525274941     
   107.000000000000        110.335898429453     
   108.000000000000        110.298446453967     
   109.000000000000        110.260467699116     
   110.000000000000        110.221033548676     
   111.000000000000        110.182612816504     
   112.000000000000        110.144102653166     
   113.000000000000        110.104957057787     
   114.000000000000        110.066160611177     
   115.000000000000        110.026676304415     
   116.000000000000        109.987541850383     
   117.000000000000        109.947329734611     
   118.000000000000        109.907084647439     
   119.000000000000        109.867848885352     
   120.000000000000        109.827533831647     
   121.000000000000        109.786578340564     
   122.000000000000        109.746691796539     
   123.000000000000        109.705832186596     
   124.000000000000        109.665710432335     
   125.000000000000        109.623733279386     
   126.000000000000        109.583047907920     
   127.000000000000        109.540890899766     
   128.000000000000        109.500570023548     
   129.000000000000        109.458888920426     
   130.000000000000        109.417006463942     
   131.000000000000        109.375637947989     
   132.000000000000        109.333463943091     
   133.000000000000        109.291412343369     
   134.000000000000        109.249268129997     
   135.000000000000        109.207422036330     
   136.000000000000        109.164815340509     
   137.000000000000        109.122009053795     
   138.000000000000        109.078669901258     
   139.000000000000        109.036609428599     
   140.000000000000        108.993794036215     
   141.000000000000        108.950881675349     
   142.000000000000        108.907825310828     
   143.000000000000        108.864559224216     
   144.000000000000        108.822244259991     
   145.000000000000        108.778234354930     
   146.000000000000        108.734242995890     
   147.000000000000        108.691423026993     
   148.000000000000        108.647678584900     
   149.000000000000        108.604776492703     
   150.000000000000        108.560782231078     
   151.000000000000        108.516528321791     
   152.000000000000        108.473114505697     
   153.000000000000        108.428722131507     
   154.000000000000        108.385002106890     
   155.000000000000        108.340964838892     
   156.000000000000        108.296056897296     
   157.000000000000        108.251771950170     
   158.000000000000        108.207823367909     
   159.000000000000        108.162903828386     
   160.000000000000        108.119032340816     
   161.000000000000        108.073801024271     
   162.000000000000        108.029404488028     
   163.000000000000        107.984472655494     
   164.000000000000        107.938835611092     
   165.000000000000        107.894915657140     
   166.000000000000        107.849518294197     
   167.000000000000        107.804628927735     
   168.000000000000        107.758920504567     
   169.000000000000        107.714435755983     
   170.000000000000        107.670019275381     
   171.000000000000        107.624173071029     
   172.000000000000        107.579395508214     
   173.000000000000        107.533514028298     
   174.000000000000        107.488092753990     
   175.000000000000        107.442838270615     
   176.000000000000        107.397320788237     
   177.000000000000        107.351753486455     
   178.000000000000        107.306643168902     
   179.000000000000        107.260430476164     
   180.000000000000        107.215174080824     
   181.000000000000        107.168485811217     
   182.000000000000        107.122912989880     
   183.000000000000        107.077017204004     
   184.000000000000        107.032504048069     
   185.000000000000        106.985353525245     
   186.000000000000        106.940146593923     
   187.000000000000        106.893785015572     
   188.000000000000        106.847825101816     
   189.000000000000        106.801422131149     
   190.000000000000        106.756628978676     
   191.000000000000        106.708972705854     
   192.000000000000        106.662874722940     
   193.000000000000        106.617000818918     
   194.000000000000        106.570359689058     
   195.000000000000        106.524837600291     
   196.000000000000        106.478094914068     
   197.000000000000        106.432035046114     
   198.000000000000        106.385534321073     
   199.000000000000        106.339043483930     
   200.000000000000        106.292339481208     
   201.000000000000        106.246184963048     
   202.000000000000        106.198933705992     
   203.000000000000        106.153356935287     
   204.000000000000        106.106894717544     
   205.000000000000        106.059778589366     
   206.000000000000        106.012895841436     
   207.000000000000        105.965568883927     
   208.000000000000        105.920899029023     
   209.000000000000        105.872921994572     
   210.000000000000        105.826717607903     
   211.000000000000        105.779858755796     
   212.000000000000        105.732009869706     
   213.000000000000        105.685945851014     
   214.000000000000        105.638544815560     
   215.000000000000        105.592481759826     
   216.000000000000        105.544982696992     
   217.000000000000        105.498384619283     
   218.000000000000        105.450686221946     
   219.000000000000        105.403756257236     
   220.000000000000        105.357829701485     
   221.000000000000        105.310356565233     
   222.000000000000        105.262782556560     
   223.000000000000        105.216319958846     
   224.000000000000        105.168095958060     
   225.000000000000        105.121427951909     
   226.000000000000        105.075301622916     
   227.000000000000        105.027857299106     
   228.000000000000        104.980978968740     
   229.000000000000        104.933545296711     
   230.000000000000        104.885691630358     
   231.000000000000        104.838486002413     
   232.000000000000        104.791734845602     
   233.000000000000        104.744320375111     
   234.000000000000        104.696251417423     
   235.000000000000        104.649409089894     
   236.000000000000        104.602668789164     
   237.000000000000        104.556044691155     
   238.000000000000        104.507989691497     
   239.000000000000        104.460380028346     
   240.000000000000        104.412998911570     
   241.000000000000        104.365724976725     
   242.000000000000        104.318136428735     
   243.000000000000        104.271761375209     
   244.000000000000        104.223616731726     
   245.000000000000        104.176258948039     
   246.000000000000        104.128563840835     
   247.000000000000        104.081094462396     
   248.000000000000        104.033859536779     
   249.000000000000        103.986724691762     
   250.000000000000        103.938932333641     
   251.000000000000        103.891370855305     
   252.000000000000        103.844365777743     
   253.000000000000        103.796698897446     
   254.000000000000        103.748926382407     
   255.000000000000        103.701260199116     
   256.000000000000        103.653391836159     
   257.000000000000        103.606839035169     
   258.000000000000        103.559404106245     
   259.000000000000        103.511521492831     
   260.000000000000        103.463111138019     
   261.000000000000        103.415920765981     
   262.000000000000        103.368826380032     
   263.000000000000        103.320196225088     
   264.000000000000        103.272902489426     
   265.000000000000        103.224933175630     
   266.000000000000        103.177538465061     
   267.000000000000        103.130023239917     
   268.000000000000        103.082724174166     
   269.000000000000        103.034556994465     
   270.000000000000        102.986935897575     
   271.000000000000        102.939438541855     
   272.000000000000        102.892490193661     
   273.000000000000        102.843885481526     
   274.000000000000        102.796612312001     
   275.000000000000        102.748452159029     
   276.000000000000        102.700848990763     
   277.000000000000        102.653362135025     
   278.000000000000        102.606105138074     
   279.000000000000        102.558393662746     
   280.000000000000        102.510801828463     
   281.000000000000        102.462872916152     
   282.000000000000        102.414524881232     
   283.000000000000        102.367368145860     
   284.000000000000        102.319020035403     
   285.000000000000        102.271565591639     
   286.000000000000        102.224532148340     
   287.000000000000        102.176172843405     
   288.000000000000        102.129389294116     
   289.000000000000        102.080480705076     
   290.000000000000        102.033473435668     
   291.000000000000        101.985010132166     
   292.000000000000        101.937123301964     
   293.000000000000        101.889668138318     
   294.000000000000        101.842210829646     
   295.000000000000        101.793760091235     
   296.000000000000        101.746772304721     
   297.000000000000        101.697890789475     
   298.000000000000        101.650439680237     
   299.000000000000        101.603228547502     
   300.000000000000        101.555454581563     
   301.000000000000        101.507232616952     
   302.000000000000        101.460142663167     
   303.000000000000        101.411695997196     
   304.000000000000        101.363944158066     
   305.000000000000        101.316290669983     
   306.000000000000        101.268418627458     
   307.000000000000        101.220439284192     
   308.000000000000        101.173014446181     
   309.000000000000        101.125363730082     
   310.000000000000        101.077488760591     
   311.000000000000        101.029412995627     
   312.000000000000        100.981774898600     
   313.000000000000        100.933697951950     
   314.000000000000        100.885829486604     
   315.000000000000        100.838758930117     
   316.000000000000        100.790893796114     
   317.000000000000        100.742932373307     
   318.000000000000        100.694976021034     
   319.000000000000        100.647672629179     
   320.000000000000        100.599597846250     
   321.000000000000        100.552525845539     
   322.000000000000        100.503677931939     
   323.000000000000        100.455829166052     
   324.000000000000        100.408659886251     
   325.000000000000        100.359922123590     
   326.000000000000        100.313524559418     
   327.000000000000        100.265452146078     
   328.000000000000        100.217173584984     
   329.000000000000        100.169564668648     
   330.000000000000        100.121726212111     
   331.000000000000        100.074216285131     
   332.000000000000        100.026937486519     
   333.000000000000        99.9785456605602     
   334.000000000000        99.9306061662466     
   335.000000000000        99.8838796725021     
   336.000000000000        99.8359303719118     
   337.000000000000        99.7881121639914     
   338.000000000000        99.7398365098173     
   339.000000000000        99.6915768341281     
   340.000000000000        99.6442973666403     
   341.000000000000        99.5965816131690     
   342.000000000000        99.5490857732038     
   343.000000000000        99.5014864488278     
   344.000000000000        99.4540040797243     
   345.000000000000        99.4053929949569     
   346.000000000000        99.3579152886631     
   347.000000000000        99.3106528456815     
   348.000000000000        99.2623791179976     
   349.000000000000        99.2147912471565     
   350.000000000000        99.1666456974301     
   351.000000000000        99.1194908341887     
   352.000000000000        99.0722337800195     
   353.000000000000        99.0237406448139     
   354.000000000000        98.9765992018094     
   355.000000000000        98.9293345071034     
   356.000000000000        98.8807609676407     
   357.000000000000        98.8339544087088     
   358.000000000000        98.7852413781329     
   359.000000000000        98.7378817612774     
   360.000000000000        98.6899646996407     
   361.000000000000        98.6421612172665     
   362.000000000000        98.5949068234117     
   363.000000000000        98.5479725601973     
   364.000000000000        98.5007344024532     
   365.000000000000        98.4521486272787     
   366.000000000000        98.4038978913581     
   367.000000000000        98.3568826826028     
   368.000000000000        98.3090749988153     
   369.000000000000        98.2622723513918     
   370.000000000000        98.2147828680102     
   371.000000000000        98.1657770422869     
   372.000000000000        98.1195264336560     
   373.000000000000        98.0713843361485     
   374.000000000000        98.0245931524574     
   375.000000000000        97.9763378546777     
   376.000000000000        97.9298954599390     
   377.000000000000        97.8807461183062     
   378.000000000000        97.8336393613661     
   379.000000000000        97.7860550691710     
   380.000000000000        97.7375883746250     
   381.000000000000        97.6908980626877     
   382.000000000000        97.6429933144845     
   383.000000000000        97.5951895527750     
   384.000000000000        97.5487447767710     
   385.000000000000        97.5012758744085     
   386.000000000000        97.4535912512297     
   387.000000000000        97.4062453505119     
   388.000000000000        97.3577982463799     
   389.000000000000        97.3107637110232     
   390.000000000000        97.2627562621501     
   391.000000000000        97.2158452844029     
   392.000000000000        97.1689562770733     
   393.000000000000        97.1208142926501     
   394.000000000000        97.0732605795590     
   395.000000000000        97.0260171168690     
   396.000000000000        96.9791182373633     
   397.000000000000        96.9318891121796     
   398.000000000000        96.8831096974722     
   399.000000000000        96.8368821367556     
   400.000000000000        96.7896262080792     
   401.000000000000        96.7415097309484     
   402.000000000000        96.6944023007377     
   403.000000000000        96.6475013465461     
   404.000000000000        96.6000591496346     
   405.000000000000        96.5523705383480     
   406.000000000000        96.5049203247106     
   407.000000000000        96.4575815761958     
   408.000000000000        96.4098864089270     
   409.000000000000        96.3634504491326     
   410.000000000000        96.3166465791756     
   411.000000000000        96.2681786281264     
   412.000000000000        96.2207702791869     
   413.000000000000        96.1735180716314     
   414.000000000000        96.1266429643331     
   415.000000000000        96.0782973841260     
   416.000000000000        96.0322864784633     
   417.000000000000        95.9849484125421     
   418.000000000000        95.9376198067660     
   419.000000000000        95.8902681775760     
   420.000000000000        95.8431527763289     
   421.000000000000        95.7961353502042     
   422.000000000000        95.7484740436675     
   423.000000000000        95.7004638749355     
   424.000000000000        95.6544561169651     
   425.000000000000        95.6073421160228     
   426.000000000000        95.5606818891405     
   427.000000000000        95.5127694712061     
   428.000000000000        95.4654385507848     
   429.000000000000        95.4186697884793     
   430.000000000000        95.3714486370569     
   431.000000000000        95.3241925360936     
   432.000000000000        95.2774319886951     
   433.000000000000        95.2299796278347     
   434.000000000000        95.1836347234986     
   435.000000000000        95.1354987780334     
   436.000000000000        95.0896306599215     
   437.000000000000        95.0421718614623     
   438.000000000000        94.9947477494365     
   439.000000000000        94.9477347079485     
   440.000000000000        94.9009578764951     
   441.000000000000        94.8539574588179     
   442.000000000000        94.8062752757499     
   443.000000000000        94.7603797896580     
   444.000000000000        94.7129068382326     
   445.000000000000        94.6666169025111     
   446.000000000000        94.6191516464224     
   447.000000000000        94.5719265306120     
   448.000000000000        94.5251495281701     
   449.000000000000        94.4779145384231     
   450.000000000000        94.4304681560294     
   451.000000000000        94.3834526337232     
   452.000000000000        94.3375895514206     
   453.000000000000        94.2910118526146     
   454.000000000000        94.2437953936880     
   455.000000000000        94.1965688215270     
   456.000000000000        94.1486726318848     
   457.000000000000        94.1034610984538     
   458.000000000000        94.0559770767402     
   459.000000000000        94.0101058018290     
   460.000000000000        93.9631023873705     
   461.000000000000        93.9160897646038     
   462.000000000000        93.8697635886343     
   463.000000000000        93.8222859064213     
   464.000000000000        93.7755365728932     
   465.000000000000        93.7293906088157     
   466.000000000000        93.6812795227620     
   467.000000000000        93.6349450022886     
   468.000000000000        93.5875126324065     
   469.000000000000        93.5422797186403     
   470.000000000000        93.4963956722131     
   471.000000000000        93.4480324610733     
   472.000000000000        93.4021353352241     
   473.000000000000        93.3558243760275     
   474.000000000000        93.3076709363699     
   475.000000000000        93.2618031967794     
   476.000000000000        93.2157112036523     
   477.000000000000        93.1688977150236     
   478.000000000000        93.1232364916258     
   479.000000000000        93.0755621086599     
   480.000000000000        93.0289965482191     
   481.000000000000        92.9824551416082     
   482.000000000000        92.9360964684140     
   483.000000000000        92.8897702050660     
   484.000000000000        92.8427701815130     
   485.000000000000        92.7959616577187     
   486.000000000000        92.7507495179969     
   487.000000000000        92.7041637325801     
   488.000000000000        92.6567279871558     
   489.000000000000        92.6112690550677     
   490.000000000000        92.5644724134343     
   491.000000000000        92.5181114295261     
   492.000000000000        92.4715541304836     
   493.000000000000        92.4256879928631     
   494.000000000000        92.3795659696262     
   495.000000000000        92.3325375641843     
   496.000000000000        92.2848766620959     
   497.000000000000        92.2398746186417     
   498.000000000000        92.1930746736067     
   499.000000000000        92.1463022913512     
   500.000000000000        92.0994959177384     
   501.000000000000        92.0549557817536     
   502.000000000000        92.0088359205871     
   503.000000000000        91.9602359916426     
   504.000000000000        91.9163665555973     
   505.000000000000        91.8691082076216     
   506.000000000000        91.8234511868777     
   507.000000000000        91.7768505824195     
   508.000000000000        91.7305161705647     
   509.000000000000        91.6844028413334     
   510.000000000000        91.6387125685630     
   511.000000000000        91.5921570510214     
   512.000000000000        91.5455898914846     
   513.000000000000        91.4994641946447     
   514.000000000000        91.4533573738992     
   515.000000000000        91.4072107806084     
   516.000000000000        91.3624347910550     
   517.000000000000        91.3160786708326     
   518.000000000000        91.2697204526961     
   519.000000000000        91.2240586345306     
   520.000000000000        91.1781473677849     
   521.000000000000        91.1313446151745     
   522.000000000000        91.0863411324576     
   523.000000000000        91.0397596103729     
   524.000000000000        90.9934129467083     
   525.000000000000        90.9481786822983     
   526.000000000000        90.9011628629556     
   527.000000000000        90.8559086651935     
   528.000000000000        90.8088894298787     
   529.000000000000        90.7643184268713     
   530.000000000000        90.7186235580590     
   531.000000000000        90.6725141201276     
   532.000000000000        90.6261778087524     
   533.000000000000        90.5816018934781     
   534.000000000000        90.5349868676377     
   535.000000000000        90.4895288672702     
   536.000000000000        90.4427160969671     
   537.000000000000        90.3970666714914     
   538.000000000000        90.3513755140074     
   539.000000000000        90.3054603292933     
   540.000000000000        90.2600161647461     
   541.000000000000        90.2140689445666     
   542.000000000000        90.1690810160096     
   543.000000000000        90.1231593649689     
   544.000000000000        90.0768047328983     
   545.000000000000        90.0315562135531     
   546.000000000000        89.9867800837295     
   547.000000000000        89.9413028413011     
   548.000000000000        89.8944655039170     
   549.000000000000        89.8487990907641     
   550.000000000000        89.8035496087304     
   551.000000000000        89.7587374605273     
   552.000000000000        89.7128328867107     
   553.000000000000        89.6680349009136     
   554.000000000000        89.6214253017349     
   555.000000000000        89.5759822069091     
   556.000000000000        89.5320780137775     
   557.000000000000        89.4859205785751     
   558.000000000000        89.4402117123616     
   559.000000000000        89.3947404838970     
   560.000000000000        89.3492735470177     
   561.000000000000        89.3035865682210     
   562.000000000000        89.2587927355449     
   563.000000000000        89.2130505186309     
   564.000000000000        89.1685216369511     
   565.000000000000        89.1232545993622     
   566.000000000000        89.0777862514619     
   567.000000000000        89.0316300604833     
   568.000000000000        88.9870371281537     
   569.000000000000        88.9418024865896     
   570.000000000000        88.8963140546276     
   571.000000000000        88.8508423700551     
   572.000000000000        88.8060265344313     
   573.000000000000        88.7605575590446     
   574.000000000000        88.7148423700526     
   575.000000000000        88.6702627098011     
   576.000000000000        88.6249839951656     
   577.000000000000        88.5797136276928     
   578.000000000000        88.5344719542087     
   579.000000000000        88.4894726316544     
   580.000000000000        88.4448646323897     
   581.000000000000        88.3995936653234     
   582.000000000000        88.3550202631626     
   583.000000000000        88.3099835791863     
   584.000000000000        88.2655753809662     
   585.000000000000        88.2203285905429     
   586.000000000000        88.1748312826713     
   587.000000000000        88.1302662906263     
   588.000000000000        88.0845420285166     
   589.000000000000        88.0404015500972     
   590.000000000000        87.9944880437420     
   591.000000000000        87.9499073080168     
   592.000000000000        87.9055229807957     
   593.000000000000        87.8606877610826     
   594.000000000000        87.8161060886244     
   595.000000000000        87.7712737738360     
   596.000000000000        87.7266741559596     
   597.000000000000        87.6825288463653     
   598.000000000000        87.6377028880524     
   599.000000000000        87.5933431335979     
   600.000000000000        87.5471839662344     
   601.000000000000        87.5023692498499     
   602.000000000000        87.4582045670339     
   603.000000000000        87.4137951689036     
   604.000000000000        87.3689654593598     
   605.000000000000        87.3235070027705     
   606.000000000000        87.2802698497286     
   607.000000000000        87.2358662793996     
   608.000000000000        87.1896815056254     
   609.000000000000        87.1466787916816     
   610.000000000000        87.1016228841414     
   611.000000000000        87.0572246137697     
   612.000000000000        87.0131024783083     
   613.000000000000        86.9684826241615     
   614.000000000000        86.9234263930322     
   615.000000000000        86.8792621911784     
   616.000000000000        86.8355357956983     
   617.000000000000        86.7913742479533     
   618.000000000000        86.7474668566970     
   619.000000000000        86.7023800215616     
   620.000000000000        86.6573190417178     
   621.000000000000        86.6131450411163     
   622.000000000000        86.5696871576609     
   623.000000000000        86.5254994536199     
   624.000000000000        86.4797606891890     
   625.000000000000        86.4371971580498     
   626.000000000000        86.3914525334994     
   627.000000000000        86.3483897680710     
   628.000000000000        86.3044869031820     
   629.000000000000        86.2600691265224     
   630.000000000000        86.2145457008175     
   631.000000000000        86.1715290866117     
   632.000000000000        86.1275499928551     
   633.000000000000        86.0833915440552     
   634.000000000000        86.0403565011757     
   635.000000000000        85.9966305201086     
   636.000000000000        85.9508944048986     
   637.000000000000        85.9076360762206     
   638.000000000000        85.8638785406583     
   639.000000000000        85.8197278242836     
   640.000000000000        85.7754854602381     
   641.000000000000        85.7315784292869     
   642.000000000000        85.6878478665750     
   643.000000000000        85.6441823506413     
   644.000000000000        85.6001989930112     
   645.000000000000        85.5560188607631     
   646.000000000000        85.5132015658022     
   647.000000000000        85.4696948235708     
   648.000000000000        85.4247919375387     
   649.000000000000        85.3813097852656     
   650.000000000000        85.3378262908747     
   651.000000000000        85.2947541067291     
   652.000000000000        85.2503092792948     
   653.000000000000        85.2075290607355     
   654.000000000000        85.1639991524794     
   655.000000000000        85.1200060067352     
   656.000000000000        85.0767209591057     
   657.000000000000        85.0325376875910     
   658.000000000000        84.9886194010292     
   659.000000000000        84.9442089745690     
   660.000000000000        84.9018191057126     
   661.000000000000        84.8587559072593     
   662.000000000000        84.8152133078578     
   663.000000000000        84.7719676276081     
   664.000000000000        84.7279724922730     
   665.000000000000        84.6849226448141     
   666.000000000000        84.6411757629451     
   667.000000000000        84.5985399589425     
   668.000000000000        84.5550232530475     
   669.000000000000        84.5115348544072     
   670.000000000000        84.4686712193556     
   671.000000000000        84.4244628843695     
   672.000000000000        84.3820911087712     
   673.000000000000        84.3394268585190     
   674.000000000000        84.2950066938310     
   675.000000000000        84.2528540368999     
   676.000000000000        84.2095473716607     
   677.000000000000        84.1662648379940     
   678.000000000000        84.1234322169842     
   679.000000000000        84.0801412739831     
   680.000000000000        84.0374839351282     
   681.000000000000        83.9944312606378     
   682.000000000000        83.9519700635790     
   683.000000000000        83.9075705951385     
   684.000000000000        83.8654188063010     
   685.000000000000        83.8227477145131     
   686.000000000000        83.7792437065177     
   687.000000000000        83.7363910506438     
   688.000000000000        83.6939761203892     
   689.000000000000        83.6500023357948     
   690.000000000000        83.6084896307293     
   691.000000000000        83.5653650615573     
   692.000000000000        83.5236618001848     
   693.000000000000        83.4794216026096     
   694.000000000000        83.4379530230023     
   695.000000000000        83.3946105126054     
   696.000000000000        83.3513059349967     
   697.000000000000        83.3095714768506     
   698.000000000000        83.2666928580130     
   699.000000000000        83.2238469380347     
   700.000000000000        83.1814062446337     
   701.000000000000        83.1383247659493     
   702.000000000000        83.0954884792381     
   703.000000000000        83.0541687786568     
   704.000000000000        83.0108221678085     
   705.000000000000        82.9695724052443     
   706.000000000000        82.9271239957414     
   707.000000000000        82.8844790271189     
   708.000000000000        82.8420741618624     
   709.000000000000        82.7994268543896     
   710.000000000000        82.7579164638015     
   711.000000000000        82.7145782928766     
   712.000000000000        82.6716875671554     
   713.000000000000        82.6297144055283     
   714.000000000000        82.5875181087046     
   715.000000000000        82.5448900326763     
   716.000000000000        82.5042970386209     
   717.000000000000        82.4611453883567     
   718.000000000000        82.4194324766785     
   719.000000000000        82.3772300165430     
   720.000000000000        82.3352351813743     
   721.000000000000        82.2934583716467     
   722.000000000000        82.2508081512753     
   723.000000000000        82.2085968940247     
   724.000000000000        82.1670951474015     
   725.000000000000        82.1248923165517     
   726.000000000000        82.0829142689047     
   727.000000000000        82.0415709326450     
   728.000000000000        82.0002801090894     
   729.000000000000        81.9574073711628     
   730.000000000000        81.9172539813201     
   731.000000000000        81.8745241067064     
   732.000000000000        81.8327955804632     
   733.000000000000        81.7912394688528     
   734.000000000000        81.7495087337165     
   735.000000000000        81.7072627934063     
   736.000000000000        81.6657334517149     
   737.000000000000        81.6248678301042     
   738.000000000000        81.5819110556359     
   739.000000000000        81.5411071392884     
   740.000000000000        81.4995333750815     
   741.000000000000        81.4582741066864     
   742.000000000000        81.4160408764664     
   743.000000000000        81.3753578071326     
   744.000000000000        81.3325018010915     
   745.000000000000        81.2920958674062     
   746.000000000000        81.2505518782172     
   747.000000000000        81.2096748805938     
   748.000000000000        81.1678485779823     
   749.000000000000        81.1263692225454     
   750.000000000000        81.0850163804051     
   751.000000000000        81.0443651089128     
   752.000000000000        81.0029942439341     
   753.000000000000        80.9614987401100     
   754.000000000000        80.9213128855697     
   755.000000000000        80.8797607788943     
   756.000000000000        80.8379257988637     
   757.000000000000        80.7978144437716     
   758.000000000000        80.7561844393032     
   759.000000000000        80.7144445222844     
   760.000000000000        80.6739770755618     
   761.000000000000        80.6324612194221     
   762.000000000000        80.5922617527916     
   763.000000000000        80.5508863813320     
   764.000000000000        80.5102698310461     
   765.000000000000        80.4688277024743     
   766.000000000000        80.4280364212018     
   767.000000000000        80.3885397739512     
   768.000000000000        80.3462452749453     
   769.000000000000        80.3054279000109     
   770.000000000000        80.2647258420344     
   771.000000000000        80.2254432086894     
   772.000000000000        80.1842145897609     
   773.000000000000        80.1431884141580     
   774.000000000000        80.1034491927941     
   775.000000000000        80.0622620923232     
   776.000000000000        80.0214360159345     
   777.000000000000        79.9807566608399     
   778.000000000000        79.9414684462329     
   779.000000000000        79.9014005868398     
   780.000000000000        79.8598730707129     
   781.000000000000        79.8190155154916     
   782.000000000000        79.7794625932382     
   783.000000000000        79.7380740723549     
   784.000000000000        79.6978975607520     
   785.000000000000        79.6583366416977     
   786.000000000000        79.6178829261036     
   787.000000000000        79.5776698127622     
   788.000000000000        79.5372229252801     
   789.000000000000        79.4967849640506     
   790.000000000000        79.4572608495558     
   791.000000000000        79.4165078567755     
   792.000000000000        79.3767653914161     
   793.000000000000        79.3372924690245     
   794.000000000000        79.2963399622412     
   795.000000000000        79.2566173084661     
   796.000000000000        79.2165729725647     
   797.000000000000        79.1763488892964     
   798.000000000000        79.1365805064489     
   799.000000000000        79.0965709548512     
   800.000000000000        79.0570396640994     
   801.000000000000        79.0174750559683     
   802.000000000000        78.9770290620433     
   803.000000000000        78.9374860396464     
   804.000000000000        78.8974141340288     
   805.000000000000        78.8581017037489     
   806.000000000000        78.8192347769952     
   807.000000000000        78.7792128814557     
   808.000000000000        78.7394810722972     
   809.000000000000        78.6987865112806     
   810.000000000000        78.6607623946521     
   811.000000000000        78.6203571565459     
   812.000000000000        78.5820995470739     
   813.000000000000        78.5425269677263     
   814.000000000000        78.5023117395687     
   815.000000000000        78.4641377618944     
   816.000000000000        78.4234013554564     
   817.000000000000        78.3834466549124     
   818.000000000000        78.3461553678879     
   819.000000000000        78.3067674372959     
   820.000000000000        78.2662569505514     
   821.000000000000        78.2278972903633     
   822.000000000000        78.1885873400396     
   823.000000000000        78.1485521268000     
   824.000000000000        78.1094274052971     
   825.000000000000        78.0710123926256     
   826.000000000000        78.0318580043955     
   827.000000000000        77.9925369050863     
   828.000000000000        77.9547855900411     
   829.000000000000        77.9149925816769     
   830.000000000000        77.8762894525780     
   831.000000000000        77.8381176250649     
   832.000000000000        77.7992024798460     
   833.000000000000        77.7598369804454     
   834.000000000000        77.7210282298056     
   835.000000000000        77.6816118234331     
   836.000000000000        77.6442879012356     
   837.000000000000        77.6040145924118     
   838.000000000000        77.5656024916048     
   839.000000000000        77.5272011736717     
   840.000000000000        77.4893887531032     
   841.000000000000        77.4502786625983     
   842.000000000000        77.4123033929735     
   843.000000000000        77.3740486940294     
   844.000000000000        77.3353903755593     
   845.000000000000        77.2966994779071     
   846.000000000000        77.2582721983664     
   847.000000000000        77.2189314414845     
   848.000000000000        77.1818178696413     
   849.000000000000        77.1438549891817     
   850.000000000000        77.1049231702749     
   851.000000000000        77.0669044291755     
   852.000000000000        77.0289728653780     
   853.000000000000        76.9918251797898     
   854.000000000000        76.9519629955846     
   855.000000000000        76.9140016554115     
   856.000000000000        76.8778020682363     
   857.000000000000        76.8375228704041     
   858.000000000000        76.8009097025494     
   859.000000000000        76.7629033902008     
   860.000000000000        76.7253747891560     
   861.000000000000        76.6864602662095     
   862.000000000000        76.6488178706467     
   863.000000000000        76.6104432871482     
   864.000000000000        76.5746950355568     
   865.000000000000        76.5367101917201     
   866.000000000000        76.4987279395737     
   867.000000000000        76.4606172052791     
   868.000000000000        76.4235872153800     
   869.000000000000        76.3860236871384     
   870.000000000000        76.3479186490862     
   871.000000000000        76.3109095039271     
   872.000000000000        76.2724065731595     
   873.000000000000        76.2353478951908     
   874.000000000000        76.1986898177745     
   875.000000000000        76.1602030100542     
   876.000000000000        76.1240373975726     
   877.000000000000        76.0868834285333     
   878.000000000000        76.0484171859337     
   879.000000000000        76.0113472117601     
   880.000000000000        75.9750991378802     
   881.000000000000        75.9394192844455     
   882.000000000000        75.9004120712654     
   883.000000000000        75.8628114852158     
   884.000000000000        75.8253629076417     
   885.000000000000        75.7896118400855     
   886.000000000000        75.7524611782391     
   887.000000000000        75.7153558742270     
   888.000000000000        75.6782041222328     
   889.000000000000        75.6429844902153     
   890.000000000000        75.6053325457237     
   891.000000000000        75.5682554272328     
   892.000000000000        75.5316219424677     
   893.000000000000        75.4950102109511     
   894.000000000000        75.4592117978513     
   895.000000000000        75.4211336267414     
   896.000000000000        75.3858748556241     
   897.000000000000        75.3496459509470     
   898.000000000000        75.3120510908863     
   899.000000000000        75.2758868357360     
   900.000000000000        75.2400681332596     
   901.000000000000        75.2024985754055     
   902.000000000000        75.1658555895326     
   903.000000000000        75.1300440336486     
   904.000000000000        75.0947558346104     
   905.000000000000        75.0572438417959     
   906.000000000000        75.0205764484509     
   907.000000000000        74.9865596540196     
   908.000000000000        74.9489679258214     
   909.000000000000        74.9132655554276     
   910.000000000000        74.8779594832450     
   911.000000000000        74.8413101117141     
   912.000000000000        74.8050747631897     
   913.000000000000        74.7683505533980     
   914.000000000000        74.7335860217402     
   915.000000000000        74.6977520584459     
   916.000000000000        74.6601463589637     
   917.000000000000        74.6267361175147     
   918.000000000000        74.5900461762480     
   919.000000000000        74.5547638087588     
   920.000000000000        74.5185286412205     
   921.000000000000        74.4827265324839     
   922.000000000000        74.4483117473097     
   923.000000000000        74.4111364696432     
   924.000000000000        74.3758131841209     
   925.000000000000        74.3414274130697     
   926.000000000000        74.3056655979404     
   927.000000000000        74.2703683093783     
   928.000000000000        74.2336462482514     
   929.000000000000        74.2001914672856     
   930.000000000000        74.1648645509924     
   931.000000000000        74.1290611270695     
   932.000000000000        74.0947276010748     
   933.000000000000        74.0593566104868     
   934.000000000000        74.0244857255110     
   935.000000000000        73.9886351536464     
   936.000000000000        73.9543800738831     
   937.000000000000        73.9199284067724     
   938.000000000000        73.8831938503674     
   939.000000000000        73.8492814533357     
   940.000000000000        73.8144501941404     
   941.000000000000        73.7803863382655     
   942.000000000000        73.7459913911199     
   943.000000000000        73.7093359257426     
   944.000000000000        73.6749472681407     
   945.000000000000        73.6400287220167     
   946.000000000000        73.6066172738496     
   947.000000000000        73.5708013609148     
   948.000000000000        73.5372209220938     
   949.000000000000        73.5028013282204     
   950.000000000000        73.4689538308112     
   951.000000000000        73.4349578144520     
   952.000000000000        73.3995117575831     
   953.000000000000        73.3647674214030     
   954.000000000000        73.3308105951868     
   955.000000000000        73.2972844515967     
   956.000000000000        73.2633580121241     
   957.000000000000        73.2280420130303     
   958.000000000000        73.1949419998767     
   959.000000000000        73.1618774434547     
   960.000000000000        73.1275290217298     
   961.000000000000        73.0925439054985     
   962.000000000000        73.0586027499258     
   963.000000000000        73.0242195203830     
   964.000000000000        72.9907713939966     
   965.000000000000        72.9572095447796     
   966.000000000000        72.9241558626675     
   967.000000000000        72.8906681179635     
   968.000000000000        72.8562101952014     
   969.000000000000        72.8223125053910     
   970.000000000000        72.7897063331773     
   971.000000000000        72.7560869597655     
   972.000000000000        72.7216735311902     
   973.000000000000        72.6881875006259     
   974.000000000000        72.6552274711424     
   975.000000000000        72.6221143870332     
   976.000000000000        72.5886037369340     
   977.000000000000        72.5555399393850     
   978.000000000000        72.5219075321425     
   979.000000000000        72.4885473328812     
   980.000000000000        72.4563637724055     
   981.000000000000        72.4233016615007     
   982.000000000000        72.3902465784824     
   983.000000000000        72.3576548767155     
   984.000000000000        72.3240429057941     
   985.000000000000        72.2915807557143     
   986.000000000000        72.2583601179680     
   987.000000000000        72.2254758748940     
   988.000000000000        72.1928139920080     
   989.000000000000        72.1606147904915     
   990.000000000000        72.1289362032309     
   991.000000000000        72.0950026520514     
   992.000000000000        72.0623500034569     
   993.000000000000        72.0302552063691     
   994.000000000000        71.9981461731263     
   995.000000000000        71.9654081478836     
   996.000000000000        71.9328607798576     
   997.000000000000        71.9002501265988     
   998.000000000000        71.8672398278528     
   999.000000000000        71.8360020292402     
   1000.00000000000        71.8033441717472     
   1001.00000000000        71.7707791231776     
   1002.00000000000        71.7403772071768     
   1003.00000000000        71.7064295365224     
   1004.00000000000        71.6751965633971     
   1005.00000000000        71.6430348128335     
   1006.00000000000        71.6122762985926     
   1007.00000000000        71.5801547804644     
   1008.00000000000        71.5474952275900     
   1009.00000000000        71.5166764361329     
   1010.00000000000        71.4841701697914     
   1011.00000000000        71.4543000241640     
   1012.00000000000        71.4219766921362     
   1013.00000000000        71.3894859977543     
   1014.00000000000        71.3582546078894     
   1015.00000000000        71.3268685167051     
   1016.00000000000        71.2952916060995     
   1017.00000000000        71.2640875257502     
   1018.00000000000        71.2328409145467     
   1019.00000000000        71.2006890964504     
   1020.00000000000        71.1712900316585     
   1021.00000000000        71.1390667019826     
   1022.00000000000        71.1086967311492     
   1023.00000000000        71.0765985517055     
   1024.00000000000        71.0453658649531     
   1025.00000000000        71.0146205700871     
   1026.00000000000        70.9842621490232     
   1027.00000000000        70.9534539451354     
   1028.00000000000        70.9222760177484     
   1029.00000000000        70.8909902672294     
   1030.00000000000        70.8602548490017     
   1031.00000000000        70.8303477500465     
   1032.00000000000        70.7994780224274     
   1033.00000000000        70.7687513055202     
   1034.00000000000        70.7375384426218     
   1035.00000000000        70.7085695386110     
   1036.00000000000        70.6773374968277     
   1037.00000000000        70.6465607063993     
   1038.00000000000        70.6161907689767     
   1039.00000000000        70.5872855263892     
   1040.00000000000        70.5550569753632     
   1041.00000000000        70.5265509729603     
   1042.00000000000        70.4967514146437     
   1043.00000000000        70.4650302121854     
   1044.00000000000        70.4365181827434     
   1045.00000000000        70.4070819414041     
   1046.00000000000        70.3758324900883     
   1047.00000000000        70.3460191966722     
   1048.00000000000        70.3164980248247     
   1049.00000000000        70.2867418193980     
   1050.00000000000        70.2578115785513     
   1051.00000000000        70.2269369892285     
   1052.00000000000        70.1975963178226     
   1053.00000000000        70.1686002257241     
   1054.00000000000        70.1387582742834     
   1055.00000000000        70.1093508232077     
   1056.00000000000        70.0803765718796     
   1057.00000000000        70.0504371359946     
   1058.00000000000        70.0201942203380     
   1059.00000000000        69.9916771197123     
   1060.00000000000        69.9622953202654     
   1061.00000000000        69.9338118668112     
   1062.00000000000        69.9044104668029     
   1063.00000000000        69.8763711699404     
   1064.00000000000        69.8464453465356     
   1065.00000000000        69.8175394794978     
   1066.00000000000        69.7871491920522     
   1067.00000000000        69.7604529966558     
   1068.00000000000        69.7311422195736     
   1069.00000000000        69.7040099443920     
   1070.00000000000        69.6760151635811     
   1071.00000000000        69.6451202661583     
   1072.00000000000        69.6157631280677     
   1073.00000000000        69.5890482976127     
   1074.00000000000        69.5597311980443     
   1075.00000000000        69.5311415313184     
   1076.00000000000        69.5041541202925     
   1077.00000000000        69.4741799042014     
   1078.00000000000        69.4474982400253     
   1079.00000000000        69.4181471460086     
   1080.00000000000        69.3910386235144     
   1081.00000000000        69.3628862618122     
   1082.00000000000        69.3330769649055     
   1083.00000000000        69.3060182220600     
   1084.00000000000        69.2778620874606     
   1085.00000000000        69.2508372426528     
   1086.00000000000        69.2228176204762     
   1087.00000000000        69.1951364667309     
   1088.00000000000        69.1676565187796     
   1089.00000000000        69.1386848085033     
   1090.00000000000        69.1120649953489     
   1091.00000000000        69.0844618573947     
   1092.00000000000        69.0578061687940     
   1093.00000000000        69.0311782866848     
   1094.00000000000        69.0045558719362     
   1095.00000000000        68.9745167188822     
   1096.00000000000        68.9479538987975     
   1097.00000000000        68.9199684762273     
   1098.00000000000        68.8937443610813     
   1099.00000000000        68.8676024645688     
   1100.00000000000        68.8389424073534     
   1101.00000000000        68.8128802608413     
   1102.00000000000        68.7866934327100     
   1103.00000000000        68.7585549758240     
   1104.00000000000        68.7324413620481     
   1105.00000000000        68.7057853851615     
   1106.00000000000        68.6786465517043     
   1107.00000000000        68.6525095952588     
   1108.00000000000        68.6263501206737     
   1109.00000000000        68.6000938016370     
   1110.00000000000        68.5734772812179     
   1111.00000000000        68.5458765262845     
   1112.00000000000        68.5201353768149     
   1113.00000000000        68.4949350240302     
   1114.00000000000        68.4687124863573     
   1115.00000000000        68.4430265678233     
   1116.00000000000        68.4163092555270     
   1117.00000000000        68.3901169311948     
   1118.00000000000        68.3644164918089     
   1119.00000000000        68.3371396692860     
   1120.00000000000        68.3134005243975     
   1121.00000000000        68.2863275203454     
   1122.00000000000        68.2619409767974     
   1123.00000000000        68.2343569226432     
   1124.00000000000        68.2118601783577     
   1125.00000000000        68.1832718407121     
   1126.00000000000        68.1594444001563     
   1127.00000000000        68.1337530608348     
   1128.00000000000        68.1090028277230     
   1129.00000000000        68.0828213832767     
   1130.00000000000        68.0570541076245     
   1131.00000000000        68.0322930740323     
   1132.00000000000        68.0069721254042     
   1133.00000000000        67.9825945806416     
   1134.00000000000        67.9574252815666     
   1135.00000000000        67.9329377886013     
   1136.00000000000        67.9086846834608     
   1137.00000000000        67.8820181916719     
   1138.00000000000        67.8557897588110     
   1139.00000000000        67.8329502385879     
   1140.00000000000        67.8090750569752     
   1141.00000000000        67.7842599646961     
   1142.00000000000        67.7603983894770     
   1143.00000000000        67.7336104890557     
   1144.00000000000        67.7108076568879     
   1145.00000000000        67.6860103210463     
   1146.00000000000        67.6611949914053     
   1147.00000000000        67.6382465157778     
   1148.00000000000        67.6148529861786     
   1149.00000000000        67.5900552108460     
   1150.00000000000        67.5661853877560     
   1151.00000000000        67.5432240957271     
   1152.00000000000        67.5177973790970     
   1153.00000000000        67.4930020764124     
   1154.00000000000        67.4706896350317     
   1155.00000000000        67.4472758286368     
   1156.00000000000        67.4237739706074     
   1157.00000000000        67.3990647081005     
   1158.00000000000        67.3774445771898     
   1159.00000000000        67.3531558230785     
   1160.00000000000        67.3298125353295     
   1161.00000000000        67.3058620172653     
   1162.00000000000        67.2824797669160     
   1163.00000000000        67.2595855914354     
   1164.00000000000        67.2366486033544     
   1165.00000000000        67.2141506722885     
   1166.00000000000        67.1916632880221     
   1167.00000000000        67.1687640596499     
   1168.00000000000        67.1443640083787     
   1169.00000000000        67.1232838575230     
   1170.00000000000        67.1008275327996     
   1171.00000000000        67.0764802227925     
   1172.00000000000        67.0554427554504     
   1173.00000000000        67.0320121327318     
   1174.00000000000        67.0091249801144     
   1175.00000000000        66.9861758746169     
   1176.00000000000        66.9641028519249     
   1177.00000000000        66.9421332269683     
   1178.00000000000        66.9201358064293     
   1179.00000000000        66.8967480852528     
   1180.00000000000        66.8756785070484     
   1181.00000000000        66.8540497584279     
   1182.00000000000        66.8311319025668     
   1183.00000000000        66.8096541414748     
   1184.00000000000        66.7885677928886     
   1185.00000000000        66.7656654558034     
   1186.00000000000        66.7436183613726     
   1187.00000000000        66.7219610436576     
   1188.00000000000        66.7019100513291     
   1189.00000000000        66.6813765235764     
   1190.00000000000        66.6593590751453     
   1191.00000000000        66.6368718136336     
   1192.00000000000        66.6167406297859     
   1193.00000000000        66.5970382677387     
   1194.00000000000        66.5736712926314     
   1195.00000000000        66.5511832819564     
   1196.00000000000        66.5304884386140     
   1197.00000000000        66.5099660115600     
   1198.00000000000        66.4897583968217     
   1199.00000000000        66.4692196603779     
   1200.00000000000        66.4477254594121     
   1201.00000000000        66.4261580219135     
   1202.00000000000        66.4060472171142     
   1203.00000000000        66.3868473662701     
   1204.00000000000        66.3652375425820     
   1205.00000000000        66.3461215735015     
   1206.00000000000        66.3245256471176     
   1207.00000000000        66.3039676022029     
   1208.00000000000        66.2838348957179     
   1209.00000000000        66.2627683421060     
   1210.00000000000        66.2440618662101     
   1211.00000000000        66.2229696278533     
   1212.00000000000        66.2047262625591     
   1213.00000000000        66.1841217519283     
   1214.00000000000        66.1639821601919     
   1215.00000000000        66.1447881967404     
   1216.00000000000        66.1260826542996     
   1217.00000000000        66.1049864742865     
   1218.00000000000        66.0853434095258     
   1219.00000000000        66.0656727316246     
   1220.00000000000        66.0478939726646     
   1221.00000000000        66.0287123597720     
   1222.00000000000        66.0103535122098     
   1223.00000000000        65.9893845580918     
   1224.00000000000        65.9720490087307     
   1225.00000000000        65.9509793849091     
   1226.00000000000        65.9313106215355     
   1227.00000000000        65.9134728490865     
   1228.00000000000        65.8942929046837     
   1229.00000000000        65.8760876932578     
   1230.00000000000        65.8569176534352     
   1231.00000000000        65.8382111041157     
   1232.00000000000        65.8199267678892     
   1233.00000000000        65.8021259859585     
   1234.00000000000        65.7848643695304     
   1235.00000000000        65.7656364987934     
   1236.00000000000        65.7479143946593     
   1237.00000000000        65.7301413886889     
   1238.00000000000        65.7118794515316     
   1239.00000000000        65.6934323060388     
   1240.00000000000        65.6744529094222     
   1241.00000000000        65.6566369430493     
   1242.00000000000        65.6383720344104     
   1243.00000000000        65.6206111065884     
   1244.00000000000        65.6033315110543     
   1245.00000000000        65.5855302220918     
   1246.00000000000        65.5691914562775     
   1247.00000000000        65.5523608724473     
   1248.00000000000        65.5341018769102     
   1249.00000000000        65.5167901908954     
   1250.00000000000        65.4994263273574     
   1251.00000000000        65.4821598663116     
   1252.00000000000        65.4648751720477     
   1253.00000000000        65.4470591224772     
   1254.00000000000        65.4321142326187     
   1255.00000000000        65.4152885911784     
   1256.00000000000        65.3975670218746     
   1257.00000000000        65.3816428895132     
   1258.00000000000        65.3634215941458     
   1259.00000000000        65.3474981442413     
   1260.00000000000        65.3316024544655     
   1261.00000000000        65.3152979969348     
   1262.00000000000        65.2998746791568     
   1263.00000000000        65.2820876102756     
   1264.00000000000        65.2642239540039     
   1265.00000000000        65.2497652377134     
   1266.00000000000        65.2339523229296     
   1267.00000000000        65.2170609760942     
   1268.00000000000        65.2022185193963     
   1269.00000000000        65.1848731030997     
   1270.00000000000        65.1704274082872     
   1271.00000000000        65.1554820789104     
   1272.00000000000        65.1396067561938     
   1273.00000000000        65.1237274670826     
   1274.00000000000        65.1078106962997     
   1275.00000000000        65.0919374302216     
   1276.00000000000        65.0769820494398     
   1277.00000000000        65.0620873055995     
   1278.00000000000        65.0466343989596     
   1279.00000000000        65.0331115744786     
   1280.00000000000        65.0163510542216     
   1281.00000000000        65.0018582779506     
   1282.00000000000        64.9873963174117     
   1283.00000000000        64.9724997151773     
   1284.00000000000        64.9574770525789     
   1285.00000000000        64.9416168429007     
   1286.00000000000        64.9280994727881     
   1287.00000000000        64.9136760627410     
   1288.00000000000        64.8996946191604     
   1289.00000000000        64.8842746367779     
   1290.00000000000        64.8712076449468     
   1291.00000000000        64.8562932414119     
   1292.00000000000        64.8423152357999     
   1293.00000000000        64.8297931752298     
   1294.00000000000        64.8157490774990     
   1295.00000000000        64.8012984009765     
   1296.00000000000        64.7877923716744     
   1297.00000000000        64.7752701379451     
   1298.00000000000        64.7593988320743     
   1299.00000000000        64.7454304378148     
   1300.00000000000        64.7318687216602     
   1301.00000000000        64.7193011624337     
   1302.00000000000        64.7048759775818     
   1303.00000000000        64.6927967592524     
   1304.00000000000        64.6792858057200     
   1305.00000000000        64.6667376177132     
   1306.00000000000        64.6536532100281     
   1307.00000000000        64.6411770511224     
   1308.00000000000        64.6262176775270     
   1309.00000000000        64.6151009354978     
   1310.00000000000        64.6010898972629     
   1311.00000000000        64.5913628714659     
   1312.00000000000        64.5778852477222     
   1313.00000000000        64.5658344568510     
   1314.00000000000        64.5527774135880     
   1315.00000000000        64.5397527389756     
   1316.00000000000        64.5276809499855     
   1317.00000000000        64.5170568298206     
   1318.00000000000        64.5049588238415     
   1319.00000000000        64.4909591102382     
   1320.00000000000        64.4808654095104     
   1321.00000000000        64.4687575514342     
   1322.00000000000        64.4562145419302     
   1323.00000000000        64.4446486185956     
   1324.00000000000        64.4330319396030     
   1325.00000000000        64.4204615463776     
   1326.00000000000        64.4112473155177     
   1327.00000000000        64.3972566227690     
   1328.00000000000        64.3890406732111     
   1329.00000000000        64.3774480243616     
   1330.00000000000        64.3653578021395     
   1331.00000000000        64.3552148086821     
   1332.00000000000        64.3435803404978     
   1333.00000000000        64.3320132531700     
   1334.00000000000        64.3232485115757     
   1335.00000000000        64.3111832101085     
   1336.00000000000        64.3006219847591     
   1337.00000000000        64.2918612471622     
   1338.00000000000        64.2797766805505     
   1339.00000000000        64.2700949818625     
   1340.00000000000        64.2584835214146     
   1341.00000000000        64.2497391151108     
   1342.00000000000        64.2382306204199     
   1343.00000000000        64.2289617465926     
   1344.00000000000        64.2192950968943     
   1345.00000000000        64.2096308858721     
   1346.00000000000        64.1985639515920     
   1347.00000000000        64.1892840779532     
   1348.00000000000        64.1806117220548     
   1349.00000000000        64.1699479419061     
   1350.00000000000        64.1607882344089     
   1351.00000000000        64.1524833727834     
   1352.00000000000        64.1433070898414     
   1353.00000000000        64.1322740913761     
   1354.00000000000        64.1230230575502     
   1355.00000000000        64.1157485130133     
   1356.00000000000        64.1070339062712     
   1357.00000000000        64.0964058436922     
   1358.00000000000        64.0876942734629     
