  0.000000000000000E+000  0.000000000000000E+000
   1.00000000000000       0.124721699187963     
   2.00000000000000       0.122787623900361     
   3.00000000000000       0.121447484409069     
   4.00000000000000       0.120135760274268     
   5.00000000000000       0.118854758457750     
   6.00000000000000       0.117610865040331     
   7.00000000000000       0.116409765936600     
   8.00000000000000       0.115234745963198     
   9.00000000000000       0.114104085179012     
   10.0000000000000       0.113026929900210     
   11.0000000000000       0.112002616458359     
   12.0000000000000       0.111041674133707     
   13.0000000000000       0.110149551481445     
   14.0000000000000       0.109317728905085     
   15.0000000000000       0.108555371655940     
   16.0000000000000       0.107856398968508     
   17.0000000000000       0.107217685046523     
   18.0000000000000       0.106634868765724     
   19.0000000000000       0.106102569002313     
   20.0000000000000       0.105629449851138     
   21.0000000000000       0.105203113258797     
   22.0000000000000       0.104840202898938     
   23.0000000000000       0.104549348562643     
   24.0000000000000       0.104334233090694     
   25.0000000000000       0.104216430568917     
   26.0000000000000       0.104208262033312     
   27.0000000000000       0.104330662334060     
   28.0000000000000       0.104619127976572     
   29.0000000000000       0.105091354655572     
   30.0000000000000       0.105773164334569     
   31.0000000000000       0.106703261268487     
   32.0000000000000       0.107910128067947     
   33.0000000000000       0.109420121365171     
   34.0000000000000       0.111274677749327     
   35.0000000000000       0.113505551178428     
   36.0000000000000       0.116121862679231     
   37.0000000000000       0.119187397350017     
   38.0000000000000       0.122708569138715     
   39.0000000000000       0.126704919548929     
   40.0000000000000       0.131215494656782     
   41.0000000000000       0.136258508000922     
   42.0000000000000       0.141843488484971     
   43.0000000000000       0.147992784507401     
   44.0000000000000       0.154718685578950     
   45.0000000000000       0.162029381575195     
   46.0000000000000       0.169931725608650     
   47.0000000000000       0.178436528764531     
   48.0000000000000       0.187538509517135     
   49.0000000000000       0.197238153326373     
   50.0000000000000       0.207540503811543     
   51.0000000000000       0.218433195732709     
   52.0000000000000       0.229906687033191     
   53.0000000000000       0.241965127890551     
   54.0000000000000       0.254576363665987     
   55.0000000000000       0.267755483455992     
   56.0000000000000       0.281467776091486     
   57.0000000000000       0.295707063339418     
   58.0000000000000       0.310459688484034     
   59.0000000000000       0.325694729633621     
   60.0000000000000       0.341420345089420     
   61.0000000000000       0.357591370183896     
   62.0000000000000       0.374201834644471     
   63.0000000000000       0.391236438806845     
   64.0000000000000       0.408669861175006     
   65.0000000000000       0.426483471652150     
   66.0000000000000       0.444658384570773     
   67.0000000000000       0.463169773090228     
   68.0000000000000       0.482010672079922     
   69.0000000000000       0.501154567278837     
   70.0000000000000       0.520573061169526     
   71.0000000000000       0.540266351871806     
   72.0000000000000       0.560194082297809     
   73.0000000000000       0.580359310606473     
   74.0000000000000       0.600730386235540     
   75.0000000000000       0.621294737534122     
   76.0000000000000       0.642034287853130     
   77.0000000000000       0.662934937144102     
   78.0000000000000       0.683979620142021     
   79.0000000000000       0.705158169434529     
   80.0000000000000       0.726441273523265     
   81.0000000000000       0.747825090055414     
   82.0000000000000       0.769303122062594     
   83.0000000000000       0.790843681383048     
   84.0000000000000       0.812451003655131     
   85.0000000000000       0.834107489856542     
   86.0000000000000       0.855799610944415     
   87.0000000000000       0.877505973572283     
   88.0000000000000       0.899248866993080     
   89.0000000000000       0.920974768189920     
   90.0000000000000       0.942712843151954     
   91.0000000000000       0.964433282441719     
   92.0000000000000       0.986135362802821     
   93.0000000000000        1.00779395232589     
   94.0000000000000        1.02942839075802     
   95.0000000000000        1.05101156984987     
   96.0000000000000        1.07255078968879     
   97.0000000000000        1.09402946424255     
   98.0000000000000        1.11544391954044     
   99.0000000000000        1.13678059784454     
   100.000000000000        1.15804646972192     
   101.000000000000        1.17925956883630     
   102.000000000000        1.20033801442421     
   103.000000000000        1.22136635463333     
   104.000000000000        1.24230588284518     
   105.000000000000        1.26311410427486     
   106.000000000000        1.28385097788167     
   107.000000000000        1.30448543942488     
   108.000000000000        1.32499756372209     
   109.000000000000        1.34541880134549     
   110.000000000000        1.36573231926702     
   111.000000000000        1.38589792339187     
   112.000000000000        1.40600064176262     
   113.000000000000        1.42595097742179     
   114.000000000000        1.44579711962414     
   115.000000000000        1.46552376459622     
   116.000000000000        1.48512812465920     
   117.000000000000        1.50459900533545     
   118.000000000000        1.52396319111120     
   119.000000000000        1.54321590282912     
   120.000000000000        1.56231662133417     
   121.000000000000        1.58129909029547     
   122.000000000000        1.60017032936589     
   123.000000000000        1.61891391677185     
   124.000000000000        1.63751540408409     
   125.000000000000        1.65599767223672     
   126.000000000000        1.67436893975881     
   127.000000000000        1.69260092684040     
   128.000000000000        1.71072899896334     
   129.000000000000        1.72869004626915     
   130.000000000000        1.74655932038458     
   131.000000000000        1.76431559801282     
   132.000000000000        1.78192389983287     
   133.000000000000        1.79937595674533     
   134.000000000000        1.81677530809061     
   135.000000000000        1.83401551392309     
   136.000000000000        1.85113609933144     
   137.000000000000        1.86813011545090     
   138.000000000000        1.88502913610525     
   139.000000000000        1.90176045783840     
   140.000000000000        1.91842041470853     
   141.000000000000        1.93494304784595     
   142.000000000000        1.95136100046896     
   143.000000000000        1.96762010493642     
   144.000000000000        1.98381607105426     
   145.000000000000        1.99986769347893     
   146.000000000000        2.01580931943056     
   147.000000000000        2.03166717373816     
   148.000000000000        2.04738295666511     
   149.000000000000        2.06295180229748     
   150.000000000000        2.07850164487269     
   151.000000000000        2.09386834185571     
   152.000000000000        2.10917006631469     
   153.000000000000        2.12432555364134     
   154.000000000000        2.13939372089378     
   155.000000000000        2.15437699233756     
   156.000000000000        2.16921101177609     
   157.000000000000        2.18397173134754     
   158.000000000000        2.19865875453962     
   159.000000000000        2.21317626372991     
   160.000000000000        2.22764744989206     
   161.000000000000        2.24198467271758     
   162.000000000000        2.25624312273119     
   163.000000000000        2.27041220936813     
   164.000000000000        2.28447760286918     
   165.000000000000        2.29841955062087     
   166.000000000000        2.31231450653981     
   167.000000000000        2.32605850525271     
   168.000000000000        2.33977336942724     
   169.000000000000        2.35335002846803     
   170.000000000000        2.36687317451421     
   171.000000000000        2.38023623725848     
   172.000000000000        2.39358694005128     
   173.000000000000        2.40682851066950     
   174.000000000000        2.41994677259982     
   175.000000000000        2.43302541854761     
   176.000000000000        2.44597576915901     
   177.000000000000        2.45887699593867     
   178.000000000000        2.47170260153223     
   179.000000000000        2.48440569050581     
   180.000000000000        2.49704137544342     
   181.000000000000        2.50957684163699     
   182.000000000000        2.52208451512354     
   183.000000000000        2.53447133343091     
   184.000000000000        2.54678595148842     
   185.000000000000        2.55897344712276     
   186.000000000000        2.57117774324720     
   187.000000000000        2.58324359492077     
   188.000000000000        2.59530525840354     
   189.000000000000        2.60715064923109     
   190.000000000000        2.61906304417425     
   191.000000000000        2.63080252220001     
   192.000000000000        2.64253569611919     
   193.000000000000        2.65415606672550     
   194.000000000000        2.66568254168152     
   195.000000000000        2.67720507525743     
   196.000000000000        2.68859465955419     
   197.000000000000        2.69997196363334     
   198.000000000000        2.71125733477665     
   199.000000000000        2.72241026231314     
   200.000000000000        2.73358168499141     
   201.000000000000        2.74462165322948     
   202.000000000000        2.75565346788253     
   203.000000000000        2.76655318247789     
   204.000000000000        2.77745191729177     
   205.000000000000        2.78824509475776     
   206.000000000000        2.79890432681216     
   207.000000000000        2.80967230621904     
   208.000000000000        2.82023862766703     
   209.000000000000        2.83076596410793     
   210.000000000000        2.84125190076279     
   211.000000000000        2.85168316472464     
   212.000000000000        2.86198086929571     
   213.000000000000        2.87228441960687     
   214.000000000000        2.88255229952074     
   215.000000000000        2.89264982944658     
   216.000000000000        2.90276818163222     
   217.000000000000        2.91284199801326     
   218.000000000000        2.92283079787424     
   219.000000000000        2.93271445223559     
   220.000000000000        2.94255671526321     
   221.000000000000        2.95240911320398     
   222.000000000000        2.96209174026970     
   223.000000000000        2.97180996008487     
   224.000000000000        2.98142156311933     
   225.000000000000        2.99099657776209     
   226.000000000000        3.00048827722637     
   227.000000000000        3.01004960367046     
   228.000000000000        3.01930016570114     
   229.000000000000        3.02870141378731     
   230.000000000000        3.03798754528934     
   231.000000000000        3.04722666082712     
   232.000000000000        3.05636790891054     
   233.000000000000        3.06548936078765     
   234.000000000000        3.07455292351606     
   235.000000000000        3.08354188451558     
   236.000000000000        3.09256524619706     
   237.000000000000        3.10140794471775     
   238.000000000000        3.11020554177768     
   239.000000000000        3.11911796221723     
   240.000000000000        3.12772010553052     
   241.000000000000        3.13649173008451     
   242.000000000000        3.14509144031714     
   243.000000000000        3.15362032377727     
   244.000000000000        3.16219885368628     
   245.000000000000        3.17064193738470     
   246.000000000000        3.17911490116739     
   247.000000000000        3.18743045842497     
   248.000000000000        3.19575904271682     
   249.000000000000        3.20406355769956     
   250.000000000000        3.21225560490535     
   251.000000000000        3.22037412231647     
   252.000000000000        3.22842851951824     
   253.000000000000        3.23665912531481     
   254.000000000000        3.24451590567679     
   255.000000000000        3.25251359444491     
   256.000000000000        3.26046610042908     
   257.000000000000        3.26835681660476     
   258.000000000000        3.27607314310964     
   259.000000000000        3.28392807714230     
   260.000000000000        3.29158127949041     
   261.000000000000        3.29911355660732     
   262.000000000000        3.30693724428526     
   263.000000000000        3.31435329039294     
   264.000000000000        3.32189271586751     
   265.000000000000        3.32934543505733     
   266.000000000000        3.33675858499028     
   267.000000000000        3.34425208000916     
   268.000000000000        3.35144595708545     
   269.000000000000        3.35873371104250     
   270.000000000000        3.36597170550481     
   271.000000000000        3.37310862135908     
   272.000000000000        3.38020952362281     
   273.000000000000        3.38734244675740     
   274.000000000000        3.39438782017367     
   275.000000000000        3.40122791947538     
   276.000000000000        3.40833166479063     
   277.000000000000        3.41504279641023     
   278.000000000000        3.42207091635159     
   279.000000000000        3.42876521238214     
   280.000000000000        3.43546304030444     
   281.000000000000        3.44225057961256     
   282.000000000000        3.44877038052629     
   283.000000000000        3.45553036749416     
   284.000000000000        3.46195208104243     
   285.000000000000        3.46853689051313     
   286.000000000000        3.47494717567145     
   287.000000000000        3.48143790039436     
   288.000000000000        3.48767902460942     
   289.000000000000        3.49412705327252     
   290.000000000000        3.50038587113854     
   291.000000000000        3.50650363257478     
   292.000000000000        3.51280882750770     
   293.000000000000        3.51887673736737     
   294.000000000000        3.52506492569100     
   295.000000000000        3.53082263171479     
   296.000000000000        3.53715118757858     
   297.000000000000        3.54301152087006     
   298.000000000000        3.54888437888008     
   299.000000000000        3.55469698706875     
   300.000000000000        3.56056707895100     
   301.000000000000        3.56642500776978     
   302.000000000000        3.57197954338058     
   303.000000000000        3.57782287530509     
   304.000000000000        3.58330174463220     
   305.000000000000        3.58898221375279     
   306.000000000000        3.59453561318629     
   307.000000000000        3.59999500521412     
   308.000000000000        3.60548686680444     
   309.000000000000        3.61090672045564     
   310.000000000000        3.61617968817178     
   311.000000000000        3.62173878060928     
   312.000000000000        3.62668496022574     
   313.000000000000        3.63214879398687     
   314.000000000000        3.63723187792464     
   315.000000000000        3.64235937879043     
   316.000000000000        3.64743592828140     
   317.000000000000        3.65271312376881     
   318.000000000000        3.65748319469972     
   319.000000000000        3.66264178615902     
   320.000000000000        3.66735627880468     
   321.000000000000        3.67235789082200     
   322.000000000000        3.67717380687846     
   323.000000000000        3.68196866869311     
   324.000000000000        3.68681123495125     
   325.000000000000        3.69127541827570     
   326.000000000000        3.69614875845435     
   327.000000000000        3.70068785352765     
   328.000000000000        3.70517765178415     
   329.000000000000        3.70985376737064     
   330.000000000000        3.71434433572275     
   331.000000000000        3.71867090464529     
   332.000000000000        3.72312522731863     
   333.000000000000        3.72755632468956     
   334.000000000000        3.73174309198974     
   335.000000000000        3.73622682080248     
   336.000000000000        3.74017732542117     
   337.000000000000        3.74453324972510     
   338.000000000000        3.74875034821436     
   339.000000000000        3.75253621985171     
   340.000000000000        3.75674645856903     
   341.000000000000        3.76078470717931     
   342.000000000000        3.76500458595517     
   343.000000000000        3.76864281972617     
   344.000000000000        3.77257190669628     
   345.000000000000        3.77655437180869     
   346.000000000000        3.78025969891111     
   347.000000000000        3.78380476331628     
   348.000000000000        3.78785679868347     
   349.000000000000        3.79146718789954     
   350.000000000000        3.79508740056711     
   351.000000000000        3.79875765332977     
   352.000000000000        3.80209610247097     
   353.000000000000        3.80581458723289     
   354.000000000000        3.80906939580097     
   355.000000000000        3.81271651510407     
   356.000000000000        3.81604119282658     
   357.000000000000        3.81942657661846     
   358.000000000000        3.82257430459499     
   359.000000000000        3.82617347932113     
   360.000000000000        3.82899000856217     
   361.000000000000        3.83251660539343     
   362.000000000000        3.83557078862895     
   363.000000000000        3.83843213747855     
   364.000000000000        3.84191774184145     
   365.000000000000        3.84457950550418     
   366.000000000000        3.84778191180190     
   367.000000000000        3.85067099968883     
   368.000000000000        3.85342576169706     
   369.000000000000        3.85653021140118     
   370.000000000000        3.85919258185312     
   371.000000000000        3.86224543118666     
   372.000000000000        3.86474684587620     
   373.000000000000        3.86740108374962     
   374.000000000000        3.87013045508503     
   375.000000000000        3.87299395035959     
   376.000000000000        3.87545247102777     
   377.000000000000        3.87791410621418     
   378.000000000000        3.88061325652452     
   379.000000000000        3.88273104498142     
   380.000000000000        3.88509129598719     
   381.000000000000        3.88809978396886     
   382.000000000000        3.89022949408168     
   383.000000000000        3.89236619954899     
   384.000000000000        3.89481207112419     
   385.000000000000        3.89697809911294     
   386.000000000000        3.89903046995733     
   387.000000000000        3.90154443791806     
   388.000000000000        3.90354515461408     
   389.000000000000        3.90560523289964     
   390.000000000000        3.90773873598459     
   391.000000000000        3.90968096168417     
   392.000000000000        3.91157540243835     
   393.000000000000        3.91359208766695     
   394.000000000000        3.91563812917329     
   395.000000000000        3.91736596090665     
   396.000000000000        3.91931654233225     
   397.000000000000        3.92103608728757     
   398.000000000000        3.92270657256027     
   399.000000000000        3.92459072277345     
   400.000000000000        3.92622946477102     
   401.000000000000        3.92810702217159     
   402.000000000000        3.92953955359539     
   403.000000000000        3.93079017772573     
   404.000000000000        3.93303005731340     
   405.000000000000        3.93406120421613     
   406.000000000000        3.93558217902965     
   407.000000000000        3.93720729208700     
   408.000000000000        3.93830790887781     
   409.000000000000        3.93985283294709     
   410.000000000000        3.94137371544214     
   411.000000000000        3.94257434952214     
   412.000000000000        3.94418431512122     
   413.000000000000        3.94443114580634     
   414.000000000000        3.94653924210864     
   415.000000000000        3.94755988356803     
   416.000000000000        3.94836760354662     
   417.000000000000        3.95007101498902     
   418.000000000000        3.95056491101844     
   419.000000000000        3.95168279319448     
   420.000000000000        3.95281231395457     
   421.000000000000        3.95391205239610     
   422.000000000000        3.95476758934287     
   423.000000000000        3.95532212004260     
   424.000000000000        3.95649028031323     
   425.000000000000        3.95741868949734     
   426.000000000000        3.95815741701565     
   427.000000000000        3.95879588017222     
   428.000000000000        3.95999884929860     
   429.000000000000        3.96006737333974     
   430.000000000000        3.96101612328577     
   431.000000000000        3.96181983441296     
   432.000000000000        3.96250057482445     
   433.000000000000        3.96276331138045     
   434.000000000000        3.96364032595823     
   435.000000000000        3.96380095880969     
   436.000000000000        3.96478481945167     
   437.000000000000        3.96495012361771     
   438.000000000000        3.96495607903282     
   439.000000000000        3.96596722112867     
   440.000000000000        3.96613181938182     
   441.000000000000        3.96668846958612     
   442.000000000000        3.96682585732200     
   443.000000000000        3.96726644700182     
   444.000000000000        3.96747711719868     
   445.000000000000        3.96747224985610     
   446.000000000000        3.96789926857026     
   447.000000000000        3.96841216052045     
   448.000000000000        3.96810183376877     
   449.000000000000        3.96821769413909     
   450.000000000000        3.96819187052405     
   451.000000000000        3.96839569117491     
   452.000000000000        3.96822125184170     
   453.000000000000        3.96846459249582     
   454.000000000000        3.96870663776449     
   455.000000000000        3.96840232579004     
   456.000000000000        3.96848276359141     
   457.000000000000        3.96781625385826     
   458.000000000000        3.96845552841198     
   459.000000000000        3.96804960538212     
   460.000000000000        3.96740286160845     
   461.000000000000        3.96757819787362     
   462.000000000000        3.96746256805539     
   463.000000000000        3.96661452578796     
   464.000000000000        3.96673612943986     
   465.000000000000        3.96708283786932     
   466.000000000000        3.96590370483386     
   467.000000000000        3.96563496321998     
   468.000000000000        3.96544561669711     
   469.000000000000        3.96459914019848     
   470.000000000000        3.96439743345081     
   471.000000000000        3.96468311640781     
   472.000000000000        3.96316444292368     
   473.000000000000        3.96336452716651     
   474.000000000000        3.96225645248605     
   475.000000000000        3.96184056946778     
   476.000000000000        3.96155049896501     
   477.000000000000        3.96086451012487     
   478.000000000000        3.95989276508460     
   479.000000000000        3.96008336078824     
   480.000000000000        3.95860143524099     
   481.000000000000        3.95807231467292     
   482.000000000000        3.95742187650890     
   483.000000000000        3.95689741767943     
   484.000000000000        3.95548004376683     
   485.000000000000        3.95547098288550     
   486.000000000000        3.95442542382612     
   487.000000000000        3.95291798106299     
   488.000000000000        3.95258538677726     
   489.000000000000        3.95245898507711     
   490.000000000000        3.95022407682586     
   491.000000000000        3.95030326398683     
   492.000000000000        3.94869612385090     
   493.000000000000        3.94882388862491     
   494.000000000000        3.94716483099243     
   495.000000000000        3.94540627740010     
   496.000000000000        3.94522677040595     
   497.000000000000        3.94426453376495     
   498.000000000000        3.94299869540928     
   499.000000000000        3.94154482786440     
   500.000000000000        3.94086797097514     
   501.000000000000        3.94028933272012     
   502.000000000000        3.93817702646684     
   503.000000000000        3.93781678402408     
   504.000000000000        3.93677857864737     
   505.000000000000        3.93472973654217     
   506.000000000000        3.93392253482789     
   507.000000000000        3.93272051806295     
   508.000000000000        3.93134235593600     
   509.000000000000        3.92995520161714     
   510.000000000000        3.92947208946862     
   511.000000000000        3.92771892111581     
   512.000000000000        3.92613220994129     
   513.000000000000        3.92467145340044     
   514.000000000000        3.92406515055191     
   515.000000000000        3.92213595520813     
   516.000000000000        3.92164287804459     
   517.000000000000        3.91929904081785     
   518.000000000000        3.91804259928802     
   519.000000000000        3.91702844634185     
   520.000000000000        3.91575630713545     
   521.000000000000        3.91367402903504     
   522.000000000000        3.91249306773315     
   523.000000000000        3.91094416945744     
   524.000000000000        3.90894783486260     
   525.000000000000        3.90838798133437     
   526.000000000000        3.90650827437759     
   527.000000000000        3.90492009159076     
   528.000000000000        3.90310498481947     
   529.000000000000        3.90235081689112     
   530.000000000000        3.89908948557641     
   531.000000000000        3.89931219373006     
   532.000000000000        3.89733455210003     
   533.000000000000        3.89528288925763     
   534.000000000000        3.89403688249106     
   535.000000000000        3.89119076562281     
   536.000000000000        3.89146245973719     
   537.000000000000        3.88861412452267     
   538.000000000000        3.88722473841236     
   539.000000000000        3.88557675983966     
   540.000000000000        3.88369780007073     
   541.000000000000        3.88239918979614     
   542.000000000000        3.88051767699628     
   543.000000000000        3.87827462226302     
   544.000000000000        3.87664715138302     
   545.000000000000        3.87582212749543     
   546.000000000000        3.87314097949246     
   547.000000000000        3.87163301469229     
   548.000000000000        3.87013038829993     
   549.000000000000        3.86774606453332     
   550.000000000000        3.86578338678138     
   551.000000000000        3.86497833874035     
   552.000000000000        3.86252305569251     
   553.000000000000        3.86082552023416     
   554.000000000000        3.85866296949749     
   555.000000000000        3.85721504650357     
   556.000000000000        3.85518199551388     
   557.000000000000        3.85265642012753     
   558.000000000000        3.85215399598153     
   559.000000000000        3.84871151845784     
   560.000000000000        3.84820981249545     
   561.000000000000        3.84566667757093     
   562.000000000000        3.84512350907362     
   563.000000000000        3.84045246437356     
   564.000000000000        3.84082427148433     
   565.000000000000        3.83804095747785     
   566.000000000000        3.83622565189687     
   567.000000000000        3.83349208202947     
   568.000000000000        3.83296734780538     
   569.000000000000        3.83080708008708     
   570.000000000000        3.82664461388309     
   571.000000000000        3.82671882674813     
   572.000000000000        3.82498903948153     
   573.000000000000        3.82208973900116     
   574.000000000000        3.82165800478524     
   575.000000000000        3.81769389459366     
   576.000000000000        3.81649290550366     
   577.000000000000        3.81397566723182     
   578.000000000000        3.81201419883738     
   579.000000000000        3.81125021560481     
   580.000000000000        3.80924669816593     
   581.000000000000        3.80603203416340     
   582.000000000000        3.80391150479753     
   583.000000000000        3.80245263454510     
   584.000000000000        3.79944311338290     
   585.000000000000        3.79881237345638     
   586.000000000000        3.79565432322466     
   587.000000000000        3.79406287986491     
   588.000000000000        3.79283612109796     
   589.000000000000        3.79046275217531     
   590.000000000000        3.78820660497804     
   591.000000000000        3.78617547257073     
   592.000000000000        3.78357340157583     
   593.000000000000        3.78216759734654     
   594.000000000000        3.78009339558830     
   595.000000000000        3.77709499172706     
   596.000000000000        3.77634210566753     
   597.000000000000        3.77331377104409     
   598.000000000000        3.77157681873380     
   599.000000000000        3.76861761097723     
   600.000000000000        3.76798576381977     
   601.000000000000        3.76604131293838     
   602.000000000000        3.76239061837409     
   603.000000000000        3.76157679488297     
   604.000000000000        3.75922839147734     
   605.000000000000        3.75614325407300     
   606.000000000000        3.75492289782887     
   607.000000000000        3.75370822586459     
   608.000000000000        3.75012927795819     
   609.000000000000        3.75055881771691     
   610.000000000000        3.74582031137716     
   611.000000000000        3.74403375614111     
   612.000000000000        3.74166234357181     
   613.000000000000        3.74125354922172     
   614.000000000000        3.73871772161146     
   615.000000000000        3.73767999783467     
   616.000000000000        3.73260933671661     
   617.000000000000        3.73387887634088     
   618.000000000000        3.72865786884992     
   619.000000000000        3.72906571501052     
   620.000000000000        3.72602917328747     
   621.000000000000        3.72367394760987     
   622.000000000000        3.72182407712345     
   623.000000000000        3.71920640576475     
   624.000000000000        3.71823494291305     
   625.000000000000        3.71607017949415     
   626.000000000000        3.71437536771201     
   627.000000000000        3.71129013456325     
   628.000000000000        3.70879651076830     
   629.000000000000        3.70882952595856     
   630.000000000000        3.70547632416079     
   631.000000000000        3.70445207664892     
   632.000000000000        3.70147643490853     
   633.000000000000        3.69941818453789     
   634.000000000000        3.69792641372957     
   635.000000000000        3.69490292060973     
   636.000000000000        3.69217404657767     
   637.000000000000        3.69315771339165     
   638.000000000000        3.68978087195278     
   639.000000000000        3.68721490781380     
   640.000000000000        3.68521642341151     
   641.000000000000        3.68472573585304     
   642.000000000000        3.68199503689091     
   643.000000000000        3.67876887748890     
   644.000000000000        3.67828166743120     
   645.000000000000        3.67655664671092     
   646.000000000000        3.67351184466928     
   647.000000000000        3.67132466411090     
   648.000000000000        3.67212666741034     
   649.000000000000        3.66683278723705     
   650.000000000000        3.66676693956210     
   651.000000000000        3.66204421240331     
   652.000000000000        3.66316397445621     
   653.000000000000        3.66248159626609     
   654.000000000000        3.65822135836703     
   655.000000000000        3.65616260744912     
   656.000000000000        3.65427556405999     
   657.000000000000        3.65427610521099     
   658.000000000000        3.65095262760823     
   659.000000000000        3.65014762958279     
   660.000000000000        3.64696631096290     
   661.000000000000        3.64572506338377     
   662.000000000000        3.64359618757616     
   663.000000000000        3.64211642023645     
   664.000000000000        3.64080317169400     
   665.000000000000        3.63930901213273     
   666.000000000000        3.63530847660912     
   667.000000000000        3.63544544248099     
   668.000000000000        3.63278300258304     
   669.000000000000        3.63241853406842     
   670.000000000000        3.63004332971740     
   671.000000000000        3.62743608400389     
   672.000000000000        3.62546094487405     
   673.000000000000        3.62530256192169     
   674.000000000000        3.62376203409742     
   675.000000000000        3.62126036936240     
   676.000000000000        3.61867785470415     
   677.000000000000        3.61819264177111     
   678.000000000000        3.61489765253663     
   679.000000000000        3.61704098386453     
   680.000000000000        3.61141175248348     
   681.000000000000        3.61232724176332     
   682.000000000000        3.60854080871621     
   683.000000000000        3.60823759337543     
   684.000000000000        3.60752686682066     
   685.000000000000        3.60484898304648     
   686.000000000000        3.60368935158984     
   687.000000000000        3.60246516063113     
   688.000000000000        3.60029035924902     
   689.000000000000        3.59838106135056     
   690.000000000000        3.59700412736006     
   691.000000000000        3.59484035884862     
   692.000000000000        3.59646614851876     
   693.000000000000        3.59232693063296     
   694.000000000000        3.59156863708013     
   695.000000000000        3.59110898745203     
   696.000000000000        3.58794762109121     
   697.000000000000        3.58752307582386     
   698.000000000000        3.58657002984192     
   699.000000000000        3.58506075760198     
   700.000000000000        3.58060952219411     
   701.000000000000        3.58340100745477     
   702.000000000000        3.58154283941340     
   703.000000000000        3.57809662227882     
   704.000000000000        3.57837856702344     
   705.000000000000        3.57645488508629     
   706.000000000000        3.57496557963745     
   707.000000000000        3.57462407819317     
   708.000000000000        3.57206444956056     
   709.000000000000        3.57221389294472     
   710.000000000000        3.57042034088400     
   711.000000000000        3.56920359291725     
   712.000000000000        3.56852725966748     
   713.000000000000        3.56608779368189     
   714.000000000000        3.56751880013630     
   715.000000000000        3.56678567930530     
   716.000000000000        3.56108875144783     
   717.000000000000        3.56456872162525     
   718.000000000000        3.56158678306542     
   719.000000000000        3.55913775809871     
   720.000000000000        3.56004810657450     
   721.000000000000        3.55899871336241     
   722.000000000000        3.55844307722097     
   723.000000000000        3.55506739976142     
   724.000000000000        3.55595228568320     
   725.000000000000        3.55469609845004     
   726.000000000000        3.55423200291039     
   727.000000000000        3.55382365503600     
   728.000000000000        3.55082676125832     
   729.000000000000        3.55239652302201     
   730.000000000000        3.55042196411421     
   731.000000000000        3.54867059323169     
   732.000000000000        3.54876501399750     
   733.000000000000        3.54977659068881     
   734.000000000000        3.54709823523221     
   735.000000000000        3.54578839037088     
   736.000000000000        3.54754220042251     
   737.000000000000        3.54529835125057     
   738.000000000000        3.54333419141105     
   739.000000000000        3.54398095134514     
   740.000000000000        3.54396841752669     
   741.000000000000        3.54431766565593     
   742.000000000000        3.54053280588622     
   743.000000000000        3.54275827876886     
   744.000000000000        3.54235494992648     
   745.000000000000        3.53848202630747     
   746.000000000000        3.54121214372483     
   747.000000000000        3.53953502861432     
   748.000000000000        3.53894708979028     
   749.000000000000        3.53913852218654     
   750.000000000000        3.53920481559742     
   751.000000000000        3.53950305598047     
   752.000000000000        3.53843309076429     
   753.000000000000        3.53671071835029     
   754.000000000000        3.53583285976612     
   755.000000000000        3.53930332655245     
   756.000000000000        3.53539402727585     
   757.000000000000        3.53672107606740     
   758.000000000000        3.53646238071602     
   759.000000000000        3.53751678851201     
   760.000000000000        3.53533053853233     
   761.000000000000        3.53484968174902     
   762.000000000000        3.53652021328798     
   763.000000000000        3.53620415570800     
   764.000000000000        3.53781156070077     
   765.000000000000        3.53331646817097     
   766.000000000000        3.53736528121014     
   767.000000000000        3.53768401455229     
   768.000000000000        3.53550694865170     
   769.000000000000        3.53526909388924     
   770.000000000000        3.53773450905172     
   771.000000000000        3.53714039862929     
   772.000000000000        3.53599383042797     
   773.000000000000        3.53824769311721     
   774.000000000000        3.53451851419751     
   775.000000000000        3.53863897559225     
   776.000000000000        3.53695911206475     
   777.000000000000        3.54185705745935     
   778.000000000000        3.53586981820330     
   779.000000000000        3.54063616208247     
   780.000000000000        3.53954079342048     
   781.000000000000        3.53926773799523     
   782.000000000000        3.54086302712790     
   783.000000000000        3.54048524833300     
   784.000000000000        3.54461531457116     
   785.000000000000        3.53758311226622     
   786.000000000000        3.54779550233776     
   787.000000000000        3.54224511088292     
   788.000000000000        3.54359512268219     
   789.000000000000        3.54631006709665     
   790.000000000000        3.54491976668305     
   791.000000000000        3.54611417347262     
   792.000000000000        3.54772340020991     
   793.000000000000        3.54632945820924     
   794.000000000000        3.55148530187476     
   795.000000000000        3.55164206799673     
   796.000000000000        3.54739568124391     
   797.000000000000        3.55658176594001     
   798.000000000000        3.54940087131151     
   799.000000000000        3.55709061152138     
   800.000000000000        3.55070258758064     
   801.000000000000        3.55635455431737     
   802.000000000000        3.55802488675384     
   803.000000000000        3.56065027729354     
   804.000000000000        3.56042120927428     
   805.000000000000        3.56056559150680     
   806.000000000000        3.56282683757192     
   807.000000000000        3.56693780177383     
   808.000000000000        3.56188576276422     
   809.000000000000        3.56855277130695     
   810.000000000000        3.56703826175559     
   811.000000000000        3.57086715246301     
   812.000000000000        3.57493521741206     
   813.000000000000        3.57173527841154     
   814.000000000000        3.57091465892136     
   815.000000000000        3.57983014706355     
   816.000000000000        3.57579983693663     
   817.000000000000        3.58013533042395     
   818.000000000000        3.58426594563195     
   819.000000000000        3.58088612227655     
   820.000000000000        3.58667188583152     
   821.000000000000        3.58740773636156     
   822.000000000000        3.58979574485845     
   823.000000000000        3.58960525165939     
   824.000000000000        3.59187892110181     
   825.000000000000        3.59868924196299     
   826.000000000000        3.59310936008727     
   827.000000000000        3.60126050741502     
   828.000000000000        3.60292698447140     
   829.000000000000        3.60810121541738     
   830.000000000000        3.60280513480047     
   831.000000000000        3.61302859492688     
   832.000000000000        3.61092037113865     
   833.000000000000        3.60851819920763     
   834.000000000000        3.61679879063580     
   835.000000000000        3.61904515760931     
   836.000000000000        3.62441578345710     
   837.000000000000        3.62102662872450     
   838.000000000000        3.63119185324506     
   839.000000000000        3.62875171934061     
   840.000000000000        3.62982165554507     
   841.000000000000        3.63498452384635     
   842.000000000000        3.63863368912797     
   843.000000000000        3.64155865664142     
   844.000000000000        3.64119445047080     
   845.000000000000        3.64959687668162     
   846.000000000000        3.64755727276776     
   847.000000000000        3.65568087317779     
   848.000000000000        3.65958113689830     
   849.000000000000        3.65361242373424     
   850.000000000000        3.66415101656604     
   851.000000000000        3.66808050771347     
   852.000000000000        3.67037188667653     
   853.000000000000        3.66876943266974     
   854.000000000000        3.67870558009712     
   855.000000000000        3.68447377168250     
   856.000000000000        3.68468712524177     
   857.000000000000        3.68624792197743     
   858.000000000000        3.68765116102246     
   859.000000000000        3.69928589724484     
   860.000000000000        3.69319734270546     
   861.000000000000        3.70707172638722     
   862.000000000000        3.70732293782453     
   863.000000000000        3.70686833136415     
   864.000000000000        3.71422854087831     
   865.000000000000        3.71964408068713     
   866.000000000000        3.72614989194220     
   867.000000000000        3.72691931874104     
   868.000000000000        3.73160716552055     
   869.000000000000        3.73991268616348     
   870.000000000000        3.73905501389913     
   871.000000000000        3.74888489903931     
   872.000000000000        3.74802459256918     
   873.000000000000        3.75549318084261     
   874.000000000000        3.75846511698773     
   875.000000000000        3.76268069467523     
   876.000000000000        3.76928833037199     
   877.000000000000        3.77653171642596     
   878.000000000000        3.77810452672194     
   879.000000000000        3.78341019458821     
   880.000000000000        3.79131919316144     
   881.000000000000        3.79339575662203     
   882.000000000000        3.80010945792166     
   883.000000000000        3.80443541782981     
   884.000000000000        3.80859758945783     
   885.000000000000        3.81517970529626     
   886.000000000000        3.82345865254096     
   887.000000000000        3.82722547454491     
   888.000000000000        3.83006722448629     
   889.000000000000        3.84337586767304     
   890.000000000000        3.84673841417574     
   891.000000000000        3.84589413723403     
   892.000000000000        3.85428963137089     
   893.000000000000        3.86371183992081     
   894.000000000000        3.86896608995960     
   895.000000000000        3.87776347553174     
   896.000000000000        3.88005725603672     
   897.000000000000        3.88578060749913     
   898.000000000000        3.89610819176998     
   899.000000000000        3.89775435747013     
   900.000000000000        3.90900302295017     
   901.000000000000        3.91419834444834     
   902.000000000000        3.92269549433728     
   903.000000000000        3.92795570631518     
   904.000000000000        3.93156918271741     
   905.000000000000        3.94434952681548     
   906.000000000000        3.94753788211617     
   907.000000000000        3.95804586741700     
   908.000000000000        3.95957295271619     
   909.000000000000        3.97021159983912     
   910.000000000000        3.98294806402389     
   911.000000000000        3.98347661042940     
   912.000000000000        3.98996581155971     
   913.000000000000        4.00562120857851     
   914.000000000000        4.01443818674643     
   915.000000000000        4.01359811603372     
   916.000000000000        4.02470957342768     
   917.000000000000        4.03106939532001     
   918.000000000000        4.04630723694836     
   919.000000000000        4.05033817772488     
   920.000000000000        4.06256422272974     
   921.000000000000        4.06633683224769     
   922.000000000000        4.07555627572932     
   923.000000000000        4.07776585024453     
   924.000000000000        4.09874700449097     
   925.000000000000        4.10044248928510     
   926.000000000000        4.11657396762252     
   927.000000000000        4.12342201733555     
   928.000000000000        4.12849541719966     
   929.000000000000        4.13777345711289     
   930.000000000000        4.14904869405250     
   931.000000000000        4.16092555538469     
   932.000000000000        4.16696761222515     
   933.000000000000        4.18367725104109     
   934.000000000000        4.18626761062540     
   935.000000000000        4.19702593847737     
   936.000000000000        4.21651451129318     
   937.000000000000        4.21315520266673     
   938.000000000000        4.22915694188267     
   939.000000000000        4.24716909233268     
   940.000000000000        4.24845676834742     
   941.000000000000        4.26371170437632     
   942.000000000000        4.27188909020029     
   943.000000000000        4.29671235847570     
   944.000000000000        4.27869810664272     
   945.000000000000        4.30868613656780     
   946.000000000000        4.32866764652934     
   947.000000000000        4.32350777747248     
   948.000000000000        4.33957570793316     
   949.000000000000        4.36434507249664     
   950.000000000000        4.35703350979831     
   951.000000000000        4.37481276812696     
   952.000000000000        4.39475374698551     
   953.000000000000        4.40483937568585     
   954.000000000000        4.42271026387824     
   955.000000000000        4.42268070599742     
   956.000000000000        4.44039043550395     
   957.000000000000        4.44579979662982     
   958.000000000000        4.48157832052038     
   959.000000000000        4.47235361339616     
   960.000000000000        4.50026625247744     
   961.000000000000        4.51387229424583     
   962.000000000000        4.51527085954599     
   963.000000000000        4.53383280365742     
   964.000000000000        4.55243483110374     
   965.000000000000        4.56447579920418     
   966.000000000000        4.57983633936288     
   967.000000000000        4.59925720450751     
   968.000000000000        4.59508310097709     
   969.000000000000        4.62881415918154     
   970.000000000000        4.64170667519834     
   971.000000000000        4.65741852720007     
   972.000000000000        4.66480078380541     
   973.000000000000        4.68471204382025     
   974.000000000000        4.70159671868130     
   975.000000000000        4.71244839840643     
   976.000000000000        4.74052890373376     
   977.000000000000        4.74349973150213     
   978.000000000000        4.77367996491911     
   979.000000000000        4.77955820972335     
   980.000000000000        4.80756315295764     
   981.000000000000        4.82072570614006     
   982.000000000000        4.83028890910123     
   983.000000000000        4.84379335017589     
   984.000000000000        4.88347470022298     
   985.000000000000        4.87414463087257     
   986.000000000000        4.91722769587006     
   987.000000000000        4.93121057146404     
   988.000000000000        4.93893025298661     
   989.000000000000        4.95000298212751     
   990.000000000000        4.99548264766302     
   991.000000000000        4.99371361674370     
   992.000000000000        5.03481997067788     
   993.000000000000        5.02515459878502     
   994.000000000000        5.06240995269733     
   995.000000000000        5.08677233892528     
   996.000000000000        5.10131467079563     
   997.000000000000        5.11951383545329     
   998.000000000000        5.14117216585980     
   999.000000000000        5.16335411083097     
   1000.00000000000        5.19444446802319     
   1001.00000000000        5.20352624241306     
   1002.00000000000        5.22855095232888     
   1003.00000000000        5.24924260494972     
   1004.00000000000        5.27332867819565     
   1005.00000000000        5.30188761228693     
   1006.00000000000        5.32137379621896     
   1007.00000000000        5.33997710251413     
   1008.00000000000        5.37129786131004     
   1009.00000000000        5.38306722377233     
   1010.00000000000        5.41504453988764     
   1011.00000000000        5.44883641951900     
   1012.00000000000        5.46359095256995     
   1013.00000000000        5.48853942962091     
   1014.00000000000        5.51874212511610     
   1015.00000000000        5.53766624572583     
   1016.00000000000        5.57468328114471     
   1017.00000000000        5.58271080793029     
   1018.00000000000        5.61763896581254     
   1019.00000000000        5.64942680639147     
   1020.00000000000        5.67311147090046     
   1021.00000000000        5.70560842178668     
   1022.00000000000        5.72260441617603     
   1023.00000000000        5.77210857173576     
   1024.00000000000        5.77557902056236     
   1025.00000000000        5.80315505706785     
   1026.00000000000        5.85203757009354     
   1027.00000000000        5.86902518734165     
   1028.00000000000        5.89754759066154     
   1029.00000000000        5.94741257042538     
   1030.00000000000        5.96834709458943     
   1031.00000000000        5.98522567738821     
   1032.00000000000        6.03862096984834     
   1033.00000000000        6.06134361149613     
   1034.00000000000        6.06764792834067     
   1035.00000000000        6.13072374441605     
   1036.00000000000        6.16151286372961     
   1037.00000000000        6.20463141161235     
   1038.00000000000        6.19880902975256     
   1039.00000000000        6.27440930055437     
   1040.00000000000        6.28554510311536     
   1041.00000000000        6.33898787345115     
   1042.00000000000        6.35531455263042     
   1043.00000000000        6.39377517082361     
   1044.00000000000        6.43893133913672     
   1045.00000000000        6.47331288718534     
   1046.00000000000        6.51769294230309     
   1047.00000000000        6.54066509721536     
   1048.00000000000        6.58544394896546     
   1049.00000000000        6.62433650942414     
   1050.00000000000        6.67334390586740     
   1051.00000000000        6.69558127645579     
   1052.00000000000        6.74152423264048     
   1053.00000000000        6.77664533289343     
   1054.00000000000        6.81919918087191     
   1055.00000000000        6.87807284081909     
   1056.00000000000        6.91643458677901     
   1057.00000000000        6.94519855455075     
   1058.00000000000        6.98705522693545     
   1059.00000000000        7.05626842313506     
   1060.00000000000        7.08506731593293     
   1061.00000000000        7.12128511396878     
   1062.00000000000        7.18260329541551     
   1063.00000000000        7.21060113244266     
   1064.00000000000        7.26127024782579     
   1065.00000000000        7.31589464351110     
   1066.00000000000        7.35760872839364     
   1067.00000000000        7.40644467245842     
   1068.00000000000        7.47034137046934     
   1069.00000000000        7.49821662636334     
   1070.00000000000        7.56217316240624     
   1071.00000000000        7.60757792117041     
   1072.00000000000        7.65796239460834     
   1073.00000000000        7.71448680142332     
   1074.00000000000        7.76667839746524     
   1075.00000000000        7.82857477269843     
   1076.00000000000        7.86871674331892     
   1077.00000000000        7.91589092123193     
   1078.00000000000        7.98233874592402     
   1079.00000000000        8.04247515742506     
   1080.00000000000        8.08863719379858     
   1081.00000000000        8.14258024070591     
   1082.00000000000        8.21854616243145     
   1083.00000000000        8.26747028969697     
   1084.00000000000        8.31401718432845     
   1085.00000000000        8.39445009598827     
   1086.00000000000        8.45520462039262     
   1087.00000000000        8.50920479887021     
   1088.00000000000        8.57182968167564     
   1089.00000000000        8.63350674868855     
   1090.00000000000        8.70853073947075     
   1091.00000000000        8.75467898571922     
   1092.00000000000        8.81740192295962     
   1093.00000000000        8.90261199552883     
   1094.00000000000        8.97376108978046     
   1095.00000000000        9.01757318126273     
   1096.00000000000        9.09317889776176     
   1097.00000000000        9.15958379293718     
   1098.00000000000        9.23388658952976     
   1099.00000000000        9.29963470889106     
   1100.00000000000        9.38773394408928     
   1101.00000000000        9.43899268163756     
   1102.00000000000        9.52993073915764     
   1103.00000000000        9.59799598847299     
   1104.00000000000        9.66527060534667     
   1105.00000000000        9.74274857686284     
   1106.00000000000        9.82040346303537     
   1107.00000000000        9.89941745280925     
   1108.00000000000        9.96828846115456     
   1109.00000000000        10.0549387548344     
   1110.00000000000        10.1299308259886     
   1111.00000000000        10.2057986940820     
   1112.00000000000        10.2919255386797     
   1113.00000000000        10.3708830754140     
   1114.00000000000        10.4540478811255     
   1115.00000000000        10.5328150036337     
   1116.00000000000        10.6161360039585     
   1117.00000000000        10.6956260786839     
   1118.00000000000        10.7764600415695     
   1119.00000000000        10.8965152401985     
   1120.00000000000        10.9398754038287     
   1121.00000000000        11.0376532417978     
   1122.00000000000        11.1312785047226     
   1123.00000000000        11.2214907953469     
   1124.00000000000        11.2780641332860     
   1125.00000000000        11.4054285425669     
   1126.00000000000        11.4810573807921     
   1127.00000000000        11.5646597401628     
   1128.00000000000        11.6588569532202     
   1129.00000000000        11.7544031254606     
   1130.00000000000        11.8389638263924     
   1131.00000000000        11.9142918582027     
   1132.00000000000        12.0175006181872     
   1133.00000000000        12.1064018759223     
   1134.00000000000        12.2005658644858     
   1135.00000000000        12.2931020557169     
   1136.00000000000        12.3816993090608     
   1137.00000000000        12.4752643245500     
   1138.00000000000        12.5631520464992     
   1139.00000000000        12.6513398727021     
   1140.00000000000        12.7461831084286     
   1141.00000000000        12.8367921121057     
   1142.00000000000        12.9331858469681     
   1143.00000000000        13.0090505087278     
   1144.00000000000        13.1044679679498     
   1145.00000000000        13.1945421333077     
   1146.00000000000        13.2981849878967     
   1147.00000000000        13.3609260010392     
   1148.00000000000        13.4653435854905     
   1149.00000000000        13.5368544803814     
   1150.00000000000        13.6312735166896     
   1151.00000000000        13.7146694044879     
   1152.00000000000        13.7914193625425     
   1153.00000000000        13.8865024106856     
   1154.00000000000        13.9583549219779     
   1155.00000000000        14.0410120107668     
   1156.00000000000        14.1168040595119     
   1157.00000000000        14.1940094319238     
   1158.00000000000        14.2766778248891     
   1159.00000000000        14.3436241891940     
   1160.00000000000        14.4084603507546     
   1161.00000000000        14.4923129351361     
   1162.00000000000        14.5554615236491     
   1163.00000000000        14.6161842482362     
   1164.00000000000        14.6800959671669     
   1165.00000000000        14.7523973627704     
   1166.00000000000        14.7856175634947     
   1167.00000000000        14.8796129997135     
   1168.00000000000        14.9027447835269     
   1169.00000000000        14.9831632092892     
   1170.00000000000        15.0046543026185     
   1171.00000000000        15.0732707438757     
   1172.00000000000        15.1059751975549     
   1173.00000000000        15.1552814582556     
   1174.00000000000        15.1862054934991     
   1175.00000000000        15.2199592132228     
   1176.00000000000        15.2529407891869     
   1177.00000000000        15.2882893583699     
   1178.00000000000        15.3014121843635     
   1179.00000000000        15.3332814552589     
   1180.00000000000        15.3598604731933     
   1181.00000000000        15.3603923697690     
   1182.00000000000        15.3883409062302     
   1183.00000000000        15.3828896359229     
   1184.00000000000        15.4008330712928     
   1185.00000000000        15.3989539456651     
   1186.00000000000        15.4023592817605     
   1187.00000000000        15.3932195193138     
   1188.00000000000        15.3959477265910     
   1189.00000000000        15.3771462447483     
   1190.00000000000        15.3713796223671     
   1191.00000000000        15.3578395613361     
   1192.00000000000        15.3241663646817     
   1193.00000000000        15.3138673257343     
   1194.00000000000        15.2805251566701     
   1195.00000000000        15.2612292993914     
   1196.00000000000        15.2261644694968     
   1197.00000000000        15.1850516380433     
   1198.00000000000        15.1510381049072     
   1199.00000000000        15.1120210201813     
   1200.00000000000        15.0747938886159     
   1201.00000000000        15.0167569746595     
   1202.00000000000        14.9886198945931     
   1203.00000000000        14.9025137363221     
   1204.00000000000        14.8743971652900     
   1205.00000000000        14.8110413327960     
   1206.00000000000        14.7559537197715     
   1207.00000000000        14.6912983804138     
   1208.00000000000        14.6307248378827     
   1209.00000000000        14.5594796844852     
   1210.00000000000        14.5014456886588     
   1211.00000000000        14.4288971173319     
   1212.00000000000        14.3562375523719     
   1213.00000000000        14.2827033085910     
   1214.00000000000        14.2125414432204     
   1215.00000000000        14.1457322760714     
   1216.00000000000        14.0431681420277     
   1217.00000000000        13.9781464431725     
   1218.00000000000        13.8943055840117     
   1219.00000000000        13.8199908013949     
   1220.00000000000        13.7167447377289     
   1221.00000000000        13.6620887944643     
   1222.00000000000        13.5588849634589     
   1223.00000000000        13.4748875717884     
   1224.00000000000        13.3977070686856     
   1225.00000000000        13.3002383763410     
   1226.00000000000        13.2112217743454     
   1227.00000000000        13.1233965054105     
   1228.00000000000        13.0295642183132     
   1229.00000000000        12.9461306159537     
   1230.00000000000        12.8539107020222     
   1231.00000000000        12.7585815791404     
   1232.00000000000        12.6785663287221     
   1233.00000000000        12.5653448353298     
   1234.00000000000        12.4862139399994     
   1235.00000000000        12.3877847748228     
   1236.00000000000        12.2983740392704     
   1237.00000000000        12.1995791572122     
   1238.00000000000        12.1133022628438     
   1239.00000000000        12.0231651571360     
   1240.00000000000        11.9240573453419     
   1241.00000000000        11.8283524836543     
   1242.00000000000        11.7436874547415     
   1243.00000000000        11.6457043458311     
   1244.00000000000        11.5540924628660     
   1245.00000000000        11.4587781121523     
   1246.00000000000        11.3691008958698     
   1247.00000000000        11.2768017416089     
   1248.00000000000        11.1828260513437     
   1249.00000000000        11.0918577801812     
   1250.00000000000        11.0006779124142     
   1251.00000000000        10.9087671472486     
   1252.00000000000        10.8192962300005     
   1253.00000000000        10.7306735650712     
   1254.00000000000        10.6400974042692     
   1255.00000000000        10.5504150152442     
   1256.00000000000        10.4584835638543     
   1257.00000000000        10.3709626475115     
   1258.00000000000        10.2899347442487     
   1259.00000000000        10.1932135025440     
   1260.00000000000        10.1106653908515     
   1261.00000000000        10.0249925830063     
   1262.00000000000        9.93965745684240     
   1263.00000000000        9.85453227688297     
   1264.00000000000        9.76645665648095     
   1265.00000000000        9.68336258497063     
   1266.00000000000        9.58967110577310     
   1267.00000000000        9.52674834581509     
   1268.00000000000        9.43679629962405     
   1269.00000000000        9.35103535084961     
   1270.00000000000        9.28172407151835     
   1271.00000000000        9.18467560259489     
   1272.00000000000        9.11027622810995     
   1273.00000000000        9.03275103213859     
   1274.00000000000        8.95634097214702     
   1275.00000000000        8.87464609878741     
   1276.00000000000        8.78318523252496     
   1277.00000000000        8.73027815449883     
   1278.00000000000        8.64472856551164     
   1279.00000000000        8.57234304093398     
   1280.00000000000        8.49035946096765     
   1281.00000000000        8.42979483131736     
   1282.00000000000        8.33715545687545     
   1283.00000000000        8.27145483298260     
   1284.00000000000        8.20335536246009     
   1285.00000000000        8.13344785015476     
   1286.00000000000        8.05053936705969     
   1287.00000000000        7.98665695206752     
   1288.00000000000        7.91630507851425     
   1289.00000000000        7.84726078755234     
   1290.00000000000        7.77856512653811     
   1291.00000000000        7.70802458772082     
   1292.00000000000        7.64430612189090     
   1293.00000000000        7.57695126615814     
   1294.00000000000        7.50493744908240     
   1295.00000000000        7.44564549734296     
   1296.00000000000        7.37863803765711     
   1297.00000000000        7.31355240327953     
   1298.00000000000        7.24156282890537     
   1299.00000000000        7.19430085889949     
   1300.00000000000        7.12337474905001     
   1301.00000000000        7.05883392103795     
   1302.00000000000        6.99598395414236     
   1303.00000000000        6.94117227576382     
   1304.00000000000        6.87591329753027     
   1305.00000000000        6.82214313216705     
   1306.00000000000        6.75682080967839     
   1307.00000000000        6.70072147874421     
   1308.00000000000        6.63871939867536     
   1309.00000000000        6.58619491099745     
   1310.00000000000        6.52214894654534     
   1311.00000000000        6.46990560021719     
   1312.00000000000        6.41287412537740     
   1313.00000000000        6.35825213809847     
   1314.00000000000        6.29922736562822     
   1315.00000000000        6.24675727031550     
   1316.00000000000        6.19021262685498     
   1317.00000000000        6.15102838749047     
   1318.00000000000        6.07733915984470     
   1319.00000000000        6.03628477025964     
   1320.00000000000        5.98006473167918     
   1321.00000000000        5.93042114701396     
   1322.00000000000        5.87589704327801     
   1323.00000000000        5.82864712102571     
   1324.00000000000        5.77739436612076     
   1325.00000000000        5.73039327747171     
   1326.00000000000        5.68114597412920     
   1327.00000000000        5.62582977034398     
   1328.00000000000        5.57919790691336     
   1329.00000000000        5.53427223619783     
   1330.00000000000        5.48255171116730     
   1331.00000000000        5.43909678575154     
   1332.00000000000        5.39401112281122     
   1333.00000000000        5.34389505337773     
   1334.00000000000        5.29943377285565     
   1335.00000000000        5.26016384501671     
   1336.00000000000        5.20633389342184     
   1337.00000000000        5.16390340476918     
   1338.00000000000        5.12154335222865     
   1339.00000000000        5.07714630170662     
   1340.00000000000        5.03442560660467     
   1341.00000000000        4.99228452817627     
   1342.00000000000        4.95016210328024     
   1343.00000000000        4.90110548714488     
   1344.00000000000        4.86649390354918     
   1345.00000000000        4.82186577478361     
   1346.00000000000        4.77757349822219     
   1347.00000000000        4.74661067720536     
   1348.00000000000        4.70049813545358     
   1349.00000000000        4.65880522128127     
   1350.00000000000        4.62496776004810     
   1351.00000000000        4.58154989371753     
   1352.00000000000        4.54493474381680     
   1353.00000000000        4.50260694039396     
   1354.00000000000        4.46808183657278     
   1355.00000000000        4.43042873221866     
   1356.00000000000        4.39097621204840     
   1357.00000000000        4.35410971386555     
   1358.00000000000        4.31897857626017     
