0 -0.00000000
1 -0.00010793
2 -0.00021811
3 -0.00033056
4 -0.00044527
5 -0.00056226
6 -0.00068153
7 -0.00080309
8 -0.00092694
9 -0.00105308
10 -0.00118154
11 -0.00131231
12 -0.00144539
13 -0.00158080
14 -0.00171855
15 -0.00185863
16 -0.00200106
17 -0.00214583
18 -0.00229297
19 -0.00244247
20 -0.00259434
21 -0.00274858
22 -0.00290521
23 -0.00306423
24 -0.00322565
25 -0.00338947
26 -0.00355569
27 -0.00372433
28 -0.00389540
29 -0.00406889
30 -0.00424482
31 -0.00442319
32 -0.00460401
33 -0.00478728
34 -0.00497301
35 -0.00516121
36 -0.00535189
37 -0.00554504
38 -0.00574068
39 -0.00593882
40 -0.00613945
41 -0.00634259
42 -0.00654825
43 -0.00675642
44 -0.00696712
45 -0.00718035
46 -0.00739612
47 -0.00761444
48 -0.00783531
49 -0.00805874
50 -0.00828473
51 -0.00851329
52 -0.00874444
53 -0.00897817
54 -0.00921449
55 -0.00945340
56 -0.00969492
57 -0.00993906
58 -0.01018581
59 -0.01043518
60 -0.01068719
61 -0.01094183
62 -0.01119912
63 -0.01145906
64 -0.01172166
65 -0.01198692
66 -0.01225485
67 -0.01252545
68 -0.01279875
69 -0.01307473
70 -0.01335341
71 -0.01363479
72 -0.01391888
73 -0.01420569
74 -0.01449522
75 -0.01478748
76 -0.01508248
77 -0.01538023
78 -0.01568072
79 -0.01598397
80 -0.01628998
81 -0.01659876
82 -0.01691032
83 -0.01722467
84 -0.01754180
85 -0.01786173
86 -0.01818446
87 -0.01851001
88 -0.01883836
89 -0.01916955
90 -0.01950356
91 -0.01984041
92 -0.02018011
93 -0.02052265
94 -0.02086805
95 -0.02121631
96 -0.02156745
97 -0.02192146
98 -0.02227836
99 -0.02263814
100 -0.02300083
101 -0.02336641
102 -0.02373491
103 -0.02410633
104 -0.02448067
105 -0.02485794
106 -0.02523815
107 -0.02562130
108 -0.02600740
109 -0.02639647
110 -0.02678849
111 -0.02718349
112 -0.02758147
113 -0.02798243
114 -0.02838638
115 -0.02879333
116 -0.02920329
117 -0.02961626
118 -0.03003225
119 -0.03045126
120 -0.03087331
121 -0.03129840
122 -0.03172653
123 -0.03215771
124 -0.03259196
125 -0.03302927
126 -0.03346966
127 -0.03391312
128 -0.03435967
129 -0.03480932
130 -0.03526207
131 -0.03571792
132 -0.03617689
133 -0.03663898
134 -0.03710420
135 -0.03757256
136 -0.03804405
137 -0.03851870
138 -0.03899650
139 -0.03947746
140 -0.03996159
141 -0.04044890
142 -0.04093939
143 -0.04143307
144 -0.04192995
145 -0.04243003
146 -0.04293333
147 -0.04343984
148 -0.04394957
149 -0.04446254
150 -0.04497874
151 -0.04549819
152 -0.04602089
153 -0.04654685
154 -0.04707608
155 -0.04760858
156 -0.04814436
157 -0.04868342
158 -0.04922578
159 -0.04977144
160 -0.05032041
161 -0.05087269
162 -0.05142830
163 -0.05198723
164 -0.05254950
165 -0.05311511
166 -0.05368407
167 -0.05425638
168 -0.05483206
169 -0.05541111
170 -0.05599354
171 -0.05657935
172 -0.05716855
173 -0.05776115
174 -0.05835715
175 -0.05895657
176 -0.05955941
177 -0.06016567
178 -0.06077537
179 -0.06138850
180 -0.06200508
181 -0.06262512
182 -0.06324862
183 -0.06387559
184 -0.06450603
185 -0.06513995
186 -0.06577737
187 -0.06641828
188 -0.06706269
189 -0.06771062
190 -0.06836206
191 -0.06901703
192 -0.06967553
193 -0.07033756
194 -0.07100315
195 -0.07167228
196 -0.07234498
197 -0.07302124
198 -0.07370108
199 -0.07438450
200 -0.07507151
201 -0.07576211
202 -0.07645631
203 -0.07715413
204 -0.07785556
205 -0.07856062
206 -0.07926930
207 -0.07998163
208 -0.08069760
209 -0.08141722
210 -0.08214050
211 -0.08286745
212 -0.08359807
213 -0.08433237
214 -0.08507036
215 -0.08581205
216 -0.08655743
217 -0.08730653
218 -0.08805934
219 -0.08881588
220 -0.08957615
221 -0.09034016
222 -0.09110791
223 -0.09187941
224 -0.09265468
225 -0.09343371
226 -0.09421651
227 -0.09500310
228 -0.09579347
229 -0.09658764
230 -0.09738561
231 -0.09818739
232 -0.09899299
233 -0.09980242
234 -0.10061567
235 -0.10143277
236 -0.10225371
237 -0.10307850
238 -0.10390715
239 -0.10473967
240 -0.10557607
241 -0.10641635
242 -0.10726051
243 -0.10810858
244 -0.10896055
245 -0.10981643
246 -0.11067622
247 -0.11153995
248 -0.11240760
249 -0.11327920
250 -0.11415474
251 -0.11503424
252 -0.11591770
253 -0.11680513
254 -0.11769654
255 -0.11859193
256 -0.11949131
257 -0.12039469
258 -0.12130207
259 -0.12221347
260 -0.12312889
261 -0.12404834
262 -0.12497182
263 -0.12589934
264 -0.12683091
265 -0.12776654
266 -0.12870624
267 -0.12965000
268 -0.13059785
269 -0.13154978
270 -0.13250581
271 -0.13346593
272 -0.13443017
273 -0.13539851
274 -0.13637099
275 -0.13734759
276 -0.13832833
277 -0.13931322
278 -0.14030226
279 -0.14129545
280 -0.14229282
281 -0.14329436
282 -0.14430008
283 -0.14530999
284 -0.14632410
285 -0.14734242
286 -0.14836494
287 -0.14939168
288 -0.15042265
289 -0.15145786
290 -0.15249730
291 -0.15354099
292 -0.15458894
293 -0.15564116
294 -0.15669764
295 -0.15775840
296 -0.15882345
297 -0.15989279
298 -0.16096643
299 -0.16204438
300 -0.16312665
301 -0.16421324
302 -0.16530416
303 -0.16639941
304 -0.16749901
305 -0.16860297
306 -0.16971129
307 -0.17082397
308 -0.17194103
309 -0.17306247
310 -0.17418830
311 -0.17531853
312 -0.17645317
313 -0.17759221
314 -0.17873568
315 -0.17988358
316 -0.18103591
317 -0.18219268
318 -0.18335391
319 -0.18451959
320 -0.18568974
321 -0.18686436
322 -0.18804346
323 -0.18922704
324 -0.19041513
325 -0.19160772
326 -0.19280481
327 -0.19400643
328 -0.19521257
329 -0.19642325
330 -0.19763846
331 -0.19885822
332 -0.20008254
333 -0.20131143
334 -0.20254488
335 -0.20378291
336 -0.20502553
337 -0.20627275
338 -0.20752456
339 -0.20878098
340 -0.21004202
341 -0.21130769
342 -0.21257798
343 -0.21385292
344 -0.21513250
345 -0.21641674
346 -0.21770564
347 -0.21899921
348 -0.22029745
349 -0.22160039
350 -0.22290801
351 -0.22422034
352 -0.22553737
353 -0.22685912
354 -0.22818559
355 -0.22951679
356 -0.23085273
357 -0.23219342
358 -0.23353886
359 -0.23488906
360 -0.23624404
361 -0.23760379
362 -0.23896832
363 -0.24033765
364 -0.24171177
365 -0.24309071
366 -0.24447446
367 -0.24586303
368 -0.24725643
369 -0.24865467
370 -0.25005776
371 -0.25146570
372 -0.25287850
373 -0.25429618
374 -0.25571872
375 -0.25714616
376 -0.25857849
377 -0.26001571
378 -0.26145785
379 -0.26290490
380 -0.26435687
381 -0.26581377
382 -0.26727562
383 -0.26874241
384 -0.27021415
385 -0.27169086
386 -0.27317253
387 -0.27465919
388 -0.27615083
389 -0.27764746
390 -0.27914909
391 -0.28065574
392 -0.28216740
393 -0.28368408
394 -0.28520580
395 -0.28673255
396 -0.28826435
397 -0.28980121
398 -0.29134313
399 -0.29289013
400 -0.29444220
401 -0.29599936
402 -0.29756161
403 -0.29912897
404 -0.30070143
405 -0.30227902
406 -0.30386173
407 -0.30544957
408 -0.30704256
409 -0.30864069
410 -0.31024398
411 -0.31185244
412 -0.31346607
413 -0.31508488
414 -0.31670888
415 -0.31833808
416 -0.31997248
417 -0.32161209
418 -0.32325692
419 -0.32490698
420 -0.32656228
421 -0.32822282
422 -0.32988861
423 -0.33155967
424 -0.33323599
425 -0.33491758
426 -0.33660446
427 -0.33829663
428 -0.33999410
429 -0.34169687
430 -0.34340497
431 -0.34511838
432 -0.34683712
433 -0.34856121
434 -0.35029064
435 -0.35202542
436 -0.35376557
437 -0.35551109
438 -0.35726199
439 -0.35901827
440 -0.36077995
441 -0.36254703
442 -0.36431952
443 -0.36609743
444 -0.36788076
445 -0.36966953
446 -0.37146374
447 -0.37326340
448 -0.37506852
449 -0.37687911
450 -0.37869517
451 -0.38051671
452 -0.38234374
453 -0.38417627
454 -0.38601431
455 -0.38785786
456 -0.38970693
457 -0.39156154
458 -0.39342168
459 -0.39528737
460 -0.39715861
461 -0.39903541
462 -0.40091779
463 -0.40280574
464 -0.40469928
465 -0.40659841
466 -0.40850315
467 -0.41041350
468 -0.41232947
469 -0.41425106
470 -0.41617829
471 -0.41811116
472 -0.42004968
473 -0.42199386
474 -0.42394371
475 -0.42589923
476 -0.42786043
477 -0.42982733
478 -0.43179993
479 -0.43377823
480 -0.43576225
481 -0.43775200
482 -0.43974747
483 -0.44174869
484 -0.44375565
485 -0.44576837
486 -0.44778686
487 -0.44981111
488 -0.45184115
489 -0.45387698
490 -0.45591860
491 -0.45796603
492 -0.46001927
493 -0.46207833
494 -0.46414322
495 -0.46621395
496 -0.46829053
497 -0.47037296
498 -0.47246125
499 -0.47455541
500 -0.47665545
501 -0.47876138
502 -0.48087320
503 -0.48299092
504 -0.48511456
505 -0.48724411
506 -0.48937960
507 -0.49152102
508 -0.49366838
509 -0.49582169
510 -0.49798097
511 -0.50014621
512 -0.50231743
513 -0.50449464
514 -0.50667783
515 -0.50886703
516 -0.51106224
517 -0.51326347
518 -0.51547073
519 -0.51768401
520 -0.51990335
521 -0.52212873
522 -0.52436017
523 -0.52659768
524 -0.52884126
525 -0.53109093
526 -0.53334669
527 -0.53560855
528 -0.53787652
529 -0.54015061
530 -0.54243082
531 -0.54471717
532 -0.54700965
533 -0.54930829
534 -0.55161309
535 -0.55392405
536 -0.55624119
537 -0.55856451
538 -0.56089402
539 -0.56322974
540 -0.56557166
541 -0.56791980
542 -0.57027416
543 -0.57263476
544 -0.57500160
545 -0.57737469
546 -0.57975403
547 -0.58213965
548 -0.58453154
549 -0.58692971
550 -0.58933417
551 -0.59174494
552 -0.59416201
553 -0.59658540
554 -0.59901511
555 -0.60145116
556 -0.60389355
557 -0.60634229
558 -0.60879739
559 -0.61125886
560 -0.61372670
561 -0.61620092
562 -0.61868154
563 -0.62116856
564 -0.62366199
565 -0.62616183
566 -0.62866810
567 -0.63118081
568 -0.63369996
569 -0.63622555
570 -0.63875761
571 -0.64129614
572 -0.64384114
573 -0.64639263
574 -0.64895061
575 -0.65151510
576 -0.65408609
577 -0.65666360
578 -0.65924764
579 -0.66183822
580 -0.66443534
581 -0.66703901
582 -0.66964924
583 -0.67226604
584 -0.67488942
585 -0.67751939
586 -0.68015595
587 -0.68279911
588 -0.68544889
589 -0.68810529
590 -0.69076831
591 -0.69343798
592 -0.69611429
593 -0.69879725
594 -0.70148688
595 -0.70418317
596 -0.70688615
597 -0.70959582
598 -0.71231218
599 -0.71503525
600 -0.71776503
601 -0.72050154
602 -0.72324478
603 -0.72599475
604 -0.72875148
605 -0.73151496
606 -0.73428521
607 -0.73706223
608 -0.73984603
609 -0.74263662
610 -0.74543402
611 -0.74823822
612 -0.75104924
613 -0.75386708
614 -0.75669176
615 -0.75952328
616 -0.76236166
617 -0.76520689
618 -0.76805899
619 -0.77091796
620 -0.77378383
621 -0.77665658
622 -0.77953624
623 -0.78242281
624 -0.78531631
625 -0.78821673
626 -0.79112408
627 -0.79403838
628 -0.79695964
629 -0.79988786
630 -0.80282305
631 -0.80576523
632 -0.80871439
633 -0.81167055
634 -0.81463372
635 -0.81760390
636 -0.82058110
637 -0.82356534
638 -0.82655662
639 -0.82955494
640 -0.83256033
641 -0.83557279
642 -0.83859231
643 -0.84161893
644 -0.84465264
645 -0.84769345
646 -0.85074137
647 -0.85379640
648 -0.85685857
649 -0.85992788
650 -0.86300432
651 -0.86608793
652 -0.86917869
653 -0.87227663
654 -0.87538175
655 -0.87849406
656 -0.88161356
657 -0.88474028
658 -0.88787420
659 -0.89101535
660 -0.89416374
661 -0.89731936
662 -0.90048224
663 -0.90365237
664 -0.90682978
665 -0.91001446
666 -0.91320642
667 -0.91640568
668 -0.91961224
669 -0.92282612
670 -0.92604731
671 -0.92927583
672 -0.93251170
673 -0.93575490
674 -0.93900547
675 -0.94226340
676 -0.94552870
677 -0.94880138
678 -0.95208146
679 -0.95536893
680 -0.95866382
681 -0.96196612
682 -0.96527585
683 -0.96859301
684 -0.97191761
685 -0.97524967
686 -0.97858919
687 -0.98193619
688 -0.98529066
689 -0.98865261
690 -0.99202207
691 -0.99539903
692 -0.99878351
693 -1.00217551
694 -1.00557504
695 -1.00898212
696 -1.01239674
697 -1.01581892
698 -1.01924867
699 -1.02268600
700 -1.02613092
701 -1.02958343
702 -1.03304354
703 -1.03651127
704 -1.03998661
705 -1.04346959
706 -1.04696021
707 -1.05045847
708 -1.05396439
709 -1.05747798
710 -1.06099924
711 -1.06452819
712 -1.06806483
713 -1.07160917
714 -1.07516122
715 -1.07872100
716 -1.08228850
717 -1.08586374
718 -1.08944672
719 -1.09303746
720 -1.09663597
721 -1.10024225
722 -1.10385631
723 -1.10747816
724 -1.11110781
725 -1.11474528
726 -1.11839056
727 -1.12204366
728 -1.12570461
729 -1.12937340
730 -1.13305004
731 -1.13673455
732 -1.14042693
733 -1.14412720
734 -1.14783535
735 -1.15155140
736 -1.15527536
737 -1.15900724
738 -1.16274704
739 -1.16649478
740 -1.17025047
741 -1.17401411
742 -1.17778571
743 -1.18156528
744 -1.18535284
745 -1.18914838
746 -1.19295192
747 -1.19676348
748 -1.20058304
749 -1.20441064
750 -1.20824627
751 -1.21208994
752 -1.21594167
753 -1.21980146
754 -1.22366932
755 -1.22754526
756 -1.23142930
757 -1.23532143
758 -1.23922167
759 -1.24313002
760 -1.24704651
761 -1.25097113
762 -1.25490389
763 -1.25884480
764 -1.26279388
765 -1.26675113
766 -1.27071657
767 -1.27469019
768 -1.27867201
769 -1.28266204
770 -1.28666029
771 -1.29066676
772 -1.29468147
773 -1.29870443
774 -1.30273563
775 -1.30677511
776 -1.31082285
777 -1.31487888
778 -1.31894320
779 -1.32301582
780 -1.32709674
781 -1.33118599
782 -1.33528356
783 -1.33938947
784 -1.34350373
785 -1.34762634
786 -1.35175732
787 -1.35589667
788 -1.36004440
789 -1.36420052
790 -1.36836505
791 -1.37253799
792 -1.37671934
793 -1.38090913
794 -1.38510735
795 -1.38931402
796 -1.39352915
797 -1.39775275
798 -1.40198481
799 -1.40622537
800 -1.41047442
801 -1.41473197
802 -1.41899803
803 -1.42327261
804 -1.42755573
805 -1.43184738
806 -1.43614759
807 -1.44045635
808 -1.44477368
809 -1.44909959
810 -1.45343409
811 -1.45777718
812 -1.46212887
813 -1.46648918
814 -1.47085812
815 -1.47523568
816 -1.47962189
817 -1.48401676
818 -1.48842028
819 -1.49283247
820 -1.49725334
821 -1.50168290
822 -1.50612116
823 -1.51056813
824 -1.51502382
825 -1.51948823
826 -1.52396137
827 -1.52844326
828 -1.53293391
829 -1.53743332
830 -1.54194150
831 -1.54645847
832 -1.55098423
833 -1.55551878
834 -1.56006215
835 -1.56461434
836 -1.56917536
837 -1.57374522
838 -1.57832393
839 -1.58291149
840 -1.58750792
841 -1.59211323
842 -1.59672742
843 -1.60135051
844 -1.60598250
845 -1.61062341
846 -1.61527324
847 -1.61993200
848 -1.62459971
849 -1.62927636
850 -1.63396198
851 -1.63865657
852 -1.64336014
853 -1.64807270
854 -1.65279426
855 -1.65752483
856 -1.66226441
857 -1.66701302
858 -1.67177067
859 -1.67653737
860 -1.68131312
861 -1.68609794
862 -1.69089183
863 -1.69569480
864 -1.70050687
865 -1.70532805
866 -1.71015833
867 -1.71499774
868 -1.71984628
869 -1.72470396
870 -1.72957079
871 -1.73444678
872 -1.73933195
873 -1.74422629
874 -1.74912982
875 -1.75404255
876 -1.75896448
877 -1.76389564
878 -1.76883602
879 -1.77378563
880 -1.77874450
881 -1.78371262
882 -1.78869000
883 -1.79367666
884 -1.79867260
885 -1.80367784
886 -1.80869238
887 -1.81371623
888 -1.81874941
889 -1.82379192
890 -1.82884377
891 -1.83390497
892 -1.83897553
893 -1.84405547
894 -1.84914478
895 -1.85424348
896 -1.85935158
897 -1.86446910
898 -1.86959603
899 -1.87473238
900 -1.87987818
901 -1.88503342
902 -1.89019812
903 -1.89537229
904 -1.90055593
905 -1.90574906
906 -1.91095169
907 -1.91616382
908 -1.92138546
909 -1.92661663
910 -1.93185733
911 -1.93710758
912 -1.94236738
913 -1.94763675
914 -1.95291568
915 -1.95820420
916 -1.96350231
917 -1.96881003
918 -1.97412735
919 -1.97945430
920 -1.98479088
921 -1.99013709
922 -1.99549296
923 -2.00085849
924 -2.00623369
925 -2.01161857
926 -2.01701313
927 -2.02241740
928 -2.02783137
929 -2.03325506
930 -2.03868848
931 -2.04413164
932 -2.04958455
933 -2.05504721
934 -2.06051964
935 -2.06600185
936 -2.07149384
937 -2.07699563
938 -2.08250723
939 -2.08802864
940 -2.09355987
941 -2.09910095
942 -2.10465186
943 -2.11021263
944 -2.11578327
945 -2.12136378
946 -2.12695418
947 -2.13255447
948 -2.13816466
949 -2.14378476
950 -2.14941479
951 -2.15505476
952 -2.16070466
953 -2.16636452
954 -2.17203434
955 -2.17771414
956 -2.18340391
957 -2.18910368
958 -2.19481345
959 -2.20053323
960 -2.20626304
961 -2.21200287
962 -2.21775275
963 -2.22351267
964 -2.22928266
965 -2.23506272
966 -2.24085286
967 -2.24665309
968 -2.25246342
969 -2.25828386
970 -2.26411442
971 -2.26995511
972 -2.27580594
973 -2.28166692
974 -2.28753806
975 -2.29341937
976 -2.29931086
977 -2.30521254
978 -2.31112441
979 -2.31704650
980 -2.32297880
981 -2.32892134
982 -2.33487411
983 -2.34083713
984 -2.34681042
985 -2.35279396
986 -2.35878779
987 -2.36479191
988 -2.37080632
989 -2.37683105
990 -2.38286609
991 -2.38891146
992 -2.39496717
993 -2.40103322
994 -2.40710964
995 -2.41319642
996 -2.41929358
997 -2.42540113
998 -2.43151908
999 -2.43764743
1000 -2.44378620
1001 -2.44993540
1002 -2.45609504
1003 -2.46226513
1004 -2.46844567
1005 -2.47463668
1006 -2.48083817
1007 -2.48705015
1008 -2.49327263
1009 -2.49950561
1010 -2.50574911
1011 -2.51200314
1012 -2.51826771
1013 -2.52454283
1014 -2.53082850
1015 -2.53712474
1016 -2.54343156
1017 -2.54974897
1018 -2.55607698
1019 -2.56241560
1020 -2.56876483
1021 -2.57512469
1022 -2.58149519
1023 -2.58787634
1024 -2.59426815
1025 -2.60067062
1026 -2.60708378
1027 -2.61350762
1028 -2.61994216
1029 -2.62638741
1030 -2.63284338
1031 -2.63931008
1032 -2.64578752
1033 -2.65227571
1034 -2.65877466
1035 -2.66528438
1036 -2.67180487
1037 -2.67833616
1038 -2.68487825
1039 -2.69143114
1040 -2.69799486
1041 -2.70456941
1042 -2.71115479
1043 -2.71775103
1044 -2.72435813
1045 -2.73097610
1046 -2.73760495
1047 -2.74424469
1048 -2.75089533
1049 -2.75755689
1050 -2.76422936
1051 -2.77091277
1052 -2.77760712
1053 -2.78431242
1054 -2.79102869
1055 -2.79775592
1056 -2.80449414
1057 -2.81124335
1058 -2.81800357
1059 -2.82477480
1060 -2.83155705
1061 -2.83835033
1062 -2.84515466
1063 -2.85197005
1064 -2.85879649
1065 -2.86563401
1066 -2.87248262
1067 -2.87934232
1068 -2.88621313
1069 -2.89309505
1070 -2.89998810
1071 -2.90689228
1072 -2.91380761
1073 -2.92073410
1074 -2.92767175
1075 -2.93462058
1076 -2.94158059
1077 -2.94855181
1078 -2.95553423
1079 -2.96252786
1080 -2.96953273
1081 -2.97654884
1082 -2.98357619
1083 -2.99061480
1084 -2.99766469
1085 -3.00472585
1086 -3.01179830
1087 -3.01888205
1088 -3.02597711
1089 -3.03308349
1090 -3.04020121
1091 -3.04733026
1092 -3.05447067
1093 -3.06162244
1094 -3.06878558
1095 -3.07596010
1096 -3.08314602
1097 -3.09034334
1098 -3.09755207
1099 -3.10477223
1100 -3.11200382
1101 -3.11924686
1102 -3.12650135
1103 -3.13376730
1104 -3.14104473
1105 -3.14833365
1106 -3.15563407
1107 -3.16294599
1108 -3.17026943
1109 -3.17760439
1110 -3.18495090
1111 -3.19230895
1112 -3.19967856
1113 -3.20705974
1114 -3.21445250
1115 -3.22185685
1116 -3.22927279
1117 -3.23670035
1118 -3.24413954
1119 -3.25159035
1120 -3.25905280
1121 -3.26652691
1122 -3.27401268
1123 -3.28151012
1124 -3.28901925
1125 -3.29654007
1126 -3.30407259
1127 -3.31161683
1128 -3.31917279
1129 -3.32674049
1130 -3.33431994
1131 -3.34191114
1132 -3.34951411
1133 -3.35712886
1134 -3.36475540
1135 -3.37239373
1136 -3.38004387
1137 -3.38770584
1138 -3.39537963
1139 -3.40306526
1140 -3.41076275
1141 -3.41847209
1142 -3.42619331
1143 -3.43392641
1144 -3.44167140
1145 -3.44942830
1146 -3.45719711
1147 -3.46497784
1148 -3.47277051
1149 -3.48057513
1150 -3.48839170
1151 -3.49622023
1152 -3.50406075
1153 -3.51191325
1154 -3.51977775
1155 -3.52765426
1156 -3.53554279
1157 -3.54344334
1158 -3.55135594
1159 -3.55928059
1160 -3.56721730
1161 -3.57516608
1162 -3.58312695
1163 -3.59109990
1164 -3.59908496
1165 -3.60708214
1166 -3.61509144
1167 -3.62311288
1168 -3.63114646
1169 -3.63919220
1170 -3.64725010
1171 -3.65532018
1172 -3.66340246
1173 -3.67149693
1174 -3.67960361
1175 -3.68772251
1176 -3.69585364
1177 -3.70399701
1178 -3.71215264
1179 -3.72032052
1180 -3.72850068
1181 -3.73669313
1182 -3.74489787
1183 -3.75311491
1184 -3.76134427
1185 -3.76958596
1186 -3.77783998
1187 -3.78610636
1188 -3.79438509
1189 -3.80267619
1190 -3.81097967
1191 -3.81929554
1192 -3.82762381
1193 -3.83596449
1194 -3.84431760
1195 -3.85268314
1196 -3.86106112
1197 -3.86945156
1198 -3.87785446
1199 -3.88626984
1200 -3.89469770
1201 -3.90313807
1202 -3.91159094
1203 -3.92005633
1204 -3.92853425
1205 -3.93702471
1206 -3.94552772
1207 -3.95404329
1208 -3.96257144
1209 -3.97111216
1210 -3.97966549
1211 -3.98823141
1212 -3.99680995
1213 -4.00540112
1214 -4.01400493
1215 -4.02262138
1216 -4.03125049
1217 -4.03989227
1218 -4.04854673
1219 -4.05721389
1220 -4.06589374
1221 -4.07458630
1222 -4.08329159
1223 -4.09200961
1224 -4.10074038
1225 -4.10948390
1226 -4.11824019
1227 -4.12700926
1228 -4.13579111
1229 -4.14458576
1230 -4.15339323
1231 -4.16221351
1232 -4.17104662
1233 -4.17989258
1234 -4.18875138
1235 -4.19762306
1236 -4.20650760
1237 -4.21540503
1238 -4.22431536
1239 -4.23323859
1240 -4.24217475
1241 -4.25112383
1242 -4.26008585
1243 -4.26906082
1244 -4.27804875
1245 -4.28704965
1246 -4.29606354
1247 -4.30509042
1248 -4.31413031
1249 -4.32318321
1250 -4.33224914
1251 -4.34132810
1252 -4.35042011
1253 -4.35952519
1254 -4.36864333
1255 -4.37777455
1256 -4.38691887
1257 -4.39607629
1258 -4.40524682
1259 -4.41443047
1260 -4.42362727
1261 -4.43283720
1262 -4.44206030
1263 -4.45129656
1264 -4.46054601
1265 -4.46980864
1266 -4.47908447
1267 -4.48837352
1268 -4.49767579
1269 -4.50699129
1270 -4.51632004
1271 -4.52566205
1272 -4.53501732
1273 -4.54438587
1274 -4.55376770
1275 -4.56316284
1276 -4.57257129
1277 -4.58199306
1278 -4.59142816
1279 -4.60087661
1280 -4.61033841
1281 -4.61981358
1282 -4.62930212
1283 -4.63880405
1284 -4.64831938
1285 -4.65784812
1286 -4.66739028
1287 -4.67694587
1288 -4.68651491
1289 -4.69609739
1290 -4.70569335
1291 -4.71530278
1292 -4.72492569
1293 -4.73456211
1294 -4.74421203
1295 -4.75387547
1296 -4.76355244
1297 -4.77324296
1298 -4.78294703
1299 -4.79266466
1300 -4.80239587
1301 -4.81214067
1302 -4.82189906
1303 -4.83167106
1304 -4.84145668
1305 -4.85125593
1306 -4.86106882
1307 -4.87089537
1308 -4.88073558
1309 -4.89058946
1310 -4.90045703
1311 -4.91033830
1312 -4.92023328
1313 -4.93014197
1314 -4.94006440
1315 -4.95000057
1316 -4.95995049
1317 -4.96991417
1318 -4.97989163
1319 -4.98988288
1320 -4.99988792
1321 -5.00990677
1322 -5.01993945
1323 -5.02998595
1324 -5.04004629
1325 -5.05012049
1326 -5.06020855
1327 -5.07031049
1328 -5.08042631
1329 -5.09055603
1330 -5.10069966
1331 -5.11085721
1332 -5.12102869
1333 -5.13121412
1334 -5.14141349
1335 -5.15162684
1336 -5.16185415
1337 -5.17209546
1338 -5.18235076
1339 -5.19262008
1340 -5.20290341
1341 -5.21320078
1342 -5.22351219
1343 -5.23383765
1344 -5.24417718
1345 -5.25453079
1346 -5.26489848
1347 -5.27528028
1348 -5.28567618
1349 -5.29608621
1350 -5.30651037
1351 -5.31694867
1352 -5.32740113
1353 -5.33786776
1354 -5.34834857
1355 -5.35884356
1356 -5.36935276
1357 -5.37987616
1358 -5.39041379
