0 -0.00000000
1 -0.00012171
2 -0.00024145
3 -0.00035920
4 -0.00047499
5 -0.00058882
6 -0.00070069
7 -0.00081060
8 -0.00091856
9 -0.00102457
10 -0.00112865
11 -0.00123078
12 -0.00133099
13 -0.00142927
14 -0.00152563
15 -0.00162007
16 -0.00171260
17 -0.00180322
18 -0.00189194
19 -0.00197877
20 -0.00206370
21 -0.00214674
22 -0.00222790
23 -0.00230718
24 -0.00238459
25 -0.00246013
26 -0.00253381
27 -0.00260564
28 -0.00267560
29 -0.00274373
30 -0.00281000
31 -0.00287444
32 -0.00293705
33 -0.00299783
34 -0.00305679
35 -0.00311393
36 -0.00316926
37 -0.00322278
38 -0.00327450
39 -0.00332442
40 -0.00337255
41 -0.00341889
42 -0.00346346
43 -0.00350624
44 -0.00354726
45 -0.00358651
46 -0.00362400
47 -0.00365973
48 -0.00369371
49 -0.00372595
50 -0.00375645
51 -0.00378522
52 -0.00381225
53 -0.00383756
54 -0.00386116
55 -0.00388304
56 -0.00390322
57 -0.00392169
58 -0.00393846
59 -0.00395355
60 -0.00396695
61 -0.00397867
62 -0.00398871
63 -0.00399708
64 -0.00400379
65 -0.00400885
66 -0.00401224
67 -0.00401399
68 -0.00401410
69 -0.00401258
70 -0.00400942
71 -0.00400463
72 -0.00399823
73 -0.00399021
74 -0.00398059
75 -0.00396936
76 -0.00395653
77 -0.00394211
78 -0.00392611
79 -0.00390853
80 -0.00388937
81 -0.00386864
82 -0.00384635
83 -0.00382250
84 -0.00379710
85 -0.00377015
86 -0.00374166
87 -0.00371164
88 -0.00368009
89 -0.00364702
90 -0.00361243
91 -0.00357633
92 -0.00353872
93 -0.00349962
94 -0.00345901
95 -0.00341693
96 -0.00337336
97 -0.00332831
98 -0.00328179
99 -0.00323381
100 -0.00318437
101 -0.00313348
102 -0.00308115
103 -0.00302737
104 -0.00297216
105 -0.00291552
106 -0.00285745
107 -0.00279797
108 -0.00273708
109 -0.00267479
110 -0.00261110
111 -0.00254602
112 -0.00247955
113 -0.00241170
114 -0.00234247
115 -0.00227188
116 -0.00219993
117 -0.00212662
118 -0.00205197
119 -0.00197597
120 -0.00189863
121 -0.00181996
122 -0.00173997
123 -0.00165866
124 -0.00157604
125 -0.00149212
126 -0.00140689
127 -0.00132038
128 -0.00123257
129 -0.00114349
130 -0.00105313
131 -0.00096150
132 -0.00086862
133 -0.00077447
134 -0.00067908
135 -0.00058245
136 -0.00048458
137 -0.00038549
138 -0.00028517
139 -0.00018363
140 -0.00008088
141 0.00002307
142 0.00012821
143 0.00023455
144 0.00034207
145 0.00045077
146 0.00056064
147 0.00067167
148 0.00078386
149 0.00089720
150 0.00101168
151 0.00112731
152 0.00124406
153 0.00136194
154 0.00148094
155 0.00160105
156 0.00172226
157 0.00184457
158 0.00196797
159 0.00209246
160 0.00221803
161 0.00234466
162 0.00247236
163 0.00260112
164 0.00273093
165 0.00286178
166 0.00299367
167 0.00312659
168 0.00326053
169 0.00339549
170 0.00353146
171 0.00366843
172 0.00380640
173 0.00394535
174 0.00408529
175 0.00422621
176 0.00436809
177 0.00451093
178 0.00465473
179 0.00479948
180 0.00494517
181 0.00509179
182 0.00523933
183 0.00538780
184 0.00553718
185 0.00568746
186 0.00583864
187 0.00599072
188 0.00614367
189 0.00629751
190 0.00645221
191 0.00660778
192 0.00676420
193 0.00692147
194 0.00707958
195 0.00723853
196 0.00739830
197 0.00755889
198 0.00772030
199 0.00788251
200 0.00804552
201 0.00820932
202 0.00837390
203 0.00853926
204 0.00870538
205 0.00887227
206 0.00903991
207 0.00920830
208 0.00937743
209 0.00954729
210 0.00971788
211 0.00988918
212 0.01006120
213 0.01023391
214 0.01040732
215 0.01058142
216 0.01075620
217 0.01093165
218 0.01110777
219 0.01128454
220 0.01146196
221 0.01164003
222 0.01181873
223 0.01199806
224 0.01217801
225 0.01235857
226 0.01253974
227 0.01272150
228 0.01290386
229 0.01308679
230 0.01327030
231 0.01345438
232 0.01363902
233 0.01382420
234 0.01400993
235 0.01419620
236 0.01438300
237 0.01457031
238 0.01475814
239 0.01494647
240 0.01513530
241 0.01532462
242 0.01551442
243 0.01570470
244 0.01589544
245 0.01608664
246 0.01627829
247 0.01647038
248 0.01666291
249 0.01685586
250 0.01704924
251 0.01724302
252 0.01743720
253 0.01763179
254 0.01782675
255 0.01802210
256 0.01821782
257 0.01841390
258 0.01861034
259 0.01880712
260 0.01900424
261 0.01920170
262 0.01939947
263 0.01959756
264 0.01979596
265 0.01999466
266 0.02019364
267 0.02039291
268 0.02059246
269 0.02079227
270 0.02099234
271 0.02119265
272 0.02139321
273 0.02159400
274 0.02179502
275 0.02199626
276 0.02219770
277 0.02239934
278 0.02260118
279 0.02280320
280 0.02300540
281 0.02320776
282 0.02341028
283 0.02361295
284 0.02381577
285 0.02401872
286 0.02422179
287 0.02442498
288 0.02462828
289 0.02483168
290 0.02503517
291 0.02523875
292 0.02544240
293 0.02564612
294 0.02584989
295 0.02605372
296 0.02625758
297 0.02646148
298 0.02666540
299 0.02686934
300 0.02707329
301 0.02727723
302 0.02748116
303 0.02768508
304 0.02788896
305 0.02809282
306 0.02829662
307 0.02850037
308 0.02870407
309 0.02890769
310 0.02911123
311 0.02931468
312 0.02951804
313 0.02972129
314 0.02992442
315 0.03012744
316 0.03033032
317 0.03053306
318 0.03073565
319 0.03093808
320 0.03114035
321 0.03134244
322 0.03154435
323 0.03174606
324 0.03194757
325 0.03214887
326 0.03234995
327 0.03255080
328 0.03275141
329 0.03295178
330 0.03315188
331 0.03335173
332 0.03355130
333 0.03375059
334 0.03394958
335 0.03414828
336 0.03434666
337 0.03454473
338 0.03474247
339 0.03493987
340 0.03513693
341 0.03533363
342 0.03552996
343 0.03572593
344 0.03592151
345 0.03611670
346 0.03631148
347 0.03650586
348 0.03669982
349 0.03689335
350 0.03708644
351 0.03727909
352 0.03747128
353 0.03766300
354 0.03785425
355 0.03804502
356 0.03823529
357 0.03842507
358 0.03861432
359 0.03880306
360 0.03899127
361 0.03917894
362 0.03936606
363 0.03955262
364 0.03973861
365 0.03992402
366 0.04010885
367 0.04029309
368 0.04047671
369 0.04065972
370 0.04084211
371 0.04102386
372 0.04120497
373 0.04138543
374 0.04156522
375 0.04174435
376 0.04192279
377 0.04210054
378 0.04227758
379 0.04245392
380 0.04262954
381 0.04280443
382 0.04297858
383 0.04315198
384 0.04332462
385 0.04349649
386 0.04366759
387 0.04383790
388 0.04400741
389 0.04417611
390 0.04434400
391 0.04451106
392 0.04467729
393 0.04484267
394 0.04500719
395 0.04517085
396 0.04533363
397 0.04549553
398 0.04565653
399 0.04581662
400 0.04597581
401 0.04613406
402 0.04629139
403 0.04644777
404 0.04660319
405 0.04675765
406 0.04691114
407 0.04706364
408 0.04721515
409 0.04736565
410 0.04751514
411 0.04766361
412 0.04781104
413 0.04795742
414 0.04810276
415 0.04824703
416 0.04839022
417 0.04853233
418 0.04867334
419 0.04881326
420 0.04895205
421 0.04908972
422 0.04922626
423 0.04936165
424 0.04949588
425 0.04962895
426 0.04976085
427 0.04989156
428 0.05002107
429 0.05014937
430 0.05027646
431 0.05040232
432 0.05052695
433 0.05065032
434 0.05077244
435 0.05089329
436 0.05101286
437 0.05113115
438 0.05124813
439 0.05136381
440 0.05147816
441 0.05159118
442 0.05170287
443 0.05181320
444 0.05192217
445 0.05202977
446 0.05213598
447 0.05224080
448 0.05234422
449 0.05244623
450 0.05254681
451 0.05264595
452 0.05274365
453 0.05283990
454 0.05293467
455 0.05302797
456 0.05311978
457 0.05321009
458 0.05329890
459 0.05338618
460 0.05347193
461 0.05355614
462 0.05363880
463 0.05371990
464 0.05379943
465 0.05387737
466 0.05395371
467 0.05402845
468 0.05410158
469 0.05417307
470 0.05424293
471 0.05431114
472 0.05437770
473 0.05444258
474 0.05450578
475 0.05456729
476 0.05462709
477 0.05468519
478 0.05474156
479 0.05479619
480 0.05484908
481 0.05490021
482 0.05494957
483 0.05499715
484 0.05504294
485 0.05508694
486 0.05512912
487 0.05516947
488 0.05520800
489 0.05524468
490 0.05527950
491 0.05531245
492 0.05534353
493 0.05537272
494 0.05540001
495 0.05542538
496 0.05544884
497 0.05547036
498 0.05548993
499 0.05550755
500 0.05552320
501 0.05553688
502 0.05554856
503 0.05555825
504 0.05556592
505 0.05557157
506 0.05557518
507 0.05557675
508 0.05557626
509 0.05557371
510 0.05556907
511 0.05556235
512 0.05555352
513 0.05554258
514 0.05552951
515 0.05551430
516 0.05549695
517 0.05547744
518 0.05545576
519 0.05543190
520 0.05540585
521 0.05537759
522 0.05534711
523 0.05531441
524 0.05527946
525 0.05524227
526 0.05520281
527 0.05516108
528 0.05511707
529 0.05507076
530 0.05502214
531 0.05497120
532 0.05491793
533 0.05486231
534 0.05480435
535 0.05474401
536 0.05468130
537 0.05461620
538 0.05454869
539 0.05447878
540 0.05440643
541 0.05433166
542 0.05425443
543 0.05417475
544 0.05409259
545 0.05400795
546 0.05392081
547 0.05383117
548 0.05373901
549 0.05364432
550 0.05354709
551 0.05344730
552 0.05334494
553 0.05324001
554 0.05313249
555 0.05302237
556 0.05290963
557 0.05279427
558 0.05267627
559 0.05255562
560 0.05243231
561 0.05230633
562 0.05217766
563 0.05204630
564 0.05191222
565 0.05177543
566 0.05163590
567 0.05149362
568 0.05134859
569 0.05120079
570 0.05105021
571 0.05089683
572 0.05074065
573 0.05058165
574 0.05041982
575 0.05025515
576 0.05008763
577 0.04991723
578 0.04974396
579 0.04956780
580 0.04938874
581 0.04920676
582 0.04902185
583 0.04883400
584 0.04864320
585 0.04844944
586 0.04825270
587 0.04805297
588 0.04785024
589 0.04764449
590 0.04743572
591 0.04722391
592 0.04700905
593 0.04679113
594 0.04657013
595 0.04634605
596 0.04611886
597 0.04588856
598 0.04565514
599 0.04541858
600 0.04517886
601 0.04493599
602 0.04468994
603 0.04444070
604 0.04418827
605 0.04393262
606 0.04367374
607 0.04341163
608 0.04314626
609 0.04287764
610 0.04260574
611 0.04233055
612 0.04205205
613 0.04177025
614 0.04148512
615 0.04119665
616 0.04090483
617 0.04060964
618 0.04031108
619 0.04000913
620 0.03970377
621 0.03939500
622 0.03908280
623 0.03876717
624 0.03844807
625 0.03812551
626 0.03779948
627 0.03746995
628 0.03713691
629 0.03680036
630 0.03646028
631 0.03611665
632 0.03576947
633 0.03541872
634 0.03506439
635 0.03470646
636 0.03434492
637 0.03397976
638 0.03361097
639 0.03323853
640 0.03286244
641 0.03248267
642 0.03209921
643 0.03171205
644 0.03132118
645 0.03092659
646 0.03052826
647 0.03012618
648 0.02972033
649 0.02931070
650 0.02889729
651 0.02848007
652 0.02805903
653 0.02763417
654 0.02720546
655 0.02677289
656 0.02633645
657 0.02589614
658 0.02545192
659 0.02500380
660 0.02455175
661 0.02409577
662 0.02363583
663 0.02317194
664 0.02270407
665 0.02223221
666 0.02175635
667 0.02127647
668 0.02079256
669 0.02030461
670 0.01981261
671 0.01931653
672 0.01881637
673 0.01831212
674 0.01780375
675 0.01729127
676 0.01677464
677 0.01625387
678 0.01572893
679 0.01519982
680 0.01466651
681 0.01412900
682 0.01358727
683 0.01304132
684 0.01249111
685 0.01193665
686 0.01137792
687 0.01081490
688 0.01024758
689 0.00967595
690 0.00909999
691 0.00851969
692 0.00793504
693 0.00734602
694 0.00675261
695 0.00615482
696 0.00555261
697 0.00494598
698 0.00433492
699 0.00371941
700 0.00309943
701 0.00247497
702 0.00184603
703 0.00121257
704 0.00057460
705 -0.00006790
706 -0.00071495
707 -0.00136657
708 -0.00202275
709 -0.00268353
710 -0.00334890
711 -0.00401890
712 -0.00469352
713 -0.00537279
714 -0.00605672
715 -0.00674532
716 -0.00743860
717 -0.00813658
718 -0.00883928
719 -0.00954671
720 -0.01025888
721 -0.01097581
722 -0.01169750
723 -0.01242398
724 -0.01315526
725 -0.01389135
726 -0.01463227
727 -0.01537803
728 -0.01612865
729 -0.01688413
730 -0.01764450
731 -0.01840976
732 -0.01917994
733 -0.01995504
734 -0.02073509
735 -0.02152008
736 -0.02231005
737 -0.02310500
738 -0.02390495
739 -0.02470990
740 -0.02551989
741 -0.02633491
742 -0.02715499
743 -0.02798014
744 -0.02881037
745 -0.02964570
746 -0.03048614
747 -0.03133171
748 -0.03218242
749 -0.03303828
750 -0.03389931
751 -0.03476553
752 -0.03563695
753 -0.03651357
754 -0.03739543
755 -0.03828253
756 -0.03917488
757 -0.04007251
758 -0.04097542
759 -0.04188363
760 -0.04279716
761 -0.04371602
762 -0.04464022
763 -0.04556978
764 -0.04650471
765 -0.04744503
766 -0.04839075
767 -0.04934189
768 -0.05029846
769 -0.05126048
770 -0.05222796
771 -0.05320091
772 -0.05417936
773 -0.05516331
774 -0.05615278
775 -0.05714778
776 -0.05814834
777 -0.05915446
778 -0.06016616
779 -0.06118345
780 -0.06220635
781 -0.06323488
782 -0.06426904
783 -0.06530886
784 -0.06635434
785 -0.06740551
786 -0.06846238
787 -0.06952496
788 -0.07059327
789 -0.07166732
790 -0.07274713
791 -0.07383271
792 -0.07492408
793 -0.07602125
794 -0.07712424
795 -0.07823307
796 -0.07934774
797 -0.08046827
798 -0.08159469
799 -0.08272699
800 -0.08386520
801 -0.08500934
802 -0.08615942
803 -0.08731545
804 -0.08847744
805 -0.08964543
806 -0.09081941
807 -0.09199940
808 -0.09318542
809 -0.09437749
810 -0.09557562
811 -0.09677983
812 -0.09799012
813 -0.09920652
814 -0.10042904
815 -0.10165770
816 -0.10289251
817 -0.10413348
818 -0.10538064
819 -0.10663399
820 -0.10789356
821 -0.10915935
822 -0.11043139
823 -0.11170969
824 -0.11299426
825 -0.11428512
826 -0.11558229
827 -0.11688578
828 -0.11819560
829 -0.11951178
830 -0.12083432
831 -0.12216324
832 -0.12349857
833 -0.12484030
834 -0.12618847
835 -0.12754308
836 -0.12890415
837 -0.13027169
838 -0.13164573
839 -0.13302627
840 -0.13441334
841 -0.13580694
842 -0.13720710
843 -0.13861383
844 -0.14002714
845 -0.14144706
846 -0.14287359
847 -0.14430675
848 -0.14574656
849 -0.14719304
850 -0.14864619
851 -0.15010604
852 -0.15157260
853 -0.15304588
854 -0.15452591
855 -0.15601270
856 -0.15750626
857 -0.15900661
858 -0.16051377
859 -0.16202775
860 -0.16354857
861 -0.16507624
862 -0.16661077
863 -0.16815220
864 -0.16970052
865 -0.17125577
866 -0.17281794
867 -0.17438707
868 -0.17596316
869 -0.17754623
870 -0.17913630
871 -0.18073338
872 -0.18233749
873 -0.18394864
874 -0.18556686
875 -0.18719215
876 -0.18882454
877 -0.19046404
878 -0.19211066
879 -0.19376442
880 -0.19542535
881 -0.19709344
882 -0.19876873
883 -0.20045122
884 -0.20214093
885 -0.20383789
886 -0.20554209
887 -0.20725357
888 -0.20897234
889 -0.21069841
890 -0.21243180
891 -0.21417252
892 -0.21592060
893 -0.21767605
894 -0.21943888
895 -0.22120912
896 -0.22298677
897 -0.22477185
898 -0.22656439
899 -0.22836439
900 -0.23017188
901 -0.23198686
902 -0.23380937
903 -0.23563940
904 -0.23747698
905 -0.23932213
906 -0.24117486
907 -0.24303519
908 -0.24490314
909 -0.24677871
910 -0.24866194
911 -0.25055282
912 -0.25245139
913 -0.25435766
914 -0.25627164
915 -0.25819335
916 -0.26012281
917 -0.26206003
918 -0.26400504
919 -0.26595784
920 -0.26791845
921 -0.26988690
922 -0.27186319
923 -0.27384735
924 -0.27583939
925 -0.27783932
926 -0.27984717
927 -0.28186295
928 -0.28388668
929 -0.28591837
930 -0.28795805
931 -0.29000572
932 -0.29206141
933 -0.29412512
934 -0.29619689
935 -0.29827672
936 -0.30036464
937 -0.30246065
938 -0.30456478
939 -0.30667704
940 -0.30879746
941 -0.31092604
942 -0.31306280
943 -0.31520776
944 -0.31736094
945 -0.31952236
946 -0.32169203
947 -0.32386996
948 -0.32605619
949 -0.32825071
950 -0.33045356
951 -0.33266474
952 -0.33488427
953 -0.33711218
954 -0.33934847
955 -0.34159317
956 -0.34384630
957 -0.34610786
958 -0.34837788
959 -0.35065637
960 -0.35294335
961 -0.35523884
962 -0.35754286
963 -0.35985542
964 -0.36217654
965 -0.36450624
966 -0.36684453
967 -0.36919143
968 -0.37154696
969 -0.37391114
970 -0.37628398
971 -0.37866550
972 -0.38105573
973 -0.38345466
974 -0.38586233
975 -0.38827875
976 -0.39070394
977 -0.39313791
978 -0.39558068
979 -0.39803228
980 -0.40049271
981 -0.40296200
982 -0.40544016
983 -0.40792720
984 -0.41042316
985 -0.41292804
986 -0.41544187
987 -0.41796465
988 -0.42049641
989 -0.42303716
990 -0.42558693
991 -0.42814573
992 -0.43071358
993 -0.43329049
994 -0.43587648
995 -0.43847158
996 -0.44107579
997 -0.44368914
998 -0.44631164
999 -0.44894332
1000 -0.45158418
1001 -0.45423425
1002 -0.45689354
1003 -0.45956208
1004 -0.46223987
1005 -0.46492695
1006 -0.46762332
1007 -0.47032900
1008 -0.47304401
1009 -0.47576838
1010 -0.47850211
1011 -0.48124522
1012 -0.48399774
1013 -0.48675967
1014 -0.48953105
1015 -0.49231188
1016 -0.49510219
1017 -0.49790198
1018 -0.50071129
1019 -0.50353012
1020 -0.50635850
1021 -0.50919645
1022 -0.51204398
1023 -0.51490110
1024 -0.51776785
1025 -0.52064423
1026 -0.52353026
1027 -0.52642596
1028 -0.52933136
1029 -0.53224646
1030 -0.53517129
1031 -0.53810587
1032 -0.54105020
1033 -0.54400432
1034 -0.54696824
1035 -0.54994197
1036 -0.55292554
1037 -0.55591896
1038 -0.55892225
1039 -0.56193543
1040 -0.56495852
1041 -0.56799154
1042 -0.57103450
1043 -0.57408742
1044 -0.57715033
1045 -0.58022323
1046 -0.58330615
1047 -0.58639911
1048 -0.58950212
1049 -0.59261520
1050 -0.59573837
1051 -0.59887166
1052 -0.60201507
1053 -0.60516862
1054 -0.60833234
1055 -0.61150625
1056 -0.61469035
1057 -0.61788468
1058 -0.62108924
1059 -0.62430406
1060 -0.62752916
1061 -0.63076455
1062 -0.63401025
1063 -0.63726628
1064 -0.64053266
1065 -0.64380941
1066 -0.64709654
1067 -0.65039408
1068 -0.65370205
1069 -0.65702045
1070 -0.66034932
1071 -0.66368866
1072 -0.66703851
1073 -0.67039887
1074 -0.67376976
1075 -0.67715121
1076 -0.68054323
1077 -0.68394585
1078 -0.68735907
1079 -0.69078293
1080 -0.69421743
1081 -0.69766259
1082 -0.70111845
1083 -0.70458500
1084 -0.70806228
1085 -0.71155030
1086 -0.71504908
1087 -0.71855864
1088 -0.72207900
1089 -0.72561018
1090 -0.72915219
1091 -0.73270505
1092 -0.73626879
1093 -0.73984343
1094 -0.74342897
1095 -0.74702544
1096 -0.75063287
1097 -0.75425126
1098 -0.75788064
1099 -0.76152103
1100 -0.76517244
1101 -0.76883489
1102 -0.77250841
1103 -0.77619301
1104 -0.77988872
1105 -0.78359554
1106 -0.78731350
1107 -0.79104263
1108 -0.79478293
1109 -0.79853442
1110 -0.80229714
1111 -0.80607109
1112 -0.80985629
1113 -0.81365277
1114 -0.81746054
1115 -0.82127962
1116 -0.82511003
1117 -0.82895180
1118 -0.83280493
1119 -0.83666945
1120 -0.84054539
1121 -0.84443275
1122 -0.84833155
1123 -0.85224182
1124 -0.85616358
1125 -0.86009684
1126 -0.86404163
1127 -0.86799796
1128 -0.87196586
1129 -0.87594533
1130 -0.87993641
1131 -0.88393911
1132 -0.88795345
1133 -0.89197945
1134 -0.89601713
1135 -0.90006651
1136 -0.90412760
1137 -0.90820044
1138 -0.91228503
1139 -0.91638140
1140 -0.92048956
1141 -0.92460955
1142 -0.92874136
1143 -0.93288504
1144 -0.93704058
1145 -0.94120803
1146 -0.94538738
1147 -0.94957867
1148 -0.95378192
1149 -0.95799713
1150 -0.96222434
1151 -0.96646356
1152 -0.97071481
1153 -0.97497812
1154 -0.97925349
1155 -0.98354096
1156 -0.98784054
1157 -0.99215225
1158 -0.99647610
1159 -1.00081213
1160 -1.00516035
1161 -1.00952078
1162 -1.01389344
1163 -1.01827835
1164 -1.02267552
1165 -1.02708499
1166 -1.03150676
1167 -1.03594087
1168 -1.04038732
1169 -1.04484614
1170 -1.04931735
1171 -1.05380097
1172 -1.05829702
1173 -1.06280551
1174 -1.06732648
1175 -1.07185993
1176 -1.07640589
1177 -1.08096438
1178 -1.08553542
1179 -1.09011902
1180 -1.09471522
1181 -1.09932402
1182 -1.10394545
1183 -1.10857953
1184 -1.11322628
1185 -1.11788572
1186 -1.12255787
1187 -1.12724275
1188 -1.13194038
1189 -1.13665077
1190 -1.14137396
1191 -1.14610996
1192 -1.15085878
1193 -1.15562046
1194 -1.16039501
1195 -1.16518245
1196 -1.16998280
1197 -1.17479608
1198 -1.17962232
1199 -1.18446152
1200 -1.18931372
1201 -1.19417893
1202 -1.19905718
1203 -1.20394848
1204 -1.20885285
1205 -1.21377032
1206 -1.21870090
1207 -1.22364461
1208 -1.22860148
1209 -1.23357153
1210 -1.23855478
1211 -1.24355124
1212 -1.24856093
1213 -1.25358389
1214 -1.25862012
1215 -1.26366966
1216 -1.26873251
1217 -1.27380870
1218 -1.27889825
1219 -1.28400119
1220 -1.28911752
1221 -1.29424728
1222 -1.29939048
1223 -1.30454714
1224 -1.30971729
1225 -1.31490094
1226 -1.32009812
1227 -1.32530884
1228 -1.33053313
1229 -1.33577101
1230 -1.34102249
1231 -1.34628761
1232 -1.35156637
1233 -1.35685880
1234 -1.36216493
1235 -1.36748476
1236 -1.37281833
1237 -1.37816566
1238 -1.38352675
1239 -1.38890165
1240 -1.39429035
1241 -1.39969290
1242 -1.40510930
1243 -1.41053958
1244 -1.41598376
1245 -1.42144186
1246 -1.42691390
1247 -1.43239991
1248 -1.43789989
1249 -1.44341388
1250 -1.44894190
1251 -1.45448396
1252 -1.46004009
1253 -1.46561031
1254 -1.47119463
1255 -1.47679309
1256 -1.48240569
1257 -1.48803247
1258 -1.49367345
1259 -1.49932863
1260 -1.50499806
1261 -1.51068173
1262 -1.51637969
1263 -1.52209195
1264 -1.52781852
1265 -1.53355944
1266 -1.53931471
1267 -1.54508438
1268 -1.55086844
1269 -1.55666694
1270 -1.56247988
1271 -1.56830728
1272 -1.57414918
1273 -1.58000559
1274 -1.58587653
1275 -1.59176203
1276 -1.59766210
1277 -1.60357676
1278 -1.60950605
1279 -1.61544997
1280 -1.62140855
1281 -1.62738181
1282 -1.63336978
1283 -1.63937247
1284 -1.64538991
1285 -1.65142211
1286 -1.65746911
1287 -1.66353091
1288 -1.66960754
1289 -1.67569903
1290 -1.68180539
1291 -1.68792665
1292 -1.69406283
1293 -1.70021394
1294 -1.70638002
1295 -1.71256108
1296 -1.71875714
1297 -1.72496822
1298 -1.73119436
1299 -1.73743556
1300 -1.74369185
1301 -1.74996326
1302 -1.75624980
1303 -1.76255149
1304 -1.76886836
1305 -1.77520043
1306 -1.78154772
1307 -1.78791025
1308 -1.79428804
1309 -1.80068112
1310 -1.80708951
1311 -1.81351323
1312 -1.81995229
1313 -1.82640673
1314 -1.83287657
1315 -1.83936182
1316 -1.84586250
1317 -1.85237865
1318 -1.85891028
1319 -1.86545741
1320 -1.87202007
1321 -1.87859828
1322 -1.88519205
1323 -1.89180142
1324 -1.89842640
1325 -1.90506701
1326 -1.91172328
1327 -1.91839523
1328 -1.92508288
1329 -1.93178626
1330 -1.93850538
1331 -1.94524026
1332 -1.95199094
1333 -1.95875743
1334 -1.96553975
1335 -1.97233792
1336 -1.97915197
1337 -1.98598193
1338 -1.99282780
1339 -1.99968962
1340 -2.00656740
1341 -2.01346117
1342 -2.02037095
1343 -2.02729677
1344 -2.03423864
1345 -2.04119658
1346 -2.04817063
1347 -2.05516079
1348 -2.06216710
1349 -2.06918958
1350 -2.07622824
1351 -2.08328311
1352 -2.09035422
1353 -2.09744158
1354 -2.10454522
1355 -2.11166516
1356 -2.11880142
1357 -2.12595402
1358 -2.13312299
