   16.1446555308861       -537.389636297898     
   16.1446552141442       -537.389627407754     
   16.1446549060141       -537.389618759319     
   16.1446546065286       -537.389610353515     
   16.1446543158447       -537.389602194744     
   16.1446540341644       -537.389594288680     
   16.1446537613509       -537.389586631483     
   16.1446520403507       -537.389538327219     
   16.1446517871226       -537.389531219718     
   16.1446515446157       -537.389524413131     
   16.1446513144872       -537.389517953976     
   16.1446510999577       -537.389511932647     
   16.1446509058821       -537.389506485406     
   16.1446507394843       -537.389501815015     
   16.1446506101153       -537.389498183935     
   16.1446490223938       -537.389453620308     
   16.1446490072766       -537.389453196002     
   16.1446490745090       -537.389455083059     
   16.1446492451550       -537.389459872699     
   16.1446495424151       -537.389468216097     
   16.1446499927202       -537.389480855109     
   16.1446522226662       -537.389543444375     
   16.1446530633069       -537.389567039107     
   16.1446560684954       -537.389651387220     
   16.1446574270616       -537.389689518666     
   16.1446621170293       -537.389821153462     
   16.1446661414055       -537.389934106284     
   16.1446709301938       -537.390068513251     
   16.1446765597574       -537.390226517248     
   16.1446831085443       -537.390410319544     
   16.1446906571927       -537.390622182725     
   16.1446992895247       -537.390864458545     
   16.1447090896103       -537.391139505512     
   16.1447201454240       -537.391449791455     
   16.1447325463794       -537.391797824301     
   16.1447463841191       -537.392186174200     
   16.1447617514720       -537.392617444213     
   16.1447787445723       -537.393094329720     
   16.1447974584104       -537.393619493516     
   16.1448179915814       -537.394195699010     
   16.1448404425455       -537.394825705200     
   16.1448649111498       -537.395512309341     
   16.1448914963159       -537.396258281952     
   16.1449202983383       -537.397066431266     
   16.1449514164304       -537.397939534287     
   16.1449849499747       -537.398880371783     
   16.1450209966463       -537.399891675576     
   16.1450596534924       -537.400976158742     
   16.1451010154763       -537.402136474683     
   16.1451451766429       -537.403375249753     
   16.1451922280882       -537.404695026221     
   16.1452422585266       -537.406098278103     
   16.1452953554748       -537.407587444317     
   16.1453516012891       -537.409164817453     
   16.1454110779175       -537.410832676994     
   16.1454738625372       -537.412593166919     
   16.1455400298415       -537.414448359762     
   16.1456096504622       -537.416400212342     
   16.1456827918855       -537.418450591401     
   16.1457595190999       -537.420601291704     
   16.1458398911693       -537.422853939965     
   16.1459239656171       -537.425210117704     
   16.1460117949273       -537.427671263148     
   16.1461034292457       -537.430238746929     
   16.1461989141310       -537.432913809049     
   16.1462982909893       -537.435697571054     
   16.1464015991313       -537.438591093680     
   16.1465088735660       -537.441595315039     
   16.1466201448439       -537.444711046268     
   16.1467354422652       -537.447939061379     
   16.1468547902295       -537.451279995064     
   16.1469782099189       -537.454734389876     
   16.1471057197747       -537.458302709592     
   16.1472373354428       -537.461985337726     
   16.1473730687100       -537.465782547813     
   16.1475129297538       -537.469694566402     
   16.1476569241365       -537.473721489027     
   16.1478050571294       -537.477863401209     
   16.1479573298260       -537.482120269803     
   16.1481137407387       -537.486491987739     
   16.1482742871495       -537.490978411826     
   16.1484389636774       -537.495579322762     
   16.1486077622948       -537.500294425696     
   16.1487806731947       -537.505123374508     
   16.1489576859131       -537.510065803226     
   16.1491387856579       -537.515121223587     
   16.1493239586226       -537.520289173473     
   16.1495131865822       -537.525569066139     
   16.1497064533353       -537.530960370057     
   16.1499037374710       -537.536462407178     
   16.1501050192124       -537.542074543925     
   16.1503102757616       -537.547796061415     
   16.1505194837461       -537.553626223782     
   16.1507326187732       -537.559564265797     
   16.1509496554445       -537.565609393356     
   16.1511705672179       -537.571760779700     
   16.1513953271276       -537.578017585544     
   16.1516239063728       -537.584378919854     
   16.1518562766689       -537.590843905362     
   16.1520924083767       -537.597411626562     
   16.1523322719190       -537.604081169180     
   16.1525758355166       -537.610851557292     
   16.1528230696358       -537.617721877027     
   16.1530739416161       -537.624691127287     
   16.1533284186638       -537.631758303054     
   16.1535864710738       -537.638922484859     
   16.1538480637161       -537.646182602453     
   16.1541131653998       -537.653537694834     
   16.1543817424012       -537.660986730652     
   16.1546537611852       -537.668528683797     
   16.1549291895343       -537.676162564721     
   16.1552079929073       -537.683887319543     
   16.1554901383916       -537.691701939653     
   16.1557755919158       -537.699605384495     
   16.1560643204415       -537.707596642340     
   16.1563562902252       -537.715674682169     
   16.1566514676254       -537.723838476071     
   16.1569498186601       -537.732086987063     
   16.1572513112804       -537.740419231936     
   16.1575559115047       -537.748834174437     
   16.1578635856437       -537.757330786834     
   16.1581743019248       -537.765908094765     
   16.1584880266284       -537.774565070579     
   16.1588047268755       -537.783300710352     
   16.1591243717190       -537.792114063954     
   16.1594469272495       -537.801004100124     
   16.1597723626823       -537.809969874314     
   16.1601006450105       -537.819010381344     
   16.1604317437396       -537.828124685856     
   16.1607656269081       -537.837311812732     
   16.1611022639509       -537.846570825939     
   16.1614416233602       -537.855900764198     
   16.1617836761602       -537.865300736524     
   16.1621283898641       -537.874769756150     
   16.1624757366392       -537.884306964902     
   16.1628256859146       -537.893911430115     
   16.1631782084531       -537.903582256502     
   16.1635332750962       -537.913318551691     
   16.1638908579231       -537.923119458012     
   16.1642509269799       -537.932984062853     
   16.1646134556116       -537.942911544785     
   16.1649784147403       -537.952901016816     
   16.1653457773918       -537.962951650366     
   16.1657155174923       -537.973062642266     
   16.1660876060179       -537.983233109498     
   16.1664620189986       -537.993462308030     
   16.1668387281794       -538.003749377548     
   16.1672177082260       -538.014093538384     
   16.1675989330220       -538.024493990352     
   16.1679823793895       -538.034950014254     
   16.1683680205204       -538.045460792708     
   16.1687558325534       -538.056025589548     
   16.1691457899625       -538.066643624092     
   16.1695378699731       -538.077314191452     
   16.1699320485268       -538.088036552611     
   16.1703283022797       -538.098809988842     
   16.1707266087445       -538.109633805557     
   16.1711269438242       -538.120507265270     
   16.1715292858406       -538.131429697072     
   16.1719336129373       -538.142400426033     
   16.1723399023068       -538.153418752269     
   16.1727481332039       -538.164484032679     
   16.1731582848830       -538.175595624954     
   16.1735703349174       -538.186752842095     
   16.1739842636830       -538.197955073853     
   16.1744000504601       -538.209201681123     
   16.1748176750290       -538.220492039178     
   16.1752371173588       -538.231825529222     
   16.1756583597267       -538.243201595610     
   16.1760813795595       -538.254619552536     
   16.1765061598954       -538.266078866539     
   16.1769326815308       -538.277578944422     
   16.1773609270333       -538.289119241554     
   16.1777908770115       -538.300699161283     
   16.1782225135912       -538.312318148668     
   16.1786558199537       -538.323975677947     
   16.1790907776720       -538.335671180855     
   16.1795273699690       -538.347404134309     
   16.1799655804884       -538.359174027266     
   16.1804053913782       -538.370980309293     
   16.1808467873044       -538.382822498326     
   16.1812897511921       -538.394700066324     
   16.1817342674343       -538.406612525388     
   16.1821803199415       -538.418559375427     
   16.1826278943042       -538.430540162063     
   16.1830769732359       -538.442554354654     
   16.1835275440408       -538.454601546112     
   16.1839795899983       -538.466681222412     
   16.1844330983656       -538.478792976570     
   16.1848880521890       -538.490936289829     
   16.1853444390974       -538.503110766509     
   16.1858022448062       -538.515315960520     
   16.1862614558175       -538.527551447433     
   16.1867220572262       -538.539816766031     
   16.1871840366499       -538.552111522975     
   16.1876473809285       -538.564435304860     
   16.1881120770933       -538.576787704034     
   16.1885781128743       -538.589168332058     
   16.1890454734814       -538.601576734233     
   16.1895141489947       -538.614012585820     
   16.1899841259314       -538.626475468123     
   16.1904553918730       -538.638964991353     
   16.1909279365657       -538.651480823689     
   16.1914017458596       -538.664022530730     
   16.1918768103767       -538.676589805046     
   16.1923531166631       -538.689182231950     
   16.1928306568464       -538.701799544923     
   16.1933094158196       -538.714441286851     
   16.1937893854599       -538.727107185728     
   16.1942705541553       -538.739796877963     
   16.1947529125109       -538.752510059012     
   16.1952364479171       -538.765246340185     
   16.1957211510123       -538.778005418967     
   16.1962070125916       -538.790786997479     
   16.1966940223094       -538.803590748338     
   16.1971821694492       -538.816416335008     
   16.1976714446597       -538.829263457386     
   16.1981618395756       -538.842131841743     
   16.1986533435479       -538.855021154938     
   16.1991459474250       -538.867931103671     
   16.1996396429734       -538.880861419188     
   16.2001344208867       -538.893811805121     
   16.2006302722137       -538.906781974905     
   16.2011271872931       -538.919771623941     
   16.2016251588279       -538.932780509926     
   16.2021241772740       -538.945808332309     
   16.2026242352332       -538.958854847075     
   16.2031253250673       -538.971919804354     
   16.2036274367472       -538.985002892445     
   16.2041305639504       -538.998103896714     
   16.2046346980743       -539.011222543578     
   16.2051398306761       -539.024358564107     
   16.2056459554624       -539.037511745705     
   16.2061530644451       -539.050681832138     
   16.2066611504073       -539.063868587649     
   16.2071702056154       -539.077071763504     
   16.2076802225546       -539.090291117100     
   16.2081911948436       -539.103526435629     
   16.2087031158666       -539.116777500585     
   16.2092159763092       -539.130044024064     
   16.2097297726881       -539.143325869429     
   16.2102444961648       -539.156622761918     
   16.2107601404121       -539.169934492131     
   16.2112767011583       -539.183260904053     
   16.2117941680932       -539.196601686279     
   16.2123125373539       -539.209956694104     
   16.2128318026524       -539.223325720624     
   16.2133519576134       -539.236708557066     
   16.2138729959015       -539.250104996070     
   16.2143949115255       -539.263514839505     
   16.2149176980732       -539.276937878799     
   16.2154413526073       -539.290373994901     
   16.2159658655517       -539.303822898754     
   16.2164912336812       -539.317284464590     
   16.2170174503766       -539.330758479943     
   16.2175445102611       -539.344244764548     
   16.2180724095437       -539.357743178992     
   16.2186011408345       -539.371253492170     
   16.2191306999025       -539.384775554067     
   16.2196610816383       -539.398309192532     
   16.2201922805003       -539.411854224698     
   16.2207242916696       -539.425410486466     
   16.2212571107262       -539.438977824183     
   16.2217907324899       -539.452556065132     
   16.2223251513810       -539.466145026768     
   16.2228603638730       -539.479744579052     
   16.2233963643262       -539.493354538515     
   16.2239331487993       -539.506974765139     
   16.2244707128940       -539.520605107551     
   16.2250090520091       -539.534245409528     
   16.2255481608385       -539.547895497285     
   16.2260880365651       -539.561555260342     
   16.2266286735768       -539.575224517737     
   16.2271700689260       -539.588903156171     
   16.2277122168357       -539.602590991112     
   16.2282551150136       -539.616287926295     
   16.2287987580703       -539.629993787533     
   16.2293431432128       -539.643708466376     
   16.2298882653026       -539.657431795521     
   16.2304341209673       -539.671163652415     
   16.2309807073081       -539.684903926617     
   16.2315280190652       -539.698652448578     
   16.2320760537074       -539.712409117565     
   16.2326248063209       -539.726173773258     
   16.2331742742173       -539.739946311423     
   16.2337244549025       -539.753726632855     
   16.2342753428723       -539.767514563188     
   16.2348269359722       -539.781310012182     
   16.2353792309334       -539.795112861873     
   16.2359322229323       -539.808922955709     
   16.2364859106177       -539.822740224073     
   16.2370402890562       -539.836564508128     
   16.2375953561023       -539.850395718819     
   16.2381511083032       -539.864233734673     
   16.2387075426353       -539.878078445130     
   16.2392646562080       -539.891929743123     
   16.2398224455311       -539.905787506883     
   16.2403809081139       -539.919651639679     
   16.2409400408546       -539.933522029783     
   16.2414998397571       -539.947398543511     
   16.2420603046831       -539.961281142970     
   16.2426214310402       -539.975169680051     
   16.2431832157237       -539.989064043744     
   16.2437456560880       -540.002964134582     
   16.2443087512947       -540.016869897889     
   16.2448724960086       -540.030781168098     
   16.2454368893646       -540.044697890208     
   16.2460019285632       -540.058619961603     
   16.2465676105522       -540.072547273645     
   16.2471339341379       -540.086479763596     
   16.2477008950453       -540.100417293080     
   16.2482684926607       -540.114359813908     
   16.2488367221836       -540.128307175196     
   16.2494055842594       -540.142259359915     
   16.2499750746469       -540.156216231255     
   16.2505451915217       -540.170177711858     
   16.2511159326043       -540.184143713361     
   16.2516872957106       -540.198114149877     
   16.2522592792283       -540.212088949632     
   16.2528318796384       -540.226067994420     
   16.2534050967322       -540.240051247003     
   16.2539789272648       -540.254038596163     
   16.2545533690566       -540.268029956836     
   16.2551284204265       -540.282025256245     
   16.2557040787998       -540.296024399987     
   16.2562803437472       -540.310027345949     
   16.2568572118347       -540.324033979115     
   16.2574346818382       -540.338044238293     
   16.2580127519582       -540.352058048431     
   16.2585914189729       -540.366075300153     
   16.2591706836946       -540.380095981915     
   16.2597505427741       -540.394119981487     
   16.2603309945304       -540.408147227176     
   16.2609120369695       -540.422177639846     
   16.2614936684868       -540.436211149885     
   16.2620758883348       -540.450247708443     
   16.2626586945046       -540.464287236339     
   16.2632420845051       -540.478329642923     
   16.2638260569945       -540.492374865354     
   16.2644106111547       -540.506422853458     
   16.2649957447775       -540.520473523740     
   16.2655814570165       -540.534526825520     
   16.2661677451196       -540.548582662500     
   16.2667546088061       -540.562640997753     
   16.2673420468737       -540.576701772313     
   16.2679300576779       -540.590764916716     
   16.2685186381695       -540.604830328056     
   16.2691077880687       -540.618897969750     
   16.2696975072146       -540.632967808053     
   16.2702877930900       -540.647039753075     
   16.2708786443619       -540.661113743295     
   16.2714700603691       -540.675189733271     
   16.2720620387351       -540.689267636816     
   16.2726545790979       -540.703347415767     
   16.2732476795127       -540.717428994404     
   16.2738413399808       -540.731512343300     
   16.2744355586270       -540.745597388553     
   16.2750303344534       -540.759684077155     
   16.2756256651916       -540.773772326117     
   16.2762215508930       -540.787862107437     
   16.2768179912587       -540.801953384824     
   16.2774149836880       -540.816046067687     
   16.2780125269261       -540.830140097355     
   16.2786106211411       -540.844235448758     
   16.2792092640951       -540.858332040172     
   16.2798084566937       -540.872429863967     
   16.2804081964984       -540.886528833844     
   16.2810084813645       -540.900628870580     
   16.2816093128950       -540.914729983030     
   16.2822106887009       -540.928832086336     
   16.2828126085749       -540.942935146914     
   16.2834150699179       -540.957039075213     
   16.2840180737476       -540.971143866441     
   16.2846216188809       -540.985249464296     
   16.2852257042606       -540.999355815501     
   16.2858303280394       -541.013462848419     
   16.2864354907904       -541.027570547952     
   16.2870411923374       -541.041678881499     
   16.2876474293427       -541.055787742914     
   16.2882542026932       -541.069897124496     
   16.2888615103153       -541.084006949712     
   16.2894693541929       -541.098117236329     
   16.2900777308772       -541.112227875997     
   16.2906866408263       -541.126338851127     
   16.2912960831099       -541.140450111947     
   16.2919060580126       -541.154561636845     
   16.2925165629012       -541.168673336756     
   16.2931275985006       -541.182785200342     
   16.2937391645744       -541.196897194020     
   16.2943512591500       -541.211009244204     
   16.2949638820338       -541.225121318415     
   16.2955770331921       -541.239233387862     
   16.2961907128378       -541.253345429416     
   16.2968049168962       -541.267457321444     
   16.2974196495923       -541.281569133077     
   16.2980349064742       -541.295680734175     
   16.2986506878607       -541.309792104218     
   16.2992669950656       -541.323903245425     
   16.2998838264868       -541.338014093220     
   16.3005011807141       -541.352124587533     
   16.3011190582813       -541.366234712768     
   16.3017374585497       -541.380344426543     
   16.3023563811512       -541.394453692676     
   16.3029758261495       -541.408562484843     
   16.3035957911695       -541.422670721223     
   16.3042162784060       -541.436778424041     
   16.3048372844899       -541.450885488994     
   16.3054588122142       -541.464991951841     
   16.3060808582216       -541.479097708702     
   16.3067034250582       -541.493202789643     
   16.3073265092512       -541.507307088337     
   16.3079501118611       -541.521410601206     
   16.3085742344905       -541.535513336821     
   16.3091988739978       -541.549615196557     
   16.3098240314815       -541.563716177629     
   16.3104497060329       -541.577816231944     
   16.3110758960266       -541.591915295346     
   16.3117026037601       -541.606013391999     
   16.3123298289775       -541.620110488520     
   16.3129575691222       -541.634206499898     
   16.3135858248924       -541.648301414304     
   16.3142145974774       -541.662395230848     
   16.3148438836877       -541.676487850522     
   16.3154736858174       -541.690579297197     
   16.3161040030618       -541.704669525320     
   16.3167348352034       -541.718758502496     
   16.3173661816527       -541.732846188045     
   16.3179980401289       -541.746932503636     
   16.3186304153006       -541.761017525836     
   16.3192633036886       -541.775101149589     
   16.3198967054671       -541.789183351305     
   16.3205306212799       -541.803264117793     
   16.3211650497049       -541.817343389983     
   16.3217999921888       -541.831421172486     
   16.3224354479969       -541.845497421485     
   16.3230714147437       -541.859572056706     
   16.3237078961009       -541.873645131921     
   16.3243448896367       -541.887716565833     
   16.3249823966390       -541.901786359389     
   16.3256204158371       -541.915854457037     
   16.3262589458937       -541.929920801849     
   16.3268979901212       -541.943985439290     
   16.3275375467826       -541.958048303567     
   16.3281776143857       -541.972109334397     
   16.3288181947185       -541.986168543576     
   16.3294592877792       -542.000225903507     
   16.3301008929023       -542.014281372067     
   16.3307430087484       -542.028334892427     
   16.3313856382576       -542.042386501398     
   16.3320287788352       -542.056436114687     
   16.3326724312906       -542.070483722463     
   16.3333165969722       -542.084529326573     
   16.3339612731873       -542.098572840753     
   16.3346064625469       -542.112614294326     
   16.3352521642974       -542.126653643277     
   16.3358983761563       -542.140690810440     
   16.3365451016471       -542.154725844774     
   16.3371923404403       -542.168758711449     
   16.3378400886608       -542.182789298886     
   16.3384883499761       -542.196817658961     
   16.3391371251399       -542.210843780280     
   16.3397864110477       -542.224867568083     
   16.3404362096306       -542.238889036473     
   16.3410865219884       -542.252908181466     
   16.3417373446323       -542.266924900209     
   16.3423886822935       -542.280939266906     
   16.3430405310881       -542.294951170267     
   16.3436928937957       -542.308960642347     
   16.3443457686354       -542.322967617165     
   16.3449991571360       -542.336972099788     
   16.3456530585757       -542.350974046980     
   16.3463074742547       -542.364973458791     
   16.3469624025427       -542.378970272561     
   16.3476178447903       -542.392964489371     
   16.3482738001660       -542.406956063656     
   16.3489302707134       -542.420945011158     
   16.3495872536081       -542.434931243855     
   16.3502447521743       -542.448914804659     
   16.3509027642374       -542.462895619421     
   16.3515612907757       -542.476873681059     
   16.3522203328006       -542.490848983103     
   16.3528798901671       -542.504821494509     
   16.3535399616312       -542.518791160990     
   16.3542005488891       -542.532757990486     
   16.3548616514979       -542.546721945635     
   16.3555232702689       -542.560683015553     
   16.3561854050804       -542.574641169627     
   16.3568480547027       -542.588596353920     
   16.3575112212251       -542.602548584394     
   16.3581749051739       -542.616497843981     
   16.3588391047561       -542.630444066903     
   16.3595038221701       -542.644387271198     
   16.3601690560494       -542.658327400049     
   16.3608348085684       -542.672264470843     
   16.3615010781314       -542.686198421963     
   16.3621678667721       -542.700129267714     
   16.3628351718610       -542.714056924946     
   16.3635029958054       -542.727981415684     
   16.3641713398335       -542.741902737205     
   16.3648402020990       -542.755820822729     
   16.3655095838119       -542.769735669122     
   16.3661794851970       -542.783647252700     
   16.3668499063036       -542.797555546111     
   16.3675208478212       -542.811460535253     
   16.3681923097451       -542.825362191600     
   16.3688642923773       -542.839260492951     
   16.3695367959786       -542.853155416232     
   16.3702098208394       -542.867046938945     
   16.3708833676580       -542.880935046971     
   16.3715574358083       -542.894819698860     
   16.3722320282127       -542.908700926185     
   16.3729071407237       -542.922578615015     
   16.3735827776517       -542.936452825355     
   16.3742589381354       -542.950323510807     
   16.3749356212600       -542.964190623937     
   16.3756128290548       -542.978054177627     
   16.3762905601958       -542.991914116036     
   16.3769688169775       -543.005770457319     
   16.3776475980461       -543.019623145008     
   16.3783269048371       -543.033472179589     
   16.3790067369568       -543.047317524175     
   16.3796870953269       -543.061159168658     
   16.3803679803251       -543.074997091803     
   16.3810493907216       -543.088831239706     
   16.3817313302578       -543.102661659341     
   16.3824137955219       -543.116488252503     
   16.3830967901990       -543.130311064830     
   16.3837803119420       -543.144130019751     
   16.3844643630977       -543.157945135634     
   16.3851489440568       -543.171756391205     
   16.3858340530003       -543.185563720631     
   16.3865196913356       -543.199367123154     
   16.3872058602443       -543.213166593355     
   16.3878925611843       -543.226962131247     
   16.3885797912235       -543.240753648670     
   16.3892675528046       -543.254541165389     
   16.3899558469936       -543.268324673410     
   16.3906446737801       -543.282104143112     
   16.3913340329799       -543.295879541406     
   16.3920239249583       -543.309650846169     
   16.3927143498230       -543.323418030111     
   16.3934053098796       -543.337181109681     
   16.3940968027656       -543.350940008292     
   16.3947888313093       -543.364694752674     
   16.3954813944532       -543.378445292194     
   16.3961744934968       -543.392191623026     
   16.3968681288857       -543.405933724324     
   16.3975622999287       -543.419671552706     
   16.3982570086016       -543.433405117542     
   16.3989522539799       -543.447134370783     
   16.3996480372553       -543.460859306177     
   16.4003443589861       -543.474579904885     
   16.4010412198479       -543.488296150330     
   16.4017386191262       -543.502007998545     
   16.4024365589045       -543.515715460548     
   16.4031350374947       -543.529418473217     
   16.4038340570099       -543.543117048022     
   16.4045336189739       -543.556811184712     
   16.4052337205595       -543.570500797872     
   16.4059343650805       -543.584185922203     
   16.4066355506583       -543.597866490865     
   16.4073372819236       -543.611542563964     
   16.4080395537714       -543.625214011775     
   16.4087423703732       -543.638880885300     
   16.4094457311519       -543.652543142985     
   16.4101496370727       -543.666200773230     
   16.4108540891555       -543.679853765406     
   16.4115590843854       -543.693502030720     
   16.4122646278495       -543.707145637222     
   16.4129707182000       -543.720784528294     
   16.4136773552125       -543.734418669081     
   16.4143845399031       -543.748048048645     
   16.4150922721310       -543.761672633691     
   16.4158005544614       -543.775292442941     
   16.4165093845671       -543.788907400963     
   16.4172187654553       -543.802517534814     
   16.4179286962368       -543.816122796653     
   16.4186391787500       -543.829723190895     
   16.4193502120331       -543.843318668279     
   16.4200617966430       -543.856909208607     
   16.4207739331815       -543.870494792487     
   16.4214866227891       -543.884075410728     
   16.4221998661081       -543.897651044554     
   16.4229136628090       -543.911221656667     
   16.4236280142286       -543.924787241409     
   16.4243429207580       -543.938347775085     
   16.4250583816576       -543.951903212535     
   16.4257744003141       -543.965453586712     
   16.4264909727156       -543.978998790489     
   16.4272081055091       -543.992538918221     
   16.4279257931684       -544.006073834233     
   16.4286440388637       -544.019603567044     
   16.4293628450666       -544.033128131761     
   16.4300822090730       -544.046647446053     
   16.4308021326145       -544.060161511035     
   16.4315226169434       -544.073670318685     
   16.4322436615178       -544.087173827282     
   16.4329652677376       -544.100672031453     
   16.4336874360522       -544.114164907945     
   16.4344101650438       -544.127652398634     
   16.4351334582252       -544.141134537369     
   16.4358573158275       -544.154611296622     
   16.4365817362741       -544.168082615242     
   16.4373067213541       -544.181548494689     
   16.4380322732227       -544.195008943049     
   16.4387583878168       -544.208463853057     
   16.4394850697493       -544.221913278277     
   16.4402123205566       -544.235357215023     
   16.4409401352661       -544.248795539362     
   16.4416685192515       -544.262228318481     
   16.4423974715429       -544.275655502312     
   16.4431269935452       -544.289077084530     
   16.4438570847329       -544.302493023232     
   16.4445877461603       -544.315903305533     
   16.4453189782176       -544.329307906279     
   16.4460507821592       -544.342706816092     
   16.4467831564464       -544.356099974433     
   16.4475161039301       -544.369487401017     
   16.4482496252269       -544.382869074571     
   16.4489837190567       -544.396244939217     
   16.4497183869459       -544.409614990234     
   16.4504536291667       -544.422979199975     
   16.4511894464495       -544.436337549075     
   16.4519258400994       -544.449690028516     
   16.4526628112516       -544.463036626082     
   16.4534003589173       -544.476377291058     
   16.4541384827707       -544.489711984779     
   16.4548771847598       -544.503040709607     
   16.4556164670980       -544.516363472502     
   16.4563563273366       -544.529680196365     
   16.4570967687136       -544.542990906474     
   16.4578377882171       -544.556295515665     
   16.4585793912608       -544.569594088038     
   16.4593215751590       -544.582886542233     
   16.4600643403059       -544.596172852182     
   16.4608076890214       -544.609453026159     
   16.4615516206290       -544.622727018791     
   16.4622961367406       -544.635994825523     
   16.4630412352355       -544.649256375251     
   16.4637869206125       -544.662511714651     
   16.4645331930490       -544.675760813323     
   16.4652800496275       -544.689003585997     
   16.4660274929882       -544.702240046025     
   16.4667755246512       -544.715470186716     
   16.4675241452481       -544.728693985550     
   16.4682733521294       -544.741911362100     
   16.4690231507258       -544.755122378450     
   16.4697735374471       -544.768326937552     
   16.4705245152597       -544.781525057827     
   16.4712760825096       -544.794716676382     
   16.4720282426557       -544.807901820039     
   16.4727809955010       -544.821080451337     
   16.4735343399802       -544.834252517654     
   16.4742882782369       -544.847418022462     
   16.4750428113649       -544.860576950733     
   16.4757979374709       -544.873729235348     
   16.4765536601861       -544.886874905384     
   16.4773099761541       -544.900013868273     
   16.4780668911714       -544.913146190444     
   16.4788244015659       -544.926271773843     
   16.4795825097665       -544.939390626245     
   16.4803412159090       -544.952502715596     
   16.4811005205545       -544.965608017166     
   16.4818604255758       -544.978706528758     
   16.4826209285259       -544.991798173690     
   16.4833820339267       -545.004882995224     
   16.4841437388350       -545.017960908123     
   16.4849060464140       -545.031031932047     
   16.4856689551621       -545.044096006534     
   16.4864324684008       -545.057153153684     
   16.4871965843958       -545.070203308999     
   16.4879613047605       -545.083246465196     
   16.4887266282704       -545.096282566529     
   16.4894925596268       -545.109311658101     
   16.4902590945644       -545.122333632353     
   16.4910262361356       -545.135348506171     
   16.4917939854495       -545.148356263265     
   16.4925623408814       -545.161356841008     
   16.4933313065881       -545.174350274541     
   16.4941008806352       -545.187336495908     
   16.4948710630657       -545.200315470622     
   16.4956418568318       -545.213287213115     
   16.4964132602691       -545.226251660007     
   16.4971852741472       -545.239208788892     
   16.4979579012683       -545.252158611330     
   16.4987311398984       -545.265101062747     
   16.4995049924746       -545.278036148394     
   16.5002794585564       -545.290963825297     
   16.5010545371858       -545.303884041892     
   16.5018302320454       -545.316796823899     
   16.5026065418765       -545.329702114606     
   16.5033834676298       -545.342599894067     
   16.5041610099662       -545.355490137445     
   16.5049391685657       -545.368372803602     
   16.5057179467644       -545.381247911836     
   16.5064973417190       -545.394115379181     
   16.5072773568697       -545.406975226446     
   16.5080579896500       -545.419827375306     
   16.5088392446624       -545.432671865437     
   16.5096211183930       -545.445508602932     
   16.5104036134255       -545.458337594103     
   16.5111867318638       -545.471158837169     
   16.5119704721834       -545.483972270869     
   16.5127548351432       -545.496777871336     
   16.5135398213865       -545.509575612738     
   16.5143254327011       -545.522365487803     
   16.5151116682422       -545.535147446320     
   16.5158985299970       -545.547921484095     
   16.5166860179268       -545.560687563926     
   16.5174741310336       -545.573445633092     
   16.5182628712438       -545.586195686198     
   16.5190522407377       -545.598937721762     
   16.5198422363577       -545.611671652120     
   16.5206328631906       -545.624397522496     
   16.5214241183390       -545.637115249405     
   16.5222160030271       -545.649824815728     
   16.5230085178099       -545.662526193512     
   16.5238016653216       -545.675219387996     
   16.5245954454154       -545.687904359764     
   16.5253898564739       -545.700581045958     
   16.5261848991699       -545.713249420332     
   16.5269805779409       -545.725909516425     
   16.5277768884075       -545.738561227389     
   16.5285738348389       -545.751204583877     
   16.5293714166379       -545.763839539113     
   16.5301696335289       -545.776466051449     
   16.5309684883679       -545.789084128692     
   16.5317679782454       -545.801693687509     
   16.5325681064752       -545.814294742770     
   16.5333688721213       -545.826887242253     
   16.5341702774857       -545.839471184626     
   16.5349723212284       -545.852046511274     
   16.5357750047283       -545.864613206242     
   16.5365783300534       -545.877171264202     
   16.5373822942715       -545.889720601640     
   16.5381869007131       -545.902261232847     
   16.5389921496452       -545.914793124162     
   16.5397980411018       -545.927316238274     
   16.5406045758586       -545.939830549362     
   16.5414117531848       -545.952336008213     
   16.5422195748487       -545.964832604300     
   16.5430280417914       -545.977320314165     
   16.5438371546375       -545.989799109379     
   16.5446469124982       -546.002268938161     
   16.5454573177271       -546.014729798630     
   16.5462683687574       -546.027181628531     
   16.5470800697164       -546.039624452978     
   16.5478924168679       -546.052058176426     
   16.5487054141648       -546.064482821093     
   16.5495190582765       -546.076898297774     
   16.5503333525241       -546.089304618827     
   16.5511482979443       -546.101701761582     
   16.5519638948142       -546.114089691729     
   16.5527801426489       -546.126468363388     
   16.5535970418988       -546.138837744868     
   16.5544145936741       -546.151197814400     
   16.5552327997139       -546.163548559596     
   16.5560516568086       -546.175889893367     
   16.5568711696506       -546.188221847743     
   16.5576913361560       -546.200544352579     
   16.5585121583958       -546.212857400198     
   16.5593336355695       -546.225160939752     
   16.5601557702066       -546.237454970221     
   16.5609785599967       -546.249739418137     
   16.5618020072258       -546.262014278711     
   16.5626261138980       -546.274279542744     
   16.5634508772972       -546.286535130756     
   16.5642762991703       -546.298781029681     
   16.5651023812776       -546.311017226484     
   16.5659291223061       -546.323243662546     
   16.5667565249911       -546.335460339092     
   16.5675845859946       -546.347667167629     
   16.5684133101556       -546.359864180227     
   16.5692426957286       -546.372051311818     
   16.5700727439436       -546.384228541109     
   16.5709034540504       -546.396395817717     
   16.5717348282377       -546.408553134255     
   16.5725668658112       -546.420700441078     
   16.5733995686426       -546.432837725970     
   16.5742329348811       -546.444964922409     
   16.5750669675215       -546.457082034387     
   16.5759016653102       -546.469189004038     
   16.5767370295586       -546.481285810720     
   16.5775730600236       -546.493372411213     
   16.5784097579702       -546.505448784065     
   16.5792471235644       -546.517514891874     
   16.5800851574099       -546.529570703514     
   16.5809238608885       -546.541616198963     
   16.5817632316042       -546.553651303941     
   16.5826032731316       -546.565676029788     
   16.5834439850716       -546.577690330762     
   16.5842853677688       -546.589694171757     
   16.5851274212538       -546.601687513161     
   16.5859701461943       -546.613670324410     
   16.5868135433129       -546.625642575646     
   16.5876576102015       -546.637604192620     
   16.5885023526675       -546.649555217429     
   16.5893477672373       -546.661495560651     
   16.5901938575817       -546.673425233838     
   16.5910406197647       -546.685344141204     
   16.5918880579403       -546.697252300926     
   16.5927361704492       -546.709149649297     
   16.5935849587275       -546.721036166080     
   16.5944344239037       -546.732911826595     
   16.5952845642465       -546.744776566182     
   16.5961353820431       -546.756630376276     
   16.5969868773725       -546.768473217406     
   16.5978390495715       -546.780305039797     
   16.5986919006468       -546.792125830704     
   16.5995454310661       -546.803935555916     
   16.6003996394290       -546.815734155391     
   16.6012545277312       -546.827521616005     
   16.6021100944075       -546.839297875471     
   16.6029663440432       -546.851062956081     
   16.6038232721737       -546.862816755668     
   16.6046808831001       -546.874559292403     
   16.6055391732062       -546.886290475925     
   16.6063981444439       -546.898010292119     
   16.6072578003699       -546.909718748523     
   16.6081181402291       -546.921415793753     
   16.6089791592635       -546.933101322223     
   16.6098408658722       -546.944775406890     
   16.6107032541951       -546.956437927235     
   16.6115663267087       -546.968088875740     
   16.6124300841871       -546.979728221732     
   16.6132945256877       -546.991355911384     
   16.6141596536767       -547.002971936688     
   16.6150254668351       -547.014576238710     
   16.6158919661526       -547.026168789502     
   16.6167591522923       -547.037749556658     
   16.6176270257317       -547.049318505235     
   16.6184955846040       -547.060875569076     
   16.6193648330168       -547.072420761486     
   16.6202347675621       -547.083953995816     
   16.6211053925784       -547.095475288167     
   16.6219767041443       -547.106984545213     
   16.6228487060023       -547.118481774959     
   16.6237213982752       -547.129966937453     
   16.6245947773971       -547.141439944315     
   16.6254688478913       -547.152900813483     
   16.6263436101447       -547.164349508363     
   16.6272190598850       -547.175785931516     
   16.6280952026135       -547.187210113236     
   16.6289720353800       -547.198621973390     
   16.6298495604688       -547.210021500064     
   16.6307277777046       -547.221408649261     
   16.6316066874379       -547.232783383795     
   16.6324862890558       -547.244145654012     
   16.6333665839474       -547.255495436109     
   16.6342475718576       -547.266832685000     
   16.6351292529134       -547.278157360532     
   16.6360116266454       -547.289469414896     
   16.6368946970617       -547.300768857569     
   16.6377784611140       -547.312055607599     
   16.6386629176115       -547.323329607989     
   16.6395480708869       -547.334590872059     
   16.6404339181721       -547.345839322627     
   16.6413204627926       -547.357074959934     
   16.6422077011671       -547.368297696615     
   16.6430956348331       -547.379507510213     
   16.6439842660741       -547.390704387511     
   16.6448735951048       -547.401888289079     
   16.6457636190609       -547.413059136856     
   16.6466543390430       -547.424216902678     
   16.6475457584094       -547.435361586473     
   16.6484378737196       -547.446493103089     
   16.6493306868507       -547.457611433867     
   16.6502242000741       -547.468716564857     
   16.6511184078853       -547.479808385532     
   16.6520133154062       -547.490886917322     
   16.6529089231853       -547.501952124705     
   16.6538052283289       -547.513003929705     
   16.6547022322604       -547.524042307703     
   16.6555999363896       -547.535067233770     
   16.6564983379000       -547.546078631095     
   16.6573974403047       -547.557076500483     
   16.6582972427701       -547.568060789393     
   16.6591977433042       -547.579031431261     
   16.6600989470611       -547.589988446519     
   16.6610008488116       -547.600931729231     
   16.6619034514329       -547.611861272036     
   16.6628067556771       -547.622777041639     
   16.6637107602845       -547.633678980428     
   16.6646154660817       -547.644567056006     
   16.6655208729692       -547.655441224775     
   16.6664269823621       -547.666301461291     
   16.6673337911884       -547.677147686351     
   16.6682413017772       -547.687979885457     
   16.6691495155277       -547.698798032820     
   16.6700584296564       -547.709602052845     
   16.6709680476487       -547.720391944494     
   16.6718783651692       -547.731167613910     
   16.6727893868925       -547.741929073982     
   16.6737011087344       -547.752676234001     
   16.6746135366642       -547.763409121796     
   16.6755266663172       -547.774127643430     
   16.6764404965219       -547.784831742769     
   16.6773550312379       -547.795521423700     
   16.6782702679122       -547.806196613844     
   16.6791862070751       -547.816857276920     
   16.6801028491211       -547.827503375024     
   16.6810201978816       -547.838134910004     
   16.6819382467711       -547.848751762984     
   16.6828569987097       -547.859353925325     
   16.6837764548387       -547.869941367636     
   16.6846966137387       -547.880514031023     
   16.6856174761458       -547.891071881423     
   16.6865390415291       -547.901614870219     
   16.6874613127882       -547.912142987967     
   16.6883842865361       -547.922656153411     
   16.6893079619233       -547.933154314439     
   16.6902323415374       -547.943637457962     
   16.6911574263123       -547.954105551943     
   16.6920832141925       -547.964558530539     
   16.6930097042011       -547.974996340251     
   16.6939368986442       -547.985418964545     
   16.6948647984621       -547.995826371354     
   16.6957933993315       -548.006218469681     
   16.6967227067690       -548.016595278714     
   16.6976527139472       -548.026956679721     
   16.6985834275409       -548.037302704577     
   16.6995148421386       -548.047633250592     
   16.7004469623491       -548.057948326383     
   16.7013797864535       -548.068247870319     
   16.7023133119682       -548.078531812532     
   16.7032475427416       -548.088800152921     
   16.7041824753844       -548.099052811723     
   16.7051181117658       -548.109289766986     
   16.7060544510573       -548.119510967159     
   16.7069914938256       -548.129716375954     
   16.7079292394068       -548.139905943674     
   16.7088676863159       -548.150079611799     
   16.7098068389006       -548.160237384977     
   16.7107466922650       -548.170379167788     
   16.7116872480762       -548.180504935884     
   16.7126285060315       -548.190614643618     
   16.7135704689807       -548.200708279118     
   16.7145131311569       -548.210785738226     
   16.7154564966347       -548.220847022200     
   16.7164005640900       -548.230892074519     
   16.7173453331128       -548.240920848490     
   16.7182908019219       -548.250933282964     
   16.7192369750076       -548.260929383149     
   16.7201838482590       -548.270909063261     
   16.7211314220801       -548.280872285352     
   16.7220796979513       -548.290819022709     
   16.7230286749373       -548.300749223231     
   16.7239783515922       -548.310662829588     
   16.7249287275618       -548.320559795958     
   16.7258798051770       -548.330440104416     
   16.7268315826432       -548.340303694108     
   16.7277840584484       -548.350150507280     
   16.7287372357355       -548.359980534283     
   16.7296911099514       -548.369793686080     
   16.7306456855864       -548.379589966790     
   16.7316009595157       -548.389369302222     
   16.7325569312195       -548.399131645075     
   16.7335136024959       -548.408876971687     
   16.7344709695306       -548.418605201261     
   16.7354290360392       -548.428316329620     
   16.7363878001474       -548.438010295766     
   16.7373472604564       -548.447687043687     
   16.7383074170919       -548.457346532836     
   16.7392682710499       -548.466988731378     
   16.7402298203279       -548.476613577410     
   16.7411920666441       -548.486221046336     
   16.7421550100626       -548.495811096941     
   16.7431186452671       -548.505383634627     
   16.7440829794660       -548.514938689285     
   16.7450480040387       -548.524476133840     
   16.7460137249448       -548.533995985639     
   16.7469801406871       -548.543498188210     
   16.7479472497471       -548.552982685028     
   16.7489150488773       -548.562449402835     
   16.7498835443390       -548.571898361363     
   16.7508527307080       -548.581329466149     
   16.7518226081364       -548.590742677340     
   16.7527931789410       -548.600137975995     
   16.7537644409831       -548.609515299993     
   16.7547363918644       -548.618874584930     
   16.7557090325835       -548.628215799240     
   16.7566823660549       -548.637538929587     
   16.7576563884823       -548.646843898321     
   16.7586310967438       -548.656130634599     
   16.7596064966635       -548.665399152802     
   16.7605825831582       -548.674649363490     
   16.7615593571812       -548.683881234732     
   16.7625368193497       -548.693094731334     
   16.7635149670090       -548.702289787336     
   16.7644938015325       -548.711466374769     
   16.7654733221661       -548.720624445662     
   16.7664535245441       -548.729763918502     
   16.7674344155413       -548.738884816607     
   16.7684159882196       -548.747987034686     
   16.7693982450954       -548.757070555476     
   16.7703811829802       -548.766135308926     
   16.7713648048604       -548.775181282027     
   16.7723491077278       -548.784208406574     
   16.7733340946408       -548.793216670079     
   16.7743197588777       -548.802205970680     
   16.7753061055167       -548.811176314374     
   16.7762931292632       -548.820127612710     
   16.7772808307319       -548.829059831148     
   16.7782692147240       -548.837972972796     
   16.7792582721003       -548.846866915097     
   16.7802480090249       -548.855741673468     
   16.7812384202131       -548.864597160477     
   16.7822295081207       -548.873433358161     
   16.7832212721592       -548.882250221282     
   16.7842137090650       -548.891047680997     
   16.7852068188610       -548.899825697810     
   16.7862006008439       -548.908584225840     
   16.7871950575692       -548.917323247883     
   16.7881901852299       -548.926042690816     
   16.7891859807260       -548.934742488082     
   16.7901824475680       -548.943422630947     
   16.7911795862532       -548.952083084196     
   16.7921773913116       -548.960723760973     
   16.7931758646028       -548.969344638185     
   16.7941750068043       -548.977945682391     
   16.7951748128708       -548.986526811054     
   16.7961752849344       -548.995088003481     
   16.7971764209077       -549.003629202829     
   16.7981782210812       -549.012150372676     
   16.7991806846490       -549.020651467294     
   16.8001838103331       -549.029132437063     
   16.8011875973830       -549.037593236941     
   16.8021920435210       -549.046033809163     
   16.8031971515452       -549.054454138664     
   16.8042029186680       -549.062854163520     
   16.8052093418335       -549.071233819875     
   16.8062164242780       -549.079593096344     
   16.8072241603704       -549.087931907959     
   16.8082325547036       -549.096250254546     
   16.8092415997441       -549.104548035907     
   16.8102513019301       -549.112825266983     
   16.8112616543605       -549.121081853229     
   16.8122726581842       -549.129317766290     
   16.8132843142940       -549.137532975633     
   16.8142966180313       -549.145727405773     
   16.8153095722130       -549.153901041940     
   16.8163231728789       -549.162053814663     
   16.8173374205177       -549.170185690502     
   16.8183523132082       -549.178296616746     
   16.8193678527095       -549.186386570168     
   16.8203840341058       -549.194455474451     
   16.8214008587976       -549.202503303709     
   16.8224183267697       -549.210530020769     
   16.8234364319353       -549.218535540812     
   16.8244551773445       -549.226519851145     
   16.8254745613562       -549.234482902189     
   16.8264945836118       -549.242424654513     
   16.8275152419883       -549.250345055068     
   16.8285365354899       -549.258244059735     
   16.8295584602559       -549.266121602467     
   16.8305810205973       -549.273977680297     
   16.8316042125940       -549.281812226913     
   16.8326280322309       -549.289625175688     
   16.8336524852524       -549.297416534527     
   16.8346775648706       -549.305186215921     
   16.8357032708908       -549.312934182796     
   16.8367296029506       -549.320660396847     
   16.8377565599720       -549.328364814459     
   16.8387841382634       -549.336047372639     
   16.8398123398120       -549.343708051020     
   16.8408411639798       -549.351346809584     
   16.8418706069412       -549.358963584851     
   16.8429006679796       -549.366558336630     
   16.8439313453262       -549.374131017097     
   16.8449626377124       -549.381681582284     
   16.8459945490374       -549.389210026000     
   16.8470270706089       -549.396716250286     
   16.8480602023487       -549.404200220387     
   16.8490939459989       -549.411661914684     
   16.8501282987292       -549.419101278563     
   16.8511632604588       -549.426518277383     
   16.8521988258858       -549.433912839313     
   16.8532349982227       -549.441284953550     
   16.8542717731775       -549.448634555869     
   16.8553091516551       -549.455961619141     
   16.8563471295570       -549.463266081015     
   16.8573857084938       -549.470547919527     
   16.8584248834700       -549.477807066501     
   16.8594646555818       -549.485043496607     
   16.8605050217399       -549.492257155451     
   16.8615459832427       -549.499448019223     
   16.8625875345471       -549.506616016996     
   16.8636296788671       -549.513761138360     
   16.8646724104651       -549.520883311558     
   16.8657157306134       -549.527982513049     
   16.8667596364153       -549.535058690966     
   16.8678041259919       -549.542111800620     
   16.8688491968674       -549.549141793520     
   16.8698948507330       -549.556148649312     
   16.8709410853731       -549.563132321458     
   16.8719878931991       -549.570092728005     
   16.8730352803332       -549.577029878430     
   16.8740832434942       -549.583943719680     
   16.8751317783309       -549.590834192032     
   16.8761808855447       -549.597701269239     
   16.8772305600755       -549.604544887507     
   16.8782808044527       -549.611365032762     
   16.8793316156321       -549.618161654712     
   16.8803829890807       -549.624934693817     
   16.8814349259366       -549.631684127338     
   16.8824874264131       -549.638409926532     
   16.8835404854260       -549.645112029006     
   16.8845940999442       -549.651790385889     
   16.8856482723216       -549.658444982568     
   16.8867029981271       -549.665075761630     
   16.8877582756481       -549.671682683121     
   16.8888141034348       -549.678265708916     
   16.8898704795293       -549.684824797903     
   16.8909274020685       -549.691359909777     
   16.8919848706809       -549.697871013603     
   16.8930428824111       -549.704358062690     
   16.8941014320159       -549.710820996731     
   16.8951605261092       -549.717259827908     
   16.8962201547563       -549.723674467767     
   16.8972803179471       -549.730064888595     
   16.8983410165353       -549.736431067866     
   16.8994022441645       -549.742772939989     
   16.9004640018338       -549.749090483714     
   16.9015262881470       -549.755383663545     
   16.9025890978393       -549.761652421379     
   16.9036524316510       -549.767896734859     
   16.9047162865720       -549.774116559685     
   16.9057806619640       -549.780311865665     
   16.9068455564808       -549.786482618588     
   16.9079109620911       -549.792628745926     
   16.9089768837037       -549.798750250140     
   16.9100433130743       -549.804847058173     
   16.9111102524283       -549.810919157286     
   16.9121777013661       -549.816966519687     
   16.9132456512453       -549.822989071264     
   16.9143141049491       -549.828986803362     
   16.9153830619483       -549.834959688024     
   16.9164525123501       -549.840907645404     
   16.9175224608648       -549.846830677347     
   16.9185929041108       -549.852728740745     
   16.9196638355488       -549.858601775578     
   16.9207352567829       -549.864449766864     
   16.9218071649533       -549.870272675274     
   16.9228795609439       -549.876070481987     
   16.9239524353261       -549.881843112748     
   16.9250257916032       -549.887590563375     
   16.9260996261975       -549.893312791696     
   16.9271739311962       -549.899009732991     
   16.9282487171245       -549.904681420434     
   16.9293239686343       -549.910327750597     
   16.9303996872356       -549.915948709522     
   16.9314758721722       -549.921544271359     
   16.9325525247672       -549.927114421083     
   16.9336296335186       -549.932659077689     
   16.9347072021139       -549.938178238983     
   16.9357852264860       -549.943671862985     
   16.9368637050681       -549.949139920796     
   16.9379426360095       -549.954582382268     
   16.9390220108848       -549.959999184545     
   16.9401018327377       -549.965390322775     
   16.9411821018823       -549.970755778278     
   16.9422628086515       -549.976095483176     
   16.9433439560717       -549.981409432825     
   16.9444255371683       -549.986697573519     
   16.9455075526938       -549.991959889765     
   16.9465899969324       -549.997196334801     
   16.9476728691026       -550.002406886150     
   16.9487561661474       -550.007591510569     
   16.9498398891229       -550.012750194670     
   16.9509240270753       -550.017882868268     
   16.9520085847677       -550.022989536124     
   16.9530935558043       -550.028070150414     
   16.9541789399361       -550.033124692529     
   16.9552647320037       -550.038153121228     
   16.9563509285847       -550.043155403794     
   16.9574375315395       -550.048131531998     
   16.9585245312640       -550.053081445380     
   16.9596119320089       -550.058005147036     
   16.9606997253113       -550.062902582564     
   16.9617879128145       -550.067773743561     
   16.9628764860670       -550.072618576666     
   16.9639654469610       -550.077437075043     
   16.9650547905782       -550.082229201801     
   16.9661445145315       -550.086994931607     
   16.9672346160509       -550.091734237728     
   16.9683250914920       -550.096447089963     
   16.9694159413936       -550.101133476418     
   16.9705071576086       -550.105793348175     
   16.9715987383726       -550.110426684181     
   16.9726906829431       -550.115033467874     
   16.9737829853685       -550.119613661008     
   16.9748756473634       -550.124167257811     
   16.9759686591730       -550.128694204994     
   16.9770620207403       -550.133194490072     
   16.9781557327988       -550.137668103811     
   16.9792497855641       -550.142114994286     
   16.9803441811373       -550.146535158454     
   16.9814389116919       -550.150928553348     
   16.9825339797763       -550.155295178056     
   16.9836293779864       -550.159634992116     
   16.9847251042715       -550.163947976841     
   16.9858211524854       -550.168234097802     
   16.9869175255379       -550.172493356284     
   16.9880142159504       -550.176725713320     
   16.9891112215277       -550.180931150914     
   16.9902085377638       -550.185109642536     
   16.9913061613631       -550.189261166693     
   16.9924040916695       -550.193385712123     
   16.9935023232588       -550.197483249914     
   16.9946008539278       -550.201553763613     
   16.9956996802463       -550.205597232509     
   16.9967987937843       -550.209613618044     
   16.9978982006724       -550.213602935183     
   16.9989978877449       -550.217565128998     
   17.0000978575584       -550.221500201959     
   17.0011981042154       -550.225408126372     
   17.0022986254670       -550.229288887971     
   17.0033994165672       -550.233142464022     
   17.0045004745184       -550.236968838339     
   17.0056018001966       -550.240768008369     
   17.0067033822766       -550.244539929852     
   17.0078052199447       -550.248284595288     
   17.0089073111194       -550.252001993007     
   17.0100096503514       -550.255692100332     
   17.0111122375790       -550.259354912979     
   17.0122150663295       -550.262990405628     
   17.0133181273297       -550.266598544501     
   17.0144214285758       -550.270179352606     
   17.0155249576115       -550.273732786544     
   17.0166287167150       -550.277258851076     
   17.0177326946491       -550.280757508082     
   17.0188368968379       -550.284228772758     
   17.0199413113757       -550.287672605937     
   17.0210459371284       -550.291089002851     
   17.0221507738174       -550.294477961464     
   17.0232558120357       -550.297839452127     
   17.0243610503582       -550.301173470129     
   17.0254664855332       -550.304480005469     
   17.0265721161798       -550.307759054009     
   17.0276779308995       -550.311010582430     
   17.0287839324416       -550.314234599635     
   17.0298901105991       -550.317431076980     
   17.0309964687001       -550.320600025459     
   17.0321030012760       -550.323741430873     
   17.0332097002266       -550.326855272210     
   17.0343165639618       -550.329941547354     
   17.0354235885238       -550.333000247843     
   17.0365307672238       -550.336031358178     
   17.0376380999313       -550.339034881246     
   17.0387455774744       -550.342010795770     
   17.0398532047280       -550.344959118620     
   17.0409609681082       -550.347879817738     
   17.0420688690759       -550.350772901542     
   17.0431769021048       -550.353638360320     
   17.0442850591962       -550.356476178624     
   17.0453933405485       -550.359286362497     
   17.0465017410415       -550.362068904676     
   17.0476102565223       -550.364823800812     
   17.0487188828868       -550.367551047093     
   17.0498276143169       -550.370250635969     
   17.0509364453765       -550.372922561396     
   17.0520453769356       -550.375566832833     
   17.0531543980366       -550.378183431896     
   17.0542635123230       -550.380772375201     
   17.0553727079107       -550.383333643338     
   17.0564819801792       -550.385867234592     
   17.0575913336964       -550.388373168347     
   17.0587007535535       -550.390851420269     
   17.0598102427451       -550.393302006834     
   17.0609197918830       -550.395724917333     
   17.0620293989209       -550.398120157754     
   17.0631390569581       -550.400487723987     
   17.0642487647719       -550.402827624515     
   17.0653585166368       -550.405139858616     
   17.0664683069800       -550.407424426445     
   17.0675781307145       -550.409681329697     
   17.0686879844189       -550.411910573894     
   17.0697978642378       -550.414112164040     
   17.0709077657436       -550.416286104405     
   17.0720176805959       -550.418432392180     
   17.0731276089488       -550.420551041489     
   17.0742375391544       -550.422642044350     
   17.0753474763584       -550.424705424943     
   17.0764574067887       -550.426741172470     
   17.0775673297437       -550.428749300978     
   17.0786772407950       -550.430729817976     
   17.0797871336439       -550.432682728137     
   17.0808970051305       -550.434608042158     
   17.0820068465813       -550.436505761680     
   17.0831166578895       -550.438375903527     
   17.0842264312198       -550.440218471789     
   17.0853361638266       -550.442033479583     
   17.0864458465421       -550.443820930025     
   17.0875554793389       -550.445580841507     
   17.0886650553498       -550.447313221824     
   17.0897745701423       -550.449018083147     
   17.0908840158157       -550.450695432874     
   17.0919933894232       -550.452345286475     
   17.0931026877258       -550.453967659278     
   17.0942119048632       -550.455562563178     
   17.0953210289799       -550.457130002236     
   17.0964300671318       -550.458670007697     
   17.0975390025725       -550.460182577920     
   17.0986478391159       -550.461667740184     
   17.0997565669245       -550.463125503598     
   17.1008651816825       -550.464555885278     
   17.1019736755283       -550.465958898301     
   17.1030820521661       -550.467334570714     
   17.1041902934766       -550.468682903899     
   17.1052984012450       -550.470003924483     
   17.1064063722656       -550.471297653132     
   17.1075141973962       -550.472564104092     
   17.1086218755407       -550.473803301390     
   17.1097293978963       -550.475015260800     
   17.1108367551255       -550.476199998369     
   17.1119439483629       -550.477357541859     
   17.1130509701936       -550.478487910270     
   17.1141578165945       -550.479591126646     
   17.1152644788035       -550.480667209849     
   17.1163709527649       -550.481716183975     
   17.1174772350147       -550.482738074033     
   17.1185833159041       -550.483732899854     
   17.1196891967786       -550.484700691673     
   17.1207948654517       -550.485641468219     
   17.1219003180316       -550.486555256132     
   17.1230055503883       -550.487442082216     
   17.1241105535359       -550.488301969929     
   17.1252153243418       -550.489134947914     
   17.1263198647291       -550.489941048716     
   17.1274241561332       -550.490720290457     
   17.1285281981983       -550.491472705214     
   17.1296319851570       -550.492198321575     
   17.1307355133904       -550.492897169989     
   17.1318387708698       -550.493569276202     
   17.1329417620543       -550.494214676534     
   17.1340444709112       -550.494833395593     
   17.1351469019399       -550.495425470278     
   17.1362490384743       -550.495990926416     
   17.1373508769471       -550.496529797647     
   17.1384524234642       -550.497042122307     
   17.1395536560985       -550.497527926074     
   17.1406545763043       -550.497987246169     
   17.1417551800083       -550.498420117531     
   17.1428554555985       -550.498826572752     
   17.1439554063023       -550.499206650448     
   17.1450550184785       -550.499560383665     
   17.1461542860918       -550.499887808882     
   17.1472532069200       -550.500188964115     
   17.1483517697097       -550.500463885398     
   17.1494499752494       -550.500712612379     
   17.1505478138879       -550.500935182596     
   17.1516452802355       -550.501131635171     
   17.1527423686172       -550.501302009658     
   17.1538390709116       -550.501446345807     
   17.1549353847585       -550.501564684649     
   17.1560312994645       -550.501657066789     
   17.1571268076573       -550.501723533957     
   17.1582219119502       -550.501764128788     
   17.1593165990213       -550.501778893592     
