  0.000000000000000E+000   88.6879827338980     
   1.00000000000000        88.6880936542138     
   2.00000000000000        88.6880244637889     
   3.00000000000000        88.6880720968551     
   4.00000000000000        88.6880043333263     
   5.00000000000000        88.6881100604853     
   6.00000000000000        88.6878572396622     
   7.00000000000000        88.6873071657460     
   8.00000000000000        88.6871131383856     
   9.00000000000000        88.6870348332388     
   10.0000000000000        88.6866642829834     
   11.0000000000000        88.6864050050644     
   12.0000000000000        88.6862658176253     
   13.0000000000000        88.6860659982954     
   14.0000000000000        88.6858101129168     
   15.0000000000000        88.6848391448670     
   16.0000000000000        88.6847558410513     
   17.0000000000000        88.6843215636950     
   18.0000000000000        88.6837702041014     
   19.0000000000000        88.6832725372563     
   20.0000000000000        88.6829015590733     
   21.0000000000000        88.6818207618072     
   22.0000000000000        88.6810342985033     
   23.0000000000000        88.6801352958387     
   24.0000000000000        88.6793597797569     
   25.0000000000000        88.6781698139943     
   26.0000000000000        88.6770987071363     
   27.0000000000000        88.6758600762247     
   28.0000000000000        88.6739168039045     
   29.0000000000000        88.6725658232514     
   30.0000000000000        88.6707501852258     
   31.0000000000000        88.6691753516843     
   32.0000000000000        88.6668397667847     
   33.0000000000000        88.6643951023846     
   34.0000000000000        88.6079313861402     
   35.0000000000000        88.6596996370445     
   36.0000000000000        88.6534954763338     
   37.0000000000000        88.5802097487327     
   38.0000000000000        88.6502699834527     
   39.0000000000000        88.6466361755797     
   40.0000000000000        88.6430674520127     
   41.0000000000000        88.6396319872600     
   42.0000000000000        88.6356170003183     
   43.0000000000000        88.6313727564475     
   44.0000000000000        88.6260804968362     
   45.0000000000000        88.6219256280934     
   46.0000000000000        88.6169527286771     
   47.0000000000000        88.6118810518532     
   48.0000000000000        88.6060476225817     
   49.0000000000000        88.6008847532003     
   50.0000000000000        88.5944958234050     
   51.0000000000000        88.5887119435130     
   52.0000000000000        88.5825913070487     
   53.0000000000000        88.5755998215806     
   54.0000000000000        88.5690401235913     
   55.0000000000000        88.5614335044031     
   56.0000000000000        88.5541421904210     
   57.0000000000000        88.5466917071873     
   58.0000000000000        88.5393152823068     
   59.0000000000000        88.5313678300564     
   60.0000000000000        88.5231457109306     
   61.0000000000000        88.5148248434831     
   62.0000000000000        88.5058726761271     
   63.0000000000000        88.4969408353822     
   64.0000000000000        88.4880302428016     
   65.0000000000000        88.4789031809020     
   66.0000000000000        88.4697385680230     
   67.0000000000000        88.4599441238272     
   68.0000000000000        88.4504048096773     
   69.0000000000000        88.4401798081881     
   70.0000000000000        88.4297972504620     
   71.0000000000000        88.4195522989221     
   72.0000000000000        88.4091549061586     
   73.0000000000000        88.3982452197279     
   74.0000000000000        88.3878894969286     
   75.0000000000000        88.3766145845750     
   76.0000000000000        88.3655897265249     
   77.0000000000000        88.3538248893433     
   78.0000000000000        88.3427877448649     
   79.0000000000000        88.3310028001623     
   80.0000000000000        88.3191824208502     
   81.0000000000000        88.3079757436310     
   82.0000000000000        88.2956076962781     
   83.0000000000000        88.2833793020915     
   84.0000000000000        88.2708775169047     
   85.0000000000000        88.2589269673367     
   86.0000000000000        88.2465266647743     
   87.0000000000000        88.2338506825935     
   88.0000000000000        88.2213189088540     
   89.0000000000000        88.2082128672805     
   90.0000000000000        88.1952462070474     
   91.0000000000000        88.1829500193936     
   92.0000000000000        88.1695537400973     
   93.0000000000000        88.1562920420968     
   94.0000000000000        88.1434718374500     
   95.0000000000000        88.1298985665691     
   96.0000000000000        88.1164055535873     
   97.0000000000000        88.1035233618965     
   98.0000000000000        88.0898366225848     
   99.0000000000000        88.0764041795159     
   100.000000000000        88.0628711246820     
   101.000000000000        88.0490059103210     
   102.000000000000        88.0353941640490     
   103.000000000000        88.0219228881352     
   104.000000000000        88.0076980129724     
   105.000000000000        87.9937908539819     
   106.000000000000        87.9801359112718     
   107.000000000000        87.9663837269903     
   108.000000000000        87.9521749970795     
   109.000000000000        87.9383436542153     
   110.000000000000        87.9242307928567     
   111.000000000000        87.9104351102278     
   112.000000000000        87.8964764640228     
   113.000000000000        87.8824757065410     
   114.000000000000        87.8682563532302     
   115.000000000000        87.8542926075806     
   116.000000000000        87.8401658662261     
   117.000000000000        87.8260608516955     
   118.000000000000        87.8121460338603     
   119.000000000000        87.7984281166338     
   120.000000000000        87.7838359247729     
   121.000000000000        87.7695588715482     
   122.000000000000        87.7557672081453     
   123.000000000000        87.7417584824643     
   124.000000000000        87.7276456045028     
   125.000000000000        87.7136091509245     
   126.000000000000        87.6994072697817     
   127.000000000000        87.6855197115901     
   128.000000000000        87.6719391400902     
   129.000000000000        87.6574313641890     
   130.000000000000        87.6434117829105     
   131.000000000000        87.6298747354974     
   132.000000000000        87.6155300079120     
   133.000000000000        87.6020243314282     
   134.000000000000        87.5882944524041     
   135.000000000000        87.5744043094827     
   136.000000000000        87.5608853940893     
   137.000000000000        87.5467231068806     
   138.000000000000        87.5328786046744     
   139.000000000000        87.5192773835795     
   140.000000000000        87.5058691302416     
   141.000000000000        87.4921194198762     
   142.000000000000        87.4785596907190     
   143.000000000000        87.4648948951770     
   144.000000000000        87.4518919156321     
   145.000000000000        87.4381923728194     
   146.000000000000        87.4246260335773     
   147.000000000000        87.4113061967152     
   148.000000000000        87.3981163882484     
   149.000000000000        87.3851803830332     
   150.000000000000        87.3715415786742     
   151.000000000000        87.3588615148588     
   152.000000000000        87.3453664773315     
   153.000000000000        87.3325930834351     
   154.000000000000        87.3193580366793     
   155.000000000000        87.3061321962235     
   156.000000000000        87.2937493309196     
   157.000000000000        87.2808998814738     
   158.000000000000        87.2685401541027     
   159.000000000000        87.2552402131507     
   160.000000000000        87.2430192095323     
   161.000000000000        87.2299745844184     
   162.000000000000        87.2182529638811     
   163.000000000000        87.2055878023996     
   164.000000000000        87.1934079449342     
   165.000000000000        87.1811163221700     
   166.000000000000        87.1688407248872     
   167.000000000000        87.1559815936932     
   168.000000000000        87.1443179096714     
   169.000000000000        87.1325428401464     
   170.000000000000        87.1205393085955     
   171.000000000000        87.1086671541015     
   172.000000000000        87.0970404083286     
   173.000000000000        87.0850695005458     
   174.000000000000        87.0736965063975     
   175.000000000000        87.0620997500726     
   176.000000000000        87.0506274373121     
   177.000000000000        87.0390507363725     
   178.000000000000        87.0277148065730     
   179.000000000000        87.0166283563429     
   180.000000000000        87.0056668171299     
   181.000000000000        86.9943579938271     
   182.000000000000        86.9834173541455     
   183.000000000000        86.9723624531660     
   184.000000000000        86.9616751739066     
   185.000000000000        86.9505192451986     
   186.000000000000        86.9403221025284     
   187.000000000000        86.9296579500960     
   188.000000000000        86.9192384787134     
   189.000000000000        86.9090685951753     
   190.000000000000        86.8985475988948     
   191.000000000000        86.8880334594714     
   192.000000000000        86.8782426302517     
   193.000000000000        86.8677460399216     
   194.000000000000        86.8577293405294     
   195.000000000000        86.8477241636187     
   196.000000000000        86.8378435809437     
   197.000000000000        86.8285645941638     
   198.000000000000        86.8190534134744     
   199.000000000000        86.8093135085036     
   200.000000000000        86.7994629565028     
   201.000000000000        86.7903326745710     
   202.000000000000        86.7812083359676     
   203.000000000000        86.7718521177323     
   204.000000000000        86.7629791445138     
   205.000000000000        86.7538763603764     
   206.000000000000        86.7445430559034     
   207.000000000000        86.7362862615677     
   208.000000000000        86.7275584370518     
   209.000000000000        86.7187188208815     
   210.000000000000        86.7101283672695     
   211.000000000000        86.7017786308228     
   212.000000000000        86.6933141848482     
   213.000000000000        86.6853354951004     
   214.000000000000        86.6770046954476     
   215.000000000000        86.6689193918793     
   216.000000000000        86.6611978242284     
   217.000000000000        86.6527643140285     
   218.000000000000        86.6447003209740     
   219.000000000000        86.6374728547398     
   220.000000000000        86.6297731376186     
   221.000000000000        86.6224390953096     
   222.000000000000        86.6149901539486     
   223.000000000000        86.6076665214607     
   224.000000000000        86.6001095384995     
   225.000000000000        86.5931553950714     
   226.000000000000        86.5864444568334     
   227.000000000000        86.5791458679985     
   228.000000000000        86.5726830094197     
   229.000000000000        86.5656327115450     
   230.000000000000        86.5591825831469     
   231.000000000000        86.5528556676902     
   232.000000000000        86.5466532205403     
   233.000000000000        86.5401009825406     
   234.000000000000        86.5335567491695     
   235.000000000000        86.5279631496939     
   236.000000000000        86.5217863752807     
   237.000000000000        86.5156090600308     
   238.000000000000        86.5097981621995     
   239.000000000000        86.5038756105845     
   240.000000000000        86.4984309907532     
   241.000000000000        86.4927536927497     
   242.000000000000        86.4874388009961     
   243.000000000000        86.4820092980767     
   244.000000000000        86.4770592873620     
   245.000000000000        86.4716460882486     
   246.000000000000        86.4664636333685     
   247.000000000000        86.4611808132461     
   248.000000000000        86.4568481316192     
   249.000000000000        86.4518059176361     
   250.000000000000        86.4472432688917     
   251.000000000000        86.4423308306350     
   252.000000000000        86.4382566767275     
   253.000000000000        86.4339432107741     
   254.000000000000        86.4298808986463     
   255.000000000000        86.4256999013146     
   256.000000000000        86.4217644979642     
   257.000000000000        86.4180684154226     
   258.000000000000        86.4141391762913     
   259.000000000000        86.4098603464333     
   260.000000000000        86.4066531969373     
   261.000000000000        86.4025040777464     
   262.000000000000        86.3994292252556     
   263.000000000000        86.3961206668401     
   264.000000000000        86.3926930157923     
   265.000000000000        86.3891557105798     
   266.000000000000        86.3862188261954     
   267.000000000000        86.3834040946605     
   268.000000000000        86.3801163338997     
   269.000000000000        86.3778957215194     
   270.000000000000        86.3754524873134     
   271.000000000000        86.3724133170414     
   272.000000000000        86.3696238958569     
   273.000000000000        86.3675429252462     
   274.000000000000        86.3648774723491     
   275.000000000000        86.3628134495289     
   276.000000000000        86.3606306948456     
   277.000000000000        86.3594064164010     
   278.000000000000        86.3568728856701     
   279.000000000000        86.3550596037136     
   280.000000000000        86.3531332784354     
   281.000000000000        86.3520380599502     
   282.000000000000        86.3508363909964     
   283.000000000000        86.3490388191649     
   284.000000000000        86.3474860894734     
   285.000000000000        86.3466498668499     
   286.000000000000        86.3450987493584     
   287.000000000000        86.3447487968329     
   288.000000000000        86.3434442688272     
   289.000000000000        86.3425111335735     
   290.000000000000        86.3421619898148     
   291.000000000000        86.3411136006437     
   292.000000000000        86.3405449450960     
   293.000000000000        86.3403299964552     
   294.000000000000        86.3398858981958     
   295.000000000000        86.3394508252807     
   296.000000000000        86.3397217306123     
   297.000000000000        86.3392901257290     
   298.000000000000        86.3392150383085     
   299.000000000000        86.3393893390226     
   300.000000000000        86.3394378425560     
   301.000000000000        86.3397357859202     
   302.000000000000        86.3406299713421     
   303.000000000000        86.3408136331672     
   304.000000000000        86.3413600531515     
   305.000000000000        86.3420264929328     
   306.000000000000        86.3426946112003     
   307.000000000000        86.3434902168726     
   308.000000000000        86.3445232352341     
   309.000000000000        86.3453237079481     
   310.000000000000        86.3469606676895     
   311.000000000000        86.3480021076543     
   312.000000000000        86.3491716930692     
   313.000000000000        86.3503411126889     
   314.000000000000        86.3523543847793     
   315.000000000000        86.3531717082912     
   316.000000000000        86.3548328158834     
   317.000000000000        86.3569619974383     
   318.000000000000        86.3591084173773     
   319.000000000000        86.3600606335595     
   320.000000000000        86.3626836267467     
   321.000000000000        86.3648332727487     
   322.000000000000        86.3669808336688     
   323.000000000000        86.3686615972388     
   324.000000000000        86.3724900108789     
   325.000000000000        86.3741813076243     
   326.000000000000        86.3770558249758     
   327.000000000000        86.3794692413498     
   328.000000000000        86.3818818534581     
   329.000000000000        86.3842899878515     
   330.000000000000        86.3871865994221     
   331.000000000000        86.3900794932557     
   332.000000000000        86.3937014827778     
   333.000000000000        86.3961219017055     
   334.000000000000        86.3999788386056     
   335.000000000000        86.4033595083531     
   336.000000000000        86.4060359205382     
   337.000000000000        86.4089472081439     
   338.000000000000        86.4135406310533     
   339.000000000000        86.4171775032674     
   340.000000000000        86.4203334648801     
   341.000000000000        86.4242158858566     
   342.000000000000        86.4280971026520     
   343.000000000000        86.4324576405056     
   344.000000000000        86.4358604421186     
   345.000000000000        86.4399970710175     
   346.000000000000        86.4441323809063     
   347.000000000000        86.4482698459177     
   348.000000000000        86.4526423467240     
   349.000000000000        86.4577235526499     
   350.000000000000        86.4611601839227     
   351.000000000000        86.4662637602232     
   352.000000000000        86.4708850856246     
   353.000000000000        86.4755113300341     
   354.000000000000        86.4801471913403     
   355.000000000000        86.4852526849366     
   356.000000000000        86.4896526181672     
   357.000000000000        86.4950084687283     
   358.000000000000        86.4996440948613     
   359.000000000000        86.5047640260673     
   360.000000000000        86.5101263764637     
   361.000000000000        86.5155017628818     
   362.000000000000        86.5213409393039     
   363.000000000000        86.5262208791825     
   364.000000000000        86.5315948961645     
   365.000000000000        86.5369786121776     
   366.000000000000        86.5428320043148     
   367.000000000000        86.5486909619734     
   368.000000000000        86.5543047847749     
   369.000000000000        86.5601739994454     
   370.000000000000        86.5660267516790     
   371.000000000000        86.5716552765908     
   372.000000000000        86.5779987953190     
   373.000000000000        86.5845842400995     
   374.000000000000        86.5899884072489     
   375.000000000000        86.5970572628259     
   376.000000000000        86.6026949080083     
   377.000000000000        86.6092882868585     
   378.000000000000        86.6156540766347     
   379.000000000000        86.6224911237764     
   380.000000000000        86.6288526781483     
   381.000000000000        86.6356957359973     
   382.000000000000        86.6418304124822     
   383.000000000000        86.6489212392554     
   384.000000000000        86.6550515937493     
   385.000000000000        86.6621433787502     
   386.000000000000        86.6694628375510     
   387.000000000000        86.6765664960783     
   388.000000000000        86.6824486313583     
   389.000000000000        86.6895636543210     
   390.000000000000        86.6976331590622     
   391.000000000000        86.7042616909245     
   392.000000000000        86.7118402128047     
   393.000000000000        86.7187118996973     
   394.000000000000        86.7258183985884     
   395.000000000000        86.7341298619139     
   396.000000000000        86.7405244807101     
   397.000000000000        86.7483575862187     
   398.000000000000        86.7569125958183     
   399.000000000000        86.7640304232751     
   400.000000000000        86.7725855598776     
   401.000000000000        86.7792411462821     
   402.000000000000        86.7870838816122     
   403.000000000000        86.7949115354907     
   404.000000000000        86.8032499238736     
   405.000000000000        86.8106185868272     
   406.000000000000        86.8187034348165     
   407.000000000000        86.8272731057196     
   408.000000000000        86.8351299513778     
   409.000000000000        86.8429948976899     
   410.000000000000        86.8508278559600     
   411.000000000000        86.8598884114706     
   412.000000000000        86.8672820145306     
   413.000000000000        86.8758639195901     
   414.000000000000        86.8842054673734     
   415.000000000000        86.8923049667443     
   416.000000000000        86.9008908868672     
   417.000000000000        86.9090042420075     
   418.000000000000        86.9175820687578     
   419.000000000000        86.9266524810919     
   420.000000000000        86.9350024385207     
   421.000000000000        86.9438431465514     
   422.000000000000        86.9519637592586     
   423.000000000000        86.9603268092661     
   424.000000000000        86.9701237961895     
   425.000000000000        86.9787173992783     
   426.000000000000        86.9863706555201     
   427.000000000000        86.9968752131849     
   428.000000000000        87.0049939902009     
   429.000000000000        87.0136134287051     
   430.000000000000        87.0246192159392     
   431.000000000000        87.0320203394075     
   432.000000000000        87.0403919775776     
   433.000000000000        87.0497166017613     
   434.000000000000        87.0588149507521     
   435.000000000000        87.0676765110514     
   436.000000000000        87.0775010735400     
   437.000000000000        87.0861080546838     
   438.000000000000        87.0956883313405     
   439.000000000000        87.1055026185811     
   440.000000000000        87.1143560698799     
   441.000000000000        87.1237070714403     
   442.000000000000        87.1330473545112     
   443.000000000000        87.1411997064200     
   444.000000000000        87.1517376825291     
   445.000000000000        87.1603743281218     
   446.000000000000        87.1704325381691     
   447.000000000000        87.1793006662727     
   448.000000000000        87.1888967808939     
   449.000000000000        87.1984949756439     
   450.000000000000        87.2076047973871     
   451.000000000000        87.2179220593752     
   452.000000000000        87.2260799369919     
   453.000000000000        87.2356816214636     
   454.000000000000        87.2464650862560     
   455.000000000000        87.2555968302128     
   456.000000000000        87.2651950875661     
   457.000000000000        87.2747993807075     
   458.000000000000        87.2846355762039     
   459.000000000000        87.2940059602274     
   460.000000000000        87.3031313698526     
   461.000000000000        87.3132272762175     
   462.000000000000        87.3225892445536     
   463.000000000000        87.3329104837628     
   464.000000000000        87.3425158626781     
   465.000000000000        87.3528503584673     
   466.000000000000        87.3615071939075     
   467.000000000000        87.3727925765721     
   468.000000000000        87.3814540238136     
   469.000000000000        87.3917905464825     
   470.000000000000        87.4009202050030     
   471.000000000000        87.4098229526003     
   472.000000000000        87.4199179772547     
   473.000000000000        87.4302638616956     
   474.000000000000        87.4408302554134     
   475.000000000000        87.4492577989590     
   476.000000000000        87.4593599831971     
   477.000000000000        87.4699278376381     
   478.000000000000        87.4790899982091     
   479.000000000000        87.4887121230690     
   480.000000000000        87.4997823388535     
   481.000000000000        87.5086797605714     
   482.000000000000        87.5187867335973     
   483.000000000000        87.5284128870472     
   484.000000000000        87.5385385917762     
   485.000000000000        87.5477011099086     
   486.000000000000        87.5573238237189     
   487.000000000000        87.5671915649053     
   488.000000000000        87.5768127499604     
   489.000000000000        87.5871683114653     
   490.000000000000        87.5963267884768     
   491.000000000000        87.6066703272005     
   492.000000000000        87.6160727659641     
   493.000000000000        87.6264392314699     
   494.000000000000        87.6356060328221     
   495.000000000000        87.6449932017815     
   496.000000000000        87.6548770854581     
   497.000000000000        87.6640282696801     
   498.000000000000        87.6736651563573     
   499.000000000000        87.6849925419045     
   500.000000000000        87.6948741755123     
   501.000000000000        87.7030709697259     
   502.000000000000        87.7136699763364     
   503.000000000000        87.7226094849627     
   504.000000000000        87.7320100305483     
   505.000000000000        87.7426248852882     
   506.000000000000        87.7510595751272     
   507.000000000000        87.7616701891025     
   508.000000000000        87.7698802185974     
   509.000000000000        87.7804946544290     
   510.000000000000        87.7898955359440     
   511.000000000000        87.7995370062121     
   512.000000000000        87.8082393547228     
   513.000000000000        87.8173974677490     
   514.000000000000        87.8270365612518     
   515.000000000000        87.8359894223363     
   516.000000000000        87.8461198018371     
   517.000000000000        87.8562436096898     
   518.000000000000        87.8651828369088     
   519.000000000000        87.8738913787545     
   520.000000000000        87.8837631607490     
   521.000000000000        87.8917537913280     
   522.000000000000        87.9016238997710     
   523.000000000000        87.9110677676621     
   524.000000000000        87.9187792343366     
   525.000000000000        87.9289025456339     
   526.000000000000        87.9373757534788     
   527.000000000000        87.9470308625690     
   528.000000000000        87.9562213762449     
   529.000000000000        87.9639608117253     
   530.000000000000        87.9731255799777     
   531.000000000000        87.9832501009232     
   532.000000000000        87.9912507345168     
   533.000000000000        88.0008915025662     
   534.000000000000        88.0081800421205     
   535.000000000000        88.0175990690360     
   536.000000000000        88.0255812180142     
   537.000000000000        88.0345204325063     
   538.000000000000        88.0441822040347     
   539.000000000000        88.0528641820876     
   540.000000000000        88.0603525089786     
   541.000000000000        88.0685912081109     
   542.000000000000        88.0770502186379     
   543.000000000000        88.0855094824960     
   544.000000000000        88.0939706474968     
   545.000000000000        88.1026762317935     
   546.000000000000        88.1113902098551     
   547.000000000000        88.1200833964428     
   548.000000000000        88.1268701707786     
   549.000000000000        88.1360429173658     
   550.000000000000        88.1440452078266     
   551.000000000000        88.1519993952003     
   552.000000000000        88.1609731077881     
   553.000000000000        88.1672561086347     
   554.000000000000        88.1742725270155     
   555.000000000000        88.1820359740592     
   556.000000000000        88.1907357662510     
   557.000000000000        88.1989269502589     
   558.000000000000        88.2061996493656     
   559.000000000000        88.2139546142871     
   560.000000000000        88.2214558136998     
   561.000000000000        88.2289655066377     
   562.000000000000        88.2357221496754     
   563.000000000000        88.2418099015602     
   564.000000000000        88.2504962669623     
   565.000000000000        88.2565897183211     
   566.000000000000        88.2647914029158     
   567.000000000000        88.2725476130522     
   568.000000000000        88.2788630712292     
   569.000000000000        88.2846519336216     
   570.000000000000        88.2921773212156     
   571.000000000000        88.2979948406198     
   572.000000000000        88.3062053684502     
   573.000000000000        88.3118147242558     
   574.000000000000        88.3195393431865     
   575.000000000000        88.3267839384477     
   576.000000000000        88.3333106464384     
   577.000000000000        88.3389084318783     
   578.000000000000        88.3457103756469     
   579.000000000000        88.3510218460379     
   580.000000000000        88.3573506598423     
   581.000000000000        88.3633862191775     
   582.000000000000        88.3704358293228     
   583.000000000000        88.3740807256369     
   584.000000000000        88.3808536052070     
   585.000000000000        88.3866715405627     
   586.000000000000        88.3925062950596     
   587.000000000000        88.3987863143721     
   588.000000000000        88.4031798865456     
   589.000000000000        88.4089982577977     
   590.000000000000        88.4133574368032     
   591.000000000000        88.4199115955045     
   592.000000000000        88.4242813149165     
   593.000000000000        88.4308293473477     
   594.000000000000        88.4354313437817     
   595.000000000000        88.4412569513103     
   596.000000000000        88.4449035393644     
   597.000000000000        88.4512119982469     
   598.000000000000        88.4553657584957     
   599.000000000000        88.4597044841473     
   600.000000000000        88.4643447695707     
   601.000000000000        88.4703633423466     
   602.000000000000        88.4735635102629     
   603.000000000000        88.4774219144607     
   604.000000000000        88.4823000173614     
   605.000000000000        88.4859238147624     
   606.000000000000        88.4886330128205     
   607.000000000000        88.4944262791352     
   608.000000000000        88.4973624515173     
   609.000000000000        88.5009793855481     
   610.000000000000        88.5031843195304     
   611.000000000000        88.5085184159960     
   612.000000000000        88.5112256658621     
   613.000000000000        88.5148671720160     
   614.000000000000        88.5180483687999     
   615.000000000000        88.5221519536334     
   616.000000000000        88.5231596070028     
   617.000000000000        88.5265554214787     
   618.000000000000        88.5292257199030     
   619.000000000000        88.5311952594570     
   620.000000000000        88.5346250279718     
   621.000000000000        88.5380143564900     
   622.000000000000        88.5402029142056     
   623.000000000000        88.5419159188634     
   624.000000000000        88.5450717658931     
   625.000000000000        88.5458196306307     
   626.000000000000        88.5489804520068     
   627.000000000000        88.5499800330723     
   628.000000000000        88.5514311790008     
   629.000000000000        88.5526609320987     
   630.000000000000        88.5560794152434     
   631.000000000000        88.5568382719335     
   632.000000000000        88.5563616399306     
   633.000000000000        88.5595145122750     
   634.000000000000        88.5607557936485     
   635.000000000000        88.5614733041477     
   636.000000000000        88.5615176662450     
   637.000000000000        88.5622673144617     
   638.000000000000        88.5627519283632     
   639.000000000000        88.5623046321415     
   640.000000000000        88.5628148966616     
   641.000000000000        88.5652314518692     
   642.000000000000        88.5638065334067     
   643.000000000000        88.5643121652565     
   644.000000000000        88.5657817530025     
   645.000000000000        88.5648139352624     
   646.000000000000        88.5638565446189     
   647.000000000000        88.5624400629669     
   648.000000000000        88.5614703267529     
   649.000000000000        88.5619991144139     
   650.000000000000        88.5619906276064     
   651.000000000000        88.5600628372954     
   652.000000000000        88.5586280405119     
   653.000000000000        88.5581815009115     
   654.000000000000        88.5562688798622     
   655.000000000000        88.5553116295167     
   656.000000000000        88.5533470364201     
   657.000000000000        88.5514436986466     
   658.000000000000        88.5504912920585     
   659.000000000000        88.5471327204886     
   660.000000000000        88.5442551516651     
   661.000000000000        88.5423511720876     
   662.000000000000        88.5399189046388     
   663.000000000000        88.5389692104217     
   664.000000000000        88.5355704432275     
   665.000000000000        88.5317495480077     
   666.000000000000        88.5302934002428     
   667.000000000000        88.5259569182861     
   668.000000000000        88.5216282375413     
   669.000000000000        88.5192180553477     
   670.000000000000        88.5148260389274     
   671.000000000000        88.5115175426817     
   672.000000000000        88.5066605988144     
   673.000000000000        88.5028033202596     
   674.000000000000        88.4989598166838     
   675.000000000000        88.4970180781770     
   676.000000000000        88.4907394790021     
   677.000000000000        88.4854075013612     
   678.000000000000        88.4805776142291     
   679.000000000000        88.4762166325655     
   680.000000000000        88.4704174608170     
   681.000000000000        88.4651110809362     
   682.000000000000        88.4607652886808     
   683.000000000000        88.4549879972041     
   684.000000000000        88.4482248417162     
   685.000000000000        88.4428883992526     
   686.000000000000        88.4380374735838     
   687.000000000000        88.4307925078882     
   688.000000000000        88.4245210743277     
   689.000000000000        88.4187179606107     
   690.000000000000        88.4114685036770     
   691.000000000000        88.4037450613744     
   692.000000000000        88.3974212490795     
   693.000000000000        88.3901560579336     
   694.000000000000        88.3843713860444     
   695.000000000000        88.3775484663841     
   696.000000000000        88.3693510323642     
   697.000000000000        88.3621284299549     
   698.000000000000        88.3557562329327     
   699.000000000000        88.3446606128299     
   700.000000000000        88.3379268240292     
   701.000000000000        88.3282530732752     
   702.000000000000        88.3181010357361     
   703.000000000000        88.3102935410472     
   704.000000000000        88.3025772194774     
   705.000000000000        88.2928366323942     
   706.000000000000        88.2841590039733     
   707.000000000000        88.2735459194812     
   708.000000000000        88.2657696333207     
   709.000000000000        88.2550681692550     
   710.000000000000        88.2468952204003     
   711.000000000000        88.2357319200551     
   712.000000000000        88.2265387199598     
   713.000000000000        88.2144372266298     
   714.000000000000        88.2027790783196     
   715.000000000000        88.1955392604915     
   716.000000000000        88.1844035726752     
   717.000000000000        88.1722919656634     
   718.000000000000        88.1587251193563     
   719.000000000000        88.1490599241749     
   720.000000000000        88.1364488457141     
   721.000000000000        88.1252626943503     
   722.000000000000        88.1121791748819     
   723.000000000000        88.0996136510028     
   724.000000000000        88.0908785445216     
   725.000000000000        88.0753660671611     
   726.000000000000        88.0637441242802     
   727.000000000000        88.0477904225492     
   728.000000000000        88.0380800757013     
   729.000000000000        88.0235198875105     
   730.000000000000        88.0090095635158     
   731.000000000000        87.9963674026321     
   732.000000000000        87.9812883098200     
   733.000000000000        87.9682482820314     
   734.000000000000        87.9537226971050     
   735.000000000000        87.9367279146917     
   736.000000000000        87.9231303564809     
   737.000000000000        87.9100343858857     
   738.000000000000        87.8960060378388     
   739.000000000000        87.8804945061538     
   740.000000000000        87.8615595765532     
   741.000000000000        87.8494472825227     
   742.000000000000        87.8329906574401     
   743.000000000000        87.8145440606863     
   744.000000000000        87.8014320847739     
   745.000000000000        87.7849645655222     
   746.000000000000        87.7674838578527     
   747.000000000000        87.7505223198828     
   748.000000000000        87.7350034261293     
   749.000000000000        87.7156174678914     
   750.000000000000        87.6990617557976     
   751.000000000000        87.6797018398882     
   752.000000000000        87.6636569129526     
   753.000000000000        87.6433494167193     
   754.000000000000        87.6268268462293     
   755.000000000000        87.6069718238024     
   756.000000000000        87.5904850011074     
   757.000000000000        87.5706043789892     
   758.000000000000        87.5516591596594     
   759.000000000000        87.5332072959876     
   760.000000000000        87.5118507106314     
   761.000000000000        87.4943928801391     
   762.000000000000        87.4735300888625     
   763.000000000000        87.4536630409846     
   764.000000000000        87.4337450397784     
   765.000000000000        87.4109344826918     
   766.000000000000        87.3944625983369     
   767.000000000000        87.3721090268164     
   768.000000000000        87.3512599852676     
   769.000000000000        87.3289170202711     
   770.000000000000        87.3046508691951     
   771.000000000000        87.2847759340645     
   772.000000000000        87.2648677494240     
   773.000000000000        87.2395861530012     
   774.000000000000        87.2153658713534     
   775.000000000000        87.1940318834641     
   776.000000000000        87.1707160872007     
   777.000000000000        87.1484276539443     
   778.000000000000        87.1265332017874     
   779.000000000000        87.1052122735535     
   780.000000000000        87.0780286834633     
   781.000000000000        87.0561321268604     
   782.000000000000        87.0314076666654     
   783.000000000000        87.0071564228490     
   784.000000000000        86.9818825061441     
   785.000000000000        86.9566171107536     
   786.000000000000        86.9313724530310     
   787.000000000000        86.9046934858988     
   788.000000000000        86.8809263597543     
   789.000000000000        86.8546550386882     
   790.000000000000        86.8283810691550     
   791.000000000000        86.8032431553395     
   792.000000000000        86.7760652564181     
   793.000000000000        86.7483617838360     
   794.000000000000        86.7231205820449     
   795.000000000000        86.6959363511969     
   796.000000000000        86.6687391000451     
   797.000000000000        86.6415408359359     
   798.000000000000        86.6094772495168     
   799.000000000000        86.5818521904560     
   800.000000000000        86.5570049979491     
   801.000000000000        86.5279118121144     
   802.000000000000        86.4987308063813     
   803.000000000000        86.4686479167082     
   804.000000000000        86.4409509835661     
   805.000000000000        86.4113117108889     
   806.000000000000        86.3817345953082     
   807.000000000000        86.3486597360878     
   808.000000000000        86.3190598027562     
   809.000000000000        86.2898795998745     
   810.000000000000        86.2593534352136     
   811.000000000000        86.2297288830919     
   812.000000000000        86.1985309100580     
   813.000000000000        86.1660444734725     
   814.000000000000        86.1354475017064     
   815.000000000000        86.1018830860080     
   816.000000000000        86.0669482790447     
   817.000000000000        86.0383621672823     
   818.000000000000        86.0038039488118     
   819.000000000000        85.9736463681546     
   820.000000000000        85.9406665196382     
   821.000000000000        85.9076215545485     
   822.000000000000        85.8702114476556     
   823.000000000000        85.8377190450977     
   824.000000000000        85.8017449532077     
   825.000000000000        85.7686510207182     
   826.000000000000        85.7346786351820     
   827.000000000000        85.7010900151434     
   828.000000000000        85.6646802427088     
   829.000000000000        85.6282672956011     
   830.000000000000        85.5942826819292     
   831.000000000000        85.5582868128945     
   832.000000000000        85.5227696336049     
   833.000000000000        85.4844132265644     
   834.000000000000        85.4489055125459     
   835.000000000000        85.4111082296756     
   836.000000000000        85.3751138673038     
   837.000000000000        85.3382062872511     
   838.000000000000        85.3022589303288     
   839.000000000000        85.2618673138214     
   840.000000000000        85.2235235125516     
   841.000000000000        85.1865434813654     
   842.000000000000        85.1462749080776     
   843.000000000000        85.1092817853801     
   844.000000000000        85.0679604267551     
   845.000000000000        85.0281933052099     
   846.000000000000        84.9902706568889     
   847.000000000000        84.9508996446325     
   848.000000000000        84.9081008935169     
   849.000000000000        84.8663020727589     
   850.000000000000        84.8254905486354     
   851.000000000000        84.7885307279726     
   852.000000000000        84.7443140674979     
   853.000000000000        84.7049748395732     
   854.000000000000        84.6592937991887     
   855.000000000000        84.6179749728280     
   856.000000000000        84.5756987653271     
   857.000000000000        84.5353428106771     
   858.000000000000        84.4930530446156     
   859.000000000000        84.4497657557817     
   860.000000000000        84.4059994643165     
   861.000000000000        84.3618248529233     
   862.000000000000        84.3180881249196     
   863.000000000000        84.2747819510109     
   864.000000000000        84.2276090823630     
   865.000000000000        84.1853702155975     
   866.000000000000        84.1390698310691     
   867.000000000000        84.0943918774220     
   868.000000000000        84.0471671528780     
   869.000000000000        84.0020835904337     
   870.000000000000        83.9559167441500     
   871.000000000000        83.9101791942142     
   872.000000000000        83.8619819517550     
   873.000000000000        83.8149146288410     
   874.000000000000        83.7696214335918     
   875.000000000000        83.7200425747345     
   876.000000000000        83.6748098977648     
   877.000000000000        83.6261745835232     
   878.000000000000        83.5800485450078     
   879.000000000000        83.5295333272731     
   880.000000000000        83.4808930878027     
   881.000000000000        83.4307397604152     
   882.000000000000        83.3840942178564     
   883.000000000000        83.3330944593439     
   884.000000000000        83.2844900416533     
   885.000000000000        83.2324036738046     
   886.000000000000        83.1823000307795     
   887.000000000000        83.1303310394612     
   888.000000000000        83.0811127141695     
   889.000000000000        83.0291756753832     
   890.000000000000        82.9752002383619     
   891.000000000000        82.9255959741764     
   892.000000000000        82.8730128589390     
   893.000000000000        82.8230491578332     
   894.000000000000        82.7704709738139     
   895.000000000000        82.7145416310172     
   896.000000000000        82.6615094436622     
   897.000000000000        82.6075057497858     
   898.000000000000        82.5549623127726     
   899.000000000000        82.4995380716895     
   900.000000000000        82.4475307710746     
   901.000000000000        82.3911035484660     
   902.000000000000        82.3361812184614     
   903.000000000000        82.2841154194300     
   904.000000000000        82.2277150604520     
   905.000000000000        82.1697748425832     
   906.000000000000        82.1173609219441     
   907.000000000000        82.0584679047035     
   908.000000000000        82.0035264418429     
   909.000000000000        81.9461202013329     
   910.000000000000        81.8872684185014     
   911.000000000000        81.8328346789197     
   912.000000000000        81.7734734179614     
   913.000000000000        81.7146684792412     
   914.000000000000        81.6572790605031     
   915.000000000000        81.5993217882389     
   916.000000000000        81.5395823967429     
   917.000000000000        81.4801054019810     
   918.000000000000        81.4198324158941     
   919.000000000000        81.3609932469915     
   920.000000000000        81.3011470112288     
   921.000000000000        81.2432804673269     
   922.000000000000        81.1820603609870     
   923.000000000000        81.1197208681365     
   924.000000000000        81.0608317086215     
   925.000000000000        80.9981376930550     
   926.000000000000        80.9372701554222     
   927.000000000000        80.8741055986973     
   928.000000000000        80.8122250903482     
   929.000000000000        80.7514596654938     
   930.000000000000        80.6878073330077     
   931.000000000000        80.6259810878641     
   932.000000000000        80.5617998057808     
   933.000000000000        80.4985759509870     
   934.000000000000        80.4348197261593     
   935.000000000000        80.3686152708415     
   936.000000000000        80.3078868954691     
   937.000000000000        80.2406545622873     
   938.000000000000        80.1774619680223     
   939.000000000000        80.1084211905673     
   940.000000000000        80.0446497062007     
   941.000000000000        79.9789603044888     
   942.000000000000        79.9128296634898     
   943.000000000000        79.8476378142604     
   944.000000000000        79.7789931501988     
   945.000000000000        79.7138423131961     
   946.000000000000        79.6462587375645     
   947.000000000000        79.5809351338341     
   948.000000000000        79.5119637673797     
   949.000000000000        79.4434191729790     
   950.000000000000        79.3781464952823     
   951.000000000000        79.3100116610255     
   952.000000000000        79.2400266185480     
   953.000000000000        79.1699323905338     
   954.000000000000        79.1003457264502     
   955.000000000000        79.0307869921951     
   956.000000000000        78.9592698701402     
   957.000000000000        78.8885803927642     
   958.000000000000        78.8206008670448     
   959.000000000000        78.7480079695077     
   960.000000000000        78.6789844595033     
   961.000000000000        78.6077941508083     
   962.000000000000        78.5369063730269     
   963.000000000000        78.4634274593070     
   964.000000000000        78.3894823529446     
   965.000000000000        78.3200051132392     
   966.000000000000        78.2469454384852     
   967.000000000000        78.1720009969858     
   968.000000000000        78.0997685308278     
   969.000000000000        78.0269401395372     
   970.000000000000        77.9520422383325     
   971.000000000000        77.8795551373059     
   972.000000000000        77.8060527234004     
   973.000000000000        77.7330386502112     
   974.000000000000        77.6557649783555     
   975.000000000000        77.5793168909928     
   976.000000000000        77.5057878942950     
   977.000000000000        77.4323310295346     
   978.000000000000        77.3545964011694     
   979.000000000000        77.2771293986616     
   980.000000000000        77.2037341568115     
   981.000000000000        77.1254143576930     
   982.000000000000        77.0498584802579     
   983.000000000000        76.9710725500448     
   984.000000000000        76.8926082525051     
   985.000000000000        76.8158008941756     
   986.000000000000        76.7359577511262     
   987.000000000000        76.6581243859450     
   988.000000000000        76.5812803183408     
   989.000000000000        76.5043564969884     
   990.000000000000        76.4236561285404     
   991.000000000000        76.3433247588034     
   992.000000000000        76.2653780814172     
   993.000000000000        76.1833036457414     
   994.000000000000        76.1064462514222     
   995.000000000000        76.0256472525749     
   996.000000000000        75.9462709820564     
   997.000000000000        75.8655347619044     
   998.000000000000        75.7847637332198     
   999.000000000000        75.7039195885630     
   1000.00000000000        75.6193117541855     
   1001.00000000000        75.5400604445538     
   1002.00000000000        75.4577100635029     
   1003.00000000000        75.3739593063785     
   1004.00000000000        75.2942648500112     
   1005.00000000000        75.2109327718824     
   1006.00000000000        75.1254101624227     
   1007.00000000000        75.0436338626049     
   1008.00000000000        74.9608378208574     
   1009.00000000000        74.8777321037100     
   1010.00000000000        74.7920769608503     
   1011.00000000000        74.7093273719987     
   1012.00000000000        74.6261736246341     
   1013.00000000000        74.5424270003953     
   1014.00000000000        74.4542358455568     
   1015.00000000000        74.3725841549338     
   1016.00000000000        74.2870814488009     
   1017.00000000000        74.2038435310863     
   1018.00000000000        74.1157868942299     
   1019.00000000000        74.0316068378179     
   1020.00000000000        73.9435156939427     
   1021.00000000000        73.8563511893193     
   1022.00000000000        73.7725899585960     
   1023.00000000000        73.6881121820113     
   1024.00000000000        73.6004500923634     
   1025.00000000000        73.5123207512507     
   1026.00000000000        73.4248472850091     
   1027.00000000000        73.3371437684505     
   1028.00000000000        73.2515567517668     
   1029.00000000000        73.1615862539499     
   1030.00000000000        73.0729373525922     
   1031.00000000000        72.9849654154573     
   1032.00000000000        72.8972509668138     
   1033.00000000000        72.8077131916538     
   1034.00000000000        72.7195784142488     
   1035.00000000000        72.6292255629774     
   1036.00000000000        72.5422673406821     
   1037.00000000000        72.4516592497022     
   1038.00000000000        72.3614970252972     
   1039.00000000000        72.2725968939242     
   1040.00000000000        72.1846826953080     
   1041.00000000000        72.0946117772126     
   1042.00000000000        72.0022458671891     
   1043.00000000000        71.9125464559710     
   1044.00000000000        71.8225572847809     
   1045.00000000000        71.7316153634914     
   1046.00000000000        71.6391511184679     
   1047.00000000000        71.5492985877669     
   1048.00000000000        71.4571145147864     
   1049.00000000000        71.3668492435948     
   1050.00000000000        71.2764055073697     
   1051.00000000000        71.1833068270780     
   1052.00000000000        71.0939797936471     
   1053.00000000000        71.0001313882224     
   1054.00000000000        70.9081259672263     
   1055.00000000000        70.8171108000987     
   1056.00000000000        70.7234960537884     
   1057.00000000000        70.6314002097861     
   1058.00000000000        70.5380235796027     
   1059.00000000000        70.4469972273871     
   1060.00000000000        70.3531708569760     
   1061.00000000000        70.2617892461976     
   1062.00000000000        70.1678875426950     
   1063.00000000000        70.0752611403122     
   1064.00000000000        69.9809059749567     
   1065.00000000000        69.8873068230703     
   1066.00000000000        69.7943449531605     
   1067.00000000000        69.7015339702234     
   1068.00000000000        69.6070259491568     
   1069.00000000000        69.5137013113984     
   1070.00000000000        69.4189342637022     
   1071.00000000000        69.3250481058627     
   1072.00000000000        69.2322305881249     
   1073.00000000000        69.1384012702096     
   1074.00000000000        69.0426202160754     
   1075.00000000000        68.9502030372230     
   1076.00000000000        68.8548841290535     
   1077.00000000000        68.7600474724208     
   1078.00000000000        68.6672198844014     
   1079.00000000000        68.5728868841804     
   1080.00000000000        68.4776118475680     
   1081.00000000000        68.3828954020904     
   1082.00000000000        68.2884462513379     
   1083.00000000000        68.1934017010040     
   1084.00000000000        68.0999845736820     
   1085.00000000000        68.0051091352890     
   1086.00000000000        67.9112616398703     
   1087.00000000000        67.8161289281439     
   1088.00000000000        67.7228391945403     
   1089.00000000000        67.6266204235991     
   1090.00000000000        67.5308565797704     
   1091.00000000000        67.4362757161403     
   1092.00000000000        67.3433518586748     
   1093.00000000000        67.2471029977413     
   1094.00000000000        67.1534191734686     
   1095.00000000000        67.0575687888608     
   1096.00000000000        66.9629347012828     
   1097.00000000000        66.8691129044281     
   1098.00000000000        66.7750132184857     
   1099.00000000000        66.6788303739233     
   1100.00000000000        66.5858591061993     
   1101.00000000000        66.4903510013234     
   1102.00000000000        66.3971184233345     
   1103.00000000000        66.3014390734529     
   1104.00000000000        66.2066346859375     
   1105.00000000000        66.1149618357728     
   1106.00000000000        66.0191690250286     
   1107.00000000000        65.9280495738145     
   1108.00000000000        65.8328435612395     
   1109.00000000000        65.7390763258021     
   1110.00000000000        65.6454048455983     
   1111.00000000000        65.5507205233556     
   1112.00000000000        65.4565037262142     
   1113.00000000000        65.3637289337058     
   1114.00000000000        65.2723416763156     
   1115.00000000000        65.1786120578635     
   1116.00000000000        65.0853034515638     
   1117.00000000000        64.9913589286684     
   1118.00000000000        64.9001683314088     
   1119.00000000000        64.8088409299445     
   1120.00000000000        64.7168197836198     
   1121.00000000000        64.6231677074033     
   1122.00000000000        64.5316234675962     
   1123.00000000000        64.4404396556313     
   1124.00000000000        64.3493707561285     
   1125.00000000000        64.2571432176627     
   1126.00000000000        64.1664740590230     
   1127.00000000000        64.0768844482868     
   1128.00000000000        63.9862259138162     
   1129.00000000000        63.8956089885148     
   1130.00000000000        63.8043386217385     
   1131.00000000000        63.7149205638322     
   1132.00000000000        63.6263013786871     
   1133.00000000000        63.5353042082961     
   1134.00000000000        63.4475827320675     
   1135.00000000000        63.3583903523680     
   1136.00000000000        63.2694561254124     
   1137.00000000000        63.1832560031819     
   1138.00000000000        63.0961615783078     
   1139.00000000000        63.0076030922847     
   1140.00000000000        62.9193744644281     
   1141.00000000000        62.8339413634470     
   1142.00000000000        62.7466400690385     
   1143.00000000000        62.6591650977032     
   1144.00000000000        62.5755539387759     
   1145.00000000000        62.4883945861516     
   1146.00000000000        62.4039352562124     
   1147.00000000000        62.3193805029694     
   1148.00000000000        62.2368435333478     
   1149.00000000000        62.1521345533263     
   1150.00000000000        62.0692445904093     
   1151.00000000000        61.9870400243832     
   1152.00000000000        61.9021043364455     
   1153.00000000000        61.8215414671960     
   1154.00000000000        61.7392559749009     
   1155.00000000000        61.6592622470108     
   1156.00000000000        61.5773114839407     
   1157.00000000000        61.4976515362756     
   1158.00000000000        61.4176486048833     
   1159.00000000000        61.3391705506794     
   1160.00000000000        61.2600741742486     
   1161.00000000000        61.1820419451683     
   1162.00000000000        61.1050273770880     
   1163.00000000000        61.0294858682987     
   1164.00000000000        60.9519383291850     
   1165.00000000000        60.8773751065790     
   1166.00000000000        60.8028256262897     
   1167.00000000000        60.7263438813564     
   1168.00000000000        60.6517548465906     
   1169.00000000000        60.5802853762610     
   1170.00000000000        60.5092593491602     
   1171.00000000000        60.4343011550328     
   1172.00000000000        60.3632723534847     
   1173.00000000000        60.2937315743207     
   1174.00000000000        60.2232103146156     
   1175.00000000000        60.1557133356133     
   1176.00000000000        60.0866895331446     
   1177.00000000000        60.0192144532761     
   1178.00000000000        59.9507151595791     
   1179.00000000000        59.8842060400982     
   1180.00000000000        59.8187338949542     
   1181.00000000000        59.7551530954703     
   1182.00000000000        59.6902507046683     
   1183.00000000000        59.6272486896349     
   1184.00000000000        59.5653058961134     
   1185.00000000000        59.5027960168990     
   1186.00000000000        59.4433176288031     
   1187.00000000000        59.3828452044186     
   1188.00000000000        59.3253265747278     
   1189.00000000000        59.2664472188276     
   1190.00000000000        59.2084513835772     
   1191.00000000000        59.1523374604287     
   1192.00000000000        59.0984636719149     
   1193.00000000000        59.0430834275204     
   1194.00000000000        58.9881823192672     
   1195.00000000000        58.9366792611096     
   1196.00000000000        58.8867766369747     
   1197.00000000000        58.8343638264308     
   1198.00000000000        58.7859558797794     
   1199.00000000000        58.7389955010396     
   1200.00000000000        58.6885265652315     
   1201.00000000000        58.6414002302368     
   1202.00000000000        58.5957394431737     
   1203.00000000000        58.5532172466215     
   1204.00000000000        58.5103374811733     
   1205.00000000000        58.4677691597591     
   1206.00000000000        58.4258620336002     
   1207.00000000000        58.3865921894782     
   1208.00000000000        58.3482985829466     
   1209.00000000000        58.3106467292938     
   1210.00000000000        58.2740286100081     
   1211.00000000000        58.2397374113785     
   1212.00000000000        58.2073133029161     
   1213.00000000000        58.1727314918743     
   1214.00000000000        58.1399945609501     
   1215.00000000000        58.1107390339688     
   1216.00000000000        58.0822101190137     
   1217.00000000000        58.0551564458102     
   1218.00000000000        58.0272905345041     
   1219.00000000000        58.0044235031475     
   1220.00000000000        57.9801259887317     
   1221.00000000000        57.9566731914209     
   1222.00000000000        57.9387931562734     
   1223.00000000000        57.9172777306790     
   1224.00000000000        57.9006639697717     
   1225.00000000000        57.8817203310032     
   1226.00000000000        57.8673899328541     
   1227.00000000000        57.8534151913338     
   1228.00000000000        57.8395299045508     
   1229.00000000000        57.8309149381259     
   1230.00000000000        57.8213982639802     
   1231.00000000000        57.8120053502824     
   1232.00000000000        57.8086693812264     
   1233.00000000000        57.8020519195048     
   1234.00000000000        57.8000063079944     
   1235.00000000000        57.7981367770719     
   1236.00000000000        57.7965101830714     
   1237.00000000000        57.7972195276779     
   1238.00000000000        57.8031815952956     
   1239.00000000000        57.8072696959387     
   1240.00000000000        57.8128776676602     
   1241.00000000000        57.8210673029964     
   1242.00000000000        57.8322061528093     
   1243.00000000000        57.8396593076547     
   1244.00000000000        57.8572576313937     
   1245.00000000000        57.8697896547290     
   1246.00000000000        57.8860947617803     
   1247.00000000000        57.9039816250881     
   1248.00000000000        57.9257511678618     
   1249.00000000000        57.9463289995391     
   1250.00000000000        57.9723785092008     
   1251.00000000000        57.9944944242834     
   1252.00000000000        58.0227245692666     
   1253.00000000000        58.0530613641126     
   1254.00000000000        58.0808054721138     
   1255.00000000000        58.1134604837139     
   1256.00000000000        58.1510648743248     
   1257.00000000000        58.1859032266234     
   1258.00000000000        58.2254750345094     
   1259.00000000000        58.2646776001916     
   1260.00000000000        58.3076040418802     
   1261.00000000000        58.3506555846522     
   1262.00000000000        58.3985968789154     
   1263.00000000000        58.4467344872355     
   1264.00000000000        58.4928276084152     
   1265.00000000000        58.5433120202136     
   1266.00000000000        58.6002633275887     
   1267.00000000000        58.6559823350115     
   1268.00000000000        58.7136932655746     
   1269.00000000000        58.7758503075157     
   1270.00000000000        58.8346520500073     
   1271.00000000000        58.9049279105609     
   1272.00000000000        58.9700408401804     
   1273.00000000000        59.0436226129134     
   1274.00000000000        59.1135022901113     
   1275.00000000000        59.1821157541199     
   1276.00000000000        59.2545001661760     
   1277.00000000000        59.3324968069348     
   1278.00000000000        59.4157217084837     
   1279.00000000000        59.4966134559250     
   1280.00000000000        59.5761617311574     
   1281.00000000000        59.6612635437623     
   1282.00000000000        59.7531461928532     
   1283.00000000000        59.8305450294807     
   1284.00000000000        59.9364984158051     
   1285.00000000000        60.0265136216648     
   1286.00000000000        60.1236404435656     
   1287.00000000000        60.2187886502424     
   1288.00000000000        60.3280932865029     
   1289.00000000000        60.4287759003628     
   1290.00000000000        60.5282145569915     
   1291.00000000000        60.6397316870088     
   1292.00000000000        60.7516297725977     
   1293.00000000000        60.8628000632588     
   1294.00000000000        60.9735556458043     
   1295.00000000000        61.0902848195353     
   1296.00000000000        61.2167161180087     
   1297.00000000000        61.3367450801762     
   1298.00000000000        61.4561687606726     
   1299.00000000000        61.5851500378987     
   1300.00000000000        61.7011187667588     
   1301.00000000000        61.8462903825786     
   1302.00000000000        61.9780447595598     
   1303.00000000000        62.1216249313635     
   1304.00000000000        62.2513631348252     
   1305.00000000000        62.3962345474115     
   1306.00000000000        62.5355784937528     
   1307.00000000000        62.6814184740223     
   1308.00000000000        62.8321060755880     
   1309.00000000000        62.9819602199207     
   1310.00000000000        63.1388384566862     
   1311.00000000000        63.2877112011404     
   1312.00000000000        63.4449304293657     
   1313.00000000000        63.5959336850227     
   1314.00000000000        63.7647174194903     
   1315.00000000000        63.9240905362556     
   1316.00000000000        64.0964356728034     
   1317.00000000000        64.2734371216843     
   1318.00000000000        64.4387102377270     
   1319.00000000000        64.6100918848203     
   1320.00000000000        64.7829236361516     
   1321.00000000000        64.9624427369381     
   1322.00000000000        65.1422468518700     
   1323.00000000000        65.3304093421564     
   1324.00000000000        65.5051754047901     
   1325.00000000000        65.7111353639233     
   1326.00000000000        65.9002965216102     
   1327.00000000000        66.0808602083186     
   1328.00000000000        66.2782847671057     
   1329.00000000000        66.4777550139302     
   1330.00000000000        66.6826053181123     
   1331.00000000000        66.8813610511038     
   1332.00000000000        67.0873702660291     
   1333.00000000000        67.2918147123924     
   1334.00000000000        67.5094459071363     
   1335.00000000000        67.7171573589982     
   1336.00000000000        67.9285100033221     
   1337.00000000000        68.1547150512712     
   1338.00000000000        68.3754698686553     
   1339.00000000000        68.5984784853273     
   1340.00000000000        68.8151877563075     
   1341.00000000000        69.0615959585531     
   1342.00000000000        69.2757642171492     
   1343.00000000000        69.5208518572295     
   1344.00000000000        69.7454516678039     
   1345.00000000000        69.9862784672125     
   1346.00000000000        70.2221305377795     
   1347.00000000000        70.4759237405842     
   1348.00000000000        70.7030961239422     
   1349.00000000000        70.9537420459934     
   1350.00000000000        71.1965424434845     
   1351.00000000000        71.4416807398441     
   1352.00000000000        71.7050955437338     
   1353.00000000000        71.9542957476799     
   1354.00000000000        72.2176588641562     
   1355.00000000000        72.4845064730249     
   1356.00000000000        72.7350156941365     
   1357.00000000000        73.0120733637048     
   1358.00000000000        73.2675614342540     
