  0.000000000000000E+000   40.8666529327179     
   1.00000000000000        40.8663824834189     
   2.00000000000000        40.8661038852929     
   3.00000000000000        40.8658171481625     
   4.00000000000000        40.8655222933230     
   5.00000000000000        40.8652193457488     
   6.00000000000000        40.8649083064875     
   7.00000000000000        40.8645891857864     
   8.00000000000000        40.8642618755543     
   9.00000000000000        40.8639260153641     
   10.0000000000000        40.8635807897990     
   11.0000000000000        40.8632246654424     
   12.0000000000000        40.8628551902211     
   13.0000000000000        40.8624688491541     
   14.0000000000000        40.8620609662557     
   15.0000000000000        40.8616256280866     
   16.0000000000000        40.8611556589312     
   17.0000000000000        40.8606425923476     
   18.0000000000000        40.8600766816116     
   19.0000000000000        40.8594469091140     
   20.0000000000000        40.8587410102623     
   21.0000000000000        40.8579455070512     
   22.0000000000000        40.8570457874571     
   23.0000000000000        40.8560261275593     
   24.0000000000000        40.8548698112704     
   25.0000000000000        40.8535591696491     
   26.0000000000000        40.8520757008623     
   27.0000000000000        40.8504001352089     
   28.0000000000000        40.8485125253092     
   29.0000000000000        40.8463923371301     
   30.0000000000000        40.8440185270811     
   31.0000000000000        40.8413696332514     
   32.0000000000000        40.8384238109047     
   33.0000000000000        40.8351589511408     
   34.0000000000000        40.8315527001218     
   35.0000000000000        40.8275825528854     
   36.0000000000000        40.8232258789139     
   37.0000000000000        40.8184599807032     
   38.0000000000000        40.8132621524383     
   39.0000000000000        40.8076096921000     
   40.0000000000000        40.8014799583052     
   41.0000000000000        40.7948504139977     
   42.0000000000000        40.7876986262340     
   43.0000000000000        40.7800023249592     
   44.0000000000000        40.7717394257629     
   45.0000000000000        40.7628880245206     
   46.0000000000000        40.7534264717833     
   47.0000000000000        40.7433333380964     
   48.0000000000000        40.7325874761314     
   49.0000000000000        40.7211680200289     
   50.0000000000000        40.7090544013549     
   51.0000000000000        40.6962263763930     
   52.0000000000000        40.6826640146346     
   53.0000000000000        40.6683477429215     
   54.0000000000000        40.6532583294897     
   55.0000000000000        40.6373769206539     
   56.0000000000000        40.6206850239932     
   57.0000000000000        40.6031645410276     
   58.0000000000000        40.5847977512358     
   59.0000000000000        40.5655673349829     
   60.0000000000000        40.5454563723533     
   61.0000000000000        40.5244483534966     
   62.0000000000000        40.5025271698100     
   63.0000000000000        40.4796771363949     
   64.0000000000000        40.4558829720381     
   65.0000000000000        40.4311298150433     
   66.0000000000000        40.4054032213780     
   67.0000000000000        40.3786891574350     
   68.0000000000000        40.3509740172026     
   69.0000000000000        40.3222445919673     
   70.0000000000000        40.2924880952501     
   71.0000000000000        40.2616921445051     
   72.0000000000000        40.2298447740332     
   73.0000000000000        40.1969344114309     
   74.0000000000000        40.1629498795824     
   75.0000000000000        40.1278804059566     
   76.0000000000000        40.0917155955904     
   77.0000000000000        40.0544454550559     
   78.0000000000000        40.0160603516429     
   79.0000000000000        39.9765510372681     
   80.0000000000000        39.9359086390714     
   81.0000000000000        39.8941246281192     
   82.0000000000000        39.8511908387250     
   83.0000000000000        39.8070994520003     
   84.0000000000000        39.7618430025827     
   85.0000000000000        39.7154143456710     
   86.0000000000000        39.6678066810896     
   87.0000000000000        39.6190135151637     
   88.0000000000000        39.5690286742965     
   89.0000000000000        39.5178463020225     
   90.0000000000000        39.4654608329301     
   91.0000000000000        39.4118669963314     
   92.0000000000000        39.3570598160768     
   93.0000000000000        39.3010345883526     
   94.0000000000000        39.2437868856714     
   95.0000000000000        39.1853125465700     
   96.0000000000000        39.1256076728132     
   97.0000000000000        39.0646686164009     
   98.0000000000000        39.0024919713369     
   99.0000000000000        38.9390745722012     
   100.000000000000        38.8744134900685     
   101.000000000000        38.8085060274220     
   102.000000000000        38.7413496880013     
   103.000000000000        38.6729422110711     
   104.000000000000        38.6032815280778     
   105.000000000000        38.5323657761105     
   106.000000000000        38.4601932893265     
   107.000000000000        38.3867625892185     
   108.000000000000        38.3120723849029     
   109.000000000000        38.2361215603337     
   110.000000000000        38.1589091687647     
   111.000000000000        38.0804344325579     
   112.000000000000        38.0006967442951     
   113.000000000000        37.9196956414166     
   114.000000000000        37.8374308185857     
   115.000000000000        37.7539021170323     
   116.000000000000        37.6691095154488     
   117.000000000000        37.5830531412403     
   118.000000000000        37.4957332398217     
   119.000000000000        37.4071501917851     
   120.000000000000        37.3173045039334     
   121.000000000000        37.2261967949421     
   122.000000000000        37.1338278059166     
   123.000000000000        37.0401983880470     
   124.000000000000        36.9453094934711     
   125.000000000000        36.8491621917660     
   126.000000000000        36.7517576261657     
   127.000000000000        36.6530970718168     
   128.000000000000        36.5531818666941     
   129.000000000000        36.4520134519521     
   130.000000000000        36.3495933570575     
   131.000000000000        36.2459231734774     
   132.000000000000        36.1410046069350     
   133.000000000000        36.0348394064699     
   134.000000000000        35.9274294167349     
   135.000000000000        35.8187765345860     
   136.000000000000        35.7088827454504     
   137.000000000000        35.5977500922718     
   138.000000000000        35.4853806661472     
   139.000000000000        35.3717766392888     
   140.000000000000        35.2569402249878     
   141.000000000000        35.1408737002876     
   142.000000000000        35.0235793988450     
   143.000000000000        34.9050596975908     
   144.000000000000        34.7853170257190     
   145.000000000000        34.6643538519647     
   146.000000000000        34.5421726942077     
   147.000000000000        34.4187761229805     
   148.000000000000        34.2941667324994     
   149.000000000000        34.1683471628512     
   150.000000000000        34.0413200902203     
   151.000000000000        33.9130882273103     
   152.000000000000        33.7836543107060     
   153.000000000000        33.6530211342506     
   154.000000000000        33.5211914824849     
   155.000000000000        33.3881682069068     
   156.000000000000        33.2539541702718     
   157.000000000000        33.1185522488904     
   158.000000000000        32.9819653657514     
   159.000000000000        32.8441964498115     
   160.000000000000        32.7052484613623     
   161.000000000000        32.5651243692864     
   162.000000000000        32.4238271816803     
   163.000000000000        32.2813599027832     
   164.000000000000        32.1377255755233     
   165.000000000000        31.9929272380414     
   166.000000000000        31.8469679520431     
   167.000000000000        31.6998507993812     
   168.000000000000        31.5515788612447     
   169.000000000000        31.4021552436816     
   170.000000000000        31.2515830573966     
   171.000000000000        31.0998654160485     
   172.000000000000        30.9470054652556     
   173.000000000000        30.7930063228005     
   174.000000000000        30.6378711536181     
   175.000000000000        30.4816030978245     
   176.000000000000        30.3242053183167     
   177.000000000000        30.1656809785445     
   178.000000000000        30.0060332521180     
   179.000000000000        29.8452653042359     
   180.000000000000        29.6833803121235     
   181.000000000000        29.5203814612159     
   182.000000000000        29.3562719169131     
   183.000000000000        29.1910548768292     
   184.000000000000        29.0247335109188     
   185.000000000000        28.8573110139787     
   186.000000000000        28.6887905595677     
   187.000000000000        28.5191753287154     
   188.000000000000        28.3484685147823     
   189.000000000000        28.1766732796859     
   190.000000000000        28.0037928162083     
   191.000000000000        27.8298302937474     
   192.000000000000        27.6547888766099     
   193.000000000000        27.4786717422421     
   194.000000000000        27.3014820570006     
   195.000000000000        27.1232229749985     
   196.000000000000        26.9438976593046     
   197.000000000000        26.7635092487326     
   198.000000000000        26.5820609088596     
   199.000000000000        26.3995557643329     
   200.000000000000        26.2159969630138     
   201.000000000000        26.0313876276687     
   202.000000000000        25.8457308783172     
   203.000000000000        25.6590298376050     
   204.000000000000        25.4712876202266     
   205.000000000000        25.2825073160511     
   206.000000000000        25.0926920302909     
   207.000000000000        24.9018448468432     
   208.000000000000        24.7099688526578     
   209.000000000000        24.5170671136402     
   210.000000000000        24.3231426918874     
   211.000000000000        24.1281986520444     
   212.000000000000        23.9322380417825     
   213.000000000000        23.7352638898137     
   214.000000000000        23.5372792377138     
   215.000000000000        23.3382870988689     
   216.000000000000        23.1382904857774     
   217.000000000000        22.9372924122436     
   218.000000000000        22.7352958566626     
   219.000000000000        22.5323038168190     
   220.000000000000        22.3283192580320     
   221.000000000000        22.1233451509470     
   222.000000000000        21.9173844415645     
   223.000000000000        21.7104400884100     
   224.000000000000        21.5025150153006     
   225.000000000000        21.2936121438070     
   226.000000000000        21.0837343970816     
   227.000000000000        20.8728846777367     
   228.000000000000        20.6610658827258     
   229.000000000000        20.4482808859239     
   230.000000000000        20.2345325630577     
   231.000000000000        20.0198237816303     
   232.000000000000        19.8041573901037     
   233.000000000000        19.5875362236966     
   234.000000000000        19.3699631166282     
   235.000000000000        19.1514408914200     
   236.000000000000        18.9319723485987     
   237.000000000000        18.7115602928752     
   238.000000000000        18.4902075054461     
   239.000000000000        18.2679167667402     
   240.000000000000        18.0446908328468     
   241.000000000000        17.8205324637947     
   242.000000000000        17.5954443980772     
   243.000000000000        17.3694293716817     
   244.000000000000        17.1424900996135     
   245.000000000000        16.9146292908063     
   246.000000000000        16.6858496477134     
   247.000000000000        16.4561538563958     
   248.000000000000        16.2255445839528     
   249.000000000000        15.9940245059133     
   250.000000000000        15.7615962656764     
   251.000000000000        15.5282625107475     
   252.000000000000        15.2940258688241     
   253.000000000000        15.0588889644696     
   254.000000000000        14.8228544059084     
   255.000000000000        14.5859247809658     
   256.000000000000        14.3481026885684     
   257.000000000000        14.1093906915039     
   258.000000000000        13.8697913633423     
   259.000000000000        13.6293072546332     
   260.000000000000        13.3879409030569     
   261.000000000000        13.1456948435398     
   262.000000000000        12.9025715942116     
   263.000000000000        12.6585736672187     
   264.000000000000        12.4137035498934     
   265.000000000000        12.1679637401867     
   266.000000000000        11.9213567115848     
   267.000000000000        11.6738849219873     
   268.000000000000        11.4255508332872     
   269.000000000000        11.1763568797087     
   270.000000000000        10.9263054968405     
   271.000000000000        10.6753991136593     
   272.000000000000        10.4236401286153     
   273.000000000000        10.1710309481068     
   274.000000000000        9.91757395945297     
   275.000000000000        9.66327153885231     
   276.000000000000        9.40812605413976     
   277.000000000000        9.15213986940489     
   278.000000000000        8.89531531722605     
   279.000000000000        8.63765474192223     
   280.000000000000        8.37916046735700     
   281.000000000000        8.11983480577419     
   282.000000000000        7.85968006353323     
   283.000000000000        7.59869853432428     
   284.000000000000        7.33689249782492     
   285.000000000000        7.07426422990920     
   286.000000000000        6.81081599098252     
   287.000000000000        6.54655003358221     
   288.000000000000        6.28146860162633     
   289.000000000000        6.01557392706400     
   290.000000000000        5.74886822873214     
   291.000000000000        5.48135371295029     
   292.000000000000        5.21303259441174     
   293.000000000000        4.94390705043770     
   294.000000000000        4.67397927172897     
   295.000000000000        4.40325142679649     
   296.000000000000        4.13172567702168     
   297.000000000000        3.85940417378515     
   298.000000000000        3.58628905842852     
   299.000000000000        3.31238245904842     
   300.000000000000        3.03768650506117     
   301.000000000000        2.76220330558044     
   302.000000000000        2.48593495799287     
   303.000000000000        2.20888356497107     
   304.000000000000        1.93105120419204     
   305.000000000000        1.65243994880620     
   306.000000000000        1.37305186918275     
   307.000000000000        1.09288901315995     
   308.000000000000       0.811953431541951     
   309.000000000000       0.530247164178036     
   310.000000000000       0.247772225924564     
   311.000000000000      -3.546935408849095E-002
   312.000000000000      -0.319475575205615     
   313.000000000000      -0.604244433399799     
   314.000000000000      -0.889773934409277     
   315.000000000000       -1.17606210777194     
   316.000000000000       -1.46310697373974     
   317.000000000000       -1.75090657221335     
   318.000000000000       -2.03945894524804     
   319.000000000000       -2.32876215154101     
   320.000000000000       -2.61881425508727     
   321.000000000000       -2.90961332232473     
   322.000000000000       -3.20115744279065     
   323.000000000000       -3.49344470192773     
   324.000000000000       -3.78647319818083     
   325.000000000000       -4.08024103030039     
   326.000000000000       -4.37474633694728     
   327.000000000000       -4.66998721985328     
   328.000000000000       -4.96596182297799     
   329.000000000000       -5.26266828593361     
   330.000000000000       -5.56010475419680     
   331.000000000000       -5.85826939213621     
   332.000000000000       -6.15716036466256     
   333.000000000000       -6.45677584312580     
   334.000000000000       -6.75711401443186     
   335.000000000000       -7.05817306611607     
   336.000000000000       -7.35995120447478     
   337.000000000000       -7.66244662614918     
   338.000000000000       -7.96565755227311     
   339.000000000000       -8.26958221029963     
   340.000000000000       -8.57421882502967     
   341.000000000000       -8.87956564302476     
   342.000000000000       -9.18562090608430     
   343.000000000000       -9.49238287236585     
   344.000000000000       -9.79984980061272     
   345.000000000000       -10.1080199674416     
   346.000000000000       -10.4168916454255     
   347.000000000000       -10.7264631274593     
   348.000000000000       -11.0367327050299     
   349.000000000000       -11.3476986802561     
   350.000000000000       -11.6593593592206     
   351.000000000000       -11.9717130575118     
   352.000000000000       -12.2847581016722     
   353.000000000000       -12.5984928286398     
   354.000000000000       -12.9129155687460     
   355.000000000000       -13.2280246744413     
   356.000000000000       -13.5438184976192     
   357.000000000000       -13.8602953966256     
   358.000000000000       -14.1774537391066     
   359.000000000000       -14.4952919073676     
   360.000000000000       -14.8138082795795     
   361.000000000000       -15.1330012447070     
   362.000000000000       -15.4528691946143     
   363.000000000000       -15.7734105481140     
   364.000000000000       -16.0946237009030     
   365.000000000000       -16.4165070808740     
   366.000000000000       -16.7390591128587     
   367.000000000000       -17.0622782141563     
   368.000000000000       -17.3861628413106     
   369.000000000000       -17.7107114295068     
   370.000000000000       -18.0359224286149     
   371.000000000000       -18.3617943119680     
   372.000000000000       -18.6883255343491     
   373.000000000000       -19.0155145651188     
   374.000000000000       -19.3433598833690     
   375.000000000000       -19.6718599875912     
   376.000000000000       -20.0010133546384     
   377.000000000000       -20.3308184935213     
   378.000000000000       -20.6612739024949     
   379.000000000000       -20.9923781011785     
   380.000000000000       -21.3241295995431     
   381.000000000000       -21.6565269188195     
   382.000000000000       -21.9895686043546     
   383.000000000000       -22.3232531815502     
   384.000000000000       -22.6575791986979     
   385.000000000000       -22.9925451969466     
   386.000000000000       -23.3281497410517     
   387.000000000000       -23.6643913956868     
   388.000000000000       -24.0012687203762     
   389.000000000000       -24.3387802895450     
   390.000000000000       -24.6769246950098     
   391.000000000000       -25.0157005089350     
   392.000000000000       -25.3551063336108     
   393.000000000000       -25.6951407628803     
   394.000000000000       -26.0358023999488     
   395.000000000000       -26.3770898589482     
   396.000000000000       -26.7190017494850     
   397.000000000000       -27.0615367014580     
   398.000000000000       -27.4046933366499     
   399.000000000000       -27.7484702944257     
   400.000000000000       -28.0928662100414     
   401.000000000000       -28.4378797247427     
   402.000000000000       -28.7835094985148     
   403.000000000000       -29.1297541775602     
   404.000000000000       -29.4766124381949     
   405.000000000000       -29.8240829336537     
   406.000000000000       -30.1721643394430     
   407.000000000000       -30.5208553436423     
   408.000000000000       -30.8701546219581     
   409.000000000000       -31.2200608645908     
   410.000000000000       -31.5705727749373     
   411.000000000000       -31.9216890380812     
   412.000000000000       -32.2734083734213     
   413.000000000000       -32.6257294877159     
   414.000000000000       -32.9786510950871     
   415.000000000000       -33.3321719218038     
   416.000000000000       -33.6862906969582     
   417.000000000000       -34.0410061447983     
   418.000000000000       -34.3963170075622     
   419.000000000000       -34.7522220301853     
   420.000000000000       -35.1087199607518     
   421.000000000000       -35.4658095525156     
   422.000000000000       -35.8234895579790     
   423.000000000000       -36.1817587436490     
   424.000000000000       -36.5406158775095     
   425.000000000000       -36.9000597334634     
   426.000000000000       -37.2600890928297     
   427.000000000000       -37.6207027354776     
   428.000000000000       -37.9818994549642     
   429.000000000000       -38.3436780368447     
   430.000000000000       -38.7060372780979     
   431.000000000000       -39.0689759904362     
   432.000000000000       -39.4324929779887     
   433.000000000000       -39.7965870561566     
   434.000000000000       -40.1612570376565     
   435.000000000000       -40.5265017425518     
   436.000000000000       -40.8923200049849     
   437.000000000000       -41.2587106512365     
   438.000000000000       -41.6256725247404     
   439.000000000000       -41.9932044518046     
   440.000000000000       -42.3613052927540     
   441.000000000000       -42.7299738953734     
   442.000000000000       -43.0992091096778     
   443.000000000000       -43.4690097941002     
   444.000000000000       -43.8393748188919     
   445.000000000000       -44.2103030439030     
   446.000000000000       -44.5817933534199     
   447.000000000000       -44.9538446189144     
   448.000000000000       -45.3264557141247     
   449.000000000000       -45.6996255360755     
   450.000000000000       -46.0733529766403     
   451.000000000000       -46.4476369219283     
   452.000000000000       -46.8224762823320     
   453.000000000000       -47.1978699465690     
   454.000000000000       -47.5738168362222     
   455.000000000000       -47.9503158584339     
   456.000000000000       -48.3273659273327     
   457.000000000000       -48.7049659695567     
   458.000000000000       -49.0831149027636     
   459.000000000000       -49.4618116627717     
   460.000000000000       -49.8410551767156     
   461.000000000000       -50.2208443890086     
   462.000000000000       -50.6011782394817     
   463.000000000000       -50.9820556685791     
   464.000000000000       -51.3634756320607     
   465.000000000000       -51.7454370770192     
   466.000000000000       -52.1279389664633     
   467.000000000000       -52.5109802671323     
   468.000000000000       -52.8945599402487     
   469.000000000000       -53.2786769485228     
   470.000000000000       -53.6633302766877     
   471.000000000000       -54.0485188947587     
   472.000000000000       -54.4342417888183     
   473.000000000000       -54.8204979466136     
   474.000000000000       -55.2072863504891     
   475.000000000000       -55.5946059992038     
   476.000000000000       -55.9824558924811     
   477.000000000000       -56.3708350296092     
   478.000000000000       -56.7597424093183     
   479.000000000000       -57.1491770467655     
   480.000000000000       -57.5391379465327     
   481.000000000000       -57.9296241364773     
   482.000000000000       -58.3206346321458     
   483.000000000000       -58.7121684466001     
   484.000000000000       -59.1042246262114     
   485.000000000000       -59.4968021842615     
   486.000000000000       -59.8899001664158     
   487.000000000000       -60.2835176076514     
   488.000000000000       -60.6776535434965     
   489.000000000000       -61.0723070325312     
   490.000000000000       -61.4674771125938     
   491.000000000000       -61.8631628445728     
   492.000000000000       -62.2593632771095     
   493.000000000000       -62.6560774719746     
   494.000000000000       -63.0533044952936     
   495.000000000000       -63.4510434048098     
   496.000000000000       -63.8492932854351     
   497.000000000000       -64.2480532007739     
   498.000000000000       -64.6473222321019     
   499.000000000000       -65.0470994523112     
   500.000000000000       -65.4473839523762     
   501.000000000000       -65.8481748208360     
   502.000000000000       -66.2494711428808     
   503.000000000000       -66.6512720111768     
   504.000000000000       -67.0535765329914     
   505.000000000000       -67.4563837986989     
   506.000000000000       -67.8596929136802     
   507.000000000000       -68.2635029896010     
   508.000000000000       -68.6678131381850     
   509.000000000000       -69.0726224615773     
   510.000000000000       -69.4779300949904     
   511.000000000000       -69.8837351386173     
   512.000000000000       -70.2900367297843     
   513.000000000000       -70.6968339918967     
   514.000000000000       -71.1041260512466     
   515.000000000000       -71.5119120489817     
   516.000000000000       -71.9201911101754     
   517.000000000000       -72.3289623772616     
   518.000000000000       -72.7382249979546     
   519.000000000000       -73.1479781135131     
   520.000000000000       -73.5582208711930     
   521.000000000000       -73.9689524279802     
   522.000000000000       -74.3801719322983     
   523.000000000000       -74.7918785438560     
   524.000000000000       -75.2040714303967     
   525.000000000000       -75.6167497432398     
   526.000000000000       -76.0299126540958     
   527.000000000000       -76.4435593360831     
   528.000000000000       -76.8576889598135     
   529.000000000000       -77.2723006987198     
   530.000000000000       -77.6873937349028     
   531.000000000000       -78.1029672459063     
   532.000000000000       -78.5190204181599     
   533.000000000000       -78.9355524437378     
   534.000000000000       -79.3525625046932     
   535.000000000000       -79.7700497984370     
   536.000000000000       -80.1880135182164     
   537.000000000000       -80.6064528701354     
   538.000000000000       -81.0253670416114     
   539.000000000000       -81.4447552492002     
   540.000000000000       -81.8646166963317     
   541.000000000000       -82.2849505922659     
   542.000000000000       -82.7057561527199     
   543.000000000000       -83.1270325914156     
   544.000000000000       -83.5487791257383     
   545.000000000000       -83.9709949831340     
   546.000000000000       -84.3936793747198     
   547.000000000000       -84.8168315300154     
   548.000000000000       -85.2404506881630     
   549.000000000000       -85.6645360755992     
   550.000000000000       -86.0890869261748     
   551.000000000000       -86.5141024722416     
   552.000000000000       -86.9395819656802     
   553.000000000000       -87.3655246390845     
   554.000000000000       -87.7919297404969     
   555.000000000000       -88.2187965165940     
   556.000000000000       -88.6461242166042     
   557.000000000000       -89.0739120982835     
   558.000000000000       -89.5021594177360     
   559.000000000000       -89.9308654263914     
   560.000000000000       -90.3600293849031     
   561.000000000000       -90.7896505628050     
   562.000000000000       -91.2197282258203     
   563.000000000000       -91.6502616405523     
   564.000000000000       -92.0812500669654     
   565.000000000000       -92.5126927983856     
   566.000000000000       -92.9445890960869     
   567.000000000000       -93.3769382377559     
   568.000000000000       -93.8097395129716     
   569.000000000000       -94.2429921983694     
   570.000000000000       -94.6766955846579     
   571.000000000000       -95.1108489508788     
   572.000000000000       -95.5454515984093     
   573.000000000000       -95.9805028114642     
   574.000000000000       -96.4160018930343     
   575.000000000000       -96.8519481343537     
   576.000000000000       -97.2883408397538     
   577.000000000000       -97.7251793026153     
   578.000000000000       -98.1624628393783     
   579.000000000000       -98.6001907512909     
   580.000000000000       -99.0383623522848     
   581.000000000000       -99.4769769462910     
   582.000000000000       -99.9160338562524     
   583.000000000000       -100.355532388176     
   584.000000000000       -100.795471867435     
   585.000000000000       -101.235851616580     
   586.000000000000       -101.676670953497     
   587.000000000000       -102.117929207116     
   588.000000000000       -102.559625705579     
   589.000000000000       -103.001759778828     
   590.000000000000       -103.444330754188     
   591.000000000000       -103.887337971886     
   592.000000000000       -104.330780767492     
   593.000000000000       -104.774658475530     
   594.000000000000       -105.218970445541     
   595.000000000000       -105.663716010124     
   596.000000000000       -106.108894521949     
   597.000000000000       -106.554505325603     
   598.000000000000       -107.000547774132     
   599.000000000000       -107.447021214699     
   600.000000000000       -107.893925009352     
   601.000000000000       -108.341258504168     
   602.000000000000       -108.789021059496     
   603.000000000000       -109.237212044278     
   604.000000000000       -109.685830811970     
   605.000000000000       -110.134876730453     
   606.000000000000       -110.584349164465     
   607.000000000000       -111.034247485883     
   608.000000000000       -111.484571065113     
   609.000000000000       -111.935319271130     
   610.000000000000       -112.386491484191     
   611.000000000000       -112.838087080660     
   612.000000000000       -113.290105433516     
   613.000000000000       -113.742545926014     
   614.000000000000       -114.195407946934     
   615.000000000000       -114.648690875027     
   616.000000000000       -115.102394096648     
   617.000000000000       -115.556517012014     
   618.000000000000       -116.011058995056     
   619.000000000000       -116.466019453210     
   620.000000000000       -116.921397772045     
   621.000000000000       -117.377193353450     
   622.000000000000       -117.833405593035     
   623.000000000000       -118.290033896359     
   624.000000000000       -118.747077661708     
   625.000000000000       -119.204536296138     
   626.000000000000       -119.662409204011     
   627.000000000000       -120.120695796701     
   628.000000000000       -120.579395480425     
   629.000000000000       -121.038507672622     
   630.000000000000       -121.498031779740     
   631.000000000000       -121.957967222248     
   632.000000000000       -122.418313421473     
   633.000000000000       -122.879069794579     
   634.000000000000       -123.340235761267     
   635.000000000000       -123.801810747833     
   636.000000000000       -124.263794176295     
   637.000000000000       -124.726185476793     
   638.000000000000       -125.188984070795     
   639.000000000000       -125.652189402657     
   640.000000000000       -126.115800894975     
   641.000000000000       -126.579817983838     
   642.000000000000       -127.044240101886     
   643.000000000000       -127.509066696844     
   644.000000000000       -127.974297200843     
   645.000000000000       -128.439931051516     
   646.000000000000       -128.905967703862     
   647.000000000000       -129.372406593600     
   648.000000000000       -129.839247173066     
   649.000000000000       -130.306488887649     
   650.000000000000       -130.774131189108     
   651.000000000000       -131.242173523951     
   652.000000000000       -131.710615353055     
   653.000000000000       -132.179456130631     
   654.000000000000       -132.648695304117     
   655.000000000000       -133.118332349015     
   656.000000000000       -133.588366714321     
   657.000000000000       -134.058797861362     
   658.000000000000       -134.529625263967     
   659.000000000000       -135.000848374020     
   660.000000000000       -135.472466669595     
   661.000000000000       -135.944479613110     
   662.000000000000       -136.416886677096     
   663.000000000000       -136.889687336785     
   664.000000000000       -137.362881059304     
   665.000000000000       -137.836467325771     
   666.000000000000       -138.310445614021     
   667.000000000000       -138.784815398576     
   668.000000000000       -139.259576164011     
   669.000000000000       -139.734727379877     
   670.000000000000       -140.210268545670     
   671.000000000000       -140.686199141535     
   672.000000000000       -141.162518649617     
   673.000000000000       -141.639226564763     
   674.000000000000       -142.116322371174     
   675.000000000000       -142.593805559562     
   676.000000000000       -143.071675626681     
   677.000000000000       -143.549932071764     
   678.000000000000       -144.028574375876     
   679.000000000000       -144.507602050573     
   680.000000000000       -144.987014591359     
   681.000000000000       -145.466811495058     
   682.000000000000       -145.946992266257     
   683.000000000000       -146.427556413655     
   684.000000000000       -146.908503430539     
   685.000000000000       -147.389832832770     
   686.000000000000       -147.871544131620     
   687.000000000000       -148.353636829255     
   688.000000000000       -148.836110441443     
   689.000000000000       -149.318964475715     
   690.000000000000       -149.802198453559     
   691.000000000000       -150.285811884649     
   692.000000000000       -150.769804291736     
   693.000000000000       -151.254175183240     
   694.000000000000       -151.738924091340     
   695.000000000000       -152.224050532492     
   696.000000000000       -152.709554030775     
   697.000000000000       -153.195434109919     
   698.000000000000       -153.681690291462     
   699.000000000000       -154.168322112655     
   700.000000000000       -154.655329089135     
   701.000000000000       -155.142710761025     
   702.000000000000       -155.630466662584     
   703.000000000000       -156.118596315442     
   704.000000000000       -156.607099260618     
   705.000000000000       -157.095975038577     
   706.000000000000       -157.585223178510     
   707.000000000000       -158.074843219376     
   708.000000000000       -158.564834705943     
   709.000000000000       -159.055197175203     
   710.000000000000       -159.545930172120     
   711.000000000000       -160.037033245451     
   712.000000000000       -160.528505929949     
   713.000000000000       -161.020347777481     
   714.000000000000       -161.512558346130     
   715.000000000000       -162.005137167303     
   716.000000000000       -162.498083803457     
   717.000000000000       -162.991397807280     
   718.000000000000       -163.485078724298     
   719.000000000000       -163.979126117043     
   720.000000000000       -164.473539540915     
   721.000000000000       -164.968318549298     
   722.000000000000       -165.463462704683     
   723.000000000000       -165.958971563472     
   724.000000000000       -166.454844694279     
   725.000000000000       -166.951081651732     
   726.000000000000       -167.447682001617     
   727.000000000000       -167.944645313535     
   728.000000000000       -168.441971154934     
   729.000000000000       -168.939659084488     
   730.000000000000       -169.437708675548     
   731.000000000000       -169.936119509512     
   732.000000000000       -170.434891144163     
   733.000000000000       -170.934023156089     
   734.000000000000       -171.433515120814     
   735.000000000000       -171.933366616286     
   736.000000000000       -172.433577214284     
   737.000000000000       -172.934146499261     
   738.000000000000       -173.435074038280     
   739.000000000000       -173.936359430583     
   740.000000000000       -174.438002239174     
   741.000000000000       -174.940002057239     
   742.000000000000       -175.442358466924     
   743.000000000000       -175.945071056787     
   744.000000000000       -176.448139404325     
   745.000000000000       -176.951563108028     
   746.000000000000       -177.455341752204     
   747.000000000000       -177.959474926200     
   748.000000000000       -178.463962222431     
   749.000000000000       -178.968803231783     
   750.000000000000       -179.473997552428     
   751.000000000000       -179.979544770427     
   752.000000000000       -180.485444492799     
   753.000000000000       -180.991696314079     
   754.000000000000       -181.498299823692     
   755.000000000000       -182.005254636675     
   756.000000000000       -182.512560341482     
   757.000000000000       -183.020216547720     
   758.000000000000       -183.528222852117     
   759.000000000000       -184.036578861444     
   760.000000000000       -184.545284182783     
   761.000000000000       -185.054338424852     
   762.000000000000       -185.563741183283     
   763.000000000000       -186.073492084652     
   764.000000000000       -186.583590727805     
   765.000000000000       -187.094036728093     
   766.000000000000       -187.604829694425     
   767.000000000000       -188.115969245660     
   768.000000000000       -188.627454986654     
   769.000000000000       -189.139286540911     
   770.000000000000       -189.651463525588     
   771.000000000000       -190.163985554169     
   772.000000000000       -190.676852244425     
   773.000000000000       -191.190063225513     
   774.000000000000       -191.703618108499     
   775.000000000000       -192.217516522964     
   776.000000000000       -192.731758089009     
   777.000000000000       -193.246342428352     
   778.000000000000       -193.761269172115     
   779.000000000000       -194.276537939462     
   780.000000000000       -194.792148371369     
   781.000000000000       -195.308100081729     
   782.000000000000       -195.824392705214     
   783.000000000000       -196.341025873488     
   784.000000000000       -196.857999219133     
   785.000000000000       -197.375312378364     
   786.000000000000       -197.892964976829     
   787.000000000000       -198.410956656680     
   788.000000000000       -198.929287047751     
   789.000000000000       -199.447955795418     
   790.000000000000       -199.966962530409     
   791.000000000000       -200.486306898030     
   792.000000000000       -201.005988533805     
   793.000000000000       -201.526007077598     
   794.000000000000       -202.046362179710     
   795.000000000000       -202.567053478000     
   796.000000000000       -203.088080613761     
   797.000000000000       -203.609443236448     
   798.000000000000       -204.131140990849     
   799.000000000000       -204.653173521881     
   800.000000000000       -205.175540487140     
   801.000000000000       -205.698241530423     
   802.000000000000       -206.221276293552     
   803.000000000000       -206.744644444960     
   804.000000000000       -207.268345620701     
   805.000000000000       -207.792379483984     
   806.000000000000       -208.316745688120     
   807.000000000000       -208.841443886842     
   808.000000000000       -209.366473731934     
   809.000000000000       -209.891834888433     
   810.000000000000       -210.417527007594     
   811.000000000000       -210.943549753796     
   812.000000000000       -211.469902787954     
   813.000000000000       -211.996585766792     
   814.000000000000       -212.523598348471     
   815.000000000000       -213.050940208759     
   816.000000000000       -213.578611000139     
   817.000000000000       -214.106610390307     
   818.000000000000       -214.634938053379     
   819.000000000000       -215.163593644516     
   820.000000000000       -215.692576834070     
   821.000000000000       -216.221887299576     
   822.000000000000       -216.751524700150     
   823.000000000000       -217.281488712182     
   824.000000000000       -217.811779005358     
   825.000000000000       -218.342395249965     
   826.000000000000       -218.873337120123     
   827.000000000000       -219.404604288022     
   828.000000000000       -219.936196442344     
   829.000000000000       -220.468113240564     
   830.000000000000       -221.000354368349     
   831.000000000000       -221.532919502795     
   832.000000000000       -222.065808326101     
   833.000000000000       -222.599020511574     
   834.000000000000       -223.132555743498     
   835.000000000000       -223.666413702402     
   836.000000000000       -224.200594074326     
   837.000000000000       -224.735096541055     
   838.000000000000       -225.269920776642     
   839.000000000000       -225.805066479850     
   840.000000000000       -226.340533332295     
   841.000000000000       -226.876321018091     
   842.000000000000       -227.412429225587     
   843.000000000000       -227.948857642412     
   844.000000000000       -228.485605960726     
   845.000000000000       -229.022673875214     
   846.000000000000       -229.560061065040     
   847.000000000000       -230.097767234580     
   848.000000000000       -230.635792070872     
   849.000000000000       -231.174135262067     
   850.000000000000       -231.712796516069     
   851.000000000000       -232.251775513771     
   852.000000000000       -232.791071956697     
   853.000000000000       -233.330685552755     
   854.000000000000       -233.870615986667     
   855.000000000000       -234.410862957826     
   856.000000000000       -234.951426174041     
   857.000000000000       -235.492305331751     
   858.000000000000       -236.033500130980     
   859.000000000000       -236.575010275043     
   860.000000000000       -237.116835469718     
   861.000000000000       -237.658975408936     
   862.000000000000       -238.201429809254     
   863.000000000000       -238.744198365421     
   864.000000000000       -239.287280796030     
   865.000000000000       -239.830676798854     
   866.000000000000       -240.374386085547     
   867.000000000000       -240.918408368016     
   868.000000000000       -241.462743343985     
   869.000000000000       -242.007390735209     
   870.000000000000       -242.552350250335     
   871.000000000000       -243.097621599496     
   872.000000000000       -243.643204497992     
   873.000000000000       -244.189098652456     
   874.000000000000       -244.735303784884     
   875.000000000000       -245.281819608732     
   876.000000000000       -245.828645837802     
   877.000000000000       -246.375782191615     
   878.000000000000       -246.923228386535     
   879.000000000000       -247.470984140593     
   880.000000000000       -248.019049172311     
   881.000000000000       -248.567423198594     
   882.000000000000       -249.116105947072     
   883.000000000000       -249.665097136956     
   884.000000000000       -250.214396487852     
   885.000000000000       -250.764003723900     
   886.000000000000       -251.313918569260     
   887.000000000000       -251.864140743106     
   888.000000000000       -252.414669986003     
   889.000000000000       -252.965506006192     
   890.000000000000       -253.516648540197     
   891.000000000000       -254.068097312476     
   892.000000000000       -254.619852047537     
   893.000000000000       -255.171912487302     
   894.000000000000       -255.724278347763     
   895.000000000000       -256.276949365685     
   896.000000000000       -256.829925273774     
   897.000000000000       -257.383205802475     
   898.000000000000       -257.936790679407     
   899.000000000000       -258.490679644950     
   900.000000000000       -259.044872433267     
   901.000000000000       -259.599368775322     
   902.000000000000       -260.154168405919     
   903.000000000000       -260.709271064719     
   904.000000000000       -261.264676489944     
   905.000000000000       -261.820384417657     
   906.000000000000       -262.376394585510     
   907.000000000000       -262.932706734933     
   908.000000000000       -263.489320608536     
   909.000000000000       -264.046235936174     
   910.000000000000       -264.603452471591     
   911.000000000000       -265.160969953482     
   912.000000000000       -265.718788116694     
   913.000000000000       -266.276906716117     
   914.000000000000       -266.835325491465     
   915.000000000000       -267.394044185461     
   916.000000000000       -267.953062550259     
   917.000000000000       -268.512380327364     
   918.000000000000       -269.071997262752     
   919.000000000000       -269.631913104786     
   920.000000000000       -270.192127606777     
   921.000000000000       -270.752640515766     
   922.000000000000       -271.313451576050     
   923.000000000000       -271.874560547287     
   924.000000000000       -272.435967172438     
   925.000000000000       -272.997671213219     
   926.000000000000       -273.559672412986     
   927.000000000000       -274.121970526841     
   928.000000000000       -274.684565314870     
   929.000000000000       -275.247456526104     
   930.000000000000       -275.810643914352     
   931.000000000000       -276.374127238090     
   932.000000000000       -276.937906260744     
   933.000000000000       -277.501980729015     
   934.000000000000       -278.066350411224     
   935.000000000000       -278.631015053066     
   936.000000000000       -279.195974420796     
   937.000000000000       -279.761228282758     
   938.000000000000       -280.326776385125     
   939.000000000000       -280.892618500751     
   940.000000000000       -281.458754389241     
   941.000000000000       -282.025183805417     
   942.000000000000       -282.591906520036     
   943.000000000000       -283.158922295646     
   944.000000000000       -283.726230900156     
   945.000000000000       -284.293832091269     
   946.000000000000       -284.861725643877     
   947.000000000000       -285.429911316489     
   948.000000000000       -285.998388881661     
   949.000000000000       -286.567158101869     
   950.000000000000       -287.136218752796     
   951.000000000000       -287.705570599650     
   952.000000000000       -288.275213412599     
   953.000000000000       -288.845146966560     
   954.000000000000       -289.415371025112     
   955.000000000000       -289.985885360333     
   956.000000000000       -290.556689750560     
   957.000000000000       -291.127783961911     
   958.000000000000       -291.699167777861     
   959.000000000000       -292.270840964164     
   960.000000000000       -292.842803299955     
   961.000000000000       -293.415054555353     
   962.000000000000       -293.987594510771     
   963.000000000000       -294.560422945389     
   964.000000000000       -295.133539628056     
   965.000000000000       -295.706944347323     
   966.000000000000       -296.280636871419     
   967.000000000000       -296.854616986733     
   968.000000000000       -297.428884472534     
   969.000000000000       -298.003439105643     
   970.000000000000       -298.578280670179     
   971.000000000000       -299.153408946939     
   972.000000000000       -299.728823712958     
   973.000000000000       -300.304524764240     
   974.000000000000       -300.880511871124     
   975.000000000000       -301.456784822447     
   976.000000000000       -302.033343405808     
   977.000000000000       -302.610187399965     
   978.000000000000       -303.187316594314     
   979.000000000000       -303.764730781015     
   980.000000000000       -304.342429735134     
   981.000000000000       -304.920413252705     
   982.000000000000       -305.498681118632     
   983.000000000000       -306.077233122898     
   984.000000000000       -306.656069055716     
   985.000000000000       -307.235188706072     
   986.000000000000       -307.814591860915     
   987.000000000000       -308.394278316096     
   988.000000000000       -308.974247863283     
   989.000000000000       -309.554500292208     
   990.000000000000       -310.135035400617     
   991.000000000000       -310.715852974503     
   992.000000000000       -311.296952811492     
   993.000000000000       -311.878334706620     
   994.000000000000       -312.459998452177     
   995.000000000000       -313.041943854714     
   996.000000000000       -313.624170696909     
   997.000000000000       -314.206678775518     
   998.000000000000       -314.789467901832     
   999.000000000000       -315.372537859374     
   1000.00000000000       -315.955888457982     
   1001.00000000000       -316.539519489757     
   1002.00000000000       -317.123430752548     
   1003.00000000000       -317.707622050340     
   1004.00000000000       -318.292093183962     
   1005.00000000000       -318.876843958253     
   1006.00000000000       -319.461874166172     
   1007.00000000000       -320.047183616403     
   1008.00000000000       -320.632772109875     
   1009.00000000000       -321.218639451079     
   1010.00000000000       -321.804785443652     
   1011.00000000000       -322.391209892703     
   1012.00000000000       -322.977912603787     
   1013.00000000000       -323.564893383162     
   1014.00000000000       -324.152152031631     
   1015.00000000000       -324.739688360154     
   1016.00000000000       -325.327502179229     
   1017.00000000000       -325.915593288875     
   1018.00000000000       -326.503961509352     
   1019.00000000000       -327.092606637896     
   1020.00000000000       -327.681528487868     
   1021.00000000000       -328.270726869789     
   1022.00000000000       -328.860201598553     
   1023.00000000000       -329.449952472474     
   1024.00000000000       -330.039979321475     
   1025.00000000000       -330.630281943082     
   1026.00000000000       -331.220860155398     
   1027.00000000000       -331.811713764913     
   1028.00000000000       -332.402842599098     
   1029.00000000000       -332.994246461138     
   1030.00000000000       -333.585925175517     
   1031.00000000000       -334.177878540253     
   1032.00000000000       -334.770106391432     
   1033.00000000000       -335.362608533393     
   1034.00000000000       -335.955384782625     
   1035.00000000000       -336.548434957062     
   1036.00000000000       -337.141758884623     
   1037.00000000000       -337.735356370576     
   1038.00000000000       -338.329227241029     
   1039.00000000000       -338.923371312507     
   1040.00000000000       -339.517788405563     
   1041.00000000000       -340.112478343286     
   1042.00000000000       -340.707440941016     
   1043.00000000000       -341.302676027302     
   1044.00000000000       -341.898183416499     
   1045.00000000000       -342.493962935838     
   1046.00000000000       -343.090014408372     
   1047.00000000000       -343.686337653628     
   1048.00000000000       -344.282932501781     
   1049.00000000000       -344.879798771257     
   1050.00000000000       -345.476936293140     
   1051.00000000000       -346.074344880057     
   1052.00000000000       -346.672024375774     
   1053.00000000000       -347.269974591305     
   1054.00000000000       -347.868195366893     
   1055.00000000000       -348.466686517837     
   1056.00000000000       -349.065447883680     
   1057.00000000000       -349.664479282943     
   1058.00000000000       -350.263780549001     
   1059.00000000000       -350.863351505515     
   1060.00000000000       -351.463191991057     
   1061.00000000000       -352.063301829581     
   1062.00000000000       -352.663680858466     
   1063.00000000000       -353.264328902420     
   1064.00000000000       -353.865245796806     
   1065.00000000000       -354.466431367851     
   1066.00000000000       -355.067885459510     
   1067.00000000000       -355.669607896172     
   1068.00000000000       -356.271598512660     
   1069.00000000000       -356.873857143684     
   1070.00000000000       -357.476383633006     
   1071.00000000000       -358.079177799918     
   1072.00000000000       -358.682239486952     
   1073.00000000000       -359.285568529405     
   1074.00000000000       -359.889164768902     
   1075.00000000000       -360.493028037370     
   1076.00000000000       -361.097158171960     
   1077.00000000000       -361.701555016127     
   1078.00000000000       -362.306218400638     
   1079.00000000000       -362.911148169365     
   1080.00000000000       -363.516344157004     
   1081.00000000000       -364.121806209543     
   1082.00000000000       -364.727534166719     
   1083.00000000000       -365.333527857780     
   1084.00000000000       -365.939787141848     
   1085.00000000000       -366.546311852311     
   1086.00000000000       -367.153101825184     
   1087.00000000000       -367.760156909364     
   1088.00000000000       -368.367476941836     
   1089.00000000000       -368.975061778132     
   1090.00000000000       -369.582911252997     
   1091.00000000000       -370.191025212964     
   1092.00000000000       -370.799403500747     
   1093.00000000000       -371.408045964661     
   1094.00000000000       -372.016952448874     
   1095.00000000000       -372.626122801881     
   1096.00000000000       -373.235556867789     
   1097.00000000000       -373.845254494518     
   1098.00000000000       -374.455215524224     
   1099.00000000000       -375.065439812846     
   1100.00000000000       -375.675927206274     
   1101.00000000000       -376.286677553479     
   1102.00000000000       -376.897690703136     
   1103.00000000000       -377.508966501187     
   1104.00000000000       -378.120504807313     
   1105.00000000000       -378.732305460220     
   1106.00000000000       -379.344368317725     
   1107.00000000000       -379.956693230863     
   1108.00000000000       -380.569280053376     
   1109.00000000000       -381.182128631837     
   1110.00000000000       -381.795238827297     
   1111.00000000000       -382.408610481736     
   1112.00000000000       -383.022243460426     
   1113.00000000000       -383.636137609657     
   1114.00000000000       -384.250292781089     
   1115.00000000000       -384.864708843714     
   1116.00000000000       -385.479385639810     
   1117.00000000000       -386.094323028130     
   1118.00000000000       -386.709520866825     
   1119.00000000000       -387.324979014746     
   1120.00000000000       -387.940697319042     
   1121.00000000000       -388.556675653137     
   1122.00000000000       -389.172913860217     
   1123.00000000000       -389.789411803387     
   1124.00000000000       -390.406169344340     
   1125.00000000000       -391.023186336359     
   1126.00000000000       -391.640462650339     
   1127.00000000000       -392.257998129735     
   1128.00000000000       -392.875792647730     
   1129.00000000000       -393.493846060512     
   1130.00000000000       -394.112158234359     
   1131.00000000000       -394.730729019040     
   1132.00000000000       -395.349558289610     
   1133.00000000000       -395.968645897698     
   1134.00000000000       -396.587991715172     
   1135.00000000000       -397.207595602598     
   1136.00000000000       -397.827457420488     
   1137.00000000000       -398.447577036703     
   1138.00000000000       -399.067954309270     
   1139.00000000000       -399.688589115813     
   1140.00000000000       -400.309481311098     
   1141.00000000000       -400.930630760206     
   1142.00000000000       -401.552037336631     
   1143.00000000000       -402.173700896506     
   1144.00000000000       -402.795621321013     
   1145.00000000000       -403.417798466286     
   1146.00000000000       -404.040232202507     
   1147.00000000000       -404.662922398973     
   1148.00000000000       -405.285868925850     
   1149.00000000000       -405.909071651025     
   1150.00000000000       -406.532530441291     
   1151.00000000000       -407.156245166094     
   1152.00000000000       -407.780215702060     
   1153.00000000000       -408.404441910796     
   1154.00000000000       -409.028923671071     
   1155.00000000000       -409.653660850425     
   1156.00000000000       -410.278653317273     
   1157.00000000000       -410.903900950652     
   1158.00000000000       -411.529403620989     
   1159.00000000000       -412.155161194383     
   1160.00000000000       -412.781173553678     
   1161.00000000000       -413.407440573588     
   1162.00000000000       -414.033962115238     
   1163.00000000000       -414.660738065370     
   1164.00000000000       -415.287768293376     
   1165.00000000000       -415.915052672844     
   1166.00000000000       -416.542591088026     
   1167.00000000000       -417.170383399425     
   1168.00000000000       -417.798429501341     
   1169.00000000000       -418.426729262224     
   1170.00000000000       -419.055282552989     
   1171.00000000000       -419.684089262650     
   1172.00000000000       -420.313149259262     
   1173.00000000000       -420.942462426665     
   1174.00000000000       -421.572028641913     
   1175.00000000000       -422.201847788743     
   1176.00000000000       -422.831919736953     
   1177.00000000000       -423.462244373590     
   1178.00000000000       -424.092821574141     
   1179.00000000000       -424.723651224711     
   1180.00000000000       -425.354733204327     
   1181.00000000000       -425.986067389025     
   1182.00000000000       -426.617653668389     
   1183.00000000000       -427.249491920640     
   1184.00000000000       -427.881582028254     
   1185.00000000000       -428.513923869166     
   1186.00000000000       -429.146517334648     
   1187.00000000000       -429.779362303751     
   1188.00000000000       -430.412458663886     
   1189.00000000000       -431.045806292059     
   1190.00000000000       -431.679405081941     
   1191.00000000000       -432.313254911296     
   1192.00000000000       -432.947355671291     
   1193.00000000000       -433.581707241898     
   1194.00000000000       -434.216309514064     
   1195.00000000000       -434.851162369261     
   1196.00000000000       -435.486265701213     
   1197.00000000000       -436.121619386457     
   1198.00000000000       -436.757223322449     
   1199.00000000000       -437.393077394659     
   1200.00000000000       -438.029181490623     
   1201.00000000000       -438.665535495915     
   1202.00000000000       -439.302139297477     
   1203.00000000000       -439.938992796771     
   1204.00000000000       -440.576095876750     
   1205.00000000000       -441.213448416191     
   1206.00000000000       -441.851050325724     
   1207.00000000000       -442.488901485056     
   1208.00000000000       -443.127001779834     
   1209.00000000000       -443.765351108726     
   1210.00000000000       -444.403949371012     
   1211.00000000000       -445.042796442678     
   1212.00000000000       -445.681892229488     
   1213.00000000000       -446.321236613741     
   1214.00000000000       -446.960829498919     
   1215.00000000000       -447.600670769116     
   1216.00000000000       -448.240760321758     
   1217.00000000000       -448.881098054615     
   1218.00000000000       -449.521683856627     
   1219.00000000000       -450.162517628556     
   1220.00000000000       -450.803599259198     
   1221.00000000000       -451.444928650042     
   1222.00000000000       -452.086505689713     
   1223.00000000000       -452.728330283891     
   1224.00000000000       -453.370402326116     
   1225.00000000000       -454.012721709641     
   1226.00000000000       -454.655288334099     
   1227.00000000000       -455.298102095534     
   1228.00000000000       -455.941162893949     
   1229.00000000000       -456.584470625341     
   1230.00000000000       -457.228025196044     
   1231.00000000000       -457.871826498700     
   1232.00000000000       -458.515874424837     
   1233.00000000000       -459.160168887764     
   1234.00000000000       -459.804709785763     
   1235.00000000000       -460.449497011345     
   1236.00000000000       -461.094530473678     
   1237.00000000000       -461.739810065454     
   1238.00000000000       -462.385335696901     
   1239.00000000000       -463.031107259536     
   1240.00000000000       -463.677124660171     
   1241.00000000000       -464.323387809760     
   1242.00000000000       -464.969896595616     
   1243.00000000000       -465.616650935248     
   1244.00000000000       -466.263650724984     
   1245.00000000000       -466.910895865589     
   1246.00000000000       -467.558386262612     
   1247.00000000000       -468.206121822644     
   1248.00000000000       -468.854102450550     
   1249.00000000000       -469.502328053662     
   1250.00000000000       -470.150798527018     
   1251.00000000000       -470.799513791342     
   1252.00000000000       -471.448473739823     
   1253.00000000000       -472.097678283844     
   1254.00000000000       -472.747127331681     
   1255.00000000000       -473.396820784281     
   1256.00000000000       -474.046758560366     
   1257.00000000000       -474.696940555536     
   1258.00000000000       -475.347366682701     
   1259.00000000000       -475.998036849851     
   1260.00000000000       -476.648950964653     
   1261.00000000000       -477.300108940392     
   1262.00000000000       -477.951510679166     
   1263.00000000000       -478.603156097524     
   1264.00000000000       -479.255045101014     
   1265.00000000000       -479.907177597950     
   1266.00000000000       -480.559553503241     
   1267.00000000000       -481.212172727865     
   1268.00000000000       -481.865035180013     
   1269.00000000000       -482.518140770695     
   1270.00000000000       -483.171489412856     
   1271.00000000000       -483.825081023610     
   1272.00000000000       -484.478915504231     
   1273.00000000000       -485.132992776085     
   1274.00000000000       -485.787312749355     
   1275.00000000000       -486.441875341457     
   1276.00000000000       -487.096680460701     
   1277.00000000000       -487.751728020059     
   1278.00000000000       -488.407017933434     
   1279.00000000000       -489.062550124119     
   1280.00000000000       -489.718324502188     
   1281.00000000000       -490.374340979368     
   1282.00000000000       -491.030599474689     
   1283.00000000000       -491.687099899660     
   1284.00000000000       -492.343842177412     
   1285.00000000000       -493.000826218871     
   1286.00000000000       -493.658051940893     
   1287.00000000000       -494.315519262334     
   1288.00000000000       -494.973228102197     
   1289.00000000000       -495.631178374060     
   1290.00000000000       -496.289370000766     
   1291.00000000000       -496.947802890521     
   1292.00000000000       -497.606476973335     
   1293.00000000000       -498.265392168720     
   1294.00000000000       -498.924548386924     
   1295.00000000000       -499.583945548555     
   1296.00000000000       -500.243583577034     
   1297.00000000000       -500.903462394228     
   1298.00000000000       -501.563581915350     
   1299.00000000000       -502.223942064767     
   1300.00000000000       -502.884542754604     
   1301.00000000000       -503.545383922996     
   1302.00000000000       -504.206465476556     
   1303.00000000000       -504.867787347277     
   1304.00000000000       -505.529349449604     
   1305.00000000000       -506.191151707466     
   1306.00000000000       -506.853194046660     
   1307.00000000000       -507.515476390905     
   1308.00000000000       -508.177998655403     
   1309.00000000000       -508.840760773699     
   1310.00000000000       -509.503762666485     
   1311.00000000000       -510.167004253519     
   1312.00000000000       -510.830485463077     
   1313.00000000000       -511.494206223888     
   1314.00000000000       -512.158166452242     
   1315.00000000000       -512.822366073928     
   1316.00000000000       -513.486805021967     
   1317.00000000000       -514.151483228066     
   1318.00000000000       -514.816400598909     
   1319.00000000000       -515.481557071973     
   1320.00000000000       -516.146952574141     
   1321.00000000000       -516.812587033026     
   1322.00000000000       -517.478460375853     
   1323.00000000000       -518.144572532037     
   1324.00000000000       -518.810923422396     
   1325.00000000000       -519.477512980091     
   1326.00000000000       -520.144341132422     
   1327.00000000000       -520.811407807378     
   1328.00000000000       -521.478712942568     
   1329.00000000000       -522.146256454034     
   1330.00000000000       -522.814038281664     
   1331.00000000000       -523.482058347385     
   1332.00000000000       -524.150316589425     
   1333.00000000000       -524.818812932586     
   1334.00000000000       -525.487547309342     
   1335.00000000000       -526.156519651398     
   1336.00000000000       -526.825729888813     
   1337.00000000000       -527.495177957440     
   1338.00000000000       -528.164863785118     
   1339.00000000000       -528.834787303618     
   1340.00000000000       -529.504948442343     
   1341.00000000000       -530.175347145108     
   1342.00000000000       -530.845983333849     
   1343.00000000000       -531.516856945440     
   1344.00000000000       -532.187967919330     
   1345.00000000000       -532.859316178969     
   1346.00000000000       -533.530901664519     
   1347.00000000000       -534.202724311697     
   1348.00000000000       -534.874784050262     
   1349.00000000000       -535.547080819866     
   1350.00000000000       -536.219614559297     
   1351.00000000000       -536.892385193307     
   1352.00000000000       -537.565392664132     
   1353.00000000000       -538.238636902468     
   1354.00000000000       -538.912117855754     
   1355.00000000000       -539.585835446953     
   1356.00000000000       -540.259789624346     
   1357.00000000000       -540.933980322909     
   1358.00000000000       -541.608407475105     
