  0.000000000000000E+000   90.1307421199239     
   1.00000000000000        90.1364538867387     
   2.00000000000000        90.1416626689136     
   3.00000000000000        90.1480436624057     
   4.00000000000000        90.1529986845572     
   5.00000000000000        90.1586581546784     
   6.00000000000000        90.1636040625977     
   7.00000000000000        90.1692550072402     
   8.00000000000000        90.1739519519148     
   9.00000000000000        90.1800627687063     
   10.0000000000000        90.1856931249433     
   11.0000000000000        90.1908479618436     
   12.0000000000000        90.1964703527503     
   13.0000000000000        90.2004302263189     
   14.0000000000000        90.2060397235341     
   15.0000000000000        90.2109355910973     
   16.0000000000000        90.2162979701134     
   17.0000000000000        90.2211859648321     
   18.0000000000000        90.2258339708687     
   19.0000000000000        90.2304713327980     
   20.0000000000000        90.2351071630216     
   21.0000000000000        90.2387946161095     
   22.0000000000000        90.2434212817997     
   23.0000000000000        90.2475703236725     
   24.0000000000000        90.2507697458388     
   25.0000000000000        90.2549161401845     
   26.0000000000000        90.2581054864505     
   27.0000000000000        90.2605905612310     
   28.0000000000000        90.2625908038998     
   29.0000000000000        90.2645990815359     
   30.0000000000000        90.2663620263585     
   31.0000000000000        90.2681242442763     
   32.0000000000000        90.2687010274329     
   33.0000000000000        90.2685686678125     
   34.0000000000000        90.2691459090357     
   35.0000000000000        90.2692501925705     
   36.0000000000000        90.2681747116111     
   37.0000000000000        90.2668622250051     
   38.0000000000000        90.2646037889695     
   39.0000000000000        90.2621134452295     
   40.0000000000000        90.2596275296814     
   41.0000000000000        90.2557229829268     
   42.0000000000000        90.2518232591787     
   43.0000000000000        90.2469846524595     
   44.0000000000000        90.2421490396526     
   45.0000000000000        90.2361373539118     
   46.0000000000000        90.2287170427222     
   47.0000000000000        90.2224826070177     
   48.0000000000000        90.2141311745746     
   49.0000000000000        90.2064967716391     
   50.0000000000000        90.1979267889012     
   51.0000000000000        90.1881845996951     
   52.0000000000000        90.1786852688756     
   53.0000000000000        90.1682564444701     
   54.0000000000000        90.1568947465781     
   55.0000000000000        90.1448334070810     
   56.0000000000000        90.1325482951230     
   57.0000000000000        90.1190962405315     
   58.0000000000000        90.1063644955338     
   59.0000000000000        90.0910479243081     
   60.0000000000000        90.0766957665368     
   61.0000000000000        90.0614059034913     
   62.0000000000000        90.0470835969557     
   63.0000000000000        90.0292299126705     
   64.0000000000000        90.0118674176081     
   65.0000000000000        89.9947545849962     
   66.0000000000000        89.9769529096523     
   67.0000000000000        89.9594010331184     
   68.0000000000000        89.9404541863528     
   69.0000000000000        89.9198658510180     
   70.0000000000000        89.9009516849875     
   71.0000000000000        89.8792200101734     
   72.0000000000000        89.8584552330074     
   73.0000000000000        89.8374697434596     
   74.0000000000000        89.8155584405180     
   75.0000000000000        89.7929545213971     
   76.0000000000000        89.7703741893118     
   77.0000000000000        89.7478105883708     
   78.0000000000000        89.7236140422723     
   79.0000000000000        89.6994370337375     
   80.0000000000000        89.6764584376277     
   81.0000000000000        89.6504291788084     
   82.0000000000000        89.6244205539072     
   83.0000000000000        89.6005571883470     
   84.0000000000000        89.5745884133260     
   85.0000000000000        89.5991817779516     
   86.0000000000000        89.5758914056219     
   87.0000000000000        89.5512537054435     
   88.0000000000000        89.5257427943836     
   89.0000000000000        89.5010201574954     
   90.0000000000000        89.4758899930515     
   91.0000000000000        89.4498829765095     
   92.0000000000000        89.4249042484390     
   93.0000000000000        89.3990360222889     
   94.0000000000000        89.3741922743013     
   95.0000000000000        89.3472773680308     
   96.0000000000000        89.3206687714928     
   97.0000000000000        89.2938964675143     
   98.0000000000000        89.2674115294118     
   99.0000000000000        89.2405262897403     
   100.000000000000        89.2141809122321     
   101.000000000000        89.1855176021694     
   102.000000000000        89.1590597932307     
   103.000000000000        89.1305173162564     
   104.000000000000        89.1029897543435     
   105.000000000000        89.0755214027641     
   106.000000000000        89.0481017372575     
   107.000000000000        89.0193280093510     
   108.000000000000        88.9898919818280     
   109.000000000000        88.9628831099315     
   110.000000000000        88.9337941406435     
   111.000000000000        88.9054723181187     
   112.000000000000        88.8769544176743     
   113.000000000000        88.8480287160123     
   114.000000000000        88.8193851233640     
   115.000000000000        88.7900819545571     
   116.000000000000        88.7617720871935     
   117.000000000000        88.7330371221791     
   118.000000000000        88.7031685909379     
   119.000000000000        88.6745318943360     
   120.000000000000        88.6447462747107     
   121.000000000000        88.6159715637279     
   122.000000000000        88.5867577622649     
   123.000000000000        88.5571116641276     
   124.000000000000        88.5289413368732     
   125.000000000000        88.4989012911120     
   126.000000000000        88.4705946096088     
   127.000000000000        88.4406318559293     
   128.000000000000        88.4100251312895     
   129.000000000000        88.3827807978919     
   130.000000000000        88.3520057619171     
   131.000000000000        88.3234000088497     
   132.000000000000        88.2946242284844     
   133.000000000000        88.2641968850856     
   134.000000000000        88.2347803275742     
   135.000000000000        88.2060948548682     
   136.000000000000        88.1767487667085     
   137.000000000000        88.1481500042454     
   138.000000000000        88.1186284316555     
   139.000000000000        88.0901161048673     
   140.000000000000        88.0609047156990     
   141.000000000000        88.0315022066161     
   142.000000000000        88.0030804255377     
   143.000000000000        87.9732774813171     
   144.000000000000        87.9444371913861     
   145.000000000000        87.9154260306075     
   146.000000000000        87.8859431520756     
   147.000000000000        87.8584272896766     
   148.000000000000        87.8290088247124     
   149.000000000000        87.8013206451793     
   150.000000000000        87.7729157345587     
   151.000000000000        87.7440965423694     
   152.000000000000        87.7160153531316     
   153.000000000000        87.6874887925961     
   154.000000000000        87.6601746262063     
   155.000000000000        87.6312549763712     
   156.000000000000        87.6025758641242     
   157.000000000000        87.5758365568289     
   158.000000000000        87.5474686492941     
   159.000000000000        87.5191379504335     
   160.000000000000        87.4927279169765     
   161.000000000000        87.4649248095843     
   162.000000000000        87.4378698409362     
   163.000000000000        87.4103700132614     
   164.000000000000        87.3833689919381     
   165.000000000000        87.3563855138897     
   166.000000000000        87.3294692857228     
   167.000000000000        87.3025391933804     
   168.000000000000        87.2763828496329     
   169.000000000000        87.2502366746387     
   170.000000000000        87.2236565710883     
   171.000000000000        87.1970996063171     
   172.000000000000        87.1710513162894     
   173.000000000000        87.1454964862623     
   174.000000000000        87.1183015364371     
   175.000000000000        87.0940200908855     
   176.000000000000        87.0680784031476     
   177.000000000000        87.0426363550455     
   178.000000000000        87.0162628417887     
   179.000000000000        86.9908833059625     
   180.000000000000        86.9669635048709     
   181.000000000000        86.9421089116099     
   182.000000000000        86.9163540343102     
   183.000000000000        86.8922565735617     
   184.000000000000        86.8679486962355     
   185.000000000000        86.8446600671712     
   186.000000000000        86.8194630436516     
   187.000000000000        86.7952509834509     
   188.000000000000        86.7720017385624     
   189.000000000000        86.7492872891276     
   190.000000000000        86.7241938208674     
   191.000000000000        86.7010437829613     
   192.000000000000        86.6788756884990     
   193.000000000000        86.6548033077797     
   194.000000000000        86.6322053770147     
   195.000000000000        86.6091766949763     
   196.000000000000        86.5875574018426     
   197.000000000000        86.5650410670688     
   198.000000000000        86.5435196481937     
   199.000000000000        86.5205542277379     
   200.000000000000        86.4995478404017     
   201.000000000000        86.4775927925758     
   202.000000000000        86.4556906093183     
   203.000000000000        86.4357007196823     
   204.000000000000        86.4142996594805     
   205.000000000000        86.3924804695536     
   206.000000000000        86.3720659778953     
   207.000000000000        86.3531504209346     
   208.000000000000        86.3318627763601     
   209.000000000000        86.3125134072501     
   210.000000000000        86.2936503483428     
   211.000000000000        86.2729226189838     
   212.000000000000        86.2526777804153     
   213.000000000000        86.2333835889704     
   214.000000000000        86.2142023588026     
   215.000000000000        86.1954410428753     
   216.000000000000        86.1777014454235     
   217.000000000000        86.1580388271409     
   218.000000000000        86.1398744051223     
   219.000000000000        86.1207521589574     
   220.000000000000        86.1035747834900     
   221.000000000000        86.0859316832014     
   222.000000000000        86.0688351000963     
   223.000000000000        86.0502228178087     
   224.000000000000        86.0341469597574     
   225.000000000000        86.0175487783731     
   226.000000000000        85.9995501526742     
   227.000000000000        85.9835057763777     
   228.000000000000        85.9665035345981     
   229.000000000000        85.9504819069578     
   230.000000000000        85.9344853698870     
   231.000000000000        85.9190030418079     
   232.000000000000        85.9030553077026     
   233.000000000000        85.8871189180087     
   234.000000000000        85.8726561512735     
   235.000000000000        85.8572729634504     
   236.000000000000        85.8438083527665     
   237.000000000000        85.8289071552457     
   238.000000000000        85.8136283525585     
   239.000000000000        85.8011331306658     
   240.000000000000        85.7853789120240     
   241.000000000000        85.7724924734437     
   242.000000000000        85.7586942756273     
   243.000000000000        85.7458540691191     
   244.000000000000        85.7325764113092     
   245.000000000000        85.7197660273125     
   246.000000000000        85.7079824793567     
   247.000000000000        85.6947515750664     
   248.000000000000        85.6834571269652     
   249.000000000000        85.6707478756232     
   250.000000000000        85.6585614936853     
   251.000000000000        85.6478007888812     
   252.000000000000        85.6370929720516     
   253.000000000000        85.6258745102745     
   254.000000000000        85.6142349650791     
   255.000000000000        85.6040911776858     
   256.000000000000        85.5924446554706     
   257.000000000000        85.5818205613189     
   258.000000000000        85.5712071070707     
   259.000000000000        85.5625588407555     
   260.000000000000        85.5539014912365     
   261.000000000000        85.5442947412270     
   262.000000000000        85.5342749067289     
   263.000000000000        85.5256762149173     
   264.000000000000        85.5176121564562     
   265.000000000000        85.5085411779742     
   266.000000000000        85.4995436137031     
   267.000000000000        85.4914855680952     
   268.000000000000        85.4844659323173     
   269.000000000000        85.4759106009150     
   270.000000000000        85.4699713795884     
   271.000000000000        85.4609745481369     
   272.000000000000        85.4530125440003     
   273.000000000000        85.4470467580101     
   274.000000000000        85.4410087460681     
   275.000000000000        85.4345991037025     
   276.000000000000        85.4277037937982     
   277.000000000000        85.4236631540200     
   278.000000000000        85.4172714737671     
   279.000000000000        85.4118446101106     
   280.000000000000        85.4064541862555     
   281.000000000000        85.4015371881256     
   282.000000000000        85.3966479711433     
   283.000000000000        85.3907692141103     
   284.000000000000        85.3884296071767     
   285.000000000000        85.3830093731148     
   286.000000000000        85.3791506129001     
   287.000000000000        85.3743360566890     
   288.000000000000        85.3714404984023     
   289.000000000000        85.3682056002218     
   290.000000000000        85.3648028186385     
   291.000000000000        85.3625082503081     
   292.000000000000        85.3586836340828     
   293.000000000000        85.3577898845810     
   294.000000000000        85.3546064982775     
   295.000000000000        85.3532881576191     
   296.000000000000        85.3504477584146     
   297.000000000000        85.3482347980580     
   298.000000000000        85.3479186355040     
   299.000000000000        85.3461382068518     
   300.000000000000        85.3448928148526     
   301.000000000000        85.3451468994449     
   302.000000000000        85.3447848417590     
   303.000000000000        85.3442174213153     
   304.000000000000        85.3423240913770     
   305.000000000000        85.3436503977071     
   306.000000000000        85.3435269839414     
   307.000000000000        85.3446547812693     
   308.000000000000        85.3444697636956     
   309.000000000000        85.3451999564271     
   310.000000000000        85.3450965547653     
   311.000000000000        85.3474004420922     
   312.000000000000        85.3491127390446     
   313.000000000000        85.3524422169928     
   314.000000000000        85.3531317280606     
   315.000000000000        85.3551038897506     
   316.000000000000        85.3559094693066     
   317.000000000000        85.3591603453177     
   318.000000000000        85.3629671870196     
   319.000000000000        85.3653825618498     
   320.000000000000        85.3675859945768     
   321.000000000000        85.3734653937187     
   322.000000000000        85.3747189089352     
   323.000000000000        85.3786047315444     
   324.000000000000        85.3829800197756     
   325.000000000000        85.3862877265232     
   326.000000000000        85.3921095351412     
   327.000000000000        85.3969429354619     
   328.000000000000        85.4003295636642     
   329.000000000000        85.4060876409596     
   330.000000000000        85.4105552761450     
   331.000000000000        85.4162901930374     
   332.000000000000        85.4207282829285     
   333.000000000000        85.4259781794224     
   334.000000000000        85.4338639852140     
   335.000000000000        85.4397018764240     
   336.000000000000        85.4450892118352     
   337.000000000000        85.4508444016075     
   338.000000000000        85.4573277635710     
   339.000000000000        85.4636136115169     
   340.000000000000        85.4719281745796     
   341.000000000000        85.4783733506902     
   342.000000000000        85.4866434446230     
   343.000000000000        85.4934826643937     
   344.000000000000        85.5014001529313     
   345.000000000000        85.5106310290164     
   346.000000000000        85.5166137367532     
   347.000000000000        85.5248644609167     
   348.000000000000        85.5346812327039     
   349.000000000000        85.5415905249986     
   350.000000000000        85.5523755544760     
   351.000000000000        85.5612142806607     
   352.000000000000        85.5690110768371     
   353.000000000000        85.5784066087546     
   354.000000000000        85.5902733706297     
   355.000000000000        85.5984611992394     
   356.000000000000        85.6093277206221     
   357.000000000000        85.6192249535177     
   358.000000000000        85.6294403721448     
   359.000000000000        85.6378133951689     
   360.000000000000        85.6486395071770     
   361.000000000000        85.6603914806063     
   362.000000000000        85.6692447647520     
   363.000000000000        85.6819901091345     
   364.000000000000        85.6938320656581     
   365.000000000000        85.7045095753698     
   366.000000000000        85.7178582031166     
   367.000000000000        85.7291698222986     
   368.000000000000        85.7413380815501     
   369.000000000000        85.7526912826606     
   370.000000000000        85.7650005634683     
   371.000000000000        85.7782385447574     
   372.000000000000        85.7878908638621     
   373.000000000000        85.8027145647107     
   374.000000000000        85.8164736980302     
   375.000000000000        85.8291089213944     
   376.000000000000        85.8423278773553     
   377.000000000000        85.8552168978560     
   378.000000000000        85.8687310006421     
   379.000000000000        85.8820251307244     
   380.000000000000        85.8962279470130     
   381.000000000000        85.9109910302584     
   382.000000000000        85.9245969731040     
   383.000000000000        85.9377576608096     
   384.000000000000        85.9529771379092     
   385.000000000000        85.9686480482947     
   386.000000000000        85.9843239348386     
   387.000000000000        85.9974065170876     
   388.000000000000        86.0135462008410     
   389.000000000000        86.0271993513879     
   390.000000000000        86.0443499892048     
   391.000000000000        86.0583855307866     
   392.000000000000        86.0756168780578     
   393.000000000000        86.0912004834104     
   394.000000000000        86.1060943235195     
   395.000000000000        86.1223482928844     
   396.000000000000        86.1379698031451     
   397.000000000000        86.1553267111037     
   398.000000000000        86.1721112472034     
   399.000000000000        86.1884669216838     
   400.000000000000        86.2050961420742     
   401.000000000000        86.2215990927700     
   402.000000000000        86.2390697108679     
   403.000000000000        86.2571542774753     
   404.000000000000        86.2717143394606     
   405.000000000000        86.2890004894908     
   406.000000000000        86.3085784496150     
   407.000000000000        86.3250115537825     
   408.000000000000        86.3434676941496     
   409.000000000000        86.3598426044138     
   410.000000000000        86.3792657856750     
   411.000000000000        86.3995431152758     
   412.000000000000        86.4143141609027     
   413.000000000000        86.4324942126423     
   414.000000000000        86.4538739869985     
   415.000000000000        86.4712513544690     
   416.000000000000        86.4916871786408     
   417.000000000000        86.5079020267044     
   418.000000000000        86.5283755954514     
   419.000000000000        86.5455816758869     
   420.000000000000        86.5649540230795     
   421.000000000000        86.5841102817379     
   422.000000000000        86.6025270427892     
   423.000000000000        86.6248264455449     
   424.000000000000        86.6418882057016     
   425.000000000000        86.6652835606766     
   426.000000000000        86.6824615355284     
   427.000000000000        86.7037889943709     
   428.000000000000        86.7239308562335     
   429.000000000000        86.7429845407564     
   430.000000000000        86.7631691011984     
   431.000000000000        86.7844140371910     
   432.000000000000        86.8044440902967     
   433.000000000000        86.8286583499656     
   434.000000000000        86.8449692284026     
   435.000000000000        86.8659642881328     
   436.000000000000        86.8867609610589     
   437.000000000000        86.9061191588992     
   438.000000000000        86.9260220085259     
   439.000000000000        86.9491906079913     
   440.000000000000        86.9691661656648     
   441.000000000000        86.9911638167652     
   442.000000000000        87.0152169234155     
   443.000000000000        87.0350315619848     
   444.000000000000        87.0571820096403     
   445.000000000000        87.0790653630177     
   446.000000000000        87.0999937539657     
   447.000000000000        87.1218049777040     
   448.000000000000        87.1439181460858     
   449.000000000000        87.1668498976983     
   450.000000000000        87.1895034828327     
   451.000000000000        87.2093339757214     
   452.000000000000        87.2323863543888     
   453.000000000000        87.2531195843908     
   454.000000000000        87.2759849748517     
   455.000000000000        87.3016974326733     
   456.000000000000        87.3224070361214     
   457.000000000000        87.3440898299460     
   458.000000000000        87.3681912928224     
   459.000000000000        87.3886666129467     
   460.000000000000        87.4124275734470     
   461.000000000000        87.4360521354972     
   462.000000000000        87.4568428572232     
   463.000000000000        87.4803457115143     
   464.000000000000        87.5030512085783     
   465.000000000000        87.5267360425340     
   466.000000000000        87.5502190190651     
   467.000000000000        87.5740355955450     
   468.000000000000        87.5942931345317     
   469.000000000000        87.6181374837626     
   470.000000000000        87.6443679542356     
   471.000000000000        87.6671885925338     
   472.000000000000        87.6882957081250     
   473.000000000000        87.7122585225781     
   474.000000000000        87.7382141941921     
   475.000000000000        87.7612106108124     
   476.000000000000        87.7842825939272     
   477.000000000000        87.8069487342664     
   478.000000000000        87.8310664701436     
   479.000000000000        87.8544470756014     
   480.000000000000        87.8811378855171     
   481.000000000000        87.9030116117954     
   482.000000000000        87.9256890828791     
   483.000000000000        87.9498851429299     
   484.000000000000        87.9740377261784     
   485.000000000000        87.9975775263859     
   486.000000000000        88.0195656753970     
   487.000000000000        88.0466482602800     
   488.000000000000        88.0709863834940     
   489.000000000000        88.0953896040315     
   490.000000000000        88.1176899150951     
   491.000000000000        88.1404890330691     
   492.000000000000        88.1666753116879     
   493.000000000000        88.1907800273820     
   494.000000000000        88.2161331230807     
   495.000000000000        88.2377965536488     
   496.000000000000        88.2649685435235     
   497.000000000000        88.2873226875390     
   498.000000000000        88.3132551247794     
   499.000000000000        88.3380706770419     
   500.000000000000        88.3610125376479     
   501.000000000000        88.3842584936736     
   502.000000000000        88.4100347067631     
   503.000000000000        88.4328665931694     
   504.000000000000        88.4588777910434     
   505.000000000000        88.4851059646517     
   506.000000000000        88.5065367074935     
   507.000000000000        88.5314658347711     
   508.000000000000        88.5571954181507     
   509.000000000000        88.5822368689471     
   510.000000000000        88.6048953070375     
   511.000000000000        88.6317869085128     
   512.000000000000        88.6546125910060     
   513.000000000000        88.6801027624848     
   514.000000000000        88.7029639045244     
   515.000000000000        88.7276386387163     
   516.000000000000        88.7503430917261     
   517.000000000000        88.7776533832452     
   518.000000000000        88.8028476771840     
   519.000000000000        88.8273641314474     
   520.000000000000        88.8487434157491     
   521.000000000000        88.8743897944077     
   522.000000000000        88.8989537114978     
   523.000000000000        88.9235108476137     
   524.000000000000        88.9481962573990     
   525.000000000000        88.9725907264572     
   526.000000000000        88.9971516458488     
   527.000000000000        89.0214237001340     
   528.000000000000        89.0490373201715     
   529.000000000000        89.0717104546210     
   530.000000000000        89.0949097897041     
   531.000000000000        89.1233957461692     
   532.000000000000        89.1444634405058     
   533.000000000000        89.1700842918365     
   534.000000000000        89.1914455805312     
   535.000000000000        89.2176810382998     
   536.000000000000        89.2418836138037     
   537.000000000000        89.2654960745510     
   538.000000000000        89.2893282955800     
   539.000000000000        89.3149794447117     
   540.000000000000        89.3381282202120     
   541.000000000000        89.3610021920275     
   542.000000000000        89.3873368342675     
   543.000000000000        89.4126876119751     
   544.000000000000        89.4361269422507     
   545.000000000000        89.4577726687553     
   546.000000000000        89.4851536422687     
   547.000000000000        89.5050685572173     
   548.000000000000        89.5289149642645     
   549.000000000000        89.5566659988749     
   550.000000000000        89.5781492395847     
   551.000000000000        89.6024601957176     
   552.000000000000        89.6243979975314     
   553.000000000000        89.6493367363275     
   554.000000000000        89.6713080068162     
   555.000000000000        89.6953366413648     
   556.000000000000        89.7204261545728     
   557.000000000000        89.7420449264006     
   558.000000000000        89.7661936944418     
   559.000000000000        89.7897617451715     
   560.000000000000        89.8149977663439     
   561.000000000000        89.8389643807239     
   562.000000000000        89.8594828787566     
   563.000000000000        89.8802045341532     
   564.000000000000        89.9053203893990     
   565.000000000000        89.9258396090975     
   566.000000000000        89.9497015790087     
   567.000000000000        89.9773192756760     
   568.000000000000        89.9982844443333     
   569.000000000000        90.0158240745162     
   570.000000000000        90.0446737807620     
   571.000000000000        90.0654476876746     
   572.000000000000        90.0868473343214     
   573.000000000000        90.1138300055818     
   574.000000000000        90.1345290013125     
   575.000000000000        90.1536863540231     
   576.000000000000        90.1804067890289     
   577.000000000000        90.2021041099771     
   578.000000000000        90.2215974133745     
   579.000000000000        90.2463898233971     
   580.000000000000        90.2659499925291     
   581.000000000000        90.2891217419236     
   582.000000000000        90.3106330890771     
   583.000000000000        90.3322913075905     
   584.000000000000        90.3558342920754     
   585.000000000000        90.3784379103026     
   586.000000000000        90.3963974346237     
   587.000000000000        90.4202205723132     
   588.000000000000        90.4418276277207     
   589.000000000000        90.4638388616178     
   590.000000000000        90.4832227428927     
   591.000000000000        90.5069596894952     
   592.000000000000        90.5230313366054     
   593.000000000000        90.5475459385777     
   594.000000000000        90.5698017214409     
   595.000000000000        90.5866744203162     
   596.000000000000        90.6112984813230     
   597.000000000000        90.6286540346352     
   598.000000000000        90.6488765075401     
   599.000000000000        90.6699815970507     
   600.000000000000        90.6895977838929     
   601.000000000000        90.7115990549584     
   602.000000000000        90.7329515696789     
   603.000000000000        90.7488384092832     
   604.000000000000        90.7729675671666     
   605.000000000000        90.7906696203454     
   606.000000000000        90.8086341776702     
   607.000000000000        90.8319741444962     
   608.000000000000        90.8550649937486     
   609.000000000000        90.8722882994412     
   610.000000000000        90.8888323725564     
   611.000000000000        90.9093339490217     
   612.000000000000        90.9254037680213     
   613.000000000000        90.9459747479688     
   614.000000000000        90.9658755369888     
   615.000000000000        90.9824776817170     
   616.000000000000        91.0004611993515     
   617.000000000000        91.0217980593170     
   618.000000000000        91.0386242070988     
   619.000000000000        91.0578882197993     
   620.000000000000        91.0775157525738     
   621.000000000000        91.0958461745017     
   622.000000000000        91.1157143167947     
   623.000000000000        91.1328577111129     
   624.000000000000        91.1482808535705     
   625.000000000000        91.1657447940976     
   626.000000000000        91.1848287135746     
   627.000000000000        91.2017792263652     
   628.000000000000        91.2202940337179     
   629.000000000000        91.2350485604624     
   630.000000000000        91.2532792282109     
   631.000000000000        91.2710824050649     
   632.000000000000        91.2847059518741     
   633.000000000000        91.3018641964268     
   634.000000000000        91.3208532676791     
   635.000000000000        91.3385998596360     
   636.000000000000        91.3530023514912     
   637.000000000000        91.3683869999097     
   638.000000000000        91.3804944714351     
   639.000000000000        91.4011213889561     
   640.000000000000        91.4177249548842     
   641.000000000000        91.4323963798030     
   642.000000000000        91.4464640853027     
   643.000000000000        91.4619072149820     
   644.000000000000        91.4759537446086     
   645.000000000000        91.4919633154523     
   646.000000000000        91.5086998127547     
   647.000000000000        91.5179927777848     
   648.000000000000        91.5358079683865     
   649.000000000000        91.5535741974305     
   650.000000000000        91.5696731971845     
   651.000000000000        91.5822012192282     
   652.000000000000        91.5957105137967     
   653.000000000000        91.6086340516940     
   654.000000000000        91.6222382064641     
   655.000000000000        91.6352130485958     
   656.000000000000        91.6505304554624     
   657.000000000000        91.6635322398223     
   658.000000000000        91.6793115175323     
   659.000000000000        91.6849442345328     
   660.000000000000        91.7013676943386     
   661.000000000000        91.7151888198963     
   662.000000000000        91.7292180086067     
   663.000000000000        91.7384151573500     
   664.000000000000        91.7539559603298     
   665.000000000000        91.7652554249634     
   666.000000000000        91.7765985681238     
   667.000000000000        91.7873220384865     
   668.000000000000        91.7990346671451     
   669.000000000000        91.8124554792343     
   670.000000000000        91.8224796891902     
   671.000000000000        91.8328146986120     
   672.000000000000        91.8444536368170     
   673.000000000000        91.8550442657265     
   674.000000000000        91.8672364575745     
   675.000000000000        91.8776785024147     
   676.000000000000        91.8849099112440     
   677.000000000000        91.8936945269498     
   678.000000000000        91.9034014031620     
   679.000000000000        91.9181816239009     
   680.000000000000        91.9269235203768     
   681.000000000000        91.9333059001350     
   682.000000000000        91.9435130704949     
   683.000000000000        91.9509713379068     
   684.000000000000        91.9632331943719     
   685.000000000000        91.9703263837104     
   686.000000000000        91.9795158414798     
   687.000000000000        91.9840703152134     
   688.000000000000        91.9958814345517     
   689.000000000000        92.0034192690032     
   690.000000000000        92.0121953568134     
   691.000000000000        92.0210138790857     
   692.000000000000        92.0284113990495     
   693.000000000000        92.0386014131594     
   694.000000000000        92.0439155338200     
   695.000000000000        92.0463011886043     
   696.000000000000        92.0553397589602     
   697.000000000000        92.0686177003086     
   698.000000000000        92.0719668393098     
   699.000000000000        92.0732344118809     
   700.000000000000        92.0788825686008     
   701.000000000000        92.0894853220090     
   702.000000000000        92.0955667064017     
   703.000000000000        92.1021610928067     
   704.000000000000        92.1032150614365     
   705.000000000000        92.1076134465317     
   706.000000000000        92.1154788623661     
   707.000000000000        92.1186066008439     
   708.000000000000        92.1236418260570     
   709.000000000000        92.1272756815458     
   710.000000000000        92.1302157313889     
   711.000000000000        92.1362249764677     
   712.000000000000        92.1418707161033     
   713.000000000000        92.1432818385854     
   714.000000000000        92.1457049510761     
   715.000000000000        92.1479915476066     
   716.000000000000        92.1533073438707     
   717.000000000000        92.1541981372684     
   718.000000000000        92.1581101420427     
   719.000000000000        92.1612129704284     
   720.000000000000        92.1639488099897     
   721.000000000000        92.1630588101437     
   722.000000000000        92.1686538275740     
   723.000000000000        92.1682596034310     
   724.000000000000        92.1703575271406     
   725.000000000000        92.1697314472126     
   726.000000000000        92.1695839885277     
   727.000000000000        92.1720523863147     
   728.000000000000        92.1703934603697     
   729.000000000000        92.1708890072988     
   730.000000000000        92.1727300193417     
   731.000000000000        92.1710952396821     
   732.000000000000        92.1714627337159     
   733.000000000000        92.1718904643573     
   734.000000000000        92.1724646362194     
   735.000000000000        92.1675597405768     
   736.000000000000        92.1658819046625     
   737.000000000000        92.1673393905830     
   738.000000000000        92.1669512004976     
   739.000000000000        92.1640064879264     
   740.000000000000        92.1622727921379     
   741.000000000000        92.1590577760962     
   742.000000000000        92.1582838987157     
   743.000000000000        92.1536463073460     
   744.000000000000        92.1542673107008     
   745.000000000000        92.1484833726096     
   746.000000000000        92.1427617094126     
   747.000000000000        92.1417779384553     
   748.000000000000        92.1368252232909     
   749.000000000000        92.1330212175747     
   750.000000000000        92.1269482112983     
   751.000000000000        92.1234955621084     
   752.000000000000        92.1206580145902     
   753.000000000000        92.1160415022918     
   754.000000000000        92.1075087338917     
   755.000000000000        92.1020879964503     
   756.000000000000        92.0966326428894     
   757.000000000000        92.0870068574255     
   758.000000000000        92.0885621299583     
   759.000000000000        92.0808537939961     
   760.000000000000        92.0752114773948     
   761.000000000000        92.0682944449230     
   762.000000000000        92.0581444134618     
   763.000000000000        92.0518525829685     
   764.000000000000        92.0461628767735     
   765.000000000000        92.0343041835363     
   766.000000000000        92.0263236969051     
   767.000000000000        92.0235822218257     
   768.000000000000        92.0146986981251     
   769.000000000000        92.0074774586036     
   770.000000000000        91.9961923228708     
   771.000000000000        91.9914372313913     
   772.000000000000        91.9820161267403     
   773.000000000000        91.9706307589049     
   774.000000000000        91.9623577772828     
   775.000000000000        91.9467520013281     
   776.000000000000        91.9426765247616     
   777.000000000000        91.9257275699791     
   778.000000000000        91.9175630079362     
   779.000000000000        91.9093900687338     
   780.000000000000        91.8916411649055     
   781.000000000000        91.8885169166992     
   782.000000000000        91.8746284628320     
   783.000000000000        91.8603937942942     
   784.000000000000        91.8522707808097     
   785.000000000000        91.8357183965825     
   786.000000000000        91.8285360164843     
   787.000000000000        91.8108661748416     
   788.000000000000        91.8023709111090     
   789.000000000000        91.7838906991358     
   790.000000000000        91.7767438145120     
   791.000000000000        91.7571292058232     
   792.000000000000        91.7438692355389     
   793.000000000000        91.7275649684640     
   794.000000000000        91.7159410406942     
   795.000000000000        91.6985737850834     
   796.000000000000        91.6855013949644     
   797.000000000000        91.6667597334749     
   798.000000000000        91.6616098401255     
   799.000000000000        91.6407195347146     
   800.000000000000        91.6248725635719     
   801.000000000000        91.6077073938037     
   802.000000000000        91.5900615444066     
   803.000000000000        91.5756211408647     
   804.000000000000        91.5609030047320     
   805.000000000000        91.5377348252250     
   806.000000000000        91.5211829731324     
   807.000000000000        91.5032427138742     
   808.000000000000        91.4857324713919     
   809.000000000000        91.4673922887250     
   810.000000000000        91.4486253857138     
   811.000000000000        91.4295537774461     
   812.000000000000        91.4104221483028     
   813.000000000000        91.3970404611230     
   814.000000000000        91.3738687290579     
   815.000000000000        91.3554016613337     
   816.000000000000        91.3321708468504     
   817.000000000000        91.3085934097994     
   818.000000000000        91.2946436096543     
   819.000000000000        91.2733913952543     
   820.000000000000        91.2539632160866     
   821.000000000000        91.2317284987486     
   822.000000000000        91.2071668193150     
   823.000000000000        91.1897417999655     
   824.000000000000        91.1684350616846     
   825.000000000000        91.1421462869870     
   826.000000000000        91.1204719427207     
   827.000000000000        91.0995367719698     
   828.000000000000        91.0752548962247     
   829.000000000000        91.0506818619313     
   830.000000000000        91.0282071952443     
   831.000000000000        91.0032111425232     
   832.000000000000        90.9844299702217     
   833.000000000000        90.9573055724171     
   834.000000000000        90.9348088792022     
   835.000000000000        90.9085246822802     
   836.000000000000        90.8808103975006     
   837.000000000000        90.8589311706121     
   838.000000000000        90.8305702487833     
   839.000000000000        90.8025601936166     
   840.000000000000        90.7826477255856     
   841.000000000000        90.7574015042170     
   842.000000000000        90.7281437324923     
   843.000000000000        90.6993023385592     
   844.000000000000        90.6825603239583     
   845.000000000000        90.6518904558061     
   846.000000000000        90.6152790949811     
   847.000000000000        90.5944462493443     
   848.000000000000        90.5678179106804     
   849.000000000000        90.5330072758517     
   850.000000000000        90.5075350039314     
   851.000000000000        90.4747569918244     
   852.000000000000        90.4496374801861     
   853.000000000000        90.4165687475900     
   854.000000000000        90.3859342687719     
   855.000000000000        90.3632565300124     
   856.000000000000        90.3259947399406     
   857.000000000000        90.3042816700692     
   858.000000000000        90.2709808093289     
   859.000000000000        90.2435824047187     
   860.000000000000        90.2068490441466     
   861.000000000000        90.1766001417857     
   862.000000000000        90.1484878817183     
   863.000000000000        90.1169800576591     
   864.000000000000        90.0827393386603     
   865.000000000000        90.0495317615615     
   866.000000000000        90.0215102693208     
   867.000000000000        89.9861660906787     
   868.000000000000        89.9551152350831     
   869.000000000000        89.9132047689454     
   870.000000000000        89.8795312690605     
   871.000000000000        89.8529610113103     
   872.000000000000        89.8200916379926     
   873.000000000000        89.7783331842327     
   874.000000000000        89.7462438026527     
   875.000000000000        89.7152539834370     
   876.000000000000        89.6846200337652     
   877.000000000000        89.6420870979261     
   878.000000000000        89.6101844909585     
   879.000000000000        89.5729230788374     
   880.000000000000        89.5415427007319     
   881.000000000000        89.5037837445098     
   882.000000000000        89.4646874048074     
   883.000000000000        89.4271152418326     
   884.000000000000        89.3921266303525     
   885.000000000000        89.3582685605950     
   886.000000000000        89.3167727273856     
   887.000000000000        89.2809156467010     
   888.000000000000        89.2439214137141     
   889.000000000000        89.2103871166319     
   890.000000000000        89.1696224302747     
   891.000000000000        89.1262212281656     
   892.000000000000        89.0834513924559     
   893.000000000000        89.0526634057818     
   894.000000000000        89.0130126149375     
   895.000000000000        88.9738265899104     
   896.000000000000        88.9290151498065     
   897.000000000000        88.8908068106165     
   898.000000000000        88.8500988805125     
   899.000000000000        88.8128830994454     
   900.000000000000        88.7765319955146     
   901.000000000000        88.7284377960503     
   902.000000000000        88.6861769553855     
   903.000000000000        88.6532898397330     
   904.000000000000        88.6040374269954     
   905.000000000000        88.5655976352628     
   906.000000000000        88.5172312835389     
   907.000000000000        88.4823212991121     
   908.000000000000        88.4399321841636     
   909.000000000000        88.3887605528885     
   910.000000000000        88.3540347573700     
   911.000000000000        88.3078635055200     
   912.000000000000        88.2683105808570     
   913.000000000000        88.2273663831667     
   914.000000000000        88.1757337126296     
   915.000000000000        88.1355053186946     
   916.000000000000        88.0867185240939     
   917.000000000000        88.0486593885823     
   918.000000000000        88.0021645315143     
   919.000000000000        87.9625587213006     
   920.000000000000        87.9136843090576     
   921.000000000000        87.8680329152715     
   922.000000000000        87.8238544321637     
   923.000000000000        87.7782484945246     
   924.000000000000        87.7378378669518     
   925.000000000000        87.6777546471986     
   926.000000000000        87.6370730968150     
   927.000000000000        87.5939690305412     
   928.000000000000        87.5424000922171     
   929.000000000000        87.4992416894255     
   930.000000000000        87.4530585095468     
   931.000000000000        87.4054677876128     
   932.000000000000        87.3614294318911     
   933.000000000000        87.3100540036752     
   934.000000000000        87.2581944551169     
   935.000000000000        87.2214114418662     
   936.000000000000        87.1716577533365     
   937.000000000000        87.1209327384662     
   938.000000000000        87.0691859972197     
   939.000000000000        87.0268790398912     
   940.000000000000        86.9699430760734     
   941.000000000000        86.9192960808345     
   942.000000000000        86.8686377722380     
   943.000000000000        86.8303493934434     
   944.000000000000        86.7745852278829     
   945.000000000000        86.7226058162922     
   946.000000000000        86.6730923746752     
   947.000000000000        86.6283436217557     
   948.000000000000        86.5751961407935     
   949.000000000000        86.5249359482716     
   950.000000000000        86.4740350800505     
   951.000000000000        86.4252291365033     
   952.000000000000        86.3757085107509     
   953.000000000000        86.3248461025417     
   954.000000000000        86.2744305421185     
   955.000000000000        86.2229002580195     
   956.000000000000        86.1688742835706     
   957.000000000000        86.1195428623129     
   958.000000000000        86.0663012435480     
   959.000000000000        86.0134973559383     
   960.000000000000        85.9610527840485     
   961.000000000000        85.9087412234488     
   962.000000000000        85.8574899965611     
   963.000000000000        85.8039956662123     
   964.000000000000        85.7551871996065     
   965.000000000000        85.7011111408293     
   966.000000000000        85.6501705700844     
   967.000000000000        85.5947501502945     
   968.000000000000        85.5390802255940     
   969.000000000000        85.4804863801032     
   970.000000000000        85.4391405455548     
   971.000000000000        85.3821591727641     
   972.000000000000        85.3345144747949     
   973.000000000000        85.2816421135035     
   974.000000000000        85.2227310916380     
   975.000000000000        85.1661445542970     
   976.000000000000        85.1157863982796     
   977.000000000000        85.0676305829680     
   978.000000000000        85.0098396950149     
   979.000000000000        84.9508252567713     
   980.000000000000        84.9027487962893     
   981.000000000000        84.8484380535145     
   982.000000000000        84.7890309983257     
   983.000000000000        84.7335771395353     
   984.000000000000        84.6828765026145     
   985.000000000000        84.6266388852370     
   986.000000000000        84.5770197158596     
   987.000000000000        84.5138956878334     
   988.000000000000        84.4717848960067     
   989.000000000000        84.4094605101888     
   990.000000000000        84.3582674931192     
   991.000000000000        84.3003829313058     
   992.000000000000        84.2446878667484     
   993.000000000000        84.1889400495213     
   994.000000000000        84.1346390591040     
   995.000000000000        84.0862111411301     
   996.000000000000        84.0270841124239     
   997.000000000000        83.9718816750926     
   998.000000000000        83.9173647482556     
   999.000000000000        83.8636510134771     
   1000.00000000000        83.8034872363674     
   1001.00000000000        83.7521188844510     
   1002.00000000000        83.6953197415482     
   1003.00000000000        83.6444707156617     
   1004.00000000000        83.5838570175787     
   1005.00000000000        83.5270639933277     
   1006.00000000000        83.4813131618722     
   1007.00000000000        83.4254878771042     
   1008.00000000000        83.3706336271404     
   1009.00000000000        83.3109528926080     
   1010.00000000000        83.2575003278493     
   1011.00000000000        83.2034480463444     
   1012.00000000000        83.1493702763859     
   1013.00000000000        83.0884090813190     
   1014.00000000000        83.0420119015232     
   1015.00000000000        82.9894267120375     
   1016.00000000000        82.9291306971309     
   1017.00000000000        82.8761575376250     
   1018.00000000000        82.8219183510584     
   1019.00000000000        82.7651194709652     
   1020.00000000000        82.7095045604170     
   1021.00000000000        82.6603015664579     
   1022.00000000000        82.6048697210972     
   1023.00000000000        82.5554355814011     
   1024.00000000000        82.4960777109328     
   1025.00000000000        82.4409057650261     
   1026.00000000000        82.3908554863806     
   1027.00000000000        82.3422182845786     
   1028.00000000000        82.2765786137068     
   1029.00000000000        82.2368165612939     
   1030.00000000000        82.1752529088365     
   1031.00000000000        82.1248321356533     
   1032.00000000000        82.0726244929485     
   1033.00000000000        82.0206175345857     
   1034.00000000000        81.9664710859261     
   1035.00000000000        81.9093749393498     
   1036.00000000000        81.8653670085423     
   1037.00000000000        81.8096550065945     
   1038.00000000000        81.7586999682482     
   1039.00000000000        81.7070537856692     
   1040.00000000000        81.6592910948953     
   1041.00000000000        81.6073482887474     
   1042.00000000000        81.5516768645625     
   1043.00000000000        81.5041104644543     
   1044.00000000000        81.4566202272374     
   1045.00000000000        81.4105829446404     
   1046.00000000000        81.3560162410586     
   1047.00000000000        81.3038030852015     
   1048.00000000000        81.2565948458620     
   1049.00000000000        81.1997123983899     
   1050.00000000000        81.1519934731623     
   1051.00000000000        81.1081530339606     
   1052.00000000000        81.0604085888608     
   1053.00000000000        81.0130872493202     
   1054.00000000000        80.9701057743517     
   1055.00000000000        80.9173162350943     
   1056.00000000000        80.8736874105932     
   1057.00000000000        80.8229204504421     
   1058.00000000000        80.7763225778781     
   1059.00000000000        80.7333647767006     
   1060.00000000000        80.6858359510168     
   1061.00000000000        80.6389524711197     
   1062.00000000000        80.6014835922157     
   1063.00000000000        80.5560760688502     
   1064.00000000000        80.5064499125102     
   1065.00000000000        80.4647535517027     
   1066.00000000000        80.4285863034503     
   1067.00000000000        80.3717374252638     
   1068.00000000000        80.3345305006080     
   1069.00000000000        80.2920007849916     
   1070.00000000000        80.2560138066999     
   1071.00000000000        80.2124275539224     
   1072.00000000000        80.1753405413823     
   1073.00000000000        80.1328177930343     
   1074.00000000000        80.0984122681769     
   1075.00000000000        80.0499780124093     
   1076.00000000000        80.0123120864424     
   1077.00000000000        79.9737466438945     
   1078.00000000000        79.9302572243092     
   1079.00000000000        79.8992774685816     
   1080.00000000000        79.8677856933121     
   1081.00000000000        79.8319395717462     
   1082.00000000000        79.7983906113023     
   1083.00000000000        79.7556420973958     
   1084.00000000000        79.7205951021080     
   1085.00000000000        79.6861745047370     
   1086.00000000000        79.6545740651553     
   1087.00000000000        79.6210674015826     
   1088.00000000000        79.5893787922529     
   1089.00000000000        79.5557403151278     
   1090.00000000000        79.5250217087818     
   1091.00000000000        79.4970091300103     
   1092.00000000000        79.4687301600663     
   1093.00000000000        79.4471940521334     
   1094.00000000000        79.4080155973393     
   1095.00000000000        79.3805682412715     
   1096.00000000000        79.3565599038324     
   1097.00000000000        79.3325365875015     
   1098.00000000000        79.3023191307650     
   1099.00000000000        79.2801155352384     
   1100.00000000000        79.2567906974278     
   1101.00000000000        79.2349207792550     
   1102.00000000000        79.2071101522880     
   1103.00000000000        79.1971525988457     
   1104.00000000000        79.1661669498739     
   1105.00000000000        79.1484715772039     
   1106.00000000000        79.1286682346847     
   1107.00000000000        79.1029125458886     
   1108.00000000000        79.0897515987474     
   1109.00000000000        79.0787948822960     
   1110.00000000000        79.0531472254890     
   1111.00000000000        79.0521250447444     
   1112.00000000000        79.0344472665330     
   1113.00000000000        79.0117045127588     
   1114.00000000000        79.0077439225561     
   1115.00000000000        78.9933693371664     
   1116.00000000000        78.9819198027766     
   1117.00000000000        78.9683364518925     
   1118.00000000000        78.9725765310261     
   1119.00000000000        78.9573550142490     
   1120.00000000000        78.9520037766053     
   1121.00000000000        78.9428520465867     
   1122.00000000000        78.9441088907759     
   1123.00000000000        78.9425385680079     
   1124.00000000000        78.9413631708196     
   1125.00000000000        78.9360836754749     
   1126.00000000000        78.9374842556113     
   1127.00000000000        78.9312544764131     
   1128.00000000000        78.9321233581399     
   1129.00000000000        78.9416089949959     
   1130.00000000000        78.9439347756618     
   1131.00000000000        78.9416809907696     
   1132.00000000000        78.9596364658835     
   1133.00000000000        78.9559463576233     
   1134.00000000000        78.9722589589192     
   1135.00000000000        78.9791081343057     
   1136.00000000000        78.9938558827145     
   1137.00000000000        78.9969565497487     
   1138.00000000000        79.0141394731492     
   1139.00000000000        79.0297246448135     
   1140.00000000000        79.0422270078290     
   1141.00000000000        79.0654505908200     
   1142.00000000000        79.0860405508842     
   1143.00000000000        79.1100382211520     
   1144.00000000000        79.1221603025665     
   1145.00000000000        79.1478452376989     
   1146.00000000000        79.1674343447660     
   1147.00000000000        79.1963086950775     
   1148.00000000000        79.2169900899284     
   1149.00000000000        79.2485075460463     
   1150.00000000000        79.2826286746094     
   1151.00000000000        79.3014763611774     
   1152.00000000000        79.3414266236395     
   1153.00000000000        79.3713078855477     
   1154.00000000000        79.4018035831900     
   1155.00000000000        79.4390993001518     
   1156.00000000000        79.4816164687569     
   1157.00000000000        79.5213778996763     
   1158.00000000000        79.5583649002240     
   1159.00000000000        79.6025271603047     
   1160.00000000000        79.6425851771541     
   1161.00000000000        79.6921881750797     
   1162.00000000000        79.7404018331979     
   1163.00000000000        79.7781407323732     
   1164.00000000000        79.8418255800593     
   1165.00000000000        79.8732388501215     
   1166.00000000000        79.9390565171165     
   1167.00000000000        79.9892098928714     
   1168.00000000000        80.0474430463830     
   1169.00000000000        80.0962213470753     
   1170.00000000000        80.1588013468897     
   1171.00000000000        80.2250589073057     
   1172.00000000000        80.2751582679929     
   1173.00000000000        80.3454169253109     
   1174.00000000000        80.4134273472473     
   1175.00000000000        80.4877045903071     
   1176.00000000000        80.5451735889239     
   1177.00000000000        80.6226452290264     
   1178.00000000000        80.6889712795387     
   1179.00000000000        80.7718274752831     
   1180.00000000000        80.8477195303799     
   1181.00000000000        80.9320869641705     
   1182.00000000000        81.0006829913482     
   1183.00000000000        81.0840634670036     
   1184.00000000000        81.1679324640888     
   1185.00000000000        81.2531782746354     
   1186.00000000000        81.3440858572047     
   1187.00000000000        81.4331167351027     
   1188.00000000000        81.5167494937507     
   1189.00000000000        81.6047691471264     
   1190.00000000000        81.7025502933786     
   1191.00000000000        81.8062057022942     
   1192.00000000000        81.8849217680999     
   1193.00000000000        81.9957517291979     
   1194.00000000000        82.0996461854924     
   1195.00000000000        82.1978131004684     
   1196.00000000000        82.3044482862316     
   1197.00000000000        82.4097354384826     
   1198.00000000000        82.5171936063521     
   1199.00000000000        82.6280736357558     
   1200.00000000000        82.7519905746954     
   1201.00000000000        82.8538521984273     
   1202.00000000000        82.9769686694190     
   1203.00000000000        83.0904775589671     
   1204.00000000000        83.2118552225603     
   1205.00000000000        83.3299396319921     
   1206.00000000000        83.4572088584318     
   1207.00000000000        83.5875120824463     
   1208.00000000000        83.7138702296803     
   1209.00000000000        83.8470452855675     
   1210.00000000000        83.9802033671781     
   1211.00000000000        84.1154714236649     
   1212.00000000000        84.2435047590702     
   1213.00000000000        84.3871696470810     
   1214.00000000000        84.5275891993838     
   1215.00000000000        84.6652454830235     
   1216.00000000000        84.8032577700624     
   1217.00000000000        84.9582719377023     
   1218.00000000000        85.1175104380126     
   1219.00000000000        85.2503541578271     
   1220.00000000000        85.4040910018803     
   1221.00000000000        85.5588053577561     
   1222.00000000000        85.7175244256568     
   1223.00000000000        85.8688799281052     
   1224.00000000000        86.0344813598686     
   1225.00000000000        86.1924073737605     
   1226.00000000000        86.3731521401247     
   1227.00000000000        86.5380450000043     
   1228.00000000000        86.6973832842742     
   1229.00000000000        86.8774826706840     
   1230.00000000000        87.0434097396402     
   1231.00000000000        87.2163858327932     
   1232.00000000000        87.3861874957596     
   1233.00000000000        87.5728337648475     
   1234.00000000000        87.7474442540468     
   1235.00000000000        87.9278437586623     
   1236.00000000000        88.1240241512152     
   1237.00000000000        88.3032290896356     
   1238.00000000000        88.4959136360325     
   1239.00000000000        88.6804116190150     
   1240.00000000000        88.8765332981230     
   1241.00000000000        89.0703087336340     
   1242.00000000000        89.2561601463367     
   1243.00000000000        89.4445954521293     
   1244.00000000000        89.6663187353548     
   1245.00000000000        89.8629505105586     
   1246.00000000000        90.0669759908664     
   1247.00000000000        90.2681276385660     
   1248.00000000000        90.4747164043710     
   1249.00000000000        90.7110179821665     
   1250.00000000000        90.9176464842616     
   1251.00000000000        91.1150539363404     
   1252.00000000000        91.3300154956113     
   1253.00000000000        91.5540433114162     
   1254.00000000000        91.7712010886928     
   1255.00000000000        91.9967014886115     
   1256.00000000000        92.2040379057196     
   1257.00000000000        92.4254497231085     
   1258.00000000000        92.6510631675896     
   1259.00000000000        92.9004712421359     
   1260.00000000000        93.1310154576104     
   1261.00000000000        93.3565586651496     
   1262.00000000000        93.6011370011905     
   1263.00000000000        93.8380961108153     
   1264.00000000000        94.0818296511883     
   1265.00000000000        94.3115143122097     
   1266.00000000000        94.5586187308401     
   1267.00000000000        94.7941878269067     
   1268.00000000000        95.0520645009508     
   1269.00000000000        95.3030929248526     
   1270.00000000000        95.5551473310750     
   1271.00000000000        95.7925604783296     
   1272.00000000000        96.0598268531380     
   1273.00000000000        96.3263846156917     
   1274.00000000000        96.5943735199700     
   1275.00000000000        96.8267512853224     
   1276.00000000000        97.0902009982363     
   1277.00000000000        97.3653149174640     
   1278.00000000000        97.6208590464295     
   1279.00000000000        97.8877438924647     
   1280.00000000000        98.1417556587408     
   1281.00000000000        98.4244999327021     
   1282.00000000000        98.6982503683750     
   1283.00000000000        98.9845960263058     
   1284.00000000000        99.2380635572758     
   1285.00000000000        99.5318635603335     
   1286.00000000000        99.8046508394554     
   1287.00000000000        100.068558261179     
   1288.00000000000        100.378640322441     
   1289.00000000000        100.672850182942     
   1290.00000000000        100.952676096787     
   1291.00000000000        101.235687946900     
   1292.00000000000        101.508635854741     
   1293.00000000000        101.788505058820     
   1294.00000000000        102.108189867478     
   1295.00000000000        102.412952950004     
   1296.00000000000        102.703654448595     
   1297.00000000000        102.987307733703     
   1298.00000000000        103.297404144687     
   1299.00000000000        103.600898305564     
   1300.00000000000        103.884661853244     
   1301.00000000000        104.213067817354     
   1302.00000000000        104.518006234651     
   1303.00000000000        104.816907420131     
   1304.00000000000        105.118282315931     
   1305.00000000000        105.430423060116     
   1306.00000000000        105.739936531133     
   1307.00000000000        106.071616991737     
   1308.00000000000        106.378341662467     
   1309.00000000000        106.686589880886     
   1310.00000000000        107.021675685999     
   1311.00000000000        107.333808082906     
   1312.00000000000        107.659371260205     
   1313.00000000000        107.973899991312     
   1314.00000000000        108.309409111477     
   1315.00000000000        108.625937877288     
   1316.00000000000        108.955058228294     
   1317.00000000000        109.274989675239     
   1318.00000000000        109.619320761336     
   1319.00000000000        109.952578336540     
   1320.00000000000        110.265495787575     
   1321.00000000000        110.606891481510     
   1322.00000000000        110.952312624588     
   1323.00000000000        111.287460168775     
   1324.00000000000        111.637370472216     
   1325.00000000000        111.985747107150     
   1326.00000000000        112.309441568248     
   1327.00000000000        112.658271402844     
   1328.00000000000        113.017072084031     
   1329.00000000000        113.361004877421     
   1330.00000000000        113.702983410185     
   1331.00000000000        114.046467763786     
   1332.00000000000        114.388505132357     
   1333.00000000000        114.730923680271     
   1334.00000000000        115.093287883917     
   1335.00000000000        115.471175596185     
   1336.00000000000        115.817147355952     
   1337.00000000000        116.174364840470     
   1338.00000000000        116.522280053699     
   1339.00000000000        116.894888462437     
   1340.00000000000        117.264629385812     
   1341.00000000000        117.626829206307     
   1342.00000000000        117.989953034114     
   1343.00000000000        118.350989903203     
   1344.00000000000        118.724794233056     
   1345.00000000000        119.093228166346     
   1346.00000000000        119.466942139921     
   1347.00000000000        119.826195647500     
   1348.00000000000        120.206856517588     
   1349.00000000000        120.585382865338     
   1350.00000000000        120.953268046800     
   1351.00000000000        121.348528697510     
   1352.00000000000        121.724506029877     
   1353.00000000000        122.124225251327     
   1354.00000000000        122.472458881190     
   1355.00000000000        122.853707831213     
   1356.00000000000        123.234676504027     
   1357.00000000000        123.620741823177     
   1358.00000000000        124.012131826204     
