  0.000000000000000E+000  0.000000000000000E+000
   1.00000000000000       0.000000000000000E+000
   2.00000000000000       3.887363488901652E-004
   3.00000000000000       5.805836650022770E-004
   4.00000000000000       7.704586053554725E-004
   5.00000000000000       9.583449586421444E-004
   6.00000000000000       1.145004656319846E-003
   7.00000000000000       1.333058526451796E-003
   8.00000000000000       1.531536267375387E-003
   9.00000000000000       1.766238175148005E-003
   10.0000000000000       2.074344883767518E-003
   11.0000000000000       2.508221618690851E-003
   12.0000000000000       3.115326982939047E-003
   13.0000000000000       3.953964944322588E-003
   14.0000000000000       5.067260282962106E-003
   15.0000000000000       6.502274424842260E-003
   16.0000000000000       8.301918701200181E-003
   17.0000000000000       1.051007712172946E-002
   18.0000000000000       1.316306301547095E-002
   19.0000000000000       1.630214766970883E-002
   20.0000000000000       1.996454954482539E-002
   21.0000000000000       2.417486119446125E-002
   22.0000000000000       2.897099546334122E-002
   23.0000000000000       3.436918527414964E-002
   24.0000000000000       4.039183465400012E-002
   25.0000000000000       4.704703844915801E-002
   26.0000000000000       5.435649819674060E-002
   27.0000000000000       6.231391580374236E-002
   28.0000000000000       7.092121771388399E-002
   29.0000000000000       8.018807397215338E-002
   30.0000000000000       9.009604421614696E-002
   31.0000000000000       0.100650402524606     
   32.0000000000000       0.111834764669310     
   33.0000000000000       0.123640319804572     
   34.0000000000000       0.136056943968793     
   35.0000000000000       0.149069525521397     
   36.0000000000000       0.162667146146711     
   37.0000000000000       0.176829857830723     
   38.0000000000000       0.191547450151526     
   39.0000000000000       0.206796757150548     
   40.0000000000000       0.222566555199157     
   41.0000000000000       0.238838006757911     
   42.0000000000000       0.255588756433620     
   43.0000000000000       0.272807599510842     
   44.0000000000000       0.290465693371460     
   45.0000000000000       0.308555248482168     
   46.0000000000000       0.327049740441835     
   47.0000000000000       0.345927802747034     
   48.0000000000000       0.365166447763579     
   49.0000000000000       0.384762606150561     
   50.0000000000000       0.404679494451021     
   51.0000000000000       0.424890599071364     
   52.0000000000000       0.445405071294737     
   53.0000000000000       0.466168605942538     
   54.0000000000000       0.487178698367742     
   55.0000000000000       0.508417826848709     
   56.0000000000000       0.529861098922609     
   57.0000000000000       0.551479634144939     
   58.0000000000000       0.573271635762439     
   59.0000000000000       0.595206796735535     
   60.0000000000000       0.617271799475030     
   61.0000000000000       0.639447436283293     
   62.0000000000000       0.661709128116105     
   63.0000000000000       0.684055967140241     
   64.0000000000000       0.706450051318515     
   65.0000000000000       0.728897297778204     
   66.0000000000000       0.751357486265132     
   67.0000000000000       0.773852177818418     
   68.0000000000000       0.796318051070547     
   69.0000000000000       0.818792708149515     
   70.0000000000000       0.841216991291977     
   71.0000000000000       0.863613353158970     
   72.0000000000000       0.885947441989673     
   73.0000000000000       0.908217104382059     
   74.0000000000000       0.930414880432744     
   75.0000000000000       0.952522127137980     
   76.0000000000000       0.974529398709200     
   77.0000000000000       0.996446638081736     
   78.0000000000000        1.01822412517516     
   79.0000000000000        1.03989499860410     
   80.0000000000000        1.06143860786455     
   81.0000000000000        1.08282558617278     
   82.0000000000000        1.10409598896801     
   83.0000000000000        1.12518932915966     
   84.0000000000000        1.14613558956116     
   85.0000000000000        1.16693259785729     
   86.0000000000000        1.18754517551053     
   87.0000000000000        1.20799345696494     
   88.0000000000000        1.22827124950102     
   89.0000000000000        1.24835743789059     
   90.0000000000000        1.26827957325094     
   91.0000000000000        1.28799735427137     
   92.0000000000000        1.30754397090230     
   93.0000000000000        1.32688568741262     
   94.0000000000000        1.34604360552104     
   95.0000000000000        1.36499909843515     
   96.0000000000000        1.38377283557212     
   97.0000000000000        1.40233302385587     
   98.0000000000000        1.42070305350138     
   99.0000000000000        1.43887930128140     
   100.000000000000        1.45684266757369     
   101.000000000000        1.47461673712894     
   102.000000000000        1.49217896812390     
   103.000000000000        1.50955827612759     
   104.000000000000        1.52671926104796     
   105.000000000000        1.54369380242142     
   106.000000000000        1.56045314409017     
   107.000000000000        1.57703476929926     
   108.000000000000        1.59340050852494     
   109.000000000000        1.60957196603649     
   110.000000000000        1.62555723127639     
   111.000000000000        1.64133282216559     
   112.000000000000        1.65691486625325     
   113.000000000000        1.67232456522786     
   114.000000000000        1.68751846467937     
   115.000000000000        1.70253161345481     
   116.000000000000        1.71735629497179     
   117.000000000000        1.73198564374151     
   118.000000000000        1.74644556813543     
   119.000000000000        1.76070450743952     
   120.000000000000        1.77479936669554     
   121.000000000000        1.78868507846835     
   122.000000000000        1.80241542106905     
   123.000000000000        1.81596168427186     
   124.000000000000        1.82934861193597     
   125.000000000000        1.84252622460002     
   126.000000000000        1.85555777878629     
   127.000000000000        1.86841569095489     
   128.000000000000        1.88110514602238     
   129.000000000000        1.89362881074885     
   130.000000000000        1.90598426694758     
   131.000000000000        1.91819212459432     
   132.000000000000        1.93022628348381     
   133.000000000000        1.94209478712651     
   134.000000000000        1.95383099569160     
   135.000000000000        1.96539530495458     
   136.000000000000        1.97680983254281     
   137.000000000000        1.98809632052167     
   138.000000000000        1.99919369278976     
   139.000000000000        2.01018412176343     
   140.000000000000        2.02099979284110     
   141.000000000000        2.03170470826520     
   142.000000000000        2.04223815128496     
   143.000000000000        2.05265479993906     
   144.000000000000        2.06293195029120     
   145.000000000000        2.07305218058947     
   146.000000000000        2.08308244893806     
   147.000000000000        2.09293710289321     
   148.000000000000        2.10270092489184     
   149.000000000000        2.11230042367280     
   150.000000000000        2.12181294338467     
   151.000000000000        2.13117841572900     
   152.000000000000        2.14042184934966     
   153.000000000000        2.14955448678848     
   154.000000000000        2.15857457992611     
   155.000000000000        2.16744894961967     
   156.000000000000        2.17624390011725     
   157.000000000000        2.18491039761712     
   158.000000000000        2.19347159186654     
   159.000000000000        2.20190528147974     
   160.000000000000        2.21024362698914     
   161.000000000000        2.21848569084077     
   162.000000000000        2.22659857218584     
   163.000000000000        2.23463621144854     
   164.000000000000        2.24254400894484     
   165.000000000000        2.25037615097042     
   166.000000000000        2.25809487328421     
   167.000000000000        2.26571474714986     
   168.000000000000        2.27326069745282     
   169.000000000000        2.28068519534107     
   170.000000000000        2.28802226564739     
   171.000000000000        2.29528134335281     
   172.000000000000        2.30243955970607     
   173.000000000000        2.30950576878300     
   174.000000000000        2.31650784592704     
   175.000000000000        2.32338731424976     
   176.000000000000        2.33020704390394     
   177.000000000000        2.33693618477121     
   178.000000000000        2.34359223966002     
   179.000000000000        2.35015538754493     
   180.000000000000        2.35663746268049     
   181.000000000000        2.36305350375640     
   182.000000000000        2.36936774322430     
   183.000000000000        2.37564597467612     
   184.000000000000        2.38182220458048     
   185.000000000000        2.38790396849352     
   186.000000000000        2.39396681921435     
   187.000000000000        2.39991110313323     
   188.000000000000        2.40580568858675     
   189.000000000000        2.41163666627298     
   190.000000000000        2.41738623077242     
   191.000000000000        2.42306200139962     
   192.000000000000        2.42868472862833     
   193.000000000000        2.43423909277286     
   194.000000000000        2.43973303737394     
   195.000000000000        2.44516571133791     
   196.000000000000        2.45050764520944     
   197.000000000000        2.45582776676658     
   198.000000000000        2.46105089607030     
   199.000000000000        2.46624979217104     
   200.000000000000        2.47135926669901     
   201.000000000000        2.47644586707195     
   202.000000000000        2.48142792612589     
   203.000000000000        2.48638449560051     
   204.000000000000        2.49128705980572     
   205.000000000000        2.49612979347832     
   206.000000000000        2.50091510129560     
   207.000000000000        2.50564654974524     
   208.000000000000        2.51031653032020     
   209.000000000000        2.51497883484101     
   210.000000000000        2.51952997842556     
   211.000000000000        2.52407485363783     
   212.000000000000        2.52855538617021     
   213.000000000000        2.53298144870902     
   214.000000000000        2.53737061431172     
   215.000000000000        2.54169779327790     
   216.000000000000        2.54601620733043     
   217.000000000000        2.55023348443857     
   218.000000000000        2.55445049676202     
   219.000000000000        2.55859660352787     
   220.000000000000        2.56272290007583     
   221.000000000000        2.56678766390389     
   222.000000000000        2.57080178901074     
   223.000000000000        2.57481492522783     
   224.000000000000        2.57872811873352     
   225.000000000000        2.58264915040644     
   226.000000000000        2.58651430710580     
   227.000000000000        2.59032374283903     
   228.000000000000        2.59412935810744     
   229.000000000000        2.59787444575701     
   230.000000000000        2.60155349394315     
   231.000000000000        2.60527386205050     
   232.000000000000        2.60887209416634     
   233.000000000000        2.61247147998690     
   234.000000000000        2.61605897751522     
   235.000000000000        2.61957178144373     
   236.000000000000        2.62308628755955     
   237.000000000000        2.62650921599868     
   238.000000000000        2.62995147372026     
   239.000000000000        2.63334631877085     
   240.000000000000        2.63672508760807     
   241.000000000000        2.64001805539789     
   242.000000000000        2.64333087123198     
   243.000000000000        2.64659563404845     
   244.000000000000        2.64982769325370     
   245.000000000000        2.65304132290409     
   246.000000000000        2.65618921029836     
   247.000000000000        2.65936541344325     
   248.000000000000        2.66245444298336     
   249.000000000000        2.66554075983134     
   250.000000000000        2.66860008485215     
   251.000000000000        2.67164639489483     
   252.000000000000        2.67461898671805     
   253.000000000000        2.67761203991336     
   254.000000000000        2.68055857746338     
   255.000000000000        2.68345669453945     
   256.000000000000        2.68637293045366     
   257.000000000000        2.68924292901669     
   258.000000000000        2.69205917628747     
   259.000000000000        2.69491061020140     
   260.000000000000        2.69768733160234     
   261.000000000000        2.70045262132953     
   262.000000000000        2.70319286458647     
   263.000000000000        2.70592976020839     
   264.000000000000        2.70861899458594     
   265.000000000000        2.71126998919073     
   266.000000000000        2.71394620859016     
   267.000000000000        2.71659447969527     
   268.000000000000        2.71914344032998     
   269.000000000000        2.72177649442102     
   270.000000000000        2.72430335363969     
   271.000000000000        2.72685891768036     
   272.000000000000        2.72939194800346     
   273.000000000000        2.73188584423000     
   274.000000000000        2.73433782341883     
   275.000000000000        2.73683050649918     
   276.000000000000        2.73924711531669     
   277.000000000000        2.74166076016680     
   278.000000000000        2.74407275146354     
   279.000000000000        2.74645199591890     
   280.000000000000        2.74879947701889     
   281.000000000000        2.75114352132167     
   282.000000000000        2.75349228311497     
   283.000000000000        2.75576073949414     
   284.000000000000        2.75806523361013     
   285.000000000000        2.76033201211897     
   286.000000000000        2.76258054750298     
   287.000000000000        2.76482205258326     
   288.000000000000        2.76702820620541     
   289.000000000000        2.76923275490811     
   290.000000000000        2.77141192751064     
   291.000000000000        2.77356520525115     
   292.000000000000        2.77574176242938     
   293.000000000000        2.77788061210612     
   294.000000000000        2.77996440818222     
   295.000000000000        2.78207121350759     
   296.000000000000        2.78418417912985     
   297.000000000000        2.78621560187484     
   298.000000000000        2.78833182596993     
   299.000000000000        2.79031931336942     
   300.000000000000        2.79235882825879     
   301.000000000000        2.79436924385101     
   302.000000000000        2.79638992120094     
   303.000000000000        2.79834694485155     
   304.000000000000        2.80033215456232     
   305.000000000000        2.80226966520235     
   306.000000000000        2.80420991014958     
   307.000000000000        2.80614674802034     
   308.000000000000        2.80806562916604     
   309.000000000000        2.80998019540202     
   310.000000000000        2.81183306680503     
   311.000000000000        2.81372409152048     
   312.000000000000        2.81559339308375     
   313.000000000000        2.81739723068501     
   314.000000000000        2.81931358016483     
   315.000000000000        2.82107926715552     
   316.000000000000        2.82290417405290     
   317.000000000000        2.82471735206922     
   318.000000000000        2.82651138453127     
   319.000000000000        2.82823738624093     
   320.000000000000        2.83005681912011     
   321.000000000000        2.83179144794731     
   322.000000000000        2.83352528242043     
   323.000000000000        2.83525785511345     
   324.000000000000        2.83699569107767     
   325.000000000000        2.83868392314249     
   326.000000000000        2.84037798587429     
   327.000000000000        2.84207479912461     
   328.000000000000        2.84376237733336     
   329.000000000000        2.84540724955410     
   330.000000000000        2.84705221363892     
   331.000000000000        2.84874952943978     
   332.000000000000        2.85031706291570     
   333.000000000000        2.85199064806410     
   334.000000000000        2.85357128297845     
   335.000000000000        2.85520875743915     
   336.000000000000        2.85676324081245     
   337.000000000000        2.85839643548794     
   338.000000000000        2.85993315667187     
   339.000000000000        2.86150755293467     
   340.000000000000        2.86307347068360     
   341.000000000000        2.86462382287534     
   342.000000000000        2.86615236005081     
   343.000000000000        2.86769260719414     
   344.000000000000        2.86917438015093     
   345.000000000000        2.87074200008715     
   346.000000000000        2.87219837262680     
   347.000000000000        2.87371350845465     
   348.000000000000        2.87519611359190     
   349.000000000000        2.87669433562214     
   350.000000000000        2.87813015492563     
   351.000000000000        2.87958018614212     
   352.000000000000        2.88107721934314     
   353.000000000000        2.88249322572685     
   354.000000000000        2.88392635665517     
   355.000000000000        2.88536940890373     
   356.000000000000        2.88675641866190     
   357.000000000000        2.88819622864895     
   358.000000000000        2.88960544789854     
   359.000000000000        2.89095988373596     
   360.000000000000        2.89239653792179     
   361.000000000000        2.89375937121655     
   362.000000000000        2.89511947560786     
   363.000000000000        2.89651538537391     
   364.000000000000        2.89783558292966     
   365.000000000000        2.89920301753389     
   366.000000000000        2.90054322254511     
   367.000000000000        2.90190287572169     
   368.000000000000        2.90322675054239     
   369.000000000000        2.90451783799344     
   370.000000000000        2.90585213938681     
   371.000000000000        2.90717716791223     
   372.000000000000        2.90845594557704     
   373.000000000000        2.90975792162304     
   374.000000000000        2.91104617749903     
   375.000000000000        2.91233810793809     
   376.000000000000        2.91361167096562     
   377.000000000000        2.91486190321962     
   378.000000000000        2.91612157585841     
   379.000000000000        2.91740844566761     
   380.000000000000        2.91864394184299     
   381.000000000000        2.91986086796551     
   382.000000000000        2.92112952977438     
   383.000000000000        2.92237298840368     
   384.000000000000        2.92353424489588     
   385.000000000000        2.92482512430182     
   386.000000000000        2.92598512441768     
   387.000000000000        2.92723829362024     
   388.000000000000        2.92839796140429     
   389.000000000000        2.92960239401242     
   390.000000000000        2.93079423583830     
   391.000000000000        2.93199160031631     
   392.000000000000        2.93312275781404     
   393.000000000000        2.93434566320719     
   394.000000000000        2.93549200259450     
   395.000000000000        2.93666389100260     
   396.000000000000        2.93777403054003     
   397.000000000000        2.93896056586455     
   398.000000000000        2.94012108204037     
   399.000000000000        2.94121249751751     
   400.000000000000        2.94237070358199     
   401.000000000000        2.94350326065595     
   402.000000000000        2.94461346774049     
   403.000000000000        2.94572098915174     
   404.000000000000        2.94687188121460     
   405.000000000000        2.94792225236277     
   406.000000000000        2.94905368004896     
   407.000000000000        2.95013503100596     
   408.000000000000        2.95125324647646     
   409.000000000000        2.95231931017039     
   410.000000000000        2.95338623306361     
   411.000000000000        2.95449644014816     
   412.000000000000        2.95552913016349     
   413.000000000000        2.95662901875073     
   414.000000000000        2.95766817437591     
   415.000000000000        2.95873719393159     
   416.000000000000        2.95977693586573     
   417.000000000000        2.96079078023597     
   418.000000000000        2.96190524278876     
   419.000000000000        2.96290049819294     
   420.000000000000        2.96392342089543     
   421.000000000000        2.96499375356703     
   422.000000000000        2.96594557077247     
   423.000000000000        2.96701709767706     
   424.000000000000        2.96802609216444     
   425.000000000000        2.96902972611277     
   426.000000000000        2.97001319859820     
   427.000000000000        2.97103194418710     
   428.000000000000        2.97202858835997     
   429.000000000000        2.97301708094699     
   430.000000000000        2.97400220698580     
   431.000000000000        2.97497482059702     
   432.000000000000        2.97596887636444     
   433.000000000000        2.97696482615296     
   434.000000000000        2.97786202746308     
   435.000000000000        2.97889504981022     
   436.000000000000        2.97982941554302     
   437.000000000000        2.98075790737870     
   438.000000000000        2.98177534525546     
   439.000000000000        2.98266427609681     
   440.000000000000        2.98365939100299     
   441.000000000000        2.98453997302093     
   442.000000000000        2.98552157850410     
   443.000000000000        2.98643989774426     
   444.000000000000        2.98734506421018     
   445.000000000000        2.98830930738291     
   446.000000000000        2.98919944326479     
   447.000000000000        2.99013833735619     
   448.000000000000        2.99103449844073     
   449.000000000000        2.99193148630196     
   450.000000000000        2.99283799020076     
   451.000000000000        2.99374084115158     
   452.000000000000        2.99466461009298     
   453.000000000000        2.99551046478813     
   454.000000000000        2.99642648202261     
   455.000000000000        2.99734445001777     
   456.000000000000        2.99812286026951     
   457.000000000000        2.99911410067317     
   458.000000000000        2.99991137278131     
   459.000000000000        3.00080252457180     
   460.000000000000        3.00169014770101     
   461.000000000000        3.00250462811217     
   462.000000000000        3.00338795254297     
   463.000000000000        3.00426942348094     
   464.000000000000        3.00505766859263     
   465.000000000000        3.00599472270061     
   466.000000000000        3.00673923510814     
   467.000000000000        3.00764215630796     
   468.000000000000        3.00845429418517     
   469.000000000000        3.00930573907957     
   470.000000000000        3.01008641621248     
   471.000000000000        3.01098055088358     
   472.000000000000        3.01176329225633     
   473.000000000000        3.01257338210502     
   474.000000000000        3.01341114465579     
   475.000000000000        3.01422813511775     
   476.000000000000        3.01500636434322     
   477.000000000000        3.01581661900686     
   478.000000000000        3.01664504114257     
   479.000000000000        3.01740906115692     
   480.000000000000        3.01821995346533     
   481.000000000000        3.01903656836533     
   482.000000000000        3.01977313182836     
   483.000000000000        3.02057283833453     
   484.000000000000        3.02136822182533     
   485.000000000000        3.02216594785008     
   486.000000000000        3.02287950476574     
   487.000000000000        3.02371904245469     
   488.000000000000        3.02441781735969     
   489.000000000000        3.02524330795060     
   490.000000000000        3.02593958901612     
   491.000000000000        3.02680051482358     
   492.000000000000        3.02741779548523     
   493.000000000000        3.02828292812702     
   494.000000000000        3.02897978739583     
   495.000000000000        3.02974153242335     
   496.000000000000        3.03047220037418     
   497.000000000000        3.03123081932122     
   498.000000000000        3.03191542824525     
   499.000000000000        3.03270502700112     
   500.000000000000        3.03341800030970     
   501.000000000000        3.03410680796241     
   502.000000000000        3.03486909066496     
   503.000000000000        3.03558446054518     
   504.000000000000        3.03630314833969     
   505.000000000000        3.03703485111232     
   506.000000000000        3.03769774228794     
   507.000000000000        3.03842989357341     
   508.000000000000        3.03912889813860     
   509.000000000000        3.03983181503270     
   510.000000000000        3.04053465627402     
   511.000000000000        3.04127067936013     
   512.000000000000        3.04187142989180     
   513.000000000000        3.04261483452664     
   514.000000000000        3.04332408734013     
   515.000000000000        3.04396849492318     
   516.000000000000        3.04465933169122     
   517.000000000000        3.04533552424472     
   518.000000000000        3.04603769271678     
   519.000000000000        3.04666654284830     
   520.000000000000        3.04736366960369     
   521.000000000000        3.04801133836146     
   522.000000000000        3.04870246423115     
   523.000000000000        3.04932719128677     
   524.000000000000        3.05000984134447     
   525.000000000000        3.05066007689261     
   526.000000000000        3.05131477595411     
   527.000000000000        3.05198261968419     
   528.000000000000        3.05254966690734     
   529.000000000000        3.05328559272561     
   530.000000000000        3.05390506731756     
   531.000000000000        3.05448214393635     
   532.000000000000        3.05519205600968     
   533.000000000000        3.05576924340574     
   534.000000000000        3.05648142776401     
   535.000000000000        3.05698399991492     
   536.000000000000        3.05773352431839     
   537.000000000000        3.05822367320390     
   538.000000000000        3.05897930927033     
   539.000000000000        3.05952143701181     
   540.000000000000        3.06011305247164     
   541.000000000000        3.06081446711789     
   542.000000000000        3.06130422152825     
   543.000000000000        3.06198763892118     
   544.000000000000        3.06256164079529     
   545.000000000000        3.06320095532587     
   546.000000000000        3.06372164091115     
   547.000000000000        3.06440986495678     
   548.000000000000        3.06494683209867     
   549.000000000000        3.06550832965084     
   550.000000000000        3.06617335261341     
   551.000000000000        3.06669692381144     
   552.000000000000        3.06729164643856     
   553.000000000000        3.06790272357317     
   554.000000000000        3.06843454362489     
   555.000000000000        3.06902473248965     
   556.000000000000        3.06958206643766     
   557.000000000000        3.07018923664713     
   558.000000000000        3.07072298044069     
   559.000000000000        3.07134309537929     
   560.000000000000        3.07180956494816     
   561.000000000000        3.07243238987702     
   562.000000000000        3.07296195655698     
   563.000000000000        3.07354693348635     
   564.000000000000        3.07406884842912     
   565.000000000000        3.07461447240926     
   566.000000000000        3.07519472914623     
   567.000000000000        3.07570878430669     
   568.000000000000        3.07627915214602     
   569.000000000000        3.07676785822515     
   570.000000000000        3.07737631182982     
   571.000000000000        3.07785839018603     
   572.000000000000        3.07840670254135     
   573.000000000000        3.07891950672925     
   574.000000000000        3.07945563898879     
   575.000000000000        3.08001686365063     
   576.000000000000        3.08049134700922     
   577.000000000000        3.08100188431594     
   578.000000000000        3.08159091677409     
   579.000000000000        3.08202740893330     
   580.000000000000        3.08259586654022     
   581.000000000000        3.08308513731323     
   582.000000000000        3.08357037687443     
   583.000000000000        3.08413356040260     
   584.000000000000        3.08457478085987     
   585.000000000000        3.08512268252873     
   586.000000000000        3.08559581764691     
   587.000000000000        3.08613028284366     
   588.000000000000        3.08655648352443     
   589.000000000000        3.08709674696552     
   590.000000000000        3.08762580298930     
   591.000000000000        3.08801752762256     
   592.000000000000        3.08859280748809     
   593.000000000000        3.08901458788565     
   594.000000000000        3.08950525553301     
   595.000000000000        3.09003791046707     
   596.000000000000        3.09048079798713     
   597.000000000000        3.09088354901145     
   598.000000000000        3.09147385946102     
   599.000000000000        3.09193068330186     
   600.000000000000        3.09232637970548     
   601.000000000000        3.09278738065992     
   602.000000000000        3.09338077936358     
   603.000000000000        3.09368697043602     
   604.000000000000        3.09422355661218     
   605.000000000000        3.09468281485105     
   606.000000000000        3.09518723779291     
   607.000000000000        3.09552227958912     
   608.000000000000        3.09602229845908     
   609.000000000000        3.09653515938655     
   610.000000000000        3.09690937040382     
   611.000000000000        3.09738039535013     
   612.000000000000        3.09780492626622     
   613.000000000000        3.09827555943926     
   614.000000000000        3.09868476256400     
   615.000000000000        3.09919182794900     
   616.000000000000        3.09953433775425     
   617.000000000000        3.09999829727232     
   618.000000000000        3.10050923175608     
   619.000000000000        3.10078144933154     
   620.000000000000        3.10133651639836     
   621.000000000000        3.10172117290151     
   622.000000000000        3.10215145883179     
   623.000000000000        3.10256370157672     
   624.000000000000        3.10296631480492     
   625.000000000000        3.10342011523689     
   626.000000000000        3.10380194827063     
   627.000000000000        3.10427247607016     
   628.000000000000        3.10461839835566     
   629.000000000000        3.10509411107175     
   630.000000000000        3.10540412260902     
   631.000000000000        3.10591255784951     
   632.000000000000        3.10626354346675     
   633.000000000000        3.10665992344718     
   634.000000000000        3.10710369448351     
   635.000000000000        3.10747333391204     
   636.000000000000        3.10782526518889     
   637.000000000000        3.10833846655382     
   638.000000000000        3.10863797586564     
   639.000000000000        3.10903189713108     
   640.000000000000        3.10945676037898     
   641.000000000000        3.10985908720741     
   642.000000000000        3.11019373723035     
   643.000000000000        3.11061681723441     
   644.000000000000        3.11097916427640     
   645.000000000000        3.11134155454854     
   646.000000000000        3.11179481460360     
   647.000000000000        3.11211217526697     
   648.000000000000        3.11246990208630     
   649.000000000000        3.11291033089138     
   650.000000000000        3.11321789181931     
   651.000000000000        3.11360838169130     
   652.000000000000        3.11401001953916     
   653.000000000000        3.11433646664046     
   654.000000000000        3.11471819970446     
   655.000000000000        3.11511837042898     
   656.000000000000        3.11542546122899     
   657.000000000000        3.11577224271380     
   658.000000000000        3.11617495861361     
   659.000000000000        3.11657872824842     
   660.000000000000        3.11683204073733     
   661.000000000000        3.11724681244624     
   662.000000000000        3.11758773624522     
   663.000000000000        3.11790469432780     
   664.000000000000        3.11833398596455     
   665.000000000000        3.11862283634162     
   666.000000000000        3.11897580784404     
   667.000000000000        3.11931575626269     
   668.000000000000        3.11968058363474     
   669.000000000000        3.12002527115898     
   670.000000000000        3.12032806326059     
   671.000000000000        3.12068129144205     
   672.000000000000        3.12108887073415     
   673.000000000000        3.12128743763726     
   674.000000000000        3.12174959499831     
   675.000000000000        3.12200786544546     
   676.000000000000        3.12237007198945     
   677.000000000000        3.12268308261862     
   678.000000000000        3.12304199286339     
   679.000000000000        3.12336450602071     
   680.000000000000        3.12364867943553     
   681.000000000000        3.12401215856717     
   682.000000000000        3.12432820341274     
   683.000000000000        3.12462987693413     
   684.000000000000        3.12496522134141     
   685.000000000000        3.12527336317453     
   686.000000000000        3.12564135175157     
   687.000000000000        3.12589316469452     
   688.000000000000        3.12626442795570     
   689.000000000000        3.12648206205844     
   690.000000000000        3.12691085384655     
   691.000000000000        3.12713356749234     
   692.000000000000        3.12751769172422     
   693.000000000000        3.12777001262148     
   694.000000000000        3.12807939732151     
   695.000000000000        3.12839168924938     
   696.000000000000        3.12877089064751     
   697.000000000000        3.12894804241328     
   698.000000000000        3.12936363009133     
   699.000000000000        3.12956924080761     
   700.000000000000        3.12990067828976     
   701.000000000000        3.13024110494198     
   702.000000000000        3.13051474100685     
   703.000000000000        3.13080492611491     
   704.000000000000        3.13108324994957     
   705.000000000000        3.13141257185608     
   706.000000000000        3.13166535477560     
   707.000000000000        3.13199987240620     
   708.000000000000        3.13225774837820     
   709.000000000000        3.13254023581703     
   710.000000000000        3.13288201881532     
   711.000000000000        3.13310474056677     
   712.000000000000        3.13342340624041     
   713.000000000000        3.13374022112310     
   714.000000000000        3.13397034333647     
   715.000000000000        3.13422357206696     
   716.000000000000        3.13461612617879     
   717.000000000000        3.13483674046025     
   718.000000000000        3.13508455731588     
   719.000000000000        3.13542578912971     
   720.000000000000        3.13560214113763     
   721.000000000000        3.13602401339927     
   722.000000000000        3.13620283492972     
   723.000000000000        3.13651270596899     
   724.000000000000        3.13674295246905     
   725.000000000000        3.13705587663791     
   726.000000000000        3.13736752011348     
   727.000000000000        3.13755613867749     
   728.000000000000        3.13787107575038     
   729.000000000000        3.13815532481797     
   730.000000000000        3.13834568879944     
   731.000000000000        3.13868673688512     
   732.000000000000        3.13893388907713     
   733.000000000000        3.13925118489528     
   734.000000000000        3.13941684014207     
   735.000000000000        3.13976390802664     
   736.000000000000        3.13999289815036     
   737.000000000000        3.14020891112235     
   738.000000000000        3.14056148814962     
   739.000000000000        3.14081162592412     
   740.000000000000        3.14103292918616     
   741.000000000000        3.14126136272165     
   742.000000000000        3.14163332577094     
   743.000000000000        3.14178006242175     
   744.000000000000        3.14209269478707     
   745.000000000000        3.14232434896902     
   746.000000000000        3.14260575565401     
   747.000000000000        3.14288064539334     
   748.000000000000        3.14306213098200     
   749.000000000000        3.14337653578363     
   750.000000000000        3.14361368830074     
   751.000000000000        3.14390521354356     
   752.000000000000        3.14407460279486     
   753.000000000000        3.14435944897895     
   754.000000000000        3.14469302635371     
   755.000000000000        3.14483689900684     
   756.000000000000        3.14514168509928     
   757.000000000000        3.14538307957521     
   758.000000000000        3.14563869677168     
   759.000000000000        3.14582455400964     
   760.000000000000        3.14616424034547     
   761.000000000000        3.14637465771445     
   762.000000000000        3.14661592520180     
   763.000000000000        3.14691500491397     
   764.000000000000        3.14705541915481     
   765.000000000000        3.14737762970105     
   766.000000000000        3.14763817243315     
   767.000000000000        3.14787621927406     
   768.000000000000        3.14806682102137     
   769.000000000000        3.14832410798253     
   770.000000000000        3.14866086277357     
   771.000000000000        3.14876287783046     
   772.000000000000        3.14913822634115     
   773.000000000000        3.14930973116810     
   774.000000000000        3.14955895840749     
   775.000000000000        3.14980877195584     
   776.000000000000        3.15002356907975     
   777.000000000000        3.15033971119318     
   778.000000000000        3.15056003367110     
   779.000000000000        3.15076418536969     
   780.000000000000        3.15098375402181     
   781.000000000000        3.15131379462962     
   782.000000000000        3.15152235310199     
   783.000000000000        3.15168939171370     
   784.000000000000        3.15206474562816     
   785.000000000000        3.15218051327767     
   786.000000000000        3.15252630857459     
   787.000000000000        3.15270328741974     
   788.000000000000        3.15292800856580     
   789.000000000000        3.15325185375222     
   790.000000000000        3.15341696321832     
   791.000000000000        3.15368564402683     
   792.000000000000        3.15394491146940     
   793.000000000000        3.15415834143971     
   794.000000000000        3.15440302681108     
   795.000000000000        3.15468556558572     
   796.000000000000        3.15483623077674     
   797.000000000000        3.15514311623352     
   798.000000000000        3.15543220167455     
   799.000000000000        3.15557608513522     
   800.000000000000        3.15584876743483     
   801.000000000000        3.15612307897086     
   802.000000000000        3.15641856247462     
   803.000000000000        3.15649016511844     
   804.000000000000        3.15687799093222     
   805.000000000000        3.15708082681300     
   806.000000000000        3.15732014353967     
   807.000000000000        3.15756340501786     
   808.000000000000        3.15774079995324     
   809.000000000000        3.15811660238055     
   810.000000000000        3.15835017219867     
   811.000000000000        3.15844758864797     
   812.000000000000        3.15881425870532     
   813.000000000000        3.15908657084674     
   814.000000000000        3.15930819563305     
   815.000000000000        3.15943493833781     
   816.000000000000        3.15981042194273     
   817.000000000000        3.16007578213507     
   818.000000000000        3.16023506633797     
   819.000000000000        3.16051805362545     
   820.000000000000        3.16078121988750     
   821.000000000000        3.16101565160681     
   822.000000000000        3.16126791576449     
   823.000000000000        3.16155145153455     
   824.000000000000        3.16174395540862     
   825.000000000000        3.16211707216263     
   826.000000000000        3.16220951714426     
   827.000000000000        3.16259455731501     
   828.000000000000        3.16268938806075     
   829.000000000000        3.16312910897206     
   830.000000000000        3.16331847866000     
   831.000000000000        3.16355748737182     
   832.000000000000        3.16376092307099     
   833.000000000000        3.16414700346732     
   834.000000000000        3.16435137131667     
   835.000000000000        3.16457644911149     
   836.000000000000        3.16485848263371     
   837.000000000000        3.16512760114754     
   838.000000000000        3.16540869441391     
   839.000000000000        3.16562476142359     
   840.000000000000        3.16592312243445     
   841.000000000000        3.16622911626931     
   842.000000000000        3.16637217565518     
   843.000000000000        3.16685511861446     
   844.000000000000        3.16686052508555     
   845.000000000000        3.16734105796377     
   846.000000000000        3.16751440817790     
   847.000000000000        3.16783263614624     
   848.000000000000        3.16804654435012     
   849.000000000000        3.16838747625476     
   850.000000000000        3.16865610572747     
   851.000000000000        3.16890508979724     
   852.000000000000        3.16920805211758     
   853.000000000000        3.16946841382341     
   854.000000000000        3.16973681633782     
   855.000000000000        3.17010803096507     
   856.000000000000        3.17027484261846     
   857.000000000000        3.17061399127927     
   858.000000000000        3.17096615221631     
   859.000000000000        3.17118518049151     
   860.000000000000        3.17144258633559     
   861.000000000000        3.17185484799370     
   862.000000000000        3.17203125674120     
   863.000000000000        3.17238373379874     
   864.000000000000        3.17268181111172     
   865.000000000000        3.17294869786887     
   866.000000000000        3.17326386730383     
   867.000000000000        3.17365796689366     
   868.000000000000        3.17382641588912     
   869.000000000000        3.17421222069322     
   870.000000000000        3.17449177118349     
   871.000000000000        3.17482475414363     
   872.000000000000        3.17513127484599     
   873.000000000000        3.17541598593585     
   874.000000000000        3.17579691113636     
   875.000000000000        3.17608527517419     
   876.000000000000        3.17633285696586     
   877.000000000000        3.17679071562850     
   878.000000000000        3.17700175172905     
   879.000000000000        3.17739263877809     
   880.000000000000        3.17775240552028     
   881.000000000000        3.17801432080976     
   882.000000000000        3.17836395548470     
   883.000000000000        3.17871336049945     
   884.000000000000        3.17905778323900     
   885.000000000000        3.17938049363388     
   886.000000000000        3.17971256335703     
   887.000000000000        3.18013073944054     
   888.000000000000        3.18046738885808     
   889.000000000000        3.18071505440817     
   890.000000000000        3.18117644983776     
   891.000000000000        3.18148639923168     
   892.000000000000        3.18184204289797     
   893.000000000000        3.18228698925411     
   894.000000000000        3.18256069016421     
   895.000000000000        3.18293584954298     
   896.000000000000        3.18330147126911     
   897.000000000000        3.18372056058961     
   898.000000000000        3.18413023654416     
   899.000000000000        3.18439446734874     
   900.000000000000        3.18491645254051     
   901.000000000000        3.18511768890561     
   902.000000000000        3.18570388978870     
   903.000000000000        3.18599321569746     
   904.000000000000        3.18639260017356     
   905.000000000000        3.18682418571034     
   906.000000000000        3.18721711268225     
   907.000000000000        3.18760803485578     
   908.000000000000        3.18799451513103     
   909.000000000000        3.18849936226877     
   910.000000000000        3.18879843927906     
   911.000000000000        3.18931691472273     
   912.000000000000        3.18965634708142     
   913.000000000000        3.19017385795229     
   914.000000000000        3.19050209640307     
   915.000000000000        3.19106321298952     
   916.000000000000        3.19134073436445     
   917.000000000000        3.19192838345769     
   918.000000000000        3.19233857277031     
   919.000000000000        3.19270979280133     
   920.000000000000        3.19323085394857     
   921.000000000000        3.19373056480369     
   922.000000000000        3.19409926667826     
   923.000000000000        3.19465077806495     
   924.000000000000        3.19504618536692     
   925.000000000000        3.19558241219243     
   926.000000000000        3.19609480839575     
   927.000000000000        3.19645307559199     
   928.000000000000        3.19702280848843     
   929.000000000000        3.19751103633399     
   930.000000000000        3.19798536028140     
   931.000000000000        3.19857404419643     
   932.000000000000        3.19899292547182     
   933.000000000000        3.19948852135669     
   934.000000000000        3.20007371713871     
   935.000000000000        3.20052650976772     
   936.000000000000        3.20113479585554     
   937.000000000000        3.20166618090384     
   938.000000000000        3.20211283485104     
   939.000000000000        3.20269269441097     
   940.000000000000        3.20328683613290     
   941.000000000000        3.20386227270774     
   942.000000000000        3.20424589168720     
   943.000000000000        3.20504349612714     
   944.000000000000        3.20547084510887     
   945.000000000000        3.20606296852300     
   946.000000000000        3.20660826287323     
   947.000000000000        3.20733432140893     
   948.000000000000        3.20781142289370     
   949.000000000000        3.20836443652823     
   950.000000000000        3.20915789627720     
   951.000000000000        3.20963243097160     
   952.000000000000        3.21016773645446     
   953.000000000000        3.21100606369911     
   954.000000000000        3.21146789953589     
   955.000000000000        3.21217650930084     
   956.000000000000        3.21278398212139     
   957.000000000000        3.21347877444849     
   958.000000000000        3.21406445927162     
   959.000000000000        3.21480241420522     
   960.000000000000        3.21540522087107     
   961.000000000000        3.21609058091902     
   962.000000000000        3.21690035734910     
   963.000000000000        3.21734579544823     
   964.000000000000        3.21828790478230     
   965.000000000000        3.21881047358115     
   966.000000000000        3.21965084885433     
   967.000000000000        3.22023784949526     
   968.000000000000        3.22113825253863     
   969.000000000000        3.22172731471751     
   970.000000000000        3.22248107837791     
   971.000000000000        3.22335284684828     
   972.000000000000        3.22394644008763     
   973.000000000000        3.22482623585715     
   974.000000000000        3.22552996601851     
   975.000000000000        3.22634424649021     
   976.000000000000        3.22715867826745     
   977.000000000000        3.22793104170145     
   978.000000000000        3.22873785416411     
   979.000000000000        3.22950517317956     
   980.000000000000        3.23040235557649     
   981.000000000000        3.23120981919334     
   982.000000000000        3.23205996718313     
   983.000000000000        3.23290779425404     
   984.000000000000        3.23370545273167     
   985.000000000000        3.23468168146449     
   986.000000000000        3.23542677477721     
   987.000000000000        3.23647872922975     
   988.000000000000        3.23722718638880     
   989.000000000000        3.23819231037590     
   990.000000000000        3.23917950876020     
   991.000000000000        3.23995591421356     
   992.000000000000        3.24097922868933     
   993.000000000000        3.24194703834973     
   994.000000000000        3.24284576082087     
   995.000000000000        3.24387145295509     
   996.000000000000        3.24480922576438     
   997.000000000000        3.24579082314190     
   998.000000000000        3.24682987339358     
   999.000000000000        3.24775111607288     
   1000.00000000000        3.24888924443289     
   1001.00000000000        3.24983653057785     
   1002.00000000000        3.25081982744079     
   1003.00000000000        3.25205063584639     
   1004.00000000000        3.25301158542179     
   1005.00000000000        3.25406302921814     
   1006.00000000000        3.25524058618013     
   1007.00000000000        3.25628889038657     
   1008.00000000000        3.25730561496579     
   1009.00000000000        3.25860419204097     
   1010.00000000000        3.25962604749904     
   1011.00000000000        3.26084020689173     
   1012.00000000000        3.26191366834570     
   1013.00000000000        3.26316899365217     
   1014.00000000000        3.26433550260803     
   1015.00000000000        3.26548973149838     
   1016.00000000000        3.26679361777679     
   1017.00000000000        3.26789864264667     
   1018.00000000000        3.26933233016321     
   1019.00000000000        3.27031925295528     
   1020.00000000000        3.27179511959233     
   1021.00000000000        3.27300275933748     
   1022.00000000000        3.27433626367489     
   1023.00000000000        3.27552790285942     
   1024.00000000000        3.27700058127265     
   1025.00000000000        3.27827602210998     
   1026.00000000000        3.27955879586211     
   1027.00000000000        3.28102929925823     
   1028.00000000000        3.28237700740299     
   1029.00000000000        3.28376838610856     
   1030.00000000000        3.28522305375903     
   1031.00000000000        3.28654063859237     
   1032.00000000000        3.28808323637530     
   1033.00000000000        3.28951937720306     
   1034.00000000000        3.29103594232786     
   1035.00000000000        3.29239827307208     
   1036.00000000000        3.29400621053033     
   1037.00000000000        3.29556628140098     
   1038.00000000000        3.29702787398168     
   1039.00000000000        3.29862371510257     
   1040.00000000000        3.30012940514185     
   1041.00000000000        3.30185127296807     
   1042.00000000000        3.30335638480405     
   1043.00000000000        3.30503583574392     
   1044.00000000000        3.30659395585389     
   1045.00000000000        3.30842286694424     
   1046.00000000000        3.30994116397707     
   1047.00000000000        3.31171656694479     
   1048.00000000000        3.31339587468478     
   1049.00000000000        3.31525091029734     
   1050.00000000000        3.31681408293152     
   1051.00000000000        3.31876040982099     
   1052.00000000000        3.32040029436276     
   1053.00000000000        3.32235878783860     
   1054.00000000000        3.32412135685446     
   1055.00000000000        3.32591548928623     
   1056.00000000000        3.32788964828898     
   1057.00000000000        3.32974448396209     
   1058.00000000000        3.33169691711076     
   1059.00000000000        3.33355552461477     
   1060.00000000000        3.33550047894687     
   1061.00000000000        3.33758363197444     
   1062.00000000000        3.33949548551829     
   1063.00000000000        3.34157734164125     
   1064.00000000000        3.34345596200450     
   1065.00000000000        3.34572642318205     
   1066.00000000000        3.34771298653701     
   1067.00000000000        3.34981846523703     
   1068.00000000000        3.35195374572421     
   1069.00000000000        3.35416513019496     
   1070.00000000000        3.35616373584958     
   1071.00000000000        3.35860295133556     
   1072.00000000000        3.36062667641132     
   1073.00000000000        3.36292084392436     
   1074.00000000000        3.36522505164058     
   1075.00000000000        3.36757128176800     
   1076.00000000000        3.36976487162676     
   1077.00000000000        3.37212549199157     
   1078.00000000000        3.37462739930595     
   1079.00000000000        3.37683077539073     
   1080.00000000000        3.37933299071996     
   1081.00000000000        3.38177562949372     
   1082.00000000000        3.38424038589483     
   1083.00000000000        3.38668928493522     
   1084.00000000000        3.38930680318980     
   1085.00000000000        3.39169472069473     
   1086.00000000000        3.39444512303777     
   1087.00000000000        3.39695694086487     
   1088.00000000000        3.39947056895465     
   1089.00000000000        3.40228025064584     
   1090.00000000000        3.40488909044708     
   1091.00000000000        3.40757362624731     
   1092.00000000000        3.41041963207508     
   1093.00000000000        3.41297276712150     
   1094.00000000000        3.41598892953580     
   1095.00000000000        3.41857294712321     
   1096.00000000000        3.42170677661190     
   1097.00000000000        3.42425672613637     
   1098.00000000000        3.42736336656032     
   1099.00000000000        3.43023243027128     
   1100.00000000000        3.43327044282635     
   1101.00000000000        3.43611791847934     
   1102.00000000000        3.43923584737715     
   1103.00000000000        3.44222860336516     
   1104.00000000000        3.44537027102107     
   1105.00000000000        3.44839553878648     
   1106.00000000000        3.45168957922449     
   1107.00000000000        3.45461305078566     
   1108.00000000000        3.45802713055273     
   1109.00000000000        3.46117805756717     
   1110.00000000000        3.46448799049040     
   1111.00000000000        3.46764817416149     
   1112.00000000000        3.47109085067518     
   1113.00000000000        3.47438975990924     
   1114.00000000000        3.47784550273686     
   1115.00000000000        3.48123858075492     
   1116.00000000000        3.48466832875079     
   1117.00000000000        3.48810768194642     
   1118.00000000000        3.49177717626862     
   1119.00000000000        3.49513321415068     
   1120.00000000000        3.49884674919188     
   1121.00000000000        3.50246441596365     
   1122.00000000000        3.50598292357056     
   1123.00000000000        3.50982376060663     
   1124.00000000000        3.51346239940667     
   1125.00000000000        3.51719617966919     
   1126.00000000000        3.52099492944882     
   1127.00000000000        3.52482532370091     
   1128.00000000000        3.52862953669120     
   1129.00000000000        3.53258136984858     
   1130.00000000000        3.53636673989566     
   1131.00000000000        3.54053219485715     
   1132.00000000000        3.54431104795858     
   1133.00000000000        3.54842778253694     
   1134.00000000000        3.55241144389491     
   1135.00000000000        3.55658980575914     
   1136.00000000000        3.56068406876327     
   1137.00000000000        3.56476159089040     
   1138.00000000000        3.56902218191058     
   1139.00000000000        3.57321704688595     
   1140.00000000000        3.57751541565663     
   1141.00000000000        3.58177574459400     
   1142.00000000000        3.58614603483088     
   1143.00000000000        3.59035480370441     
   1144.00000000000        3.59493326604416     
   1145.00000000000        3.59931624703301     
   1146.00000000000        3.60371068401256     
   1147.00000000000        3.60823746470366     
   1148.00000000000        3.61287211543558     
   1149.00000000000        3.61728894293283     
   1150.00000000000        3.62188198194000     
   1151.00000000000        3.62664235676618     
   1152.00000000000        3.63130904104193     
   1153.00000000000        3.63583816967074     
   1154.00000000000        3.64084673691451     
   1155.00000000000        3.64533424571293     
   1156.00000000000        3.65028632195346     
   1157.00000000000        3.65510395781999     
   1158.00000000000        3.65993072065271     
   1159.00000000000        3.66489814900154     
   1160.00000000000        3.66979347485790     
   1161.00000000000        3.67478589563930     
   1162.00000000000        3.67970611666037     
   1163.00000000000        3.68482732277128     
   1164.00000000000        3.68981036531123     
   1165.00000000000        3.69501056912411     
   1166.00000000000        3.70006303929076     
   1167.00000000000        3.70518810369288     
   1168.00000000000        3.71048692629371     
   1169.00000000000        3.71557144891739     
   1170.00000000000        3.72088051976651     
   1171.00000000000        3.72620272447668     
   1172.00000000000        3.73143042266726     
   1173.00000000000        3.73677887618633     
   1174.00000000000        3.74223252488047     
   1175.00000000000        3.74746145783231     
   1176.00000000000        3.75303702636719     
   1177.00000000000        3.75834634308781     
   1178.00000000000        3.76391388432354     
   1179.00000000000        3.76935803589330     
   1180.00000000000        3.77495584904411     
   1181.00000000000        3.78052901290169     
   1182.00000000000        3.78596567754922     
   1183.00000000000        3.79163626055799     
   1184.00000000000        3.79722144239828     
   1185.00000000000        3.80298994170500     
   1186.00000000000        3.80857049791886     
   1187.00000000000        3.81423202421044     
   1188.00000000000        3.82004533157139     
   1189.00000000000        3.82567668861952     
   1190.00000000000        3.83151145434796     
   1191.00000000000        3.83717363179374     
   1192.00000000000        3.84311688629458     
   1193.00000000000        3.84879716906907     
   1194.00000000000        3.85470094093023     
   1195.00000000000        3.86052202161317     
   1196.00000000000        3.86634744152279     
   1197.00000000000        3.87228392780270     
   1198.00000000000        3.87814077333211     
   1199.00000000000        3.88410890138260     
   1200.00000000000        3.88986435328857     
   1201.00000000000        3.89601339412819     
   1202.00000000000        3.90181328122832     
   1203.00000000000        3.90775068614900     
   1204.00000000000        3.91379666360050     
   1205.00000000000        3.91966496512062     
   1206.00000000000        3.92579503062467     
   1207.00000000000        3.93163636193270     
   1208.00000000000        3.93763538062983     
   1209.00000000000        3.94375000216151     
   1210.00000000000        3.94962741984027     
   1211.00000000000        3.95568257559376     
   1212.00000000000        3.96163100150173     
   1213.00000000000        3.96773789023968     
   1214.00000000000        3.97368217415855     
   1215.00000000000        3.97965055888807     
   1216.00000000000        3.98569894642063     
   1217.00000000000        3.99173545376660     
   1218.00000000000        3.99776004039771     
   1219.00000000000        4.00365080268452     
   1220.00000000000        4.00969417822115     
   1221.00000000000        4.01561011666867     
   1222.00000000000        4.02161950790079     
   1223.00000000000        4.02762674302899     
   1224.00000000000        4.03357227792043     
   1225.00000000000        4.03946587988796     
   1226.00000000000        4.04534384875118     
   1227.00000000000        4.05148461371826     
   1228.00000000000        4.05715554797203     
   1229.00000000000        4.06308934857865     
   1230.00000000000        4.06905733883302     
   1231.00000000000        4.07487000854919     
   1232.00000000000        4.08064014519798     
   1233.00000000000        4.08648090370648     
   1234.00000000000        4.09231242717340     
   1235.00000000000        4.09800454690433     
   1236.00000000000        4.10380069999994     
   1237.00000000000        4.10964096946732     
   1238.00000000000        4.11516085486245     
   1239.00000000000        4.12090523444534     
   1240.00000000000        4.12651615714022     
   1241.00000000000        4.13209723481781     
   1242.00000000000        4.13774570290111     
   1243.00000000000        4.14345164006989     
   1244.00000000000        4.14863705917023     
   1245.00000000000        4.15434685192834     
   1246.00000000000        4.15979450243866     
   1247.00000000000        4.16512087885865     
   1248.00000000000        4.17065276062141     
   1249.00000000000        4.17578994567785     
   1250.00000000000        4.18126774111467     
   1251.00000000000        4.18639066562419     
   1252.00000000000        4.19181749811365     
   1253.00000000000        4.19678384570864     
   1254.00000000000        4.20203738202167     
   1255.00000000000        4.20719562016292     
   1256.00000000000        4.21216330519079     
   1257.00000000000        4.21723545048111     
   1258.00000000000        4.22200442270410     
   1259.00000000000        4.22720425365690     
   1260.00000000000        4.23185890914241     
   1261.00000000000        4.23678137542959     
   1262.00000000000        4.24161766780930     
   1263.00000000000        4.24616965167995     
   1264.00000000000        4.25087378948005     
   1265.00000000000        4.25560397614958     
   1266.00000000000        4.26004215393895     
   1267.00000000000        4.26455391755543     
   1268.00000000000        4.26904693549655     
   1269.00000000000        4.27345944268032     
   1270.00000000000        4.27782212711204     
   1271.00000000000        4.28197003063116     
   1272.00000000000        4.28634598942193     
   1273.00000000000        4.29040709760011     
   1274.00000000000        4.29457600016635     
   1275.00000000000        4.29861180519524     
   1276.00000000000        4.30247627291403     
   1277.00000000000        4.30661753790269     
   1278.00000000000        4.31043542513095     
   1279.00000000000        4.31404666682114     
   1280.00000000000        4.31796608006518     
   1281.00000000000        4.32154715791569     
   1282.00000000000        4.32522901065805     
   1283.00000000000        4.32875881754636     
   1284.00000000000        4.33220907554824     
   1285.00000000000        4.33565945243304     
   1286.00000000000        4.33893969164450     
   1287.00000000000        4.34241103785569     
   1288.00000000000        4.34541273167796     
   1289.00000000000        4.34858101830097     
   1290.00000000000        4.35190234507156     
   1291.00000000000        4.35465851323634     
   1292.00000000000        4.35777328092916     
   1293.00000000000        4.36058371104239     
   1294.00000000000        4.36350515078634     
   1295.00000000000        4.36605500574486     
   1296.00000000000        4.36887671892818     
   1297.00000000000        4.37153287953632     
   1298.00000000000        4.37392841635583     
   1299.00000000000        4.37649091883616     
   1300.00000000000        4.37897490454998     
   1301.00000000000        4.38112007393480     
   1302.00000000000        4.38361514818302     
   1303.00000000000        4.38563712784133     
   1304.00000000000        4.38794947363397     
   1305.00000000000        4.38983708857106     
   1306.00000000000        4.39186005711914     
   1307.00000000000        4.39394806813522     
   1308.00000000000        4.39559943838843     
   1309.00000000000        4.39756650224222     
   1310.00000000000        4.39915979278404     
   1311.00000000000        4.40092395320993     
   1312.00000000000        4.40244463060309     
   1313.00000000000        4.40400507973759     
   1314.00000000000        4.40539593157566     
   1315.00000000000        4.40689038447688     
   1316.00000000000        4.40812600223707     
   1317.00000000000        4.40942601401297     
   1318.00000000000        4.41061251961676     
   1319.00000000000        4.41163181098636     
   1320.00000000000        4.41287582890577     
   1321.00000000000        4.41370977639549     
   1322.00000000000        4.41461493475575     
   1323.00000000000        4.41572373415842     
   1324.00000000000        4.41630329921293     
   1325.00000000000        4.41711855776685     
   1326.00000000000        4.41777237331209     
   1327.00000000000        4.41836836582497     
   1328.00000000000        4.41888488510419     
   1329.00000000000        4.41947616553033     
   1330.00000000000        4.41986209191924     
   1331.00000000000        4.42016088523164     
   1332.00000000000        4.42055950237251     
   1333.00000000000        4.42068000912762     
   1334.00000000000        4.42102999774944     
   1335.00000000000        4.42113747601699     
   1336.00000000000        4.42095137290754     
   1337.00000000000        4.42126215988569     
   1338.00000000000        4.42102257837432     
   1339.00000000000        4.42111777117259     
   1340.00000000000        4.42070853832712     
   1341.00000000000        4.42078290229700     
   1342.00000000000        4.42022517117196     
   1343.00000000000        4.42013341787278     
   1344.00000000000        4.41956818091231     
   1345.00000000000        4.41932426827994     
   1346.00000000000        4.41870779277989     
   1347.00000000000        4.41808915847405     
   1348.00000000000        4.41784715607408     
   1349.00000000000        4.41681993197130     
   1350.00000000000        4.41636628554675     
   1351.00000000000        4.41563699825895     
   1352.00000000000        4.41474836462490     
   1353.00000000000        4.41397421794707     
   1354.00000000000        4.41302581592376     
   1355.00000000000        4.41222861946839     
   1356.00000000000        4.41112134392864     
   1357.00000000000        4.41023861931622     
   1358.00000000000        4.40914799549127     
