  0.000000000000000E+000   36.6211345801539     
   1.00000000000000        36.6211345801539     
   2.00000000000000        36.6211345780721     
   3.00000000000000        36.6211345772526     
   4.00000000000000        36.6211345762968     
   5.00000000000000        36.6211345669644     
   6.00000000000000        36.6211344949652     
   7.00000000000000        36.6211341203189     
   8.00000000000000        36.6211327183710     
   9.00000000000000        36.6211286083935     
   10.0000000000000        36.6211187521576     
   11.0000000000000        36.6210984027648     
   12.0000000000000        36.6210609378622     
   13.0000000000000        36.6209977432218     
   14.0000000000000        36.6208981907903     
   15.0000000000000        36.6207496472070     
   16.0000000000000        36.6205374968276     
   17.0000000000000        36.6202451897952     
   18.0000000000000        36.6198543024166     
   19.0000000000000        36.6193446260386     
   20.0000000000000        36.6186942681443     
   21.0000000000000        36.6178797819439     
   22.0000000000000        36.6168763031537     
   23.0000000000000        36.6156577044430     
   24.0000000000000        36.6141967582953     
   25.0000000000000        36.6124653065763     
   26.0000000000000        36.6104344121095     
   27.0000000000000        36.6080745176387     
   28.0000000000000        36.6053556034412     
   29.0000000000000        36.6022473209141     
   30.0000000000000        36.5987191297318     
   31.0000000000000        36.5947403978216     
   32.0000000000000        36.5902805297292     
   33.0000000000000        36.5853090416040     
   34.0000000000000        36.5797956502711     
   35.0000000000000        36.5737103436741     
   36.0000000000000        36.5670234527324     
   37.0000000000000        36.5597056854440     
   38.0000000000000        36.5517281954581     
   39.0000000000000        36.5430626047973     
   40.0000000000000        36.5336810334102     
   41.0000000000000        36.5235561480285     
   42.0000000000000        36.5126611577298     
   43.0000000000000        36.5009698516233     
   44.0000000000000        36.4884566064238     
   45.0000000000000        36.4750963981141     
   46.0000000000000        36.4608648127214     
   47.0000000000000        36.4457380491394     
   48.0000000000000        36.4296929318980     
   49.0000000000000        36.4127069068736     
   50.0000000000000        36.3947580441227     
   51.0000000000000        36.3758250373776     
   52.0000000000000        36.3558872117383     
   53.0000000000000        36.3349245119853     
   54.0000000000000        36.3129174936412     
   55.0000000000000        36.2898473419355     
   56.0000000000000        36.2656958452953     
   57.0000000000000        36.2404453916488     
   58.0000000000000        36.2140789809891     
   59.0000000000000        36.1865802023012     
   60.0000000000000        36.1579332211586     
   61.0000000000000        36.1281227913141     
   62.0000000000000        36.0971342346938     
   63.0000000000000        36.0649534345521     
   64.0000000000000        36.0315668231924     
   65.0000000000000        35.9969613826088     
   66.0000000000000        35.9611246260001     
   67.0000000000000        35.9240445913983     
   68.0000000000000        35.8857098325389     
   69.0000000000000        35.8461094082440     
   70.0000000000000        35.8052328698186     
   71.0000000000000        35.7630702587112     
   72.0000000000000        35.7196120788431     
   73.0000000000000        35.6748493099394     
   74.0000000000000        35.6287733767003     
   75.0000000000000        35.5813761475511     
   76.0000000000000        35.5326499173943     
   77.0000000000000        35.4825874106673     
   78.0000000000000        35.4311817601956     
   79.0000000000000        35.3784264869437     
   80.0000000000000        35.3243155098389     
   81.0000000000000        35.2688431289489     
   82.0000000000000        35.2120040033869     
   83.0000000000000        35.1537931540597     
   84.0000000000000        35.0942059495064     
   85.0000000000000        35.0332380926538     
   86.0000000000000        34.9708856219377     
   87.0000000000000        34.9071448764680     
   88.0000000000000        34.8420125225366     
   89.0000000000000        34.7754855082239     
   90.0000000000000        34.7075610849124     
   91.0000000000000        34.6382367760252     
   92.0000000000000        34.5675103702906     
   93.0000000000000        34.4953799339419     
   94.0000000000000        34.4218437729505     
   95.0000000000000        34.3469004397875     
   96.0000000000000        34.2705487357498     
   97.0000000000000        34.1927876791606     
   98.0000000000000        34.1136165082662     
   99.0000000000000        34.0330346851661     
   100.000000000000        33.9510418647806     
   101.000000000000        33.8676379138651     
   102.000000000000        33.7828228792641     
   103.000000000000        33.6965969996636     
   104.000000000000        33.6089606881842     
   105.000000000000        33.5199145248644     
   106.000000000000        33.4294592625283     
   107.000000000000        33.3375958108718     
   108.000000000000        33.2443252271059     
   109.000000000000        33.1496487161021     
   110.000000000000        33.0535676319641     
   111.000000000000        32.9560834503354     
   112.000000000000        32.8571977887605     
   113.000000000000        32.7569123864932     
   114.000000000000        32.6552291021644     
   115.000000000000        32.5521499011838     
   116.000000000000        32.4476768732602     
   117.000000000000        32.3418122062594     
   118.000000000000        32.2345581909904     
   119.000000000000        32.1259172089394     
   120.000000000000        32.0158917412746     
   121.000000000000        31.9044843583915     
   122.000000000000        31.7916977140385     
   123.000000000000        31.6775345376591     
   124.000000000000        31.5619976397466     
   125.000000000000        31.4450899097328     
   126.000000000000        31.3268142994120     
   127.000000000000        31.2071738336244     
   128.000000000000        31.0861715931260     
   129.000000000000        30.9638107299761     
   130.000000000000        30.8400944465457     
   131.000000000000        30.7150260000462     
   132.000000000000        30.5886087056379     
   133.000000000000        30.4608459252377     
   134.000000000000        30.3317410655109     
   135.000000000000        30.2012975784310     
   136.000000000000        30.0695189575026     
   137.000000000000        29.9364087359718     
   138.000000000000        29.8019704904082     
   139.000000000000        29.6662078200952     
   140.000000000000        29.5291243727943     
   141.000000000000        29.3907238129932     
   142.000000000000        29.2510098454823     
   143.000000000000        29.1099861957782     
   144.000000000000        28.9676566143207     
   145.000000000000        28.8240248814618     
   146.000000000000        28.6790947966520     
   147.000000000000        28.5328701770059     
   148.000000000000        28.3853548577772     
   149.000000000000        28.2365527030433     
   150.000000000000        28.0864675752473     
   151.000000000000        27.9351033673183     
   152.000000000000        27.7824639744222     
   153.000000000000        27.6285533132786     
   154.000000000000        27.4733753004548     
   155.000000000000        27.3169338715879     
   156.000000000000        27.1592329629329     
   157.000000000000        27.0002765285062     
   158.000000000000        26.8400685159268     
   159.000000000000        26.6786128876811     
   160.000000000000        26.5159136076700     
   161.000000000000        26.3519746368556     
   162.000000000000        26.1867999527922     
   163.000000000000        26.0203935200725     
   164.000000000000        25.8527593102808     
   165.000000000000        25.6839012972250     
   166.000000000000        25.5138234469587     
   167.000000000000        25.3425297332442     
   168.000000000000        25.1700241206381     
   169.000000000000        24.9963105738852     
   170.000000000000        24.8213930508718     
   171.000000000000        24.6452755057180     
   172.000000000000        24.4679618927930     
   173.000000000000        24.2894561535813     
   174.000000000000        24.1097622314173     
   175.000000000000        23.9288840604459     
   176.000000000000        23.7468255580043     
   177.000000000000        23.5635906510779     
   178.000000000000        23.3791832478246     
   179.000000000000        23.1936072471153     
   180.000000000000        23.0068665465296     
   181.000000000000        22.8189650284230     
   182.000000000000        22.6299065655658     
   183.000000000000        22.4396950274886     
   184.000000000000        22.2483342619162     
   185.000000000000        22.0558281187350     
   186.000000000000        21.8621804271852     
   187.000000000000        21.6673950108579     
   188.000000000000        21.4714756783878     
   189.000000000000        21.2744262264923     
   190.000000000000        21.0762504432805     
   191.000000000000        20.8769521045997     
   192.000000000000        20.6765349677980     
   193.000000000000        20.4750027852460     
   194.000000000000        20.2723592920001     
   195.000000000000        20.0686082052925     
   196.000000000000        19.8637532428338     
   197.000000000000        19.6577980918728     
   198.000000000000        19.4507464418293     
   199.000000000000        19.2426019540362     
   200.000000000000        19.0333682905075     
   201.000000000000        18.8230490840560     
   202.000000000000        18.6116479632501     
   203.000000000000        18.3991685396904     
   204.000000000000        18.1856144114381     
   205.000000000000        17.9709891575894     
   206.000000000000        17.7552963488906     
   207.000000000000        17.5385395362900     
   208.000000000000        17.3207222620549     
   209.000000000000        17.1018480404437     
   210.000000000000        16.8819203873018     
   211.000000000000        16.6609427955591     
   212.000000000000        16.4389187387469     
   213.000000000000        16.2158516812879     
   214.000000000000        15.9917450711737     
   215.000000000000        15.7666023408819     
   216.000000000000        15.5404269092269     
   217.000000000000        15.3132221736369     
   218.000000000000        15.0849915198705     
   219.000000000000        14.8557383256093     
   220.000000000000        14.6254659395518     
   221.000000000000        14.3941777038708     
   222.000000000000        14.1618769440920     
   223.000000000000        13.9285669685360     
   224.000000000000        13.6942510706940     
   225.000000000000        13.4589325310735     
   226.000000000000        13.2226146104740     
   227.000000000000        12.9853005587911     
   228.000000000000        12.7469936038106     
   229.000000000000        12.5076969632073     
   230.000000000000        12.2674138443326     
   231.000000000000        12.0261474247600     
   232.000000000000        11.7839008820038     
   233.000000000000        11.5406773668765     
   234.000000000000        11.2964800208838     
   235.000000000000        11.0513119715015     
   236.000000000000        10.8051763256717     
   237.000000000000        10.5580761770243     
   238.000000000000        10.3100146079696     
   239.000000000000        10.0609946798704     
   240.000000000000        9.81101944363127     
   241.000000000000        9.56009193245791     
   242.000000000000        9.30821516834294     
   243.000000000000        9.05539215077079     
   244.000000000000        8.80162587369250     
   245.000000000000        8.54691930753779     
   246.000000000000        8.29127541315029     
   247.000000000000        8.03469714109269     
   248.000000000000        7.77718741234094     
   249.000000000000        7.51874915067037     
   250.000000000000        7.25938525300717     
   251.000000000000        6.99909860857770     
   252.000000000000        6.73789208864855     
   253.000000000000        6.47576854964245     
   254.000000000000        6.21273083272172     
   255.000000000000        5.94878177218015     
   256.000000000000        5.68392418196345     
   257.000000000000        5.41816086331164     
   258.000000000000        5.15149459894201     
   259.000000000000        4.88392816550368     
   260.000000000000        4.61546431982788     
   261.000000000000        4.34610580644585     
   262.000000000000        4.07585535739236     
   263.000000000000        3.80471568758912     
   264.000000000000        3.53268950353049     
   265.000000000000        3.25977949605294     
   266.000000000000        2.98598833730102     
   267.000000000000        2.71131868788325     
   268.000000000000        2.43577320598160     
   269.000000000000        2.15935451795667     
   270.000000000000        1.88206525381793     
   271.000000000000        1.60390801901303     
   272.000000000000        1.32488540787381     
   273.000000000000        1.04500000702683     
   274.000000000000       0.764254385452659     
   275.000000000000       0.482651097394410     
   276.000000000000       0.200192690243057     
   277.000000000000      -8.311830368074880E-002
   278.000000000000      -0.367279371615950     
   279.000000000000      -0.652288002102068     
   280.000000000000      -0.938141705093585     
   281.000000000000       -1.22483799829206     
   282.000000000000       -1.51237441508056     
   283.000000000000       -1.80074850278834     
   284.000000000000       -2.08995781251178     
   285.000000000000       -2.37999991353354     
   286.000000000000       -2.67087239187276     
   287.000000000000       -2.96257283507111     
   288.000000000000       -3.25509885637075     
   289.000000000000       -3.54844806642723     
   290.000000000000       -3.84261809587224     
   291.000000000000       -4.13760658508909     
   292.000000000000       -4.43341119248726     
   293.000000000000       -4.73002957958852     
   294.000000000000       -5.02745942302136     
   295.000000000000       -5.32569841083750     
   296.000000000000       -5.62474424114589     
   297.000000000000       -5.92459462743864     
   298.000000000000       -6.22524729058932     
   299.000000000000       -6.52669996441728     
   300.000000000000       -6.82895039778123     
   301.000000000000       -7.13199634141893     
   302.000000000000       -7.43583556947488     
   303.000000000000       -7.74046585510587     
   304.000000000000       -8.04588498743215     
   305.000000000000       -8.35209077073887     
   306.000000000000       -8.65908101376590     
   307.000000000000       -8.96685353672547     
   308.000000000000       -9.27540617867999     
   309.000000000000       -9.58473677949951     
   310.000000000000       -9.89484319179974     
   311.000000000000       -10.2057232843035     
   312.000000000000       -10.5173749279656     
   313.000000000000       -10.8297960124783     
   314.000000000000       -11.1429844291888     
   315.000000000000       -11.4569380898720     
   316.000000000000       -11.7716549064080     
   317.000000000000       -12.0871328066769     
   318.000000000000       -12.4033697291270     
   319.000000000000       -12.7203636204267     
   320.000000000000       -13.0381124346859     
   321.000000000000       -13.3566141429055     
   322.000000000000       -13.6758667158429     
   323.000000000000       -13.9958681478402     
   324.000000000000       -14.3166164254380     
   325.000000000000       -14.6381095649631     
   326.000000000000       -14.9603455724573     
   327.000000000000       -15.2833224806454     
   328.000000000000       -15.6070383170118     
   329.000000000000       -15.9314911302063     
   330.000000000000       -16.2566789742596     
   331.000000000000       -16.5825999086956     
   332.000000000000       -16.9092520058857     
   333.000000000000       -17.2366333464051     
   334.000000000000       -17.5647420257392     
   335.000000000000       -17.8935761356552     
   336.000000000000       -18.2231337923022     
   337.000000000000       -18.5534131067398     
   338.000000000000       -18.8844122108530     
   339.000000000000       -19.2161292352030     
   340.000000000000       -19.5485623287805     
   341.000000000000       -19.8817096394305     
   342.000000000000       -20.2155693315781     
   343.000000000000       -20.5501395744250     
   344.000000000000       -20.8854185456221     
   345.000000000000       -21.2214044351822     
   346.000000000000       -21.5580954386260     
   347.000000000000       -21.8954897613112     
   348.000000000000       -22.2335856117206     
   349.000000000000       -22.5723812151482     
   350.000000000000       -22.9118748014298     
   351.000000000000       -23.2520646054327     
   352.000000000000       -23.5929488733218     
   353.000000000000       -23.9345258571138     
   354.000000000000       -24.2767938248380     
   355.000000000000       -24.6197510416459     
   356.000000000000       -24.9633957879760     
   357.000000000000       -25.3077263517971     
   358.000000000000       -25.6527410224971     
   359.000000000000       -25.9984381022678     
   360.000000000000       -26.3448159024647     
   361.000000000000       -26.6918727422490     
   362.000000000000       -27.0396069462931     
   363.000000000000       -27.3880168406631     
   364.000000000000       -27.7371007739894     
   365.000000000000       -28.0868570891726     
   366.000000000000       -28.4372841447239     
   367.000000000000       -28.7883803037548     
   368.000000000000       -29.1401439323054     
   369.000000000000       -29.4925734110348     
   370.000000000000       -29.8456671219355     
   371.000000000000       -30.1994234645590     
   372.000000000000       -30.5538408303837     
   373.000000000000       -30.9089176285506     
   374.000000000000       -31.2646522750729     
   375.000000000000       -31.6210431894870     
   376.000000000000       -31.9780888028217     
   377.000000000000       -32.3357875445017     
   378.000000000000       -32.6941378564934     
   379.000000000000       -33.0531381944711     
   380.000000000000       -33.4127870110060     
   381.000000000000       -33.7730827635532     
   382.000000000000       -34.1340239312285     
   383.000000000000       -34.4956089840998     
   384.000000000000       -34.8578364025088     
   385.000000000000       -35.2207046859203     
   386.000000000000       -35.5842123202747     
   387.000000000000       -35.9483578170639     
   388.000000000000       -36.3131396822009     
   389.000000000000       -36.6785564282745     
   390.000000000000       -37.0446065822271     
   391.000000000000       -37.4112886748044     
   392.000000000000       -37.7786012364941     
   393.000000000000       -38.1465428128013     
   394.000000000000       -38.5151119504262     
   395.000000000000       -38.8843072022701     
   396.000000000000       -39.2541271303580     
   397.000000000000       -39.6245703020941     
   398.000000000000       -39.9956352943882     
   399.000000000000       -40.3673206786116     
   400.000000000000       -40.7396250457296     
   401.000000000000       -41.1125469865347     
   402.000000000000       -41.4860850955974     
   403.000000000000       -41.8602379777640     
   404.000000000000       -42.2350042475191     
   405.000000000000       -42.6103825114806     
   406.000000000000       -42.9863713968989     
   407.000000000000       -43.3629695314721     
   408.000000000000       -43.7401755434039     
   409.000000000000       -44.1179880757809     
   410.000000000000       -44.4964057721372     
   411.000000000000       -44.8754272812002     
   412.000000000000       -45.2550512594389     
   413.000000000000       -45.6352763717878     
   414.000000000000       -46.0161012796125     
   415.000000000000       -46.3975246606187     
   416.000000000000       -46.7795451896800     
   417.000000000000       -47.1621615536587     
   418.000000000000       -47.5453724425824     
   419.000000000000       -47.9291765504586     
   420.000000000000       -48.3135725741795     
   421.000000000000       -48.6985592234068     
   422.000000000000       -49.0841352059942     
   423.000000000000       -49.4702992414077     
   424.000000000000       -49.8570500529295     
   425.000000000000       -50.2443863595181     
   426.000000000000       -50.6323069032460     
   427.000000000000       -51.0208104153226     
   428.000000000000       -51.4098956415546     
   429.000000000000       -51.7995613268376     
   430.000000000000       -52.1898062257424     
   431.000000000000       -52.5806290976070     
   432.000000000000       -52.9720287020391     
   433.000000000000       -53.3640038119429     
   434.000000000000       -53.7565531975724     
   435.000000000000       -54.1496756356773     
   436.000000000000       -54.5433699108416     
   437.000000000000       -54.9376348103906     
   438.000000000000       -55.3324691273174     
   439.000000000000       -55.7278716618312     
   440.000000000000       -56.1238412161547     
   441.000000000000       -56.5203765910483     
   442.000000000000       -56.9174766072174     
   443.000000000000       -57.3151400779316     
   444.000000000000       -57.7133658233415     
   445.000000000000       -58.1121526739280     
   446.000000000000       -58.5114994582309     
   447.000000000000       -58.9114050112512     
   448.000000000000       -59.3118681714313     
   449.000000000000       -59.7128877910709     
   450.000000000000       -60.1144627094909     
   451.000000000000       -60.5165917894956     
   452.000000000000       -60.9192738877355     
   453.000000000000       -61.3225078634441     
   454.000000000000       -61.7262925859377     
   455.000000000000       -62.1306269271317     
   456.000000000000       -62.5355097643005     
   457.000000000000       -62.9409399816177     
   458.000000000000       -63.3469164556718     
   459.000000000000       -63.7534380833622     
   460.000000000000       -64.1605037558220     
   461.000000000000       -64.5681123678260     
   462.000000000000       -64.9762628298195     
   463.000000000000       -65.3849540402898     
   464.000000000000       -65.7941849153776     
   465.000000000000       -66.2039543691008     
   466.000000000000       -66.6142613198463     
   467.000000000000       -67.0251046896319     
   468.000000000000       -67.4364834095759     
   469.000000000000       -67.8483964059633     
   470.000000000000       -68.2608426222414     
   471.000000000000       -68.6738209896430     
   472.000000000000       -69.0873304617417     
   473.000000000000       -69.5013699756564     
   474.000000000000       -69.9159384902632     
   475.000000000000       -70.3310349607782     
   476.000000000000       -70.7466583462301     
   477.000000000000       -71.1628076115903     
   478.000000000000       -71.5794817219703     
   479.000000000000       -71.9966796497320     
   480.000000000000       -72.4144003697220     
   481.000000000000       -72.8326428632754     
   482.000000000000       -73.2514061128786     
   483.000000000000       -73.6706891049598     
   484.000000000000       -74.0904908311732     
   485.000000000000       -74.5108102842241     
   486.000000000000       -74.9316464678705     
   487.000000000000       -75.3529983765075     
   488.000000000000       -75.7748650164540     
   489.000000000000       -76.1972454027436     
   490.000000000000       -76.6201385458644     
   491.000000000000       -77.0435434644769     
   492.000000000000       -77.4674591737767     
   493.000000000000       -77.8918847008936     
   494.000000000000       -78.3168190721735     
   495.000000000000       -78.7422613216222     
   496.000000000000       -79.1682104818010     
   497.000000000000       -79.5946655925218     
   498.000000000000       -80.0216256916938     
   499.000000000000       -80.4490898274471     
   500.000000000000       -80.8770570497436     
   501.000000000000       -81.3055264117356     
   502.000000000000       -81.7344969631413     
   503.000000000000       -82.1639677677485     
   504.000000000000       -82.5939378845414     
   505.000000000000       -83.0244063855371     
   506.000000000000       -83.4553723359622     
   507.000000000000       -83.8868348059150     
   508.000000000000       -84.3187928746211     
   509.000000000000       -84.7512456236254     
   510.000000000000       -85.1841921307023     
   511.000000000000       -85.6176314823642     
   512.000000000000       -86.0515627733275     
   513.000000000000       -86.4859850882385     
   514.000000000000       -86.9208975283946     
   515.000000000000       -87.3562991893104     
   516.000000000000       -87.7921891760325     
   517.000000000000       -88.2285665906747     
   518.000000000000       -88.6654305448119     
   519.000000000000       -89.1027801455530     
   520.000000000000       -89.5406145105189     
   521.000000000000       -89.9789327593280     
   522.000000000000       -90.4177340109691     
   523.000000000000       -90.8570173896933     
   524.000000000000       -91.2967820210743     
   525.000000000000       -91.7370270386928     
   526.000000000000       -92.1777515719004     
   527.000000000000       -92.6189547604044     
   528.000000000000       -93.0606357411580     
   529.000000000000       -93.5027936549814     
   530.000000000000       -93.9454276509023     
   531.000000000000       -94.3885368752890     
   532.000000000000       -94.8321204815911     
   533.000000000000       -95.2761776191564     
   534.000000000000       -95.7207074480648     
   535.000000000000       -96.1657091273555     
   536.000000000000       -96.6111818230638     
   537.000000000000       -97.0571246958680     
   538.000000000000       -97.5035369165053     
   539.000000000000       -97.9504176590381     
   540.000000000000       -98.3977660915898     
   541.000000000000       -98.8455814002773     
   542.000000000000       -99.2938627564035     
   543.000000000000       -99.7426093433660     
   544.000000000000       -100.191820354517     
   545.000000000000       -100.641494969635     
   546.000000000000       -101.091632383212     
   547.000000000000       -101.542231788819     
   548.000000000000       -101.993292383908     
   549.000000000000       -102.444813363556     
   550.000000000000       -102.896793935259     
   551.000000000000       -103.349233301633     
   552.000000000000       -103.802130668337     
   553.000000000000       -104.255485245729     
   554.000000000000       -104.709296247471     
   555.000000000000       -105.163562887097     
   556.000000000000       -105.618284384127     
   557.000000000000       -106.073459957363     
   558.000000000000       -106.529088834483     
   559.000000000000       -106.985170233809     
   560.000000000000       -107.441703389268     
   561.000000000000       -107.898687527060     
   562.000000000000       -108.356121884735     
   563.000000000000       -108.814005696611     
   564.000000000000       -109.272338200270     
   565.000000000000       -109.731118634576     
   566.000000000000       -110.190346249699     
   567.000000000000       -110.650020285604     
   568.000000000000       -111.110139990011     
   569.000000000000       -111.570704618120     
   570.000000000000       -112.031713421726     
   571.000000000000       -112.493165652166     
   572.000000000000       -112.955060574612     
   573.000000000000       -113.417397442772     
   574.000000000000       -113.880175526760     
   575.000000000000       -114.343394083084     
   576.000000000000       -114.807052389369     
   577.000000000000       -115.271149706467     
   578.000000000000       -115.735685314827     
   579.000000000000       -116.200658484293     
   580.000000000000       -116.666068490758     
   581.000000000000       -117.131914616661     
   582.000000000000       -117.598196145747     
   583.000000000000       -118.064912357917     
   584.000000000000       -118.532062541464     
   585.000000000000       -118.999645982272     
   586.000000000000       -119.467661977495     
   587.000000000000       -119.936109815884     
   588.000000000000       -120.404988792223     
   589.000000000000       -120.874298203569     
   590.000000000000       -121.344037355593     
   591.000000000000       -121.814205545747     
   592.000000000000       -122.284802077367     
   593.000000000000       -122.755826260553     
   594.000000000000       -123.227277401693     
   595.000000000000       -123.699154811537     
   596.000000000000       -124.171457806773     
   597.000000000000       -124.644185695008     
   598.000000000000       -125.117337803429     
   599.000000000000       -125.590913443160     
   600.000000000000       -126.064911942674     
   601.000000000000       -126.539332620010     
   602.000000000000       -127.014174804368     
   603.000000000000       -127.489437824748     
   604.000000000000       -127.965121006371     
   605.000000000000       -128.441223684651     
   606.000000000000       -128.917745195129     
   607.000000000000       -129.394684870906     
   608.000000000000       -129.872042052335     
   609.000000000000       -130.349816083268     
   610.000000000000       -130.828006298190     
   611.000000000000       -131.306612048371     
   612.000000000000       -131.785632676434     
   613.000000000000       -132.265067532655     
   614.000000000000       -132.744915965555     
   615.000000000000       -133.225177329790     
   616.000000000000       -133.705850981529     
   617.000000000000       -134.186936271319     
   618.000000000000       -134.668432564293     
   619.000000000000       -135.150339215626     
   620.000000000000       -135.632655591671     
   621.000000000000       -136.115381050375     
   622.000000000000       -136.598514965091     
   623.000000000000       -137.082056703879     
   624.000000000000       -137.566005628491     
   625.000000000000       -138.050361121415     
   626.000000000000       -138.535122546255     
   627.000000000000       -139.020289286473     
   628.000000000000       -139.505860716497     
   629.000000000000       -139.991836217941     
   630.000000000000       -140.478215168925     
   631.000000000000       -140.964996955812     
   632.000000000000       -141.452180959033     
   633.000000000000       -141.939766568357     
   634.000000000000       -142.427753173193     
   635.000000000000       -142.916140164263     
   636.000000000000       -143.404926932541     
   637.000000000000       -143.894112870657     
   638.000000000000       -144.383697378948     
   639.000000000000       -144.873679849337     
   640.000000000000       -145.364059685431     
   641.000000000000       -145.854836288985     
   642.000000000000       -146.346009059289     
   643.000000000000       -146.837577405677     
   644.000000000000       -147.329540729832     
   645.000000000000       -147.821898442991     
   646.000000000000       -148.314649956159     
   647.000000000000       -148.807794681386     
   648.000000000000       -149.301332026567     
   649.000000000000       -149.795261410545     
   650.000000000000       -150.289582254125     
   651.000000000000       -150.784293967848     
   652.000000000000       -151.279395978479     
   653.000000000000       -151.774887706866     
   654.000000000000       -152.270768576011     
   655.000000000000       -152.767038006565     
   656.000000000000       -153.263695434758     
   657.000000000000       -153.760740280180     
   658.000000000000       -154.258171980760     
   659.000000000000       -154.755989960955     
   660.000000000000       -155.254193661734     
   661.000000000000       -155.752782512533     
   662.000000000000       -156.251755952795     
   663.000000000000       -156.751113420683     
   664.000000000000       -157.250854355036     
   665.000000000000       -157.750978200089     
   666.000000000000       -158.251484393972     
   667.000000000000       -158.752372387011     
   668.000000000000       -159.253641625721     
   669.000000000000       -159.755291553665     
   670.000000000000       -160.257321623878     
   671.000000000000       -160.759731285489     
   672.000000000000       -161.262519991007     
   673.000000000000       -161.765687197767     
   674.000000000000       -162.269232357761     
   675.000000000000       -162.773154929986     
   676.000000000000       -163.277454375318     
   677.000000000000       -163.782130150852     
   678.000000000000       -164.287181716456     
   679.000000000000       -164.792608540964     
   680.000000000000       -165.298410086845     
   681.000000000000       -165.804585819147     
   682.000000000000       -166.311135208176     
   683.000000000000       -166.818057721543     
   684.000000000000       -167.325352829310     
   685.000000000000       -167.833020008209     
   686.000000000000       -168.341058724807     
   687.000000000000       -168.849468460787     
   688.000000000000       -169.358248690332     
   689.000000000000       -169.867398891525     
   690.000000000000       -170.376918543341     
   691.000000000000       -170.886807131505     
   692.000000000000       -171.397064130728     
   693.000000000000       -171.907689027521     
   694.000000000000       -172.418681308824     
   695.000000000000       -172.930040463238     
   696.000000000000       -173.441765976568     
   697.000000000000       -173.953857335582     
   698.000000000000       -174.466314034067     
   699.000000000000       -174.979135565798     
   700.000000000000       -175.492321421603     
   701.000000000000       -176.005871101137     
   702.000000000000       -176.519784092652     
   703.000000000000       -177.034059900321     
   704.000000000000       -177.548698022907     
   705.000000000000       -178.063697960366     
   706.000000000000       -178.579059213436     
   707.000000000000       -179.094781283922     
   708.000000000000       -179.610863681148     
   709.000000000000       -180.127305907114     
   710.000000000000       -180.644107468030     
   711.000000000000       -181.161267878539     
   712.000000000000       -181.678786642442     
   713.000000000000       -182.196663275081     
   714.000000000000       -182.714897285216     
   715.000000000000       -183.233488190246     
   716.000000000000       -183.752435502709     
   717.000000000000       -184.271738741103     
   718.000000000000       -184.791397421781     
   719.000000000000       -185.311411062641     
   720.000000000000       -185.831779188255     
   721.000000000000       -186.352501314261     
   722.000000000000       -186.873576970916     
   723.000000000000       -187.395005672530     
   724.000000000000       -187.916786955084     
   725.000000000000       -188.438920336444     
   726.000000000000       -188.961405350517     
   727.000000000000       -189.484241521168     
   728.000000000000       -190.007428383004     
   729.000000000000       -190.530965468512     
   730.000000000000       -191.054852305835     
   731.000000000000       -191.579088432263     
   732.000000000000       -192.103673381949     
   733.000000000000       -192.628606689414     
   734.000000000000       -193.153887898137     
   735.000000000000       -193.679516541360     
   736.000000000000       -194.205492161855     
   737.000000000000       -194.731814298342     
   738.000000000000       -195.258482499747     
   739.000000000000       -195.785496300803     
   740.000000000000       -196.312855254018     
   741.000000000000       -196.840558899228     
   742.000000000000       -197.368606788667     
   743.000000000000       -197.896998469092     
   744.000000000000       -198.425733491673     
   745.000000000000       -198.954811404470     
   746.000000000000       -199.484231759023     
   747.000000000000       -200.013994107925     
   748.000000000000       -200.544098008882     
   749.000000000000       -201.074543016279     
   750.000000000000       -201.605328685207     
   751.000000000000       -202.136454572639     
   752.000000000000       -202.667920237011     
   753.000000000000       -203.199725242135     
   754.000000000000       -203.731869147225     
   755.000000000000       -204.264351513535     
   756.000000000000       -204.797171901337     
   757.000000000000       -205.330329880308     
   758.000000000000       -205.863825012384     
   759.000000000000       -206.397656868023     
   760.000000000000       -206.931825008851     
   761.000000000000       -207.466329009458     
   762.000000000000       -208.001168436811     
   763.000000000000       -208.536342861113     
   764.000000000000       -209.071851856548     
   765.000000000000       -209.607694995473     
   766.000000000000       -210.143871847336     
   767.000000000000       -210.680381995910     
   768.000000000000       -211.217225012319     
   769.000000000000       -211.754400475449     
   770.000000000000       -212.291907962230     
   771.000000000000       -212.829747053023     
   772.000000000000       -213.367917330517     
   773.000000000000       -213.906418368606     
   774.000000000000       -214.445249761688     
   775.000000000000       -214.984411082434     
   776.000000000000       -215.523901921544     
   777.000000000000       -216.063721862520     
   778.000000000000       -216.603870492916     
   779.000000000000       -217.144347403475     
   780.000000000000       -217.685152175025     
   781.000000000000       -218.226284406777     
   782.000000000000       -218.767743680797     
   783.000000000000       -219.309529597776     
   784.000000000000       -219.851641740690     
   785.000000000000       -220.394079713493     
   786.000000000000       -220.936843102136     
   787.000000000000       -221.479931506023     
   788.000000000000       -222.023344525220     
   789.000000000000       -222.567081754263     
   790.000000000000       -223.111142788046     
   791.000000000000       -223.655527235867     
   792.000000000000       -224.200234689411     
   793.000000000000       -224.745264753623     
   794.000000000000       -225.290617032322     
   795.000000000000       -225.836291129046     
   796.000000000000       -226.382286647640     
   797.000000000000       -226.928603192027     
   798.000000000000       -227.475240370695     
   799.000000000000       -228.022197791081     
   800.000000000000       -228.569475062021     
   801.000000000000       -229.117071792116     
   802.000000000000       -229.664987591554     
   803.000000000000       -230.213222071015     
   804.000000000000       -230.761774844457     
   805.000000000000       -231.310645520887     
   806.000000000000       -231.859833719536     
   807.000000000000       -232.409339053251     
   808.000000000000       -232.959161134051     
   809.000000000000       -233.509299585006     
   810.000000000000       -234.059754023798     
   811.000000000000       -234.610524062431     
   812.000000000000       -235.161609326351     
   813.000000000000       -235.713009432271     
   814.000000000000       -236.264724004817     
   815.000000000000       -236.816752663894     
   816.000000000000       -237.369095035065     
   817.000000000000       -237.921750739297     
   818.000000000000       -238.474719402784     
   819.000000000000       -239.028000651000     
   820.000000000000       -239.581594111391     
   821.000000000000       -240.135499411808     
   822.000000000000       -240.689716182078     
   823.000000000000       -241.244244047666     
   824.000000000000       -241.799082639591     
   825.000000000000       -242.354231588775     
   826.000000000000       -242.909690532360     
   827.000000000000       -243.465459094943     
   828.000000000000       -244.021536916298     
   829.000000000000       -244.577923629771     
   830.000000000000       -245.134618865679     
   831.000000000000       -245.691622269198     
   832.000000000000       -246.248933469677     
   833.000000000000       -246.806552109229     
   834.000000000000       -247.364477824649     
   835.000000000000       -247.922710256338     
   836.000000000000       -248.481249042801     
   837.000000000000       -249.040093829215     
   838.000000000000       -249.599244254554     
   839.000000000000       -250.158699962805     
   840.000000000000       -250.718460593303     
   841.000000000000       -251.278525798371     
   842.000000000000       -251.838895221201     
   843.000000000000       -252.399568503231     
   844.000000000000       -252.960545296959     
   845.000000000000       -253.521825245483     
   846.000000000000       -254.083408002913     
   847.000000000000       -254.645293214126     
   848.000000000000       -255.207480527795     
   849.000000000000       -255.769969602803     
   850.000000000000       -256.332760083158     
   851.000000000000       -256.895851624853     
   852.000000000000       -257.459243881087     
   853.000000000000       -258.022936502377     
   854.000000000000       -258.586929152756     
   855.000000000000       -259.151221477314     
   856.000000000000       -259.715813140145     
   857.000000000000       -260.280703797071     
   858.000000000000       -260.845893102054     
   859.000000000000       -261.411380717749     
   860.000000000000       -261.977166302680     
   861.000000000000       -262.543249519545     
   862.000000000000       -263.109630027309     
   863.000000000000       -263.676307486272     
   864.000000000000       -264.243281561288     
   865.000000000000       -264.810551916009     
   866.000000000000       -265.378118215231     
   867.000000000000       -265.945980121720     
   868.000000000000       -266.514137301747     
   869.000000000000       -267.082589423117     
   870.000000000000       -267.651336150771     
   871.000000000000       -268.220377155623     
   872.000000000000       -268.789712104215     
   873.000000000000       -269.359340666022     
   874.000000000000       -269.929262512203     
   875.000000000000       -270.499477313217     
   876.000000000000       -271.069984739646     
   877.000000000000       -271.640784463765     
   878.000000000000       -272.211876162841     
   879.000000000000       -272.783259503914     
   880.000000000000       -273.354934168463     
   881.000000000000       -273.926899827056     
   882.000000000000       -274.499156156744     
   883.000000000000       -275.071702833211     
   884.000000000000       -275.644539535777     
   885.000000000000       -276.217665943375     
   886.000000000000       -276.791081731037     
   887.000000000000       -277.364786579281     
   888.000000000000       -277.938780173001     
   889.000000000000       -278.513062187460     
   890.000000000000       -279.087632305822     
   891.000000000000       -279.662490210470     
   892.000000000000       -280.237635582944     
   893.000000000000       -280.813068113141     
   894.000000000000       -281.388787477346     
   895.000000000000       -281.964793366227     
   896.000000000000       -282.541085461984     
   897.000000000000       -283.117663454275     
   898.000000000000       -283.694527027230     
   899.000000000000       -284.271675870408     
   900.000000000000       -284.849109670926     
   901.000000000000       -285.426828118256     
   902.000000000000       -286.004830902741     
   903.000000000000       -286.583117716622     
   904.000000000000       -287.161688245400     
   905.000000000000       -287.740542186795     
   906.000000000000       -288.319679233107     
   907.000000000000       -288.899099072052     
   908.000000000000       -289.478801401496     
   909.000000000000       -290.058785916732     
   910.000000000000       -290.639052310085     
   911.000000000000       -291.219600278204     
   912.000000000000       -291.800429518622     
   913.000000000000       -292.381539724927     
   914.000000000000       -292.962930599118     
   915.000000000000       -293.544601836657     
   916.000000000000       -294.126553138241     
   917.000000000000       -294.708784203845     
   918.000000000000       -295.291294731840     
   919.000000000000       -295.874084423445     
   920.000000000000       -296.457152982330     
   921.000000000000       -297.040500105621     
   922.000000000000       -297.624125503811     
   923.000000000000       -298.208028873658     
   924.000000000000       -298.792209919229     
   925.000000000000       -299.376668349774     
   926.000000000000       -299.961403869926     
   927.000000000000       -300.546416181696     
   928.000000000000       -301.131704992884     
   929.000000000000       -301.717270011453     
   930.000000000000       -302.303110947996     
   931.000000000000       -302.889227506643     
   932.000000000000       -303.475619395784     
   933.000000000000       -304.062286329718     
   934.000000000000       -304.649228012888     
   935.000000000000       -305.236444161492     
   936.000000000000       -305.823934485325     
   937.000000000000       -306.411698694123     
   938.000000000000       -306.999736501384     
   939.000000000000       -307.588047621397     
   940.000000000000       -308.176631767648     
   941.000000000000       -308.765488653760     
   942.000000000000       -309.354617994239     
   943.000000000000       -309.944019506955     
   944.000000000000       -310.533692905919     
   945.000000000000       -311.123637907363     
   946.000000000000       -311.713854232636     
   947.000000000000       -312.304341596078     
   948.000000000000       -312.895099716654     
   949.000000000000       -313.486128311888     
   950.000000000000       -314.077427105065     
   951.000000000000       -314.668995814765     
   952.000000000000       -315.260834163400     
   953.000000000000       -315.852941868205     
   954.000000000000       -316.445318653587     
   955.000000000000       -317.037964240062     
   956.000000000000       -317.630878353528     
   957.000000000000       -318.224060717006     
   958.000000000000       -318.817511054829     
   959.000000000000       -319.411229091249     
   960.000000000000       -320.005214551082     
   961.000000000000       -320.599467162479     
   962.000000000000       -321.193986647562     
   963.000000000000       -321.788772737662     
   964.000000000000       -322.383825158126     
   965.000000000000       -322.979143633969     
   966.000000000000       -323.574727901083     
   967.000000000000       -324.170577683446     
   968.000000000000       -324.766692713580     
   969.000000000000       -325.363072717631     
   970.000000000000       -325.959717432987     
   971.000000000000       -326.556626582860     
   972.000000000000       -327.153799905580     
   973.000000000000       -327.751237132838     
   974.000000000000       -328.348937992250     
   975.000000000000       -328.946902224034     
   976.000000000000       -329.545129561146     
   977.000000000000       -330.143619733688     
   978.000000000000       -330.742372481574     
   979.000000000000       -331.341387539102     
   980.000000000000       -331.940664637561     
   981.000000000000       -332.540203523145     
   982.000000000000       -333.140003925160     
   983.000000000000       -333.740065584632     
   984.000000000000       -334.340388240384     
   985.000000000000       -334.940971626987     
   986.000000000000       -335.541815489039     
   987.000000000000       -336.142919566864     
   988.000000000000       -336.744283593853     
   989.000000000000       -337.345907316456     
   990.000000000000       -337.947790474806     
   991.000000000000       -338.549932809481     
   992.000000000000       -339.152334066723     
   993.000000000000       -339.754993984825     
   994.000000000000       -340.357912310214     
   995.000000000000       -340.961088785691     
   996.000000000000       -341.564523155859     
   997.000000000000       -342.168215164329     
   998.000000000000       -342.772164557955     
   999.000000000000       -343.376371081678     
   1000.00000000000       -343.980834483293     
   1001.00000000000       -344.585554507757     
   1002.00000000000       -345.190530904718     
   1003.00000000000       -345.795763422364     
   1004.00000000000       -346.401251804815     
   1005.00000000000       -347.006995807653     
   1006.00000000000       -347.612995174470     
   1007.00000000000       -348.219249656075     
   1008.00000000000       -348.825759003634     
   1009.00000000000       -349.432522968156     
   1010.00000000000       -350.039541301616     
   1011.00000000000       -350.646813756226     
   1012.00000000000       -351.254340080544     
   1013.00000000000       -351.862120029633     
   1014.00000000000       -352.470153360933     
   1015.00000000000       -353.078439820169     
   1016.00000000000       -353.686979166872     
   1017.00000000000       -354.295771154892     
   1018.00000000000       -354.904815537844     
   1019.00000000000       -355.514112071945     
   1020.00000000000       -356.123660511876     
   1021.00000000000       -356.733460620297     
   1022.00000000000       -357.343512146657     
   1023.00000000000       -357.953814850884     
   1024.00000000000       -358.564368490799     
   1025.00000000000       -359.175172826996     
   1026.00000000000       -359.786227617875     
   1027.00000000000       -360.397532619270     
   1028.00000000000       -361.009087596049     
   1029.00000000000       -361.620892303697     
   1030.00000000000       -362.232946503700     
   1031.00000000000       -362.845249958944     
   1032.00000000000       -363.457802431290     
   1033.00000000000       -364.070603684395     
   1034.00000000000       -364.683653473083     
   1035.00000000000       -365.296951568969     
   1036.00000000000       -365.910497732191     
   1037.00000000000       -366.524291722202     
   1038.00000000000       -367.138333311847     
   1039.00000000000       -367.752622258511     
   1040.00000000000       -368.367158331585     
   1041.00000000000       -368.981941295828     
   1042.00000000000       -369.596970916700     
   1043.00000000000       -370.212246959181     
   1044.00000000000       -370.827769192030     
   1045.00000000000       -371.443537383078     
   1046.00000000000       -372.059551301725     
   1047.00000000000       -372.675810711509     
   1048.00000000000       -373.292315381335     
   1049.00000000000       -373.909065083881     
   1050.00000000000       -374.526059590244     
   1051.00000000000       -375.143298665636     
   1052.00000000000       -375.760782082489     
   1053.00000000000       -376.378509610480     
   1054.00000000000       -376.996481022888     
   1055.00000000000       -377.614696088509     
   1056.00000000000       -378.233154581536     
   1057.00000000000       -378.851856273570     
   1058.00000000000       -379.470800941592     
   1059.00000000000       -380.089988353535     
   1060.00000000000       -380.709418284179     
   1061.00000000000       -381.329090508480     
   1062.00000000000       -381.949004801463     
   1063.00000000000       -382.569160941053     
   1064.00000000000       -383.189558697490     
   1065.00000000000       -383.810197845702     
   1066.00000000000       -384.431078168036     
   1067.00000000000       -385.052199440088     
   1068.00000000000       -385.673561434032     
   1069.00000000000       -386.295163931907     
   1070.00000000000       -386.917006710519     
   1071.00000000000       -387.539089546324     
   1072.00000000000       -388.161412219692     
   1073.00000000000       -388.783974510709     
   1074.00000000000       -389.406776196192     
   1075.00000000000       -390.029817058232     
   1076.00000000000       -390.653096876209     
   1077.00000000000       -391.276615431310     
   1078.00000000000       -391.900372507287     
   1079.00000000000       -392.524367878974     
   1080.00000000000       -393.148601333905     
   1081.00000000000       -393.773072654596     
   1082.00000000000       -394.397781621996     
   1083.00000000000       -395.022728017051     
   1084.00000000000       -395.647911624594     
   1085.00000000000       -396.273332234116     
   1086.00000000000       -396.898989622416     
   1087.00000000000       -397.524883575134     
   1088.00000000000       -398.151013882816     
   1089.00000000000       -398.777380322874     
   1090.00000000000       -399.403982691329     
   1091.00000000000       -400.030820765780     
   1092.00000000000       -400.657894333322     
   1093.00000000000       -401.285203185322     
   1094.00000000000       -401.912747110051     
   1095.00000000000       -402.540525890290     
   1096.00000000000       -403.168539315080     
   1097.00000000000       -403.796787177391     
   1098.00000000000       -404.425269259893     
   1099.00000000000       -405.053985355386     
   1100.00000000000       -405.682935253539     
   1101.00000000000       -406.312118744459     
   1102.00000000000       -406.941535617574     
   1103.00000000000       -407.571185666875     
   1104.00000000000       -408.201068678416     
   1105.00000000000       -408.831184443625     
   1106.00000000000       -409.461532760302     
   1107.00000000000       -410.092113415834     
   1108.00000000000       -410.722926204729     
   1109.00000000000       -411.353970919496     
   1110.00000000000       -411.985247353921     
   1111.00000000000       -412.616755301613     
   1112.00000000000       -413.248494556658     
   1113.00000000000       -413.880464913989     
   1114.00000000000       -414.512666167397     
   1115.00000000000       -415.145098109126     
   1116.00000000000       -415.777760541780     
   1117.00000000000       -416.410653255021     
   1118.00000000000       -417.043776051789     
   1119.00000000000       -417.677128721814     
   1120.00000000000       -418.310711062353     
   1121.00000000000       -418.944522876736     
   1122.00000000000       -419.578563956296     
   1123.00000000000       -420.212834104364     
   1124.00000000000       -420.847333117592     
   1125.00000000000       -421.482060793125     
   1126.00000000000       -422.117016929442     
   1127.00000000000       -422.752201329437     
   1128.00000000000       -423.387613787949     
   1129.00000000000       -424.023254111911     
   1130.00000000000       -424.659122097117     
   1131.00000000000       -425.295217545630     
   1132.00000000000       -425.931540256301     
   1133.00000000000       -426.568090035587     
   1134.00000000000       -427.204866678774     
   1135.00000000000       -427.841869994227     
   1136.00000000000       -428.479099784658     
   1137.00000000000       -429.116555848916     
   1138.00000000000       -429.754237991001     
   1139.00000000000       -430.392146015678     
   1140.00000000000       -431.030279726023     
   1141.00000000000       -431.668638926101     
   1142.00000000000       -432.307223422045     
   1143.00000000000       -432.946033019849     
   1144.00000000000       -433.585067520624     
   1145.00000000000       -434.224326733238     
   1146.00000000000       -434.863810462375     
   1147.00000000000       -435.503518516787     
   1148.00000000000       -436.143450700140     
   1149.00000000000       -436.783606817648     
   1150.00000000000       -437.423986682639     
   1151.00000000000       -438.064590097303     
   1152.00000000000       -438.705416870042     
   1153.00000000000       -439.346466813069     
   1154.00000000000       -439.987739731187     
   1155.00000000000       -440.629235435095     
   1156.00000000000       -441.270953735177     
   1157.00000000000       -441.912894437053     
   1158.00000000000       -442.555057353027     
   1159.00000000000       -443.197442292003     
   1160.00000000000       -443.840049070881     
   1161.00000000000       -444.482877488699     
   1162.00000000000       -445.125927369321     
   1163.00000000000       -445.769198514274     
   1164.00000000000       -446.412690740064     
   1165.00000000000       -447.056403858434     
   1166.00000000000       -447.700337681592     
   1167.00000000000       -448.344492021133     
   1168.00000000000       -448.988866692329     
   1169.00000000000       -449.633461507445     
   1170.00000000000       -450.278276280813     
   1171.00000000000       -450.923310823295     
   1172.00000000000       -451.568564954054     
   1173.00000000000       -452.214038484766     
   1174.00000000000       -452.859731231176     
   1175.00000000000       -453.505643007054     
   1176.00000000000       -454.151773632322     
   1177.00000000000       -454.798122917673     
   1178.00000000000       -455.444690681201     
   1179.00000000000       -456.091476742346     
   1180.00000000000       -456.738480912689     
   1181.00000000000       -457.385703012842     
   1182.00000000000       -458.033142859131     
   1183.00000000000       -458.680800271017     
   1184.00000000000       -459.328675061144     
   1185.00000000000       -459.976767053202     
   1186.00000000000       -460.625076067990     
   1187.00000000000       -461.273601916990     
   1188.00000000000       -461.922344423438     
   1189.00000000000       -462.571303406403     
   1190.00000000000       -463.220478688127     
   1191.00000000000       -463.869870084920     
   1192.00000000000       -464.519477418544     
   1193.00000000000       -465.169300511254     
   1194.00000000000       -465.819339180256     
   1195.00000000000       -466.469593252921     
   1196.00000000000       -467.120062546484     
   1197.00000000000       -467.770746881251     
   1198.00000000000       -468.421646083640     
   1199.00000000000       -469.072759975548     
   1200.00000000000       -469.724088375762     
   1201.00000000000       -470.375631112933     
   1202.00000000000       -471.027388005197     
   1203.00000000000       -471.679358881207     
   1204.00000000000       -472.331543560562     
   1205.00000000000       -472.983941870101     
   1206.00000000000       -473.636553633216     
   1207.00000000000       -474.289378675858     
   1208.00000000000       -474.942416819678     
   1209.00000000000       -475.595667895235     
   1210.00000000000       -476.249131723154     
   1211.00000000000       -476.902808132967     
   1212.00000000000       -477.556696951215     
   1213.00000000000       -478.210798000771     
   1214.00000000000       -478.865111110361     
   1215.00000000000       -479.519636108867     
   1216.00000000000       -480.174372823458     
   1217.00000000000       -480.829321075536     
   1218.00000000000       -481.484480702093     
   1219.00000000000       -482.139851526277     
   1220.00000000000       -482.795433374115     
   1221.00000000000       -483.451226082077     
   1222.00000000000       -484.107229471847     
   1223.00000000000       -484.763443375079     
   1224.00000000000       -485.419867623386     
   1225.00000000000       -486.076502041469     
   1226.00000000000       -486.733346468252     
   1227.00000000000       -487.390400725148     
   1228.00000000000       -488.047664647442     
   1229.00000000000       -488.705138062753     
   1230.00000000000       -489.362820807539     
   1231.00000000000       -490.020712710095     
   1232.00000000000       -490.678813601531     
   1233.00000000000       -491.337123316953     
   1234.00000000000       -491.995641681613     
   1235.00000000000       -492.654368535892     
   1236.00000000000       -493.313303709976     
   1237.00000000000       -493.972447035827     
   1238.00000000000       -494.631798348077     
   1239.00000000000       -495.291357480361     
   1240.00000000000       -495.951124265535     
   1241.00000000000       -496.611098537542     
   1242.00000000000       -497.271280131768     
   1243.00000000000       -497.931668881050     
   1244.00000000000       -498.592264623388     
   1245.00000000000       -499.253067189311     
   1246.00000000000       -499.914076421512     
   1247.00000000000       -500.575292148780     
   1248.00000000000       -501.236714210507     
   1249.00000000000       -501.898342442888     
   1250.00000000000       -502.560176683641     
   1251.00000000000       -503.222216766473     
   1252.00000000000       -503.884462527785     
   1253.00000000000       -504.546913807579     
   1254.00000000000       -505.209570442821     
   1255.00000000000       -505.872432270182     
   1256.00000000000       -506.535499126738     
   1257.00000000000       -507.198770854695     
   1258.00000000000       -507.862247291741     
   1259.00000000000       -508.525928271811     
   1260.00000000000       -509.189813640121     
   1261.00000000000       -509.853903231407     
   1262.00000000000       -510.518196887817     
   1263.00000000000       -511.182694446616     
   1264.00000000000       -511.847395751116     
   1265.00000000000       -512.512300639857     
   1266.00000000000       -513.177408953336     
   1267.00000000000       -513.842720533343     
   1268.00000000000       -514.508235221838     
   1269.00000000000       -515.173952854886     
   1270.00000000000       -515.839873278150     
   1271.00000000000       -516.505996334279     
   1272.00000000000       -517.172321864680     
   1273.00000000000       -517.838849707972     
   1274.00000000000       -518.505579711811     
   1275.00000000000       -519.172511715224     
   1276.00000000000       -519.839645564673     
   1277.00000000000       -520.506981099767     
   1278.00000000000       -521.174518168053     
   1279.00000000000       -521.842256608259     
   1280.00000000000       -522.510196266951     
   1281.00000000000       -523.178336988894     
   1282.00000000000       -523.846678616086     
   1283.00000000000       -524.515220996756     
   1284.00000000000       -525.183963974938     
   1285.00000000000       -525.852907394546     
   1286.00000000000       -526.522051100197     
   1287.00000000000       -527.191394940972     
   1288.00000000000       -527.860938760234     
   1289.00000000000       -528.530682400924     
   1290.00000000000       -529.200625715152     
   1291.00000000000       -529.870768547888     
   1292.00000000000       -530.541110747923     
   1293.00000000000       -531.211652154561     
   1294.00000000000       -531.882392624400     
   1295.00000000000       -532.553331996707     
   1296.00000000000       -533.224470124733     
   1297.00000000000       -533.895806856715     
   1298.00000000000       -534.567342040275     
   1299.00000000000       -535.239075519894     
   1300.00000000000       -535.911007145660     
   1301.00000000000       -536.583136772919     
   1302.00000000000       -537.255464241462     
   1303.00000000000       -537.927989407130     
   1304.00000000000       -538.600712118547     
   1305.00000000000       -539.273632220502     
   1306.00000000000       -539.946749569674     
   1307.00000000000       -540.620064014598     
   1308.00000000000       -541.293575403317     
   1309.00000000000       -541.967283586673     
   1310.00000000000       -542.641188421403     
   1311.00000000000       -543.315289750622     
   1312.00000000000       -543.989587430078     
   1313.00000000000       -544.664081309100     
   1314.00000000000       -545.338771244598     
   1315.00000000000       -546.013657084215     
   1316.00000000000       -546.688738676778     
   1317.00000000000       -547.364015885731     
   1318.00000000000       -548.039488552080     
   1319.00000000000       -548.715156537888     
   1320.00000000000       -549.391019690716     
   1321.00000000000       -550.067077863649     
   1322.00000000000       -550.743330914185     
   1323.00000000000       -551.419778694006     
   1324.00000000000       -552.096421060676     
   1325.00000000000       -552.773257859932     
   1326.00000000000       -553.450288955282     
   1327.00000000000       -554.127514197418     
   1328.00000000000       -554.804933438856     
   1329.00000000000       -555.482546538522     
   1330.00000000000       -556.160353354309     
   1331.00000000000       -556.838353731982     
   1332.00000000000       -557.516547539650     
   1333.00000000000       -558.194934623425     
   1334.00000000000       -558.873514841602     
   1335.00000000000       -559.552288054314     
   1336.00000000000       -560.231254116181     
   1337.00000000000       -560.910412886595     
   1338.00000000000       -561.589764216609     
   1339.00000000000       -562.269307969102     
   1340.00000000000       -562.949043995766     
   1341.00000000000       -563.628972159670     
   1342.00000000000       -564.309092317926     
   1343.00000000000       -564.989404327949     
   1344.00000000000       -565.669908045937     
   1345.00000000000       -566.350603332547     
   1346.00000000000       -567.031490045039     
   1347.00000000000       -567.712568044357     
   1348.00000000000       -568.393837191303     
   1349.00000000000       -569.075297338328     
   1350.00000000000       -569.756948350412     
   1351.00000000000       -570.438790087632     
   1352.00000000000       -571.120822407334     
   1353.00000000000       -571.803045172870     
   1354.00000000000       -572.485458240888     
   1355.00000000000       -573.168061475022     
   1356.00000000000       -573.850854732162     
   1357.00000000000       -574.533837878727     
   1358.00000000000       -575.217010772700     
