  0.000000000000000E+000   15.0860413643624     
   1.00000000000000        15.0860405884843     
   2.00000000000000        15.0860383618395     
   3.00000000000000        15.0860376231586     
   4.00000000000000        15.0860354438656     
   5.00000000000000        15.0860347418403     
   6.00000000000000        15.0860326794456     
   7.00000000000000        15.0860320304339     
   8.00000000000000        15.0860301886341     
   9.00000000000000        15.0860296778284     
   10.0000000000000        15.0860292972627     
   11.0000000000000        15.0860280161696     
   12.0000000000000        15.0860280702061     
   13.0000000000000        15.0860284462606     
   14.0000000000000        15.0860304351204     
   15.0000000000000        15.0860329797924     
   16.0000000000000        15.0860367050464     
   17.0000000000000        15.0860418196527     
   18.0000000000000        15.0860485433978     
   19.0000000000000        15.0860571061119     
   20.0000000000000        15.0860677431855     
   21.0000000000000        15.0860806936150     
   22.0000000000000        15.0860961964481     
   23.0000000000000        15.0861144889538     
   24.0000000000000        15.0861358040663     
   25.0000000000000        15.0861603691699     
   26.0000000000000        15.0861884047555     
   27.0000000000000        15.0862201227943     
   28.0000000000000        15.0862557269890     
   29.0000000000000        15.0862954104782     
   30.0000000000000        15.0863393586589     
   31.0000000000000        15.0863877447672     
   32.0000000000000        15.0864407346671     
   33.0000000000000        15.0864984832453     
   34.0000000000000        15.0865611362077     
   35.0000000000000        15.0866288283567     
   36.0000000000000        15.0867016889072     
   37.0000000000000        15.0867798351568     
   38.0000000000000        15.0868633762750     
   39.0000000000000        15.0869524135637     
   40.0000000000000        15.0870470408169     
   41.0000000000000        15.0871473422799     
   42.0000000000000        15.0872533948809     
   43.0000000000000        15.0873652675941     
   44.0000000000000        15.0874830251355     
   45.0000000000000        15.0876067202583     
   46.0000000000000        15.0877364019931     
   47.0000000000000        15.0878721123660     
   48.0000000000000        15.0880138850093     
   49.0000000000000        15.0881617511852     
   50.0000000000000        15.0883157307812     
   51.0000000000000        15.0884758423854     
   52.0000000000000        15.0886420966813     
   53.0000000000000        15.0888145008778     
   54.0000000000000        15.0889930540244     
   55.0000000000000        15.0891777530013     
   56.0000000000000        15.0893685879148     
   57.0000000000000        15.0895655474734     
   58.0000000000000        15.0897686122290     
   59.0000000000000        15.0899777606411     
   60.0000000000000        15.0901929676653     
   61.0000000000000        15.0904142052615     
   62.0000000000000        15.0906414424477     
   63.0000000000000        15.0908746376020     
   64.0000000000000        15.0911137585646     
   65.0000000000000        15.0913587625411     
   66.0000000000000        15.0916096046263     
   67.0000000000000        15.0918662399112     
   68.0000000000000        15.0921286183890     
   69.0000000000000        15.0923966935099     
   70.0000000000000        15.0926704101510     
   71.0000000000000        15.0929497144792     
   72.0000000000000        15.0932345540273     
   73.0000000000000        15.0935248695437     
   74.0000000000000        15.0938206051192     
   75.0000000000000        15.0941217008064     
   76.0000000000000        15.0944280989460     
   77.0000000000000        15.0947397372919     
   78.0000000000000        15.0950565535531     
   79.0000000000000        15.0953784875209     
   80.0000000000000        15.0957054763275     
   81.0000000000000        15.0960374595518     
   82.0000000000000        15.0963743722806     
   83.0000000000000        15.0967161520106     
   84.0000000000000        15.0970627330985     
   85.0000000000000        15.0974140606435     
   86.0000000000000        15.0977700603979     
   87.0000000000000        15.0981306760415     
   88.0000000000000        15.0984958432369     
   89.0000000000000        15.0988655002369     
   90.0000000000000        15.0992395839239     
   91.0000000000000        15.0996180301695     
   92.0000000000000        15.1000007796852     
   93.0000000000000        15.1003877724241     
   94.0000000000000        15.1007789464881     
   95.0000000000000        15.1011742362037     
   96.0000000000000        15.1015735926709     
   97.0000000000000        15.1019769456259     
   98.0000000000000        15.1023842452528     
   99.0000000000000        15.1027954244011     
   100.000000000000        15.1032104400343     
   101.000000000000        15.1036292171804     
   102.000000000000        15.1040517105474     
   103.000000000000        15.1044778678793     
   104.000000000000        15.1049076246942     
   105.000000000000        15.1053409300357     
   106.000000000000        15.1057777348455     
   107.000000000000        15.1062179800029     
   108.000000000000        15.1066616248532     
   109.000000000000        15.1071086028663     
   110.000000000000        15.1075588718387     
   111.000000000000        15.1080123816788     
   112.000000000000        15.1084690797443     
   113.000000000000        15.1089289248368     
   114.000000000000        15.1093918662720     
   115.000000000000        15.1098578495073     
   116.000000000000        15.1103268338044     
   117.000000000000        15.1107987796415     
   118.000000000000        15.1112736327373     
   119.000000000000        15.1117513538841     
   120.000000000000        15.1122318991988     
   121.000000000000        15.1127152275447     
   122.000000000000        15.1132012868679     
   123.000000000000        15.1136900523972     
   124.000000000000        15.1141814712945     
   125.000000000000        15.1146755057028     
   126.000000000000        15.1151721174165     
   127.000000000000        15.1156712653897     
   128.000000000000        15.1161729193904     
   129.000000000000        15.1166770347598     
   130.000000000000        15.1171835765383     
   131.000000000000        15.1176925070394     
   132.000000000000        15.1182037929349     
   133.000000000000        15.1187174004724     
   134.000000000000        15.1192332937829     
   135.000000000000        15.1197514314336     
   136.000000000000        15.1202717968293     
   137.000000000000        15.1207943420033     
   138.000000000000        15.1213190451629     
   139.000000000000        15.1218458658690     
   140.000000000000        15.1223747837934     
   141.000000000000        15.1229057561833     
   142.000000000000        15.1234387621513     
   143.000000000000        15.1239737677595     
   144.000000000000        15.1245107540125     
   145.000000000000        15.1250496741822     
   146.000000000000        15.1255905142093     
   147.000000000000        15.1261332439171     
   148.000000000000        15.1266778403711     
   149.000000000000        15.1272242671666     
   150.000000000000        15.1277725053954     
   151.000000000000        15.1283225260923     
   152.000000000000        15.1288743063770     
   153.000000000000        15.1294278208769     
   154.000000000000        15.1299830461662     
   155.000000000000        15.1305399617636     
   156.000000000000        15.1310985367494     
   157.000000000000        15.1316587524663     
   158.000000000000        15.1322205813627     
   159.000000000000        15.1327840135858     
   160.000000000000        15.1333490101824     
   161.000000000000        15.1339155650190     
   162.000000000000        15.1344836454569     
   163.000000000000        15.1350532375075     
   164.000000000000        15.1356243194802     
   165.000000000000        15.1361968776160     
   166.000000000000        15.1367708776254     
   167.000000000000        15.1373463103872     
   168.000000000000        15.1379231501165     
   169.000000000000        15.1385013898622     
   170.000000000000        15.1390810018843     
   171.000000000000        15.1396619676590     
   172.000000000000        15.1402442809147     
   173.000000000000        15.1408279049146     
   174.000000000000        15.1414128345757     
   175.000000000000        15.1419990567933     
   176.000000000000        15.1425865450756     
   177.000000000000        15.1431752921679     
   178.000000000000        15.1437652732452     
   179.000000000000        15.1443564732883     
   180.000000000000        15.1449488805211     
   181.000000000000        15.1455424898620     
   182.000000000000        15.1461372654592     
   183.000000000000        15.1467332080868     
   184.000000000000        15.1473302995905     
   185.000000000000        15.1479285196823     
   186.000000000000        15.1485278604728     
   187.000000000000        15.1491283106585     
   188.000000000000        15.1497298430351     
   189.000000000000        15.1503324622622     
   190.000000000000        15.1509361424809     
   191.000000000000        15.1515408771326     
   192.000000000000        15.1521466474790     
   193.000000000000        15.1527534504201     
   194.000000000000        15.1533612621965     
   195.000000000000        15.1539700784301     
   196.000000000000        15.1545798878014     
   197.000000000000        15.1551906719106     
   198.000000000000        15.1558024285216     
   199.000000000000        15.1564151348119     
   200.000000000000        15.1570287917230     
   201.000000000000        15.1576433776818     
   202.000000000000        15.1582588889384     
   203.000000000000        15.1588753079802     
   204.000000000000        15.1594926370800     
   205.000000000000        15.1601108532277     
   206.000000000000        15.1607299490588     
   207.000000000000        15.1613499170317     
   208.000000000000        15.1619707477083     
   209.000000000000        15.1625924261325     
   210.000000000000        15.1632149508850     
   211.000000000000        15.1638383060251     
   212.000000000000        15.1644624871874     
   213.000000000000        15.1650874738727     
   214.000000000000        15.1657132761166     
   215.000000000000        15.1663398673202     
   216.000000000000        15.1669672513639     
   217.000000000000        15.1675954107064     
   218.000000000000        15.1682243412071     
   219.000000000000        15.1688540384710     
   220.000000000000        15.1694844866594     
   221.000000000000        15.1701156809473     
   222.000000000000        15.1707476099279     
   223.000000000000        15.1713802746560     
   224.000000000000        15.1720136507379     
   225.000000000000        15.1726477556839     
   226.000000000000        15.1732825593639     
   227.000000000000        15.1739180649606     
   228.000000000000        15.1745542657930     
   229.000000000000        15.1751911471638     
   230.000000000000        15.1758287078935     
   231.000000000000        15.1764669438547     
   232.000000000000        15.1771058404610     
   233.000000000000        15.1777453932914     
   234.000000000000        15.1783856008137     
   235.000000000000        15.1790264534496     
   236.000000000000        15.1796679419396     
   237.000000000000        15.1803100594505     
   238.000000000000        15.1809528086855     
   239.000000000000        15.1815961687721     
   240.000000000000        15.1822401526433     
   241.000000000000        15.1828847354997     
   242.000000000000        15.1835299165839     
   243.000000000000        15.1841756986722     
   244.000000000000        15.1848220699014     
   245.000000000000        15.1854690225596     
   246.000000000000        15.1861165502157     
   247.000000000000        15.1867646566662     
   248.000000000000        15.1874133236491     
   249.000000000000        15.1880625577744     
   250.000000000000        15.1887123447529     
   251.000000000000        15.1893626853680     
   252.000000000000        15.1900135690889     
   253.000000000000        15.1906649964307     
   254.000000000000        15.1913169508682     
   255.000000000000        15.1919694485841     
   256.000000000000        15.1926224622241     
   257.000000000000        15.1932760026591     
   258.000000000000        15.1939300569379     
   259.000000000000        15.1945846242498     
   260.000000000000        15.1952396946510     
   261.000000000000        15.1958952679731     
   262.000000000000        15.1965513370473     
   263.000000000000        15.1972079077644     
   264.000000000000        15.1978649610675     
   265.000000000000        15.1985225009605     
   266.000000000000        15.1991805203743     
   267.000000000000        15.1998390105654     
   268.000000000000        15.2004979786474     
   269.000000000000        15.2011574142120     
   270.000000000000        15.2018173131116     
   271.000000000000        15.2024776744532     
   272.000000000000        15.2031384842437     
   273.000000000000        15.2037997469660     
   274.000000000000        15.2044614608528     
   275.000000000000        15.2051236210349     
   276.000000000000        15.2057862224441     
   277.000000000000        15.2064492522639     
   278.000000000000        15.2071127252232     
   279.000000000000        15.2077766191149     
   280.000000000000        15.2084409415002     
   281.000000000000        15.2091056819435     
   282.000000000000        15.2097708488388     
   283.000000000000        15.2104364261596     
   284.000000000000        15.2111024164899     
   285.000000000000        15.2117688163140     
   286.000000000000        15.2124356258765     
   287.000000000000        15.2131028283001     
   288.000000000000        15.2137704399267     
   289.000000000000        15.2144384397781     
   290.000000000000        15.2151068336659     
   291.000000000000        15.2157756122563     
   292.000000000000        15.2164447862897     
   293.000000000000        15.2171143403039     
   294.000000000000        15.2177842744098     
   295.000000000000        15.2184545860072     
   296.000000000000        15.2191252680894     
   297.000000000000        15.2197963286481     
   298.000000000000        15.2204677497907     
   299.000000000000        15.2211395460882     
   300.000000000000        15.2218117032838     
   301.000000000000        15.2224842152684     
   302.000000000000        15.2231570903443     
   303.000000000000        15.2238303176121     
   304.000000000000        15.2245039028864     
   305.000000000000        15.2251778291205     
   306.000000000000        15.2258521098520     
   307.000000000000        15.2265267355370     
   308.000000000000        15.2272016971759     
   309.000000000000        15.2278770051173     
   310.000000000000        15.2285526420610     
   311.000000000000        15.2292286204266     
   312.000000000000        15.2299049341747     
   313.000000000000        15.2305815713310     
   314.000000000000        15.2312585358728     
   315.000000000000        15.2319358303864     
   316.000000000000        15.2326134434914     
   317.000000000000        15.2332913855961     
   318.000000000000        15.2339696402121     
   319.000000000000        15.2346482108727     
   320.000000000000        15.2353270998275     
   321.000000000000        15.2360062958650     
   322.000000000000        15.2366858025534     
   323.000000000000        15.2373656243288     
   324.000000000000        15.2380457443462     
   325.000000000000        15.2387261692653     
   326.000000000000        15.2394069030262     
   327.000000000000        15.2400879240915     
   328.000000000000        15.2407692551558     
   329.000000000000        15.2414508684381     
   330.000000000000        15.2421327913702     
   331.000000000000        15.2428149985461     
   332.000000000000        15.2434974959057     
   333.000000000000        15.2441802830488     
   334.000000000000        15.2448633568891     
   335.000000000000        15.2455467108495     
   336.000000000000        15.2462303506313     
   337.000000000000        15.2469142698462     
   338.000000000000        15.2475984709287     
   339.000000000000        15.2482829503309     
   340.000000000000        15.2489676981934     
   341.000000000000        15.2496527305958     
   342.000000000000        15.2503380303417     
   343.000000000000        15.2510236032666     
   344.000000000000        15.2517094461187     
   345.000000000000        15.2523955478140     
   346.000000000000        15.2530819267328     
   347.000000000000        15.2537685548262     
   348.000000000000        15.2544554603974     
   349.000000000000        15.2551426216600     
   350.000000000000        15.2558300466212     
   351.000000000000        15.2565177277570     
   352.000000000000        15.2572056613201     
   353.000000000000        15.2578938537732     
   354.000000000000        15.2585823027361     
   355.000000000000        15.2592709988456     
   356.000000000000        15.2599599487247     
   357.000000000000        15.2606491466430     
   358.000000000000        15.2613385900283     
   359.000000000000        15.2620282857027     
   360.000000000000        15.2627182250071     
   361.000000000000        15.2634084053872     
   362.000000000000        15.2640988301321     
   363.000000000000        15.2647894976933     
   364.000000000000        15.2654804065228     
   365.000000000000        15.2661715544553     
   366.000000000000        15.2668629356908     
   367.000000000000        15.2675545546087     
   368.000000000000        15.2682464100868     
   369.000000000000        15.2689384967181     
   370.000000000000        15.2696308158571     
   371.000000000000        15.2703233691484     
   372.000000000000        15.2710161508572     
   373.000000000000        15.2717091656237     
   374.000000000000        15.2724024072584     
   375.000000000000        15.2730958715118     
   376.000000000000        15.2737895643576     
   377.000000000000        15.2744834793178     
   378.000000000000        15.2751776152682     
   379.000000000000        15.2758719891843     
   380.000000000000        15.2765665668363     
   381.000000000000        15.2772613725069     
   382.000000000000        15.2779563951264     
   383.000000000000        15.2786516298520     
   384.000000000000        15.2793470898172     
   385.000000000000        15.2800427618684     
   386.000000000000        15.2807386556277     
   387.000000000000        15.2814347575245     
   388.000000000000        15.2821310776922     
   389.000000000000        15.2828276015919     
   390.000000000000        15.2835243413075     
   391.000000000000        15.2842212931470     
   392.000000000000        15.2849184503555     
   393.000000000000        15.2856158156770     
   394.000000000000        15.2863133921006     
   395.000000000000        15.2870111798290     
   396.000000000000        15.2877091618667     
   397.000000000000        15.2884073568696     
   398.000000000000        15.2891057519940     
   399.000000000000        15.2898043533683     
   400.000000000000        15.2905031460046     
   401.000000000000        15.2912021601445     
   402.000000000000        15.2919013556824     
   403.000000000000        15.2926007601180     
   404.000000000000        15.2933003604804     
   405.000000000000        15.2940001634204     
   406.000000000000        15.2947001628454     
   407.000000000000        15.2954003497567     
   408.000000000000        15.2961007385241     
   409.000000000000        15.2968013250684     
   410.000000000000        15.2975021032332     
   411.000000000000        15.2982030816953     
   412.000000000000        15.2989042405885     
   413.000000000000        15.2996055978545     
   414.000000000000        15.3003071480138     
   415.000000000000        15.3010088878597     
   416.000000000000        15.3017108147538     
   417.000000000000        15.3024129333833     
   418.000000000000        15.3031152391737     
   419.000000000000        15.3038177360579     
   420.000000000000        15.3045204186855     
   421.000000000000        15.3052232873459     
   422.000000000000        15.3059263471652     
   423.000000000000        15.3066295801707     
   424.000000000000        15.3073330120076     
   425.000000000000        15.3080366205437     
   426.000000000000        15.3087404065217     
   427.000000000000        15.3094443860287     
   428.000000000000        15.3101485453924     
   429.000000000000        15.3108528814742     
   430.000000000000        15.3115573978745     
   431.000000000000        15.3122621047936     
   432.000000000000        15.3129669850077     
   433.000000000000        15.3136720432204     
   434.000000000000        15.3143772829518     
   435.000000000000        15.3150826988397     
   436.000000000000        15.3157883017868     
   437.000000000000        15.3164940681745     
   438.000000000000        15.3172000200615     
   439.000000000000        15.3179061420807     
   440.000000000000        15.3186124461458     
   441.000000000000        15.3193189292721     
   442.000000000000        15.3200255730595     
   443.000000000000        15.3207324005325     
   444.000000000000        15.3214394007732     
   445.000000000000        15.3221465742656     
   446.000000000000        15.3228539203838     
   447.000000000000        15.3235614450157     
   448.000000000000        15.3242691303085     
   449.000000000000        15.3249769926078     
   450.000000000000        15.3256850261922     
   451.000000000000        15.3263932286710     
   452.000000000000        15.3271016078776     
   453.000000000000        15.3278101424286     
   454.000000000000        15.3285188615353     
   455.000000000000        15.3292277440749     
   456.000000000000        15.3299367962297     
   457.000000000000        15.3306460206927     
   458.000000000000        15.3313554025143     
   459.000000000000        15.3320649561072     
   460.000000000000        15.3327746813624     
   461.000000000000        15.3334845721595     
   462.000000000000        15.3341946234488     
   463.000000000000        15.3349048448316     
   464.000000000000        15.3356152320377     
   465.000000000000        15.3363257842986     
   466.000000000000        15.3370365019913     
   467.000000000000        15.3377473834917     
   468.000000000000        15.3384584256739     
   469.000000000000        15.3391696416969     
   470.000000000000        15.3398810148355     
   471.000000000000        15.3405925560324     
   472.000000000000        15.3413042526136     
   473.000000000000        15.3420161225289     
   474.000000000000        15.3427281455260     
   475.000000000000        15.3434403293098     
   476.000000000000        15.3441526814595     
   477.000000000000        15.3448651983335     
   478.000000000000        15.3455778694799     
   479.000000000000        15.3462907095778     
   480.000000000000        15.3470037034129     
   481.000000000000        15.3477168588738     
   482.000000000000        15.3484301767491     
   483.000000000000        15.3491436523253     
   484.000000000000        15.3498572885728     
   485.000000000000        15.3505710916657     
   486.000000000000        15.3512850507914     
   487.000000000000        15.3519991606806     
   488.000000000000        15.3527134363928     
   489.000000000000        15.3534278725531     
   490.000000000000        15.3541424658834     
   491.000000000000        15.3548572205408     
   492.000000000000        15.3555721310202     
   493.000000000000        15.3562871980042     
   494.000000000000        15.3570024260354     
   495.000000000000        15.3577178086006     
   496.000000000000        15.3584333519392     
   497.000000000000        15.3591490524645     
   498.000000000000        15.3598649103963     
   499.000000000000        15.3605809200352     
   500.000000000000        15.3612970907311     
   501.000000000000        15.3620134184235     
   502.000000000000        15.3627299014099     
   503.000000000000        15.3634465406735     
   504.000000000000        15.3641633373860     
   505.000000000000        15.3648802946874     
   506.000000000000        15.3655974062504     
   507.000000000000        15.3663146663774     
   508.000000000000        15.3670320875584     
   509.000000000000        15.3677496675664     
   510.000000000000        15.3684673993340     
   511.000000000000        15.3691852907128     
   512.000000000000        15.3699033343539     
   513.000000000000        15.3706215353154     
   514.000000000000        15.3713398860377     
   515.000000000000        15.3720583948834     
   516.000000000000        15.3727770568329     
   517.000000000000        15.3734958826435     
   518.000000000000        15.3742148598004     
   519.000000000000        15.3749339859350     
   520.000000000000        15.3756532688776     
   521.000000000000        15.3763727146456     
   522.000000000000        15.3770923053931     
   523.000000000000        15.3778120543437     
   524.000000000000        15.3785319563365     
   525.000000000000        15.3792520194039     
   526.000000000000        15.3799722288580     
   527.000000000000        15.3806925932896     
   528.000000000000        15.3814131184419     
   529.000000000000        15.3821337905386     
   530.000000000000        15.3828546259325     
   531.000000000000        15.3835756070379     
   532.000000000000        15.3842967525862     
   533.000000000000        15.3850180502042     
   534.000000000000        15.3857394934293     
   535.000000000000        15.3864610967776     
   536.000000000000        15.3871828539174     
   537.000000000000        15.3879047701882     
   538.000000000000        15.3886268357472     
   539.000000000000        15.3893490523543     
   540.000000000000        15.3900714302320     
   541.000000000000        15.3907939647496     
   542.000000000000        15.3915166389868     
   543.000000000000        15.3922394828113     
   544.000000000000        15.3929624697157     
   545.000000000000        15.3936856292158     
   546.000000000000        15.3944089292342     
   547.000000000000        15.3951323834843     
   548.000000000000        15.3958559987034     
   549.000000000000        15.3965797675277     
   550.000000000000        15.3973036863104     
   551.000000000000        15.3980277629861     
   552.000000000000        15.3987519905190     
   553.000000000000        15.3994763786904     
   554.000000000000        15.4002009240473     
   555.000000000000        15.4009256134128     
   556.000000000000        15.4016504744739     
   557.000000000000        15.4023754790847     
   558.000000000000        15.4031006423766     
   559.000000000000        15.4038259569428     
   560.000000000000        15.4045514317158     
   561.000000000000        15.4052770724832     
   562.000000000000        15.4060028495908     
   563.000000000000        15.4067287956408     
   564.000000000000        15.4074548887853     
   565.000000000000        15.4081811454786     
   566.000000000000        15.4089075538824     
   567.000000000000        15.4096341245241     
   568.000000000000        15.4103608462224     
   569.000000000000        15.4110877217099     
   570.000000000000        15.4118147563271     
   571.000000000000        15.4125419493089     
   572.000000000000        15.4132693039025     
   573.000000000000        15.4139968105506     
   574.000000000000        15.4147244815981     
   575.000000000000        15.4154522903174     
   576.000000000000        15.4161802767994     
   577.000000000000        15.4169084129064     
   578.000000000000        15.4176367036550     
   579.000000000000        15.4183651582256     
   580.000000000000        15.4190937664220     
   581.000000000000        15.4198225420380     
   582.000000000000        15.4205514685196     
   583.000000000000        15.4212805601500     
   584.000000000000        15.4220098027257     
   585.000000000000        15.4227392088344     
   586.000000000000        15.4234687727248     
   587.000000000000        15.4241984970972     
   588.000000000000        15.4249283714562     
   589.000000000000        15.4256584168597     
   590.000000000000        15.4263886238468     
   591.000000000000        15.4271189883000     
   592.000000000000        15.4278495120351     
   593.000000000000        15.4285801944364     
   594.000000000000        15.4293110391923     
   595.000000000000        15.4300420452542     
   596.000000000000        15.4307732092230     
   597.000000000000        15.4315045418139     
   598.000000000000        15.4322360354647     
   599.000000000000        15.4329676804339     
   600.000000000000        15.4336994942821     
   601.000000000000        15.4344314769217     
   602.000000000000        15.4351636085367     
   603.000000000000        15.4358959114240     
   604.000000000000        15.4366283823093     
   605.000000000000        15.4373610058271     
   606.000000000000        15.4380938020021     
   607.000000000000        15.4388267562432     
   608.000000000000        15.4395598741625     
   609.000000000000        15.4402931614280     
   610.000000000000        15.4410266071380     
   611.000000000000        15.4417602197809     
   612.000000000000        15.4424940008894     
   613.000000000000        15.4432279450016     
   614.000000000000        15.4439620525902     
   615.000000000000        15.4446963308928     
   616.000000000000        15.4454307695040     
   617.000000000000        15.4461653756303     
   618.000000000000        15.4469001496859     
   619.000000000000        15.4476350954390     
   620.000000000000        15.4483702029752     
   621.000000000000        15.4491054763435     
   622.000000000000        15.4498409188542     
   623.000000000000        15.4505765360450     
   624.000000000000        15.4513123135861     
   625.000000000000        15.4520482706624     
   626.000000000000        15.4527843801134     
   627.000000000000        15.4535206714052     
   628.000000000000        15.4542571276290     
   629.000000000000        15.4549937601577     
   630.000000000000        15.4557305538362     
   631.000000000000        15.4564675240705     
   632.000000000000        15.4572046638660     
   633.000000000000        15.4579419737162     
   634.000000000000        15.4586794546178     
   635.000000000000        15.4594171120127     
   636.000000000000        15.4601549345405     
   637.000000000000        15.4608929358617     
   638.000000000000        15.4616311081312     
   639.000000000000        15.4623694549752     
   640.000000000000        15.4631079789629     
   641.000000000000        15.4638466729704     
   642.000000000000        15.4645855333614     
   643.000000000000        15.4653245818251     
   644.000000000000        15.4660637997236     
   645.000000000000        15.4668031930905     
   646.000000000000        15.4675427619376     
   647.000000000000        15.4682825087187     
   648.000000000000        15.4690224271733     
   649.000000000000        15.4697625301820     
   650.000000000000        15.4705028077156     
   651.000000000000        15.4712432568068     
   652.000000000000        15.4719838898414     
   653.000000000000        15.4727246970689     
   654.000000000000        15.4734656831928     
   655.000000000000        15.4742068541806     
   656.000000000000        15.4749482031462     
   657.000000000000        15.4756897334260     
   658.000000000000        15.4764314463548     
   659.000000000000        15.4771733293199     
   660.000000000000        15.4779153990795     
   661.000000000000        15.4786576556015     
   662.000000000000        15.4794000836648     
   663.000000000000        15.4801426986922     
   664.000000000000        15.4808855009183     
   665.000000000000        15.4816284801562     
   666.000000000000        15.4823716468279     
   667.000000000000        15.4831150028157     
   668.000000000000        15.4838585361757     
   669.000000000000        15.4846022574131     
   670.000000000000        15.4853461606261     
   671.000000000000        15.4860902518224     
   672.000000000000        15.4868345225924     
   673.000000000000        15.4875789928329     
   674.000000000000        15.4883236423743     
   675.000000000000        15.4890684805239     
   676.000000000000        15.4898135085727     
   677.000000000000        15.4905587207073     
   678.000000000000        15.4913041246753     
   679.000000000000        15.4920497193710     
   680.000000000000        15.4927955044972     
   681.000000000000        15.4935414735508     
   682.000000000000        15.4942876375677     
   683.000000000000        15.4950339975495     
   684.000000000000        15.4957805449166     
   685.000000000000        15.4965272861072     
   686.000000000000        15.4972742168977     
   687.000000000000        15.4980213418259     
   688.000000000000        15.4987686651615     
   689.000000000000        15.4995161786272     
   690.000000000000        15.5002638829719     
   691.000000000000        15.5010117889799     
   692.000000000000        15.5017598811774     
   693.000000000000        15.5025081813950     
   694.000000000000        15.5032566741904     
   695.000000000000        15.5040053580472     
   696.000000000000        15.5047542415809     
   697.000000000000        15.5055033297998     
   698.000000000000        15.5062526121362     
   699.000000000000        15.5070020934932     
   700.000000000000        15.5077517711486     
   701.000000000000        15.5085016567378     
   702.000000000000        15.5092517369230     
   703.000000000000        15.5100020199251     
   704.000000000000        15.5107525073345     
   705.000000000000        15.5115031942109     
   706.000000000000        15.5122540820946     
   707.000000000000        15.5130051780357     
   708.000000000000        15.5137564733351     
   709.000000000000        15.5145079776170     
   710.000000000000        15.5152596801982     
   711.000000000000        15.5160115898192     
   712.000000000000        15.5167637072415     
   713.000000000000        15.5175160321842     
   714.000000000000        15.5182685657362     
   715.000000000000        15.5190213088130     
   716.000000000000        15.5197742524085     
   717.000000000000        15.5205274047025     
   718.000000000000        15.5212807754455     
   719.000000000000        15.5220343503333     
   720.000000000000        15.5227881307716     
   721.000000000000        15.5235421265131     
   722.000000000000        15.5242963370336     
   723.000000000000        15.5250507557504     
   724.000000000000        15.5258053817554     
   725.000000000000        15.5265602315032     
   726.000000000000        15.5273153007519     
   727.000000000000        15.5280705680903     
   728.000000000000        15.5288260621900     
   729.000000000000        15.5295817618565     
   730.000000000000        15.5303376898605     
   731.000000000000        15.5310938163904     
   732.000000000000        15.5318501805019     
   733.000000000000        15.5326067543676     
   734.000000000000        15.5333635411682     
   735.000000000000        15.5341205629213     
   736.000000000000        15.5348777927710     
   737.000000000000        15.5356352396647     
   738.000000000000        15.5363929138501     
   739.000000000000        15.5371508062335     
   740.000000000000        15.5379089277135     
   741.000000000000        15.5386672668031     
   742.000000000000        15.5394258327290     
   743.000000000000        15.5401846167457     
   744.000000000000        15.5409436322490     
   745.000000000000        15.5417028666393     
   746.000000000000        15.5424623333690     
   747.000000000000        15.5432220254568     
   748.000000000000        15.5439819380487     
   749.000000000000        15.5447420850596     
   750.000000000000        15.5455024609288     
   751.000000000000        15.5462630692066     
   752.000000000000        15.5470238975580     
   753.000000000000        15.5477849666068     
   754.000000000000        15.5485462636395     
   755.000000000000        15.5493077877398     
   756.000000000000        15.5500695506997     
   757.000000000000        15.5508315476225     
   758.000000000000        15.5515937647709     
   759.000000000000        15.5523562324135     
   760.000000000000        15.5531189296305     
   761.000000000000        15.5538818624001     
   762.000000000000        15.5546450334569     
   763.000000000000        15.5554084392568     
   764.000000000000        15.5561720930716     
   765.000000000000        15.5569359734833     
   766.000000000000        15.5577000931143     
   767.000000000000        15.5584644556750     
   768.000000000000        15.5592290590003     
   769.000000000000        15.5599939034934     
   770.000000000000        15.5607589966034     
   771.000000000000        15.5615243261620     
   772.000000000000        15.5622898959119     
   773.000000000000        15.5630557164883     
   774.000000000000        15.5638217785036     
   775.000000000000        15.5645880911170     
   776.000000000000        15.5653546440609     
   777.000000000000        15.5661214437333     
   778.000000000000        15.5668884976850     
   779.000000000000        15.5676557921214     
   780.000000000000        15.5684233421757     
   781.000000000000        15.5691911390457     
   782.000000000000        15.5699591849176     
   783.000000000000        15.5707274822434     
   784.000000000000        15.5714960347882     
   785.000000000000        15.5722648467706     
   786.000000000000        15.5730339011397     
   787.000000000000        15.5738032127439     
   788.000000000000        15.5745727848138     
   789.000000000000        15.5753426045751     
   790.000000000000        15.5761126853584     
   791.000000000000        15.5768830272893     
   792.000000000000        15.5776536170666     
   793.000000000000        15.5784244822006     
   794.000000000000        15.5791955891219     
   795.000000000000        15.5799669680342     
   796.000000000000        15.5807386034546     
   797.000000000000        15.5815104999472     
   798.000000000000        15.5822826634967     
   799.000000000000        15.5830550804425     
   800.000000000000        15.5838277705655     
   801.000000000000        15.5846007278298     
   802.000000000000        15.5853739464717     
   803.000000000000        15.5861474292753     
   804.000000000000        15.5869211918929     
   805.000000000000        15.5876952044138     
   806.000000000000        15.5884694988224     
   807.000000000000        15.5892440595309     
   808.000000000000        15.5900188875979     
   809.000000000000        15.5907939938670     
   810.000000000000        15.5915693661046     
   811.000000000000        15.5923450076385     
   812.000000000000        15.5931209307657     
   813.000000000000        15.5938971299292     
   814.000000000000        15.5946736063811     
   815.000000000000        15.5954503532645     
   816.000000000000        15.5962273701275     
   817.000000000000        15.5970046769055     
   818.000000000000        15.5977822517045     
   819.000000000000        15.5985601174169     
   820.000000000000        15.5993382588413     
   821.000000000000        15.6001166799923     
   822.000000000000        15.6008953858711     
   823.000000000000        15.6016743732111     
   824.000000000000        15.6024536435823     
   825.000000000000        15.6032331924321     
   826.000000000000        15.6040130362707     
   827.000000000000        15.6047931707258     
   828.000000000000        15.6055735800745     
   829.000000000000        15.6063542839925     
   830.000000000000        15.6071352736842     
   831.000000000000        15.6079165491644     
   832.000000000000        15.6086981266372     
   833.000000000000        15.6094799914456     
   834.000000000000        15.6102621381161     
   835.000000000000        15.6110445873731     
   836.000000000000        15.6118273330346     
   837.000000000000        15.6126103618509     
   838.000000000000        15.6133936941416     
   839.000000000000        15.6141773276627     
   840.000000000000        15.6149612590903     
   841.000000000000        15.6157454862437     
   842.000000000000        15.6165300037508     
   843.000000000000        15.6173148294857     
   844.000000000000        15.6180999517803     
   845.000000000000        15.6188853827254     
   846.000000000000        15.6196711099705     
   847.000000000000        15.6204571417737     
   848.000000000000        15.6212434855650     
   849.000000000000        15.6220301260800     
   850.000000000000        15.6228170797289     
   851.000000000000        15.6236043395275     
   852.000000000000        15.6243919041812     
   853.000000000000        15.6251797761868     
   854.000000000000        15.6259679637708     
   855.000000000000        15.6267564617854     
   856.000000000000        15.6275452702042     
   857.000000000000        15.6283343934738     
   858.000000000000        15.6291238249907     
   859.000000000000        15.6299135827442     
   860.000000000000        15.6307036369426     
   861.000000000000        15.6314940223290     
   862.000000000000        15.6322847236299     
   863.000000000000        15.6330757439346     
   864.000000000000        15.6338670837213     
   865.000000000000        15.6346587417060     
   866.000000000000        15.6354507192702     
   867.000000000000        15.6362430277235     
   868.000000000000        15.6370356538781     
   869.000000000000        15.6378285985750     
   870.000000000000        15.6386218748148     
   871.000000000000        15.6394154725034     
   872.000000000000        15.6402094005749     
   873.000000000000        15.6410036656588     
   874.000000000000        15.6417982402526     
   875.000000000000        15.6425931642332     
   876.000000000000        15.6433884110874     
   877.000000000000        15.6441839822011     
   878.000000000000        15.6449799003444     
   879.000000000000        15.6457761462947     
   880.000000000000        15.6465727198583     
   881.000000000000        15.6473696429817     
   882.000000000000        15.6481668945959     
   883.000000000000        15.6489644876733     
   884.000000000000        15.6497624194567     
   885.000000000000        15.6505606913698     
   886.000000000000        15.6513593064373     
   887.000000000000        15.6521582528502     
   888.000000000000        15.6529575543394     
   889.000000000000        15.6537571943356     
   890.000000000000        15.6545571849845     
   891.000000000000        15.6553575114042     
   892.000000000000        15.6561581883858     
   893.000000000000        15.6569592169509     
   894.000000000000        15.6577605887562     
   895.000000000000        15.6585623253165     
   896.000000000000        15.6593643939737     
   897.000000000000        15.6601668265938     
   898.000000000000        15.6609696088381     
   899.000000000000        15.6617727526940     
   900.000000000000        15.6625762421009     
   901.000000000000        15.6633800854335     
   902.000000000000        15.6641843022246     
   903.000000000000        15.6649888601165     
   904.000000000000        15.6657937895329     
   905.000000000000        15.6665990782077     
   906.000000000000        15.6674047210925     
   907.000000000000        15.6682107338106     
   908.000000000000        15.6690171067316     
   909.000000000000        15.6698238483120     
   910.000000000000        15.6706309566305     
   911.000000000000        15.6714384207645     
   912.000000000000        15.6722462631414     
   913.000000000000        15.6730544768714     
   914.000000000000        15.6738630562400     
   915.000000000000        15.6746720025857     
   916.000000000000        15.6754813285525     
   917.000000000000        15.6762910212163     
   918.000000000000        15.6771010988217     
   919.000000000000        15.6779115445882     
   920.000000000000        15.6787223645332     
   921.000000000000        15.6795335691104     
   922.000000000000        15.6803451551207     
   923.000000000000        15.6811571158600     
   924.000000000000        15.6819694613974     
   925.000000000000        15.6827821872170     
   926.000000000000        15.6835952927333     
   927.000000000000        15.6844087949652     
   928.000000000000        15.6852226628969     
   929.000000000000        15.6860369332823     
   930.000000000000        15.6868515955449     
   931.000000000000        15.6876666346961     
   932.000000000000        15.6884820633754     
   933.000000000000        15.6892978979684     
   934.000000000000        15.6901141151149     
   935.000000000000        15.6909307203950     
   936.000000000000        15.6917477308592     
   937.000000000000        15.6925651357242     
   938.000000000000        15.6933829363934     
   939.000000000000        15.6942011280319     
   940.000000000000        15.6950197311857     
   941.000000000000        15.6958387296430     
   942.000000000000        15.6966581305458     
   943.000000000000        15.6974779302929     
   944.000000000000        15.6982981429782     
   945.000000000000        15.6991187566563     
   946.000000000000        15.6999397705930     
   947.000000000000        15.7007612027732     
   948.000000000000        15.7015830404500     
   949.000000000000        15.7024052866563     
   950.000000000000        15.7032279405782     
   951.000000000000        15.7040510154517     
   952.000000000000        15.7048744935528     
   953.000000000000        15.7056983899275     
   954.000000000000        15.7065227094517     
   955.000000000000        15.7073474370252     
   956.000000000000        15.7081725903945     
   957.000000000000        15.7089981556864     
   958.000000000000        15.7098241496916     
   959.000000000000        15.7106505584282     
   960.000000000000        15.7114773957395     
   961.000000000000        15.7123046557694     
   962.000000000000        15.7131323411945     
   963.000000000000        15.7139604533482     
   964.000000000000        15.7147889978116     
   965.000000000000        15.7156179620732     
   966.000000000000        15.7164473743054     
   967.000000000000        15.7172771978667     
   968.000000000000        15.7181074667926     
   969.000000000000        15.7189381685948     
   970.000000000000        15.7197693025498     
   971.000000000000        15.7206008710423     
   972.000000000000        15.7214328867338     
   973.000000000000        15.7222653381904     
   974.000000000000        15.7230982281329     
   975.000000000000        15.7239315640306     
   976.000000000000        15.7247653358257     
   977.000000000000        15.7255995572131     
   978.000000000000        15.7264342225490     
   979.000000000000        15.7272693387322     
   980.000000000000        15.7281048952803     
   981.000000000000        15.7289409115404     
   982.000000000000        15.7297773645375     
   983.000000000000        15.7306142804480     
   984.000000000000        15.7314516538820     
   985.000000000000        15.7322894724991     
   986.000000000000        15.7331277495724     
   987.000000000000        15.7339664847732     
   988.000000000000        15.7348056802722     
   989.000000000000        15.7356453395138     
   990.000000000000        15.7364854549378     
   991.000000000000        15.7373260215408     
   992.000000000000        15.7381670696794     
   993.000000000000        15.7390085683899     
   994.000000000000        15.7398505445509     
   995.000000000000        15.7406929892590     
   996.000000000000        15.7415358854120     
   997.000000000000        15.7423792703594     
   998.000000000000        15.7432231230165     
   999.000000000000        15.7440674500129     
   1000.00000000000        15.7449122395425     
   1001.00000000000        15.7457575174472     
   1002.00000000000        15.7466032706645     
   1003.00000000000        15.7474494992398     
   1004.00000000000        15.7482962043617     
   1005.00000000000        15.7491433927722     
   1006.00000000000        15.7499910716247     
   1007.00000000000        15.7508392261598     
   1008.00000000000        15.7516878678478     
   1009.00000000000        15.7525369926515     
   1010.00000000000        15.7533866144682     
   1011.00000000000        15.7542367124704     
   1012.00000000000        15.7550873120923     
   1013.00000000000        15.7559383998726     
   1014.00000000000        15.7567899847537     
   1015.00000000000        15.7576420629157     
   1016.00000000000        15.7584946313451     
   1017.00000000000        15.7593477036796     
   1018.00000000000        15.7602012650121     
   1019.00000000000        15.7610553355661     
   1020.00000000000        15.7619099059993     
   1021.00000000000        15.7627649834486     
   1022.00000000000        15.7636205675523     
   1023.00000000000        15.7644766462477     
   1024.00000000000        15.7653332374925     
   1025.00000000000        15.7661903414229     
   1026.00000000000        15.7670479519915     
   1027.00000000000        15.7679060701749     
   1028.00000000000        15.7687647087875     
   1029.00000000000        15.7696238595831     
   1030.00000000000        15.7704835307742     
   1031.00000000000        15.7713437067348     
   1032.00000000000        15.7722044001239     
   1033.00000000000        15.7730656335008     
   1034.00000000000        15.7739273652157     
   1035.00000000000        15.7747896359011     
   1036.00000000000        15.7756524421823     
   1037.00000000000        15.7765157454862     
   1038.00000000000        15.7773795972009     
   1039.00000000000        15.7782439679049     
   1040.00000000000        15.7791088767848     
   1041.00000000000        15.7799743105830     
   1042.00000000000        15.7808402711850     
   1043.00000000000        15.7817067811632     
   1044.00000000000        15.7825738235397     
   1045.00000000000        15.7834414042873     
   1046.00000000000        15.7843095203611     
   1047.00000000000        15.7851781792532     
   1048.00000000000        15.7860473718951     
   1049.00000000000        15.7869171219025     
   1050.00000000000        15.7877874091287     
   1051.00000000000        15.7886582491460     
   1052.00000000000        15.7895296260651     
   1053.00000000000        15.7904015579941     
   1054.00000000000        15.7912740443765     
   1055.00000000000        15.7921470826310     
   1056.00000000000        15.7930206666055     
   1057.00000000000        15.7938948172116     
   1058.00000000000        15.7947695254073     
   1059.00000000000        15.7956447861573     
   1060.00000000000        15.7965206115317     
   1061.00000000000        15.7973969966252     
   1062.00000000000        15.7982739436466     
   1063.00000000000        15.7991514528866     
   1064.00000000000        15.8000295386531     
   1065.00000000000        15.8009081883698     
   1066.00000000000        15.8017874030445     
   1067.00000000000        15.8026671943410     
   1068.00000000000        15.8035475576867     
   1069.00000000000        15.8044284804115     
   1070.00000000000        15.8053099927510     
   1071.00000000000        15.8061920866564     
   1072.00000000000        15.8070747488687     
   1073.00000000000        15.8079579995881     
   1074.00000000000        15.8088418231314     
   1075.00000000000        15.8097262349382     
   1076.00000000000        15.8106112422338     
   1077.00000000000        15.8114968206662     
   1078.00000000000        15.8123829990009     
   1079.00000000000        15.8132697555315     
   1080.00000000000        15.8141571094985     
   1081.00000000000        15.8150450522227     
   1082.00000000000        15.8159335979723     
   1083.00000000000        15.8168227291038     
   1084.00000000000        15.8177124746319     
   1085.00000000000        15.8186028118355     
   1086.00000000000        15.8194937475216     
   1087.00000000000        15.8203852925603     
   1088.00000000000        15.8212774324300     
   1089.00000000000        15.8221701751890     
   1090.00000000000        15.8230635416227     
   1091.00000000000        15.8239575035901     
   1092.00000000000        15.8248520862969     
   1093.00000000000        15.8257472776320     
   1094.00000000000        15.8266430791775     
   1095.00000000000        15.8275395006317     
   1096.00000000000        15.8284365327246     
   1097.00000000000        15.8293341946957     
   1098.00000000000        15.8302324665317     
   1099.00000000000        15.8311313732026     
   1100.00000000000        15.8320308984036     
   1101.00000000000        15.8329310448475     
   1102.00000000000        15.8338318266696     
   1103.00000000000        15.8347332295975     
   1104.00000000000        15.8356352719312     
   1105.00000000000        15.8365379356216     
   1106.00000000000        15.8374412461380     
   1107.00000000000        15.8383451802208     
   1108.00000000000        15.8392497598851     
   1109.00000000000        15.8401549761535     
   1110.00000000000        15.8410608354030     
   1111.00000000000        15.8419673361093     
   1112.00000000000        15.8428744823942     
   1113.00000000000        15.8437822683873     
   1114.00000000000        15.8446907002697     
   1115.00000000000        15.8455997926394     
   1116.00000000000        15.8465095295112     
   1117.00000000000        15.8474199242904     
   1118.00000000000        15.8483309720424     
   1119.00000000000        15.8492426703626     
   1120.00000000000        15.8501550330035     
   1121.00000000000        15.8510680529281     
   1122.00000000000        15.8519817369556     
   1123.00000000000        15.8528960819214     
   1124.00000000000        15.8538110856193     
   1125.00000000000        15.8547267660948     
   1126.00000000000        15.8556431115239     
   1127.00000000000        15.8565601281551     
   1128.00000000000        15.8574778281945     
   1129.00000000000        15.8583961836397     
   1130.00000000000        15.8593152139752     
   1131.00000000000        15.8602349368274     
   1132.00000000000        15.8611553237775     
   1133.00000000000        15.8620763972345     
   1134.00000000000        15.8629981653268     
   1135.00000000000        15.8639205960734     
   1136.00000000000        15.8648437340111     
   1137.00000000000        15.8657675430833     
   1138.00000000000        15.8666920550124     
   1139.00000000000        15.8676172523968     
   1140.00000000000        15.8685431455148     
   1141.00000000000        15.8694697265186     
   1142.00000000000        15.8703970204755     
   1143.00000000000        15.8713249958850     
   1144.00000000000        15.8722536854075     
   1145.00000000000        15.8731830662162     
   1146.00000000000        15.8741131612171     
   1147.00000000000        15.8750439610026     
   1148.00000000000        15.8759754722626     
   1149.00000000000        15.8769076728988     
   1150.00000000000        15.8778406113942     
   1151.00000000000        15.8787742460444     
   1152.00000000000        15.8797086049411     
   1153.00000000000        15.8806436785964     
   1154.00000000000        15.8815794714488     
   1155.00000000000        15.8825159828599     
   1156.00000000000        15.8834532286176     
   1157.00000000000        15.8843911837141     
   1158.00000000000        15.8853298787397     
   1159.00000000000        15.8862692905393     
   1160.00000000000        15.8872094462760     
   1161.00000000000        15.8881503233445     
   1162.00000000000        15.8890919351119     
   1163.00000000000        15.8900342782893     
   1164.00000000000        15.8909773746447     
   1165.00000000000        15.8919212021898     
   1166.00000000000        15.8928657670381     
   1167.00000000000        15.8938110792855     
   1168.00000000000        15.8947571510461     
   1169.00000000000        15.8957039502771     
   1170.00000000000        15.8966515104562     
   1171.00000000000        15.8975998126044     
   1172.00000000000        15.8985488767736     
   1173.00000000000        15.8994986940680     
   1174.00000000000        15.9004492677654     
   1175.00000000000        15.9014006057176     
   1176.00000000000        15.9023526947502     
   1177.00000000000        15.9033055474836     
   1178.00000000000        15.9042591741426     
   1179.00000000000        15.9052135617524     
   1180.00000000000        15.9061687157916     
   1181.00000000000        15.9071246391922     
   1182.00000000000        15.9080813541916     
   1183.00000000000        15.9090388311271     
   1184.00000000000        15.9099970736322     
   1185.00000000000        15.9109561071604     
   1186.00000000000        15.9119159266720     
   1187.00000000000        15.9128765087331     
   1188.00000000000        15.9138378944718     
   1189.00000000000        15.9148000706895     
   1190.00000000000        15.9157630104250     
   1191.00000000000        15.9167267646841     
   1192.00000000000        15.9176913036244     
   1193.00000000000        15.9186566341799     
   1194.00000000000        15.9196227682835     
   1195.00000000000        15.9205897042603     
   1196.00000000000        15.9215574268393     
   1197.00000000000        15.9225259631498     
   1198.00000000000        15.9234952975146     
   1199.00000000000        15.9244654482051     
   1200.00000000000        15.9254363945385     
   1201.00000000000        15.9264081531555     
   1202.00000000000        15.9273807413816     
   1203.00000000000        15.9283541283256     
   1204.00000000000        15.9293283394679     
   1205.00000000000        15.9303033627081     
   1206.00000000000        15.9312792191041     
   1207.00000000000        15.9322558887190     
   1208.00000000000        15.9332333949538     
   1209.00000000000        15.9342117206730     
   1210.00000000000        15.9351908703292     
   1211.00000000000        15.9361708633967     
   1212.00000000000        15.9371516834094     
   1213.00000000000        15.9381333418882     
   1214.00000000000        15.9391158285504     
   1215.00000000000        15.9400991780012     
   1216.00000000000        15.9410833516725     
   1217.00000000000        15.9420683711501     
   1218.00000000000        15.9430542469298     
   1219.00000000000        15.9440409522818     
   1220.00000000000        15.9450285267942     
   1221.00000000000        15.9460169452512     
   1222.00000000000        15.9470062127609     
   1223.00000000000        15.9479963543324     
   1224.00000000000        15.9489873415227     
   1225.00000000000        15.9499791915588     
   1226.00000000000        15.9509719069563     
   1227.00000000000        15.9519654973647     
   1228.00000000000        15.9529599466569     
   1229.00000000000        15.9539552639319     
   1230.00000000000        15.9549514548512     
   1231.00000000000        15.9559485273409     
   1232.00000000000        15.9569464624676     
   1233.00000000000        15.9579452891093     
   1234.00000000000        15.9589449950863     
   1235.00000000000        15.9599455746409     
   1236.00000000000        15.9609470438422     
   1237.00000000000        15.9619494027099     
   1238.00000000000        15.9629526487966     
   1239.00000000000        15.9639567895592     
   1240.00000000000        15.9649618257005     
   1241.00000000000        15.9659677496482     
   1242.00000000000        15.9669745785941     
   1243.00000000000        15.9679823082837     
   1244.00000000000        15.9689909361108     
   1245.00000000000        15.9700004779523     
   1246.00000000000        15.9710109226424     
   1247.00000000000        15.9720222649407     
   1248.00000000000        15.9730345435042     
   1249.00000000000        15.9740477160088     
   1250.00000000000        15.9750618225454     
   1251.00000000000        15.9760768359911     
   1252.00000000000        15.9770927646384     
   1253.00000000000        15.9781096353382     
   1254.00000000000        15.9791274202401     
   1255.00000000000        15.9801461281638     
   1256.00000000000        15.9811657680043     
   1257.00000000000        15.9821863432790     
   1258.00000000000        15.9832078490828     
   1259.00000000000        15.9842303096692     
   1260.00000000000        15.9852536829349     
   1261.00000000000        15.9862780124708     
   1262.00000000000        15.9873032802448     
   1263.00000000000        15.9883295042819     
   1264.00000000000        15.9893566642947     
   1265.00000000000        15.9903847796894     
   1266.00000000000        15.9914138530100     
   1267.00000000000        15.9924438775696     
   1268.00000000000        15.9934748568947     
   1269.00000000000        15.9945068056014     
   1270.00000000000        15.9955397151769     
   1271.00000000000        15.9965735815294     
   1272.00000000000        15.9976084178204     
   1273.00000000000        15.9986442338229     
   1274.00000000000        15.9996810012091     
   1275.00000000000        16.0007187659191     
   1276.00000000000        16.0017574895027     
   1277.00000000000        16.0027972041175     
   1278.00000000000        16.0038378949663     
   1279.00000000000        16.0048795756873     
   1280.00000000000        16.0059222248481     
   1281.00000000000        16.0069658718265     
   1282.00000000000        16.0080105274821     
   1283.00000000000        16.0090561619139     
   1284.00000000000        16.0101027821562     
   1285.00000000000        16.0111504160445     
   1286.00000000000        16.0121990397929     
   1287.00000000000        16.0132486685491     
   1288.00000000000        16.0142993206514     
   1289.00000000000        16.0153509692284     
   1290.00000000000        16.0164036200529     
   1291.00000000000        16.0174572864558     
   1292.00000000000        16.0185119729913     
   1293.00000000000        16.0195676777730     
   1294.00000000000        16.0206243969322     
   1295.00000000000        16.0216821468569     
   1296.00000000000        16.0227409144302     
   1297.00000000000        16.0238007120362     
   1298.00000000000        16.0248615398723     
   1299.00000000000        16.0259234071206     
   1300.00000000000        16.0269863102045     
   1301.00000000000        16.0280502384823     
   1302.00000000000        16.0291152164914     
   1303.00000000000        16.0301812367151     
   1304.00000000000        16.0312483082224     
   1305.00000000000        16.0323164070786     
   1306.00000000000        16.0333855681117     
   1307.00000000000        16.0344557949519     
   1308.00000000000        16.0355270539904     
   1309.00000000000        16.0365993834591     
   1310.00000000000        16.0376727711472     
   1311.00000000000        16.0387472265679     
   1312.00000000000        16.0398227451671     
   1313.00000000000        16.0408993212681     
   1314.00000000000        16.0419769780091     
   1315.00000000000        16.0430557078403     
   1316.00000000000        16.0441355134795     
   1317.00000000000        16.0452163874796     
   1318.00000000000        16.0462983577330     
   1319.00000000000        16.0473814062796     
   1320.00000000000        16.0484655352769     
   1321.00000000000        16.0495507609807     
   1322.00000000000        16.0506370750908     
   1323.00000000000        16.0517244857991     
   1324.00000000000        16.0528129912962     
   1325.00000000000        16.0539025894348     
   1326.00000000000        16.0549932956029     
   1327.00000000000        16.0560850976021     
   1328.00000000000        16.0571780173256     
   1329.00000000000        16.0582720462969     
   1330.00000000000        16.0593671880095     
   1331.00000000000        16.0604634396994     
   1332.00000000000        16.0615608117204     
   1333.00000000000        16.0626592952070     
   1334.00000000000        16.0637589181154     
   1335.00000000000        16.0648596633691     
   1336.00000000000        16.0659615376545     
   1337.00000000000        16.0670645273678     
   1338.00000000000        16.0681686688850     
   1339.00000000000        16.0692739360256     
   1340.00000000000        16.0703803456409     
   1341.00000000000        16.0714878915335     
   1342.00000000000        16.0725965804880     
   1343.00000000000        16.0737064467647     
   1344.00000000000        16.0748174425670     
   1345.00000000000        16.0759295771276     
   1346.00000000000        16.0770428803416     
   1347.00000000000        16.0781573418724     
   1348.00000000000        16.0792729640887     
   1349.00000000000        16.0803897528429     
   1350.00000000000        16.0815077083975     
   1351.00000000000        16.0826268212666     
   1352.00000000000        16.0837471232742     
   1353.00000000000        16.0848685834439     
   1354.00000000000        16.0859912269234     
   1355.00000000000        16.0871150559138     
   1356.00000000000        16.0882400709937     
   1357.00000000000        16.0893662636140     
   1358.00000000000        16.0904936418615     
