   15.0085069582222       -579.799993220637     
   15.0084965445661       -579.799511924597     
   15.0084860847303       -579.799028494803     
   15.0084757455485       -579.798550641877     
   15.0084655257035       -579.798078304964     
   15.0084554251556       -579.797611482187     
   15.0084454461862       -579.797150278981     
   15.0084355941851       -579.796694944424     
   15.0084258830171       -579.796246119287     
   15.0084163339227       -579.795804785244     
   15.0084069802809       -579.795372484943     
   15.0083978679240       -579.794951336618     
   15.0083890556406       -579.794544057258     
   15.0083806151907       -579.794153963390     
   15.0083726302824       -579.793784923699     
   15.0083651987226       -579.793441458489     
   15.0083584299883       -579.793128627389     
   15.0083524461253       -579.792852070939     
   15.0083473811047       -579.792617980813     
   15.0083433788465       -579.792433008479     
   15.0083405931811       -579.792304263450     
   15.0083398885753       -579.792271698709     
   15.0083399560204       -579.792274815823     
   15.0083408808001       -579.792317556326     
   15.0083449058287       -579.792503580997     
   15.0083507048990       -579.792771596643     
   15.0083587395715       -579.793142935407     
   15.0083691824294       -579.793625573860     
   15.0083822034134       -579.794227366547     
   15.0083979687232       -579.794955995276     
   15.0084166402949       -579.795818944956     
   15.0084383768578       -579.796823552460     
   15.0084633315124       -579.797976894741     
   15.0084916520699       -579.799285804496     
   15.0085234818430       -579.800756906770     
   15.0085589585800       -579.802396569728     
   15.0085982148494       -579.804210922368     
   15.0086413772638       -579.806205818793     
   15.0086885676791       -579.808386893565     
   15.0087399020852       -579.810759510474     
   15.0087954913287       -579.813328795972     
   15.0088554415470       -579.816099659256     
   15.0089198525138       -579.819076715787     
   15.0089888200760       -579.822264399947     
   15.0090624337445       -579.825666853736     
   15.0091407788702       -579.829288027293     
   15.0092239349652       -579.833131601372     
   15.0093119768755       -579.837201041519     
   15.0094049753317       -579.841499623551     
   15.0095029940651       -579.846030300236     
   15.0096060937636       -579.850795884187     
   15.0097143301611       -579.855798959536     
   15.0098277536537       -579.861041864162     
   15.0099464106351       -579.866526751510     
   15.0100703422437       -579.872255532566     
   15.0101995855849       -579.878229932408     
   15.0103341741762       -579.884451510799     
   15.0104741356357       -579.890921555292     
   15.0106194947343       -579.897641222306     
   15.0107702716240       -579.904611455277     
   15.0109264835638       -579.911833064383     
   15.0110881423170       -579.919306606236     
   15.0112552583470       -579.927032577805     
   15.0114278353534       -579.935011163878     
   15.0116058766274       -579.943242530782     
   15.0117893812746       -579.951726651816     
   15.0119783451325       -579.960463349598     
   15.0121727597943       -579.969452250953     
   15.0123726168289       -579.978692982004     
   15.0125779014977       -579.988184877591     
   15.0127886021755       -579.997927416953     
   15.0130046975329       -580.007919630960     
   15.0132261684168       -580.018160651474     
   15.0134529929821       -580.028649486223     
   15.0136851473043       -580.039385047094     
   15.0139226042580       -580.050366098272     
   15.0141653358439       -580.061591363810     
   15.0144133137398       -580.073059553128     
   15.0146665050148       -580.084769162764     
   15.0149248774980       -580.096718724621     
   15.0151883967477       -580.108906665861     
   15.0154570271322       -580.121331358765     
   15.0157307333115       -580.133991189345     
   15.0160094769914       -580.146884407142     
   15.0162932178470       -580.160009167943     
   15.0165819200767       -580.173363836868     
   15.0168755395862       -580.186946395661     
   15.0171740379140       -580.200755086677     
   15.0174773721515       -580.214787946708     
   15.0177855016679       -580.229043118008     
   15.0180983805051       -580.243518496427     
   15.0184159690828       -580.258212272951     
   15.0187382205325       -580.273122301463     
   15.0190650957590       -580.288246795521     
   15.0193965455963       -580.303583502726     
   15.0197325283203       -580.319130515069     
   15.0200730018481       -580.334885907934     
   15.0204179181479       -580.350847481437     
   15.0207672313700       -580.367013136609     
   15.0211209032086       -580.383381123647     
   15.0214788822307       -580.399949085135     
   15.0218411279699       -580.416715171188     
   15.0222075981357       -580.433677447436     
   15.0225782425718       -580.450833615396     
   15.0229530222925       -580.468181893557     
   15.0233318917572       -580.485720196913     
   15.0237148056389       -580.503446450239     
   15.0241017251727       -580.521358882055     
   15.0244926030957       -580.539455327322     
   15.0248873967324       -580.557733833288     
   15.0252860667198       -580.576192600463     
   15.0256885672754       -580.594829532005     
   15.0260948608779       -580.613642913486     
   15.0265049021082       -580.632630664615     
   15.0269186524281       -580.651791023622     
   15.0273360674126       -580.671121955980     
   15.0277571144577       -580.690621974478     
   15.0281817450005       -580.710288852657     
   15.0286099234321       -580.730120963832     
   15.0290416124877       -580.750116604519     
   15.0294767701102       -580.770273849084     
   15.0299153594089       -580.790591011035     
   15.0303573418110       -580.811066325834     
   15.0308026838424       -580.831698264919     
   15.0312513455724       -580.852485000541     
   15.0317032882238       -580.873424758131     
   15.0321584809506       -580.894516130451     
   15.0326168850177       -580.915757344577     
   15.0330784632530       -580.937146699784     
   15.0335431867334       -580.958682877455     
   15.0340110168149       -580.980364108342     
   15.0344819228061       -581.002188991530     
   15.0349558681123       -581.024155852356     
   15.0354328193444       -581.046263164506     
   15.0359127530814       -581.068509863580     
   15.0363956244477       -581.090893890490     
   15.0368814099840       -581.113414178690     
   15.0373700753467       -581.136069156913     
   15.0378615928728       -581.158857563423     
   15.0383559299619       -581.181777907383     
   15.0388530595553       -581.204828954746     
   15.0393529472452       -581.228009130471     
   15.0398555692463       -581.251317351926     
   15.0403608961798       -581.274752276942     
   15.0408688948486       -581.298312386032     
   15.0413795430800       -581.321996670864     
   15.0418928141460       -581.345803911630     
   15.0424086761502       -581.369732648629     
   15.0429271068681       -581.393781870589     
   15.0434480801243       -581.417950382835     
   15.0439715679412       -581.442236906863     
   15.0444975448820       -581.466640281891     
   15.0450259884548       -581.491159483572     
   15.0455568732292       -581.515793351064     
   15.0460901758081       -581.540540817688     
   15.0466258677980       -581.565400584761     
   15.0471639322075       -581.590371882499     
   15.0477043419796       -581.615453473882     
   15.0482470765620       -581.640644423584     
   15.0487921110372       -581.665943593514     
   15.0493394260605       -581.691350104047     
   15.0498889979986       -581.716862876368     
   15.0504407995621       -581.742480661705     
   15.0509948263233       -581.768203272550     
   15.0515510430537       -581.794029091208     
   15.0521094321456       -581.819957317930     
   15.0526699757091       -581.845987139714     
   15.0532326547206       -581.872117690757     
   15.0537974472750       -581.898347971328     
   15.0543643330571       -581.924677055307     
   15.0549332966686       -581.951104244814     
   15.0555043199203       -581.977628712193     
   15.0560773790937       -582.004249372803     
   15.0566524629295       -582.030965720602     
   15.0572295458503       -582.057776584239     
   15.0578086179025       -582.084681518078     
   15.0583896596735       -582.111679636881     
   15.0589726521711       -582.138770074802     
   15.0595575806408       -582.165952162715     
   15.0601444247622       -582.193224972740     
   15.0607331739561       -582.220588029530     
   15.0613238071522       -582.248040370076     
   15.0619163103707       -582.275581360685     
   15.0625106749841       -582.303210616432     
   15.0631068737157       -582.330926885297     
   15.0637049004472       -582.358729898711     
   15.0643047374107       -582.386618846431     
   15.0649063682908       -582.414592985559     
   15.0655097806814       -582.442651754842     
   15.0661149609942       -582.470794537949     
   15.0667218944466       -582.499020662894     
   15.0673305665326       -582.527329470387     
   15.0679409673033       -582.555720513017     
   15.0685530798800       -582.584193020884     
   15.0691668911599       -582.612746399624     
   15.0697823898082       -582.641380136964     
   15.0703995603795       -582.670093529334     
   15.0710183940327       -582.698886180238     
   15.0716388764164       -582.727757436754     
   15.0722609973591       -582.756706840293     
   15.0728847388438       -582.785733567092     
   15.0735100980373       -582.814837499864     
   15.0741370579872       -582.844017864125     
   15.0747656086359       -582.873274206184     
   15.0753957385261       -582.902606007105     
   15.0760274363390       -582.932012754245     
   15.0766606886258       -582.961493835704     
   15.0772954874103       -582.991048894284     
   15.0779318195616       -583.020677332664     
   15.0785696799742       -583.050378927081     
   15.0792090569538       -583.080153146955     
   15.0798499336278       -583.109999220374     
   15.0804923077071       -583.139917054512     
   15.0811361655924       -583.169906029689     
   15.0817814980799       -583.199965730848     
   15.0824282947536       -583.230095686406     
   15.0830765485072       -583.260295578802     
   15.0837262475980       -583.290564874442     
   15.0843773840419       -583.320903214728     
   15.0850299482197       -583.351310164784     
   15.0856839357428       -583.381785533376     
   15.0863393269227       -583.412328416227     
   15.0869961237486       -583.442938919165     
   15.0876543138472       -583.473616478594     
   15.0883138868464       -583.504360624102     
   15.0889748357278       -583.535171041498     
   15.0896371561105       -583.566047539447     
   15.0903008333876       -583.596989449841     
   15.0909658624493       -583.627996547242     
   15.0916322338933       -583.659068405963     
   15.0922999464634       -583.690204980107     
   15.0929689839438       -583.721405526157     
   15.0936393442759       -583.752669960624     
   15.0943110191152       -583.783997906881     
   15.0949839969768       -583.815388841678     
   15.0956582780277       -583.846842785228     
   15.0963338484978       -583.878359107541     
   15.0970107043600       -583.909937633012     
   15.0976888410059       -583.941578158941     
   15.0983682446823       -583.973280055790     
   15.0990489120754       -584.005043181074     
   15.0997308402067       -584.036867407915     
   15.1004140212312       -584.068752382293     
   15.1010984434279       -584.100697569149     
   15.1017841001700       -584.132702671108     
   15.1024709974529       -584.164767979957     
   15.1031591167948       -584.196892644832     
   15.1038484552581       -584.229076540410     
   15.1045390027439       -584.261319206918     
   15.1052307632360       -584.293620842109     
   15.1059237215194       -584.325980747228     
   15.1066178797838       -584.358399036166     
   15.1073132303875       -584.390875363657     
   15.1080097566728       -584.423408963266     
   15.1087074667903       -584.456000227168     
   15.1094063460430       -584.488648480328     
   15.1101063945720       -584.521353740747     
   15.1108076053506       -584.554115691557     
   15.1115099772274       -584.586934290317     
   15.1122134949477       -584.619808835581     
   15.1129181608617       -584.652739448386     
   15.1136239718412       -584.685725993826     
   15.1143309152270       -584.718767891442     
   15.1150389900237       -584.751865105849     
   15.1157481890778       -584.785017313792     
   15.1164585123465       -584.818224524344     
   15.1171699545757       -584.851486502957     
   15.1178825031158       -584.884802669207     
   15.1185961603146       -584.918173143822     
   15.1193109260647       -584.951597932733     
   15.1200267840755       -584.985076285069     
   15.1207437387859       -585.018608419276     
   15.1214617776823       -585.052193760872     
   15.1221809055850       -585.085832546152     
   15.1229011124893       -585.119524317881     
   15.1236223958850       -585.153268969378     
   15.1243447521926       -585.187066343853     
   15.1250681753850       -585.220916170001     
   15.1257926580840       -585.254818113186     
   15.1265182043838       -585.288772375599     
   15.1272448026806       -585.322778424765     
   15.1279724598628       -585.356836593644     
   15.1287011595360       -585.390946125408     
   15.1294308990285       -585.425106905423     
   15.1301616837366       -585.459319196765     
   15.1308935020338       -585.493582465555     
   15.1316263525707       -585.527896658990     
   15.1323602308891       -585.562261578685     
   15.1330951342797       -585.596677108078     
   15.1338310600772       -585.631143132690     
   15.1345680045305       -585.665659487102     
   15.1353059603998       -585.700225842476     
   15.1360449280782       -585.734842227415     
   15.1367849023820       -585.769508409299     
   15.1375258808869       -585.804224284708     
   15.1382678591797       -585.838989657008     
   15.1390108326234       -585.873804319046     
   15.1397548075793       -585.908668578995     
   15.1404997648444       -585.943581547013     
   15.1412457105462       -585.978543520287     
   15.1419926416654       -586.013554367302     
   15.1427405528302       -586.048613846251     
   15.1434894450935       -586.083722016461     
   15.1442393042520       -586.118878221976     
   15.1449901442584       -586.154083126887     
   15.1457419487237       -586.189335972645     
   15.1464947152631       -586.224636657229     
   15.1472484517717       -586.259985560748     
   15.1480031408424       -586.295381876647     
   15.1487587956530       -586.330826232777     
   15.1495153984053       -586.366317804095     
   15.1502729574963       -586.401856994213     
   15.1510314597580       -586.437443195122     
   15.1517909107996       -586.473076679657     
   15.1525513055474       -586.508757219461     
   15.1533126366754       -586.544484480393     
   15.1540749101392       -586.580258751586     
   15.1548381192124       -586.616079726984     
   15.1556022579447       -586.651947136896     
   15.1563673211969       -586.687860749611     
   15.1571333260603       -586.723821377040     
   15.1579002459225       -586.759827779395     
   15.1586680886284       -586.795880334430     
   15.1594368525052       -586.831978973110     
   15.1602065344266       -586.868123558110     
   15.1609771348857       -586.904314122046     
   15.1617486404181       -586.940550041996     
   15.1625210610039       -586.976831796077     
   15.1632943932556       -587.013159234622     
   15.1640686268238       -587.049531880832     
   15.1648437638284       -587.085949843618     
   15.1656198108934       -587.122413443583     
   15.1663967454046       -587.158921627473     
   15.1671745800668       -587.195475001536     
   15.1679533135789       -587.232073513936     
   15.1687329303505       -587.268716441220     
   15.1695134480572       -587.305404623403     
   15.1702948475135       -587.342137167929     
   15.1710771384175       -587.378914539899     
   15.1718603090534       -587.415736197720     
   15.1726443659188       -587.452602456055     
   15.1734292917574       -587.489512512650     
   15.1742151006853       -587.526467040392     
   15.1750017940245       -587.563466110660     
   15.1757893533707       -587.600508866992     
   15.1765777878773       -587.637595748994     
   15.1773670929309       -587.674726548750     
   15.1781572664630       -587.711901178001     
   15.1789483064006       -587.749119548294     
   15.1797402072608       -587.786381410675     
   15.1805329768306       -587.823687140561     
   15.1813265967229       -587.861035881702     
   15.1821210821348       -587.898428358232     
   15.1829164269994       -587.935864293664     
   15.1837126255207       -587.973343424113     
   15.1845096832361       -588.010866019227     
   15.1853075878475       -588.048431508978     
   15.1861063349360       -588.086039694172     
   15.1869059382021       -588.123691228779     
   15.1877063887697       -588.161385703774     
   15.1885076859282       -588.199123094586     
   15.1893098240519       -588.236903145102     
   15.1901127946234       -588.274725462965     
   15.1909166204064       -588.312591129252     
   15.1917212748456       -588.350498901884     
   15.1925267720055       -588.388449452235     
   15.1933331019975       -588.426442323202     
   15.1941402623712       -588.464477408081     
   15.1949482645105       -588.502555252118     
   15.1957570877908       -588.540674892087     
   15.1965667442084       -588.578836902081     
   15.1973772230067       -588.617040783836     
   15.1981885387643       -588.655287233283     
   15.1990006687898       -588.693575189427     
   15.1998136248861       -588.731905217370     
   15.2006274049445       -588.770277226387     
   15.2014420031939       -588.808690953010     
   15.2022574160548       -588.847146237087     
   15.2030736507416       -588.885643427471     
   15.2038907015321       -588.924182262934     
   15.2047085691486       -588.962762786177     
   15.2055272430332       -589.001384507741     
   15.2063467263026       -589.040047583214     
   15.2071670310086       -589.078752589805     
   15.2079881437604       -589.117498904314     
   15.2088100600238       -589.156286321318     
   15.2096327852696       -589.195115107534     
   15.2104563111414       -589.233984877108     
   15.2112806413393       -589.272895813177     
   15.2121057783749       -589.311848042838     
   15.2129317144579       -589.350841206840     
   15.2137584493698       -589.389875303372     
   15.2145859807418       -589.428950229005     
   15.2154143109757       -589.468066105670     
   15.2162434357912       -589.507222739652     
   15.2170733639687       -589.546420554136     
   15.2179040815761       -589.585658899559     
   15.2187355866335       -589.624937690780     
   15.2195678846474       -589.664257196309     
   15.2204009770114       -589.703617490428     
   15.2212348542387       -589.743018133318     
   15.2220695236978       -589.782459481532     
   15.2229049809200       -589.821941332324     
   15.2237412153850       -589.861463196859     
   15.2245782396712       -589.901025677937     
   15.2254160374588       -589.940628012533     
   15.2262546285933       -589.980271147084     
   15.2270940014795       -590.019954541836     
   15.2279341445082       -590.059677656209     
   15.2287750762318       -590.099441375693     
   15.2296167803606       -590.139244938349     
   15.2304592629132       -590.179088637087     
   15.2313025171446       -590.218972161158     
   15.2321465457873       -590.258895648076     
   15.2329913472454       -590.298859030598     
   15.2338369273168       -590.338862591278     
   15.2346832805629       -590.378906081125     
   15.2355303989646       -590.418989128957     
   15.2363782862220       -590.459111918033     
   15.2372269335399       -590.499274040332     
   15.2380763568728       -590.539476259117     
   15.2389265457055       -590.579718084948     
   15.2397775003682       -590.619999541668     
   15.2406292173190       -590.660320469768     
   15.2414817046558       -590.700681260831     
   15.2423349433049       -590.741081019973     
   15.2431889432402       -590.781520227509     
   15.2440437109025       -590.821999196647     
   15.2448992317574       -590.862517247217     
   15.2457555156425       -590.903074853275     
   15.2466125509053       -590.943671471010     
   15.2474703453997       -590.984307480547     
   15.2483289007700       -591.024982967938     
   15.2491882030907       -591.065697281527     
   15.2500482736372       -591.106451437488     
   15.2509090730250       -591.147243577616     
   15.2517706381094       -591.188075456463     
   15.2526329523690       -591.228946299161     
   15.2534960228654       -591.269856448504     
   15.2543598292491       -591.310804947912     
   15.2552243910666       -591.351792731977     
   15.2560897005803       -591.392819441979     
   15.2569557528118       -591.433884849852     
   15.2578225552827       -591.474989320282     
   15.2586901039849       -591.516132671248     
   15.2595583906545       -591.557314518817     
   15.2604274270850       -591.598535430334     
   15.2612971996048       -591.639794765295     
   15.2621677108354       -591.681092656007     
   15.2630389658039       -591.722429348920     
   15.2639109660902       -591.763804927010     
   15.2647837058754       -591.805219122187     
   15.2656571728731       -591.846671359293     
   15.2665313838790       -591.888162443320     
   15.2674063373423       -591.929692308688     
   15.2682820055494       -591.971259647791     
   15.2691584235235       -592.012866131052     
   15.2700355771886       -592.054511098242     
   15.2709134538553       -592.096193954749     
   15.2717920741493       -592.137915687817     
   15.2726714126402       -592.179675097759     
   15.2735514905985       -592.221473202546     
   15.2744323005577       -592.263309655493     
   15.2753138339533       -592.305184057674     
   15.2761961037613       -592.347097033329     
   15.2770790928321       -592.389047775607     
   15.2779628098127       -592.431036703121     
   15.2788472522368       -592.473063706551     
   15.2797324268105       -592.515129112391     
   15.2806183199242       -592.557232281732     
   15.2815049281340       -592.599373058627     
   15.2823922742321       -592.641552534224     
   15.2832803356512       -592.683769643663     
   15.2841691282646       -592.726025149350     
   15.2850586334765       -592.768318174996     
   15.2859488516755       -592.810648746745     
   15.2868397941613       -592.853017409660     
   15.2877314595987       -592.895424108101     
   15.2886238398414       -592.937868462373     
   15.2895169342003       -592.980350447418     
   15.2904107485667       -593.022870351240     
   15.2913052789521       -593.065427991853     
   15.2922005243594       -593.108023329543     
   15.2930964847782       -593.150656371545     
   15.2939931557357       -593.193326912740     
   15.2948905359963       -593.236034901987     
   15.2957886342235       -593.278780759327     
   15.2966874377043       -593.321563887337     
   15.2975869561341       -593.364384755238     
   15.2984871810061       -593.407242965717     
   15.2993881190427       -593.450138846514     
   15.3002897677278       -593.493072285535     
   15.3011921243023       -593.536043159067     
   15.3020951821958       -593.579051161847     
   15.3029989431016       -593.622096382089     
   15.3039034203474       -593.665179462289     
   15.3048085955412       -593.708299534010     
   15.3057144777023       -593.751457034501     
   15.3066210569101       -593.794651498734     
   15.3075283478228       -593.837883632732     
   15.3084363301117       -593.881152475420     
   15.3093450273556       -593.924459158035     
   15.3102544167110       -593.967802599509     
   15.3111645138796       -594.011183555820     
   15.3120753009994       -594.054601183074     
   15.3129867919696       -594.098056151422     
   15.3138989793858       -594.141548115433     
   15.3148118639467       -594.185077115959     
   15.3157254505279       -594.228643393064     
   15.3166397236635       -594.272246216737     
   15.3175547001720       -594.315886396580     
   15.3184703690636       -594.359563416016     
   15.3193867291919       -594.403277227822     
   15.3203037908655       -594.447028331313     
   15.3212215383390       -594.490815982819     
   15.3221399828691       -594.534640726888     
   15.3230591122138       -594.578501986885     
   15.3239789305034       -594.622399967309     
   15.3248994503420       -594.666335277252     
   15.3258206576331       -594.710307251400     
   15.3267425314155       -594.754314896534     
   15.3276651163704       -594.798360353074     
   15.3285883840156       -594.842442268797     
   15.3295123386036       -594.886560854146     
   15.3304369754892       -594.930715894727     
   15.3313623080718       -594.974908037875     
   15.3322883199983       -595.019136510047     
   15.3332150127048       -595.063401387190     
   15.3341423949267       -595.107703093978     
   15.3350704517514       -595.152040925401     
   15.3359991985651       -595.196415623934     
   15.3369286151522       -595.240826231042     
   15.3378587358658       -595.285274395676     
   15.3387895119446       -595.329757795007     
   15.3397209795838       -595.374278166149     
   15.3406531271991       -595.418834962846     
   15.3415859408119       -595.463427524213     
   15.3425194456456       -595.508057063344     
   15.3434536288172       -595.552722971785     
   15.3443884887093       -595.597425179505     
   15.3453240103060       -595.642162975746     
   15.3462602240092       -595.686937821672     
   15.3471970975718       -595.731748182385     
   15.3481346510117       -595.776595022551     
   15.3490728722850       -595.821477773352     
   15.3500117759396       -595.866397138067     
   15.3509513523726       -595.911352664596     
   15.3518915875987       -595.956343690974     
   15.3528325082194       -596.001371497368     
   15.3537740799977       -596.046434452612     
   15.3547163334957       -596.091534026564     
   15.3556592529203       -596.136669470630     
   15.3566028458233       -596.181841153513     
   15.3575470967397       -596.227048342087     
   15.3584920257920       -596.272292006950     
   15.3594376189643       -596.317571484302     
   15.3603838736020       -596.362886654148     
   15.3613307908895       -596.408237580385     
   15.3622783699333       -596.453624227368     
   15.3632266147243       -596.499046793419     
   15.3641755228059       -596.544505168029     
   15.3651250906831       -596.589999190925     
   15.3660753301337       -596.635529433595     
   15.3670262158800       -596.681094691958     
   15.3679777698292       -596.726696022874     
   15.3689299830295       -596.772333004534     
   15.3698828506411       -596.818005412053     
   15.3708363769282       -596.863713456914     
   15.3717905649025       -596.909457290596     
   15.3727454160432       -596.955236991198     
   15.3737009200491       -597.001052071901     
   15.3746570667068       -597.046902049995     
   15.3756138797096       -597.092788068680     
   15.3765713474570       -597.138709578772     
   15.3775294523190       -597.184665741654     
   15.3784882384458       -597.230658682151     
   15.3794476589172       -597.276686156583     
   15.3804077281188       -597.322748862003     
   15.3813684607881       -597.368847512567     
   15.3823298314139       -597.414980891182     
   15.3832918566717       -597.461149805014     
   15.3842545381719       -597.507354338428     
   15.3852178571126       -597.553593595963     
   15.3861818308127       -597.599868415891     
   15.3871464423159       -597.646177991184     
   15.3881117060841       -597.692523023077     
   15.3890776069460       -597.738902790094     
   15.3900441745964       -597.785318725102     
   15.3910113582422       -597.831768395852     
   15.3919791989086       -597.878253779454     
   15.3929476857571       -597.924774362327     
   15.3939168102783       -597.971329742642     
   15.3948865781723       -598.017920201106     
   15.3958569852160       -598.064545541718     
   15.3968280283700       -598.111205625275     
   15.3977997247098       -598.157901279235     
   15.3987720487379       -598.204631285167     
   15.3997450105286       -598.251396134023     
   15.4007186215953       -598.298196386102     
   15.4016928429129       -598.345030172255     
   15.4026677259576       -598.391899973940     
   15.4036432358427       -598.438804120800     
   15.4046193738140       -598.485742679470     
   15.4055961462644       -598.532715964109     
   15.4065735556518       -598.579724099742     
   15.4075516084619       -598.626767405163     
   15.4085302807434       -598.673844735102     
   15.4095095869975       -598.720956793812     
   15.4104895190383       -598.768103194241     
   15.4114700900078       -598.815284575445     
   15.4124512782167       -598.862499900526     
   15.4134330974061       -598.909749837389     
   15.4144155541449       -598.957034708954     
   15.4153986333046       -599.004353793840     
   15.4163823281077       -599.051706772421     
   15.4173666517924       -599.099094288591     
   15.4183516070845       -599.146516480338     
   15.4193371788498       -599.193972625631     
   15.4203233789494       -599.241463302271     
   15.4213102049747       -599.288988400935     
   15.4222976397348       -599.336547100327     
   15.4232857111207       -599.384140750408     
   15.4242743953742       -599.431768213457     
   15.4252636974050       -599.479429732557     
   15.4262536028912       -599.527124624168     
   15.4272441529082       -599.574854874045     
   15.4282353098443       -599.622618676513     
   15.4292270751947       -599.670416110072     
   15.4302194793514       -599.718248646095     
   15.4312124780208       -599.766114156257     
   15.4322061113510       -599.814014582342     
   15.4332003188696       -599.861947015539     
   15.4341951735286       -599.909914979471     
   15.4351906225346       -599.957915935258     
   15.4361866952454       -600.005951304993     
   15.4371833708561       -600.054020091899     
   15.4381806547482       -600.102122561919     
   15.4391785479995       -600.150258773501     
   15.4401770565207       -600.198429018252     
   15.4411761658412       -600.246632604540     
   15.4421758931650       -600.294870368831     
   15.4431762100076       -600.343140943121     
   15.4441771427553       -600.391445607071     
   15.4451786660858       -600.439783144982     
   15.4461808026309       -600.488154655541     
   15.4471835410912       -600.536559599765     
   15.4481868923327       -600.584998508602     
   15.4491908363420       -600.633470422246     
   15.4501953692540       -600.681975160289     
   15.4512005127402       -600.730513775488     
   15.4522062385365       -600.779084909249     
   15.4532125940292       -600.827690856466     
   15.4542195259909       -600.876329052684     
   15.4552270714178       -600.925001291202     
   15.4562351855438       -600.973705415679     
   15.4572439102810       -601.022443457172     
   15.4582532244130       -601.071214396885     
   15.4592631317148       -601.120018423462     
   15.4602736260958       -601.168855248747     
   15.4612847168656       -601.217725328890     
   15.4622963935775       -601.266628165155     
   15.4633086877937       -601.315565289551     
   15.4643215328933       -601.364533487569     
   15.4653349824630       -601.413535355954     
   15.4663490247015       -601.462570330434     
   15.4673636541513       -601.511638153257     
   15.4683788422521       -601.560737449217     
   15.4693946481594       -601.609871085508     
   15.4704110269074       -601.659036893419     
   15.4714279848112       -601.708235184422     
   15.4724455291102       -601.757466314833     
   15.4734636497750       -601.806729805474     
   15.4744823624325       -601.856026418565     
   15.4755016283907       -601.905354287715     
   15.4765214731979       -601.954714655199     
   15.4775419367979       -602.004109460591     
   15.4785629422220       -602.053534984305     
   15.4795845403889       -602.102993697132     
   15.4806067194879       -602.152485033388     
   15.4816294568704       -602.202007902408     
   15.4826527626078       -602.251562797654     
   15.4836766404735       -602.301149907791     
   15.4847011059868       -602.350769990437     
   15.4857261328091       -602.400421775848     
   15.4867517365125       -602.450106024211     
   15.4877779082734       -602.499822314006     
   15.4888046323476       -602.549569888230     
   15.4898319549067       -602.599350989971     
   15.4908598089968       -602.649162380665     
   15.4918882537616       -602.699006932278     
   15.4929172522569       -602.748882860200     
   15.4939468159468       -602.798790725850     
   15.4949769478635       -602.848730682053     
   15.4960076354928       -602.898702127895     
   15.4970388742364       -602.948704846123     
   15.4980706733554       -602.998739291470     
   15.4991030417310       -603.048805900435     
   15.5001359634986       -603.098903909377     
   15.5011694589876       -603.149034310103     
   15.5022034987044       -603.199195677735     
   15.5032381011825       -603.249388916985     
   15.5042732408934       -603.299612794974     
   15.5053089450354       -603.349868636949     
   15.5063451971128       -603.400155648160     
   15.5073819944099       -603.450473702396     
   15.5084193326878       -603.500822599432     
   15.5094572513981       -603.551204259871     
   15.5104957097889       -603.601616711298     
   15.5115347215070       -603.652060621753     
   15.5125742684281       -603.702535116841     
   15.5136143403567       -603.753039706833     
   15.5146549772117       -603.803576335689     
   15.5156961873013       -603.854145412712     
   15.5167378854813       -603.904742808001     
   15.5177801461864       -603.955372142249     
   15.5188229591592       -604.006032922873     
   15.5198663132062       -604.056724611633     
   15.5209101889781       -604.107446273782     
   15.5219546030422       -604.158198719626     
   15.5229995695544       -604.208982642573     
   15.5240450618205       -604.259796750768     
   15.5250910935980       -604.310641718206     
   15.5261376381988       -604.361516252902     
   15.5271847382418       -604.412422432019     
   15.5282323641056       -604.463358820918     
   15.5292805090142       -604.514325095341     
   15.5303292129276       -604.565323203773     
   15.5313784216597       -604.616350516510     
   15.5324281646600       -604.667408470923     
   15.5334784401353       -604.718496985188     
   15.5345292183177       -604.769614616394     
   15.5355805561604       -604.820764140495     
   15.5366323773643       -604.871941850572     
   15.5376847484736       -604.923150989540     
   15.5387376244877       -604.974389372888     
   15.5397910384157       -605.025658612176     
   15.5408449547179       -605.076956982855     
   15.5418993945805       -605.128285521212     
   15.5429543528136       -605.179643979762     
   15.5440098372524       -605.231032745120     
   15.5450658200785       -605.282450467930     
   15.5461223003533       -605.333897107332     
   15.5471793266439       -605.385375033533     
   15.5482368531642       -605.436882021895     
   15.5492949029872       -605.488419201218     
   15.5503534390534       -605.539984771283     
   15.5514125019911       -605.591580716202     
   15.5524720530807       -605.643205154607     
   15.5535321233171       -605.694859601543     
   15.5545927053705       -605.746543704925     
   15.5556537607101       -605.798255591842     
   15.5567153553004       -605.849998482088     
   15.5577774223593       -605.901769125587     
   15.5588400130324       -605.953570020283     
   15.5599030918825       -606.005399443537     
   15.5609666468467       -606.057256811859     
   15.5620307491528       -606.109145603208     
   15.5630953041695       -606.161061207917     
   15.5641603698299       -606.213006455851     
   15.5652259418022       -606.264981140674     
   15.5662919824285       -606.316983430253     
   15.5673585333922       -606.369015362630     
   15.5684255512931       -606.421074825201     
   15.5694930755900       -606.473163747803     
   15.5705610944107       -606.525281555987     
   15.5716295708402       -606.577426452837     
   15.5726985682978       -606.629601538109     
   15.5737680326507       -606.681804174463     
   15.5748379919761       -606.734035736969     
   15.5759084051872       -606.786294224381     
   15.5769793224102       -606.838582088443     
   15.5780507201750       -606.890898187950     
   15.5791225776565       -606.943241510402     
   15.5801949436595       -606.995614443767     
   15.5812677570093       -607.048014004875     
   15.5823410561157       -607.100442074101     
   15.5834148115186       -607.152897216845     
   15.5844890872496       -607.205382565815     
   15.5855637929069       -607.257893708753     
   15.5866389764138       -607.310432991442     
   15.5877146278541       -607.362999933743     
   15.5887907470096       -607.415594529346     
   15.5898673325324       -607.468216716741     
   15.5909443836233       -607.520866461200     
   15.5920219000622       -607.573543756283     
   15.5930998733132       -607.626248188943     
   15.5941783312980       -607.678981128738     
   15.5952572201612       -607.731739946532     
   15.5963366039880       -607.784527780452     
   15.5974164168479       -607.837341410384     
   15.5984966815907       -607.890181957904     
   15.5995774239985       -607.943050688424     
   15.6006585960525       -607.995945257055     
   15.6017402221351       -608.048866860670     
   15.6028223240868       -608.101816572169     
   15.6039048575897       -608.154792227113     
   15.6049878357863       -608.207794472597     
   15.6060712729534       -608.260824011442     
   15.6071551445502       -608.313879646557     
   15.6082394924822       -608.366963433342     
   15.6093242469488       -608.420071958717     
   15.6104094628985       -608.473207916788     
   15.6114951149617       -608.526370069405     
   15.6125812119402       -608.579558851547     
   15.6136677316177       -608.632773179073     
   15.6147547110952       -608.686014873034     
   15.6158421159026       -608.739282249000     
   15.6169299487915       -608.792575445499     
   15.6180182276706       -608.845895343809     
   15.6191069384541       -608.899241257692     
   15.6201960701902       -608.952612654270     
   15.6212856170927       -609.006009253615     
   15.6223755927059       -609.059431723195     
   15.6234660267746       -609.112881524838     
   15.6245568623277       -609.166355869776     
   15.6256481386310       -609.219856686548     
   15.6267398386755       -609.273383145053     
   15.6278319297230       -609.326933643613     
   15.6289244534792       -609.380510230796     
   15.6300174271986       -609.434113756652     
   15.6311107810900       -609.487740801946     
   15.6322045518906       -609.541393171901     
   15.6332987787854       -609.595072792494     
   15.6343933659662       -609.648774967136     
   15.6354883887560       -609.702503394605     
   15.6365838346216       -609.756257463705     
   15.6376796669429       -609.810035380870     
   15.6387759281658       -609.863839232581     
   15.6398725740908       -609.917666853005     
   15.6409696362529       -609.971519793355     
   15.6420670912000       -610.025396905789     
   15.6431649409662       -610.079298293436     
   15.6442632234834       -610.133225822159     
   15.6453618925955       -610.187177229098     
   15.6464609590517       -610.241153045303     
   15.6475604115252       -610.295152717750     
   15.6486602706252       -610.349177261924     
   15.6497605296695       -610.403226352981     
   15.6508611516608       -610.457298176509     
   15.6519621776172       -610.511394750800     
   15.6530635985083       -610.565515635448     
   15.6541653947414       -610.619659870841     
   15.6552675969641       -610.673828966261     
   15.6563701944395       -610.728022397336     
   15.6574731294351       -610.782237329324     
   15.6585764835007       -610.836477773839     
   15.6596802119600       -610.890741537871     
   15.6607843332508       -610.945029530965     
   15.6618888177712       -610.999340300674     
   15.6629936567743       -611.053673419592     
   15.6640988939978       -611.108031041644     
   15.6652044986609       -611.162411655998     
   15.6663104898560       -611.216816204731     
   15.6674168260093       -611.271242645642     
   15.6685235313724       -611.325692174469     
   15.6696306423771       -611.380166586787     
   15.6707380571137       -611.434660870866     
   15.6718459045046       -611.489181373669     
   15.6729540858998       -611.543723243347     
   15.6740626040766       -611.598286619032     
   15.6751715250794       -611.652874754414     
   15.6762807926435       -611.707484882689     
   15.6773904193342       -611.762117625120     
   15.6785003749919       -611.816771499281     
   15.6796107168363       -611.871449325365     
   15.6807213696052       -611.926147399703     
   15.6818324029264       -611.980869153893     
   15.6829437798583       -612.035612771200     
   15.6840555191420       -612.090379177382     
   15.6851675907507       -612.145166895811     
   15.6862800029785       -612.199976337477     
   15.6873927661962       -612.254808015896     
   15.6885058827450       -612.309662049032     
   15.6896193392881       -612.364537782167     
   15.6907331052046       -612.419433708412     
   15.6918472144513       -612.474351503675     
   15.6929616795517       -612.529291787854     
   15.6940764710727       -612.584253112407     
   15.6951915974673       -612.639235896386     
   15.6963070469932       -612.694239563076     
   15.6974228153510       -612.749263902653     
   15.6985389493509       -612.804311226013     
   15.6996553724351       -612.859377759582     
   15.7007721470720       -612.914466586728     
   15.7018892316833       -612.969575658717     
   15.7030066382946       -613.024705570897     
   15.7041243580417       -613.079855888063     
   15.7052424306608       -613.135028573139     
   15.7063607755136       -613.190219648990     
   15.7074794746553       -613.245433167118     
   15.7085984493694       -613.300665244518     
   15.7097177691033       -613.355919311085     
   15.7108373862000       -613.411193016436     
   15.7119573065382       -613.466486652622     
   15.7130775294844       -613.521800190269     
   15.7141980681707       -613.577134279774     
   15.7153189206505       -613.632488827046     
   15.7164400572988       -613.687862370862     
   15.7175615146856       -613.743256719317     
   15.7186832574376       -613.798670126991     
   15.7198053056140       -613.854103586615     
   15.7209276504996       -613.909556669452     
   15.7220502718330       -613.965028376078     
   15.7231731977146       -614.020520096718     
   15.7242964419074       -614.076032513469     
   15.7254199187695       -614.131561395283     
   15.7265437099694       -614.187110780178     
   15.7276678188843       -614.242680837116     
   15.7287921936295       -614.298269002909     
   15.7299168352818       -614.353875332155     
   15.7310417639846       -614.409500822323     
   15.7321670103081       -614.465146986899     
   15.7332924768998       -614.520809012945     
   15.7344182429938       -614.576490820429     
   15.7355443081986       -614.632192391764     
   15.7366706218988       -614.687911224690     
   15.7377972138263       -614.743648791351     
   15.7389240575131       -614.799403783596     
   15.7400512007325       -614.855178566671     
   15.7411785861638       -614.910970305558     
   15.7423062442007       -614.966780505601     
   15.7434341831462       -615.022609579224     
   15.7445623479484       -615.078454802693     
   15.7456908101817       -615.134319720302     
   15.7468194943367       -615.190200595185     
   15.7479484714914       -615.246100947588     
   15.7490776741615       -615.302017437352     
   15.7502071675502       -615.357953294450     
   15.7513368562943       -615.413903797227     
   15.7524668395814       -615.469873859227     
   15.7535970656055       -615.525860915761     
   15.7547275051279       -615.581863519299     
   15.7558582428208       -615.637885865683     
   15.7569891911474       -615.693923619096     
   15.7581204018210       -615.749979342792     
   15.7592518062826       -615.806049640261     
   15.7603834944128       -615.862138966731     
   15.7615153863405       -615.918243364613     
   15.7626475554403       -615.974366471819     
   15.7637799293566       -616.030504702547     
   15.7649125462963       -616.086659951681     
   15.7660453839455       -616.142831113750     
   15.7671784484668       -616.199018495048     
   15.7683117183059       -616.255221027350     
   15.7694452333459       -616.311440689344     
   15.7705789889063       -616.367677249880     
   15.7717129372743       -616.423928342920     
   15.7728471226226       -616.480196160337     
   15.7739815257697       -616.536479751281     
   15.7751161186465       -616.592777723570     
   15.7762509795344       -616.649093962282     
   15.7773860001985       -616.705423096937     
   15.7785212520245       -616.761768670658     
   15.7796567033275       -616.818129111423     
   15.7807923851061       -616.874505958513     
   15.7819282314491       -616.930895940379     
   15.7830643301221       -616.987303414702     
   15.7842005826557       -617.043723492905     
   15.7853370693685       -617.100160163478     
   15.7864737534924       -617.156611601160     
   15.7876106286490       -617.213077489483     
   15.7887476944936       -617.269557811604     
   15.7898849434259       -617.326052190212     
   15.7910223935539       -617.382561525112     
   15.7921600393846       -617.439085543781     
   15.7932978672481       -617.495623567265     
   15.7944358725333       -617.552175366545     
   15.7955740793187       -617.608742138415     
   15.7967124527968       -617.665322153167     
   15.7978510356029       -617.721917530092     
   15.7989897689244       -617.778525345930     
   15.8001286748328       -617.835146697718     
   15.8012677910178       -617.891783459483     
   15.8024070453468       -617.948432044839     
   15.8035464928249       -618.005095188782     
   15.8046861044926       -618.061771451277     
   15.8058258590771       -618.118459774116     
   15.8069658454054       -618.175164575499     
   15.8081059507068       -618.231880246087     
   15.8092461985515       -618.288607957817     
   15.8103866760854       -618.345352046410     
   15.8115272134942       -618.402104062465     
   15.8126679878310       -618.458872815616     
   15.8138089122666       -618.515653985225     
   15.8149499365729       -618.572445070931     
   15.8160911618299       -618.629251103368     
   15.8172325231236       -618.686068851304     
   15.8183740603536       -618.742900300727     
   15.8195156987010       -618.799741726318     
   15.8206575007743       -618.856596244776     
   15.8217994615617       -618.913463606361     
   15.8229415622406       -618.970342873436     
   15.8240837920900       -619.027233511537     
   15.8252261645158       -619.084136187877     
   15.8263686434213       -619.141049103790     
   15.8275112791991       -619.197974769035     
   15.8286540360346       -619.254911398872     
   15.8297969443221       -619.311860507165     
   15.8309399742479       -619.368820607851     
   15.8320831247310       -619.425791646361     
   15.8332264213019       -619.482774894488     
   15.8343698153787       -619.539767930190     
   15.8355133375733       -619.596772278506     
   15.8366569920564       -619.653788146737     
   15.8378007363474       -619.710813416248     
   15.8389446544271       -619.767852273573     
   15.8400886402751       -619.824899431565     
   15.8412327435163       -619.881957363774     
   15.8423769301631       -619.939024374216     
   15.8435212818612       -619.996104534352     
   15.8446656979056       -620.053192820211     
   15.8458102607391       -620.110293343489     
   15.8469548953074       -620.167402358951     
   15.8480996225703       -620.224520911135     
   15.8492444973906       -620.281651736783     
   15.8503894043963       -620.338789077570     
   15.8515344671501       -620.395939098889     
   15.8526796035721       -620.453097703328     
   15.8538248071460       -620.510264564255     
   15.8549701287455       -620.567442220126     
   15.8561155443686       -620.624629471778     
   15.8572610210670       -620.681824672880     
   15.8584065895971       -620.739029357857     
   15.8595522346597       -620.796242761535     
   15.8606979819874       -620.853466167857     
   15.8618438002947       -620.910698013096     
   15.8629897128927       -620.967939460410     
   15.8641356665052       -621.025187847066     
   15.8652817280697       -621.082446515742     
   15.8664278086434       -621.139711021249     
   15.8675740402509       -621.196987959083     
   15.8687202869996       -621.254270537487     
   15.8698666062639       -621.311561621958     
   15.8710130053838       -621.368861578019     
   15.8721594603497       -621.426169204206     
   15.8733059571580       -621.483483798846     
   15.8744525376260       -621.540807450932     
   15.8755991586875       -621.598138005858     
   15.8767458407082       -621.655476480271     
   15.8778926033419       -621.712823855538     
   15.8790393923869       -621.770177419516     
   15.8801862098199       -621.827537269142     
   15.8813331178967       -621.884906516694     
   15.8824800450603       -621.942281581236     
   15.8836270160547       -621.999663698691     
   15.8847740573751       -622.057054193028     
   15.8859210919449       -622.114449205954     
   15.8870682123512       -622.171853368527     
   15.8882153518856       -622.229263340902     
   15.8893625266461       -622.286679926743     
   15.8905097193763       -622.344102260438     
   15.8916569511223       -622.401531393502     
   15.8928042403731       -622.458968249783     
   15.8939515308493       -622.516410009826     
   15.8950988615602       -622.573858624710     
   15.8962461892331       -622.631311925645     
   15.8973935578362       -622.688772112291     
   15.8985409487570       -622.746238250678     
   15.8996883650741       -622.803710492968     
   15.9008357900740       -622.861187999952     
   15.9019832040063       -622.918669779938     
   15.9031306725331       -622.976159120408     
   15.9042781460015       -623.033653531740     
   15.9054256268814       -623.091153135509     
   15.9065730891986       -623.148656627753     
   15.9077205782591       -623.206166276716     
   15.9088680834351       -623.263681547716     
   15.9100155780318       -623.321201100487     
   15.9111630385394       -623.378723753995     
   15.9123105320468       -623.436252869156     
   15.9134580348264       -623.493787254316     
   15.9146055102207       -623.551325069144     
   15.9157529614370       -623.608866471841     
   15.9169004431205       -623.666414200437     
   15.9180478992402       -623.723965442638     
   15.9191953509529       -623.781521257100     
   15.9203427659010       -623.839080018224     
   15.9214901510194       -623.896642071151     
   15.9226375442196       -623.954209315445     
   15.9237849130762       -624.011780121800     
   15.9249322637994       -624.069354799307     
   15.9260795795813       -624.126932501873     
   15.9272268809521       -624.184514257220     
   15.9283741560164       -624.242099465773     
   15.9295214010296       -624.299687936931     
   15.9306685811544       -624.357277919087     
   15.9318157947701       -624.414874348506     
   15.9329628997112       -624.472470084955     
   15.9341099884052       -624.530069766086     
   15.9352570781356       -624.587674257404     
   15.9364041145108       -624.645280824843     
   15.9375510807812       -624.702888624153     
   15.9386979957210       -624.760498595235     
   15.9398448923535       -624.818112394154     
   15.9409917480812       -624.875728883046     
   15.9421385248081       -624.933346145001     
   15.9432852650426       -624.990966312755     
   15.9444319375091       -625.048587811856     
   15.9455785615784       -625.106211612707     
   15.9467251359136       -625.163837645217     
   15.9478716498423       -625.221465370036     
   15.9490181114279       -625.279095189449     
   15.9501645162375       -625.336726877678     
   15.9513108080431       -625.394357604702     
   15.9524570875151       -625.451992428752     
   15.9536032719451       -625.509627188301     
   15.9547493926321       -625.567263453915     
   15.9558954357857       -625.624900528943     
   15.9570413826765       -625.682537468092     
   15.9581873232459       -625.740178792148     
   15.9593331178060       -625.797817471554     
   15.9604788666528       -625.855458548162     
   15.9616245226807       -625.913099649028     
   15.9627701065123       -625.970741808429     
   15.9639155799459       -626.028383100769     
   15.9650609668555       -626.086024723925     
   15.9662063114870       -626.143668901488     
   15.9673515253905       -626.201311178513     
   15.9684966606512       -626.258954173063     
   15.9696416890191       -626.316596459670     
   15.9707866536108       -626.374240205587     
   15.9719314797459       -626.431881647433     
   15.9730762008693       -626.489522465417     
   15.9742208538146       -626.547164510885     
   15.9753653975997       -626.604805716706     
   15.9765098415664       -626.662446549817     
   15.9776541668840       -626.720086058172     
   15.9787983698492       -626.777724051492     
   15.9799424736311       -626.835361693258     
   15.9810864736785       -626.892998750693     
   15.9822303723087       -626.950635337016     
   15.9833741081226       -627.008268354701     
   15.9845177939990       -627.065903488146     
   15.9856613103438       -627.123534706894     
   15.9868047089707       -627.181164618254     
   15.9879479884386       -627.238793145880     
   15.9890911024480       -627.296417951999     
   15.9902341575789       -627.354044405693     
   15.9913770642197       -627.411667985754     
   15.9925198256276       -627.469288852328     
   15.9936624744022       -627.526908645370     
   15.9948049696026       -627.584525296472     
   15.9959473213911       -627.642139314070     
   15.9970895504177       -627.699751735781     
   15.9982316388875       -627.757361660180     
   15.9993735979317       -627.814969644882     
   16.0005153817491       -627.872573375258     
   16.0016570756218       -627.930177149989     
   16.0027985580706       -627.987774835805     
   16.0039399480516       -628.045372430999     
   16.0050811278373       -628.102963990626     
   16.0062222156484       -628.160555476839     
   16.0073631273375       -628.218142638791     
   16.0085038419429       -628.275724413928     
   16.0096444418857       -628.333304958658     
   16.0107848888592       -628.390882335290     
   16.0119251539172       -628.448455078185     
   16.0130652610470       -628.506024394148     
   16.0142051782277       -628.563588662000     
   16.0153449812966       -628.621151707332     
   16.0164846124345       -628.678710606182     
   16.0176240303826       -628.736263270148     
   16.0187633100749       -628.793813479853     
   16.0199023815290       -628.851357695843     
   16.0210412689429       -628.908897135989     
   16.0221800510775       -628.966435775532     
   16.0233186040475       -629.023967350739     
   16.0244569649808       -629.081493732941     
   16.0255951601091       -629.139016243389     
   16.0267331846123       -629.196534634255     
   16.0278710050714       -629.254047211973     
   16.0290086559806       -629.311555715671     
   16.0301460969241       -629.369058097807     
   16.0312833388440       -629.426554906910     
   16.0324204166788       -629.484047905025     
   16.0335572759973       -629.541534335491     
   16.0346939471667       -629.599015729225     
   16.0358304205200       -629.656491592832     
   16.0369666996231       -629.713962102149     
   16.0381027349997       -629.771424749939     
   16.0392386408270       -629.828885307063     
   16.0403742806440       -629.886336865966     
   16.0415097174528       -629.943782608942     
   16.0426450039855       -630.001225199572     
   16.0437800002984       -630.058657552276     
   16.0449148334680       -630.116086092399     
   16.0460494242473       -630.173506805004     
   16.0471837850871       -630.230920315247     
   16.0483180113833       -630.288331447053     
   16.0494519544479       -630.345732669601     
   16.0505856576772       -630.403126174409     
   16.0517191487516       -630.460513357888     
   16.0528524365398       -630.517894664430     
   16.0539854786866       -630.575267944645     
   16.0551183388833       -630.632636418944     
   16.0562509484628       -630.689996605230     
   16.0573832973123       -630.747347986209     
   16.0585154278389       -630.804692704682     
   16.0596473070361       -630.862029083881     
   16.0607789527753       -630.919358024075     
   16.0619103994704       -630.976681263935     
   16.0630415637028       -631.033994572186     
   16.0641725137288       -631.091301402121     
   16.0653031802985       -631.148598239677     
   16.0664336265026       -631.205888276847     
   16.0675638090850       -631.263169316473     
   16.0686937446472       -631.320442194810     
   16.0698235134916       -631.377710977540     
   16.0709529003654       -631.434964748012     
   16.0720820810409       -631.492212411315     
   16.0732110583835       -631.549454108172     
   16.0743397510269       -631.606685708131     
   16.0754681547665       -631.663906992508     
   16.0765962829370       -631.721118632064     
   16.0777241780806       -631.778322779159     
   16.0788518065908       -631.835517724314     
   16.0799792265687       -631.892706409584     
   16.0811062822032       -631.949880925931     
   16.0822330933259       -632.007047346655     
   16.0833597329813       -632.064209372940     
   16.0844859582014       -632.121354671865     
   16.0856119353309       -632.178491677885     
   16.0867376804348       -632.235621201282     
   16.0878631482507       -632.292740940007     
   16.0889882927830       -632.349848554091     
   16.0901131984724       -632.406948324016     
   16.0912378174127       -632.464037812919     
   16.0923621152790       -632.521115272735     
   16.0934861500355       -632.578183640646     
   16.0946099266774       -632.635243165139     
   16.0957333708347       -632.692290064588     
   16.0968565533881       -632.749327932681     
   16.0979794257670       -632.806354297463     
   16.0991019936961       -632.863369444087     
   16.1002242879699       -632.920374931135     
   16.1013462851362       -632.977369562017     
   16.1024679567709       -633.034351887174     
   16.1035893678151       -633.091325200257     
   16.1047104457795       -633.148285812931     
   16.1058312203379       -633.205235227164     
   16.1069516752427       -633.262172611707     
   16.1080718355062       -633.319099231994     
   16.1091916854572       -633.376014286085     
   16.1103112397185       -633.432918511600     
   16.1114304652187       -633.489810221967     
   16.1125493760374       -633.546690127128     
   16.1136679681545       -633.603558017036     
   16.1147862062805       -633.660412091696     
   16.1159042059695       -633.717258220742     
   16.1170218532536       -633.774090603889     
   16.1181391803912       -633.830910875593     
   16.1192561993246       -633.887719637547     
   16.1203728609509       -633.944514386625     
   16.1214891253080       -634.001293084017     
   16.1226051697974       -634.058064747645     
   16.1237208314124       -634.114821080140     
   16.1248361849131       -634.171565878751     
   16.1259512348201       -634.228299367947     
   16.1270658481617       -634.285014775916     
   16.1281802399114       -634.341723035555     
   16.1292942486798       -634.398415928692     
   16.1304079012556       -634.455094812474     
   16.1315211838018       -634.511758976514     
   16.1326341662021       -634.568411971966     
   16.1337468000488       -634.625051329109     
   16.1348590464782       -634.681675063395     
   16.1359709749964       -634.738286707332     
   16.1370825623409       -634.794885070856     
   16.1381937858078       -634.851468991954     
   16.1393046703409       -634.908039734830     
   16.1404151974499       -634.964596351965     
   16.1415253696141       -635.021138963617     
   16.1426352119448       -635.077668842881     
   16.1437446210926       -635.134180719404     
   16.1448537006143       -635.190679861982     
   16.1459624828304       -635.247167911555     
   16.1470708344166       -635.303638069738     
   16.1481787767541       -635.360091419221     
   16.1492864059805       -635.416532852527     
   16.1503936378512       -635.472958070844     
   16.1515005142262       -635.529369201220     
   16.1526070179126       -635.585765361386     
   16.1537132454388       -635.642151465610     
   16.1548189395427       -635.698514394375     
   16.1559243564132       -635.754867200478     
   16.1570293553110       -635.811202703379     
   16.1581339714199       -635.867522690416     
   16.1592382190969       -635.923827887476     
   16.1603420982271       -635.980118282678     
   16.1614455506572       -636.036390904206     
   16.1625486419144       -636.092649087455     
   16.1636513455646       -636.148891478173     
   16.1647536891292       -636.205119473983     
   16.1658555736278       -636.261328019682     
   16.1669571172360       -636.317523137179     
   16.1680582540563       -636.373701458688     
   16.1691589970073       -636.429863636935     
   16.1702593511525       -636.486009924054     
   16.1713592571282       -636.542137284414     
   16.1724588119833       -636.598250664058     
   16.1735579432564       -636.654346358890     
   16.1746566638708       -636.710425021956     
   16.1757549972927       -636.766487844725     
   16.1768529537242       -636.822535341809     
   16.1779504698684       -636.878564275685     
   16.1790475771114       -636.934576242129     
   16.1801442189359       -636.990568349000     
   16.1812405433703       -637.046548148108     
   16.1823364134437       -637.102508639437     
   16.1834318671650       -637.158451757270     
   16.1845269200028       -637.214378285207     
   16.1856215388724       -637.270286527113     
   16.1867157210988       -637.326176339760     
   16.1878095005850       -637.382049448410     
   16.1889028246926       -637.437903157654     
   16.1899957782813       -637.493741796250     
   16.1910882809441       -637.549561249914     
   16.1921803665867       -637.605363244445     
   16.1932720400355       -637.661148020059     
   16.1943632409059       -637.716912484473     
   16.1954540189991       -637.772659176000     
   16.1965444232872       -637.828390591319     
   16.1976342913447       -637.884098421964     
   16.1987237547240       -637.939789385229     
   16.1998128007225       -637.995462825500     
   16.2009014274445       -638.051118639509     
   16.2019895279988       -638.106751355568     
   16.2030773124561       -638.162371707833     
   16.2041645523733       -638.217968009158     
   16.2052514153954       -638.273548825338     
   16.2063377754386       -638.329107702069     
   16.2074237318990       -638.384649715990     
   16.2085091915376       -638.440170091686     
   16.2095942302248       -638.495672703139     
   16.2106788185679       -638.551156040376     
   16.2117629341016       -638.606618947415     
   16.2128466120491       -638.662063219577     
   16.2139298423552       -638.717488335882     
   16.2150125716886       -638.772891560722     
   16.2160948436350       -638.828275117470     
   16.2171767065654       -638.883641475019     
   16.2182580800171       -638.938986508969     
   16.2193389877187       -638.994311426897     
   16.2204193883808       -639.049614108546     
   16.2214993895198       -639.104900050756     
   16.2225788511728       -639.160162081986     
   16.2236578873010       -639.215406029522     
   16.2247364764740       -639.270630789761     
   16.2258145676168       -639.325833740862     
   16.2268921790708       -639.381015815052     
   16.2279693159271       -639.436177266260     
   16.2290459638334       -639.491317352629     
   16.2301221572845       -639.546437834106     
   16.2311978692984       -639.601537322022     
   16.2322730755160       -639.656614561733     
   16.2333477903553       -639.711670284829     
   16.2344220689630       -639.766707309776     
   16.2354958155455       -639.821720722073     
   16.2365691086071       -639.876714537000     
