  0.000000000000000E+000  0.000000000000000E+000
   1.00000000000000      -8.541682575520309E-011
   2.00000000000000       1.498988059574800E-005
   3.00000000000000       2.250490217056393E-005
   4.00000000000000       2.949340455393182E-005
   5.00000000000000       4.151398541305962E-005
   6.00000000000000       4.653353783905929E-005
   7.00000000000000       8.938304322871733E-005
   8.00000000000000       1.742382909248412E-004
   9.00000000000000       4.183091743191364E-004
   10.0000000000000       8.785705766771233E-004
   11.0000000000000       1.650777000835487E-003
   12.0000000000000       2.824240965258228E-003
   13.0000000000000       4.476298814098115E-003
   14.0000000000000       6.638123169758655E-003
   15.0000000000000       9.408511218727140E-003
   16.0000000000000       1.285027899538958E-002
   17.0000000000000       1.698827557198111E-002
   18.0000000000000       2.189019890933547E-002
   19.0000000000000       2.764367432637607E-002
   20.0000000000000       3.424354405241912E-002
   21.0000000000000       4.170904959916556E-002
   22.0000000000000       5.015276018156607E-002
   23.0000000000000       5.945119769146808E-002
   24.0000000000000       6.976331398462825E-002
   25.0000000000000       8.093653518109735E-002
   26.0000000000000       9.304502523415566E-002
   27.0000000000000       0.106022110428701     
   28.0000000000000       0.119923712594641     
   29.0000000000000       0.134580423021281     
   30.0000000000000       0.150085298813831     
   31.0000000000000       0.166328040365306     
   32.0000000000000       0.183286932145651     
   33.0000000000000       0.200989090942137     
   34.0000000000000       0.219286073669471     
   35.0000000000000       0.238196551400118     
   36.0000000000000       0.257709092112556     
   37.0000000000000       0.277756707540471     
   38.0000000000000       0.298253425110873     
   39.0000000000000       0.319297141234146     
   40.0000000000000       0.340753234343321     
   41.0000000000000       0.362546004564835     
   42.0000000000000       0.384783240278418     
   43.0000000000000       0.407347583134119     
   44.0000000000000       0.430194483546198     
   45.0000000000000       0.453388564050189     
   46.0000000000000       0.476758664689710     
   47.0000000000000       0.500390224982548     
   48.0000000000000       0.524264700517526     
   49.0000000000000       0.548294152475440     
   50.0000000000000       0.572445802667104     
   51.0000000000000       0.596782478183398     
   52.0000000000000       0.621156134671964     
   53.0000000000000       0.645734626861040     
   54.0000000000000       0.670307586627939     
   55.0000000000000       0.694921643502909     
   56.0000000000000       0.719583794067128     
   57.0000000000000       0.744245726076643     
   58.0000000000000       0.768965565001204     
   59.0000000000000       0.793569721057207     
   60.0000000000000       0.818174075293386     
   61.0000000000000       0.842769797591325     
   62.0000000000000       0.867218903098706     
   63.0000000000000       0.891644035249808     
   64.0000000000000       0.915921882514378     
   65.0000000000000       0.940120857459960     
   66.0000000000000       0.964259644633634     
   67.0000000000000       0.988096183846019     
   68.0000000000000        1.01202198374346     
   69.0000000000000        1.03557290741092     
   70.0000000000000        1.05911657941544     
   71.0000000000000        1.08243059990900     
   72.0000000000000        1.10556643387403     
   73.0000000000000        1.12856991824012     
   74.0000000000000        1.15125047719986     
   75.0000000000000        1.17388615775396     
   76.0000000000000        1.19621835473865     
   77.0000000000000        1.21841439890098     
   78.0000000000000        1.24029198598790     
   79.0000000000000        1.26211801848330     
   80.0000000000000        1.28351932683355     
   81.0000000000000        1.30482497196263     
   82.0000000000000        1.32592973347564     
   83.0000000000000        1.34669622858050     
   84.0000000000000        1.36730518563755     
   85.0000000000000        1.38761166369508     
   86.0000000000000        1.40777426201419     
   87.0000000000000        1.42767634615878     
   88.0000000000000        1.44720908934196     
   89.0000000000000        1.46677110017035     
   90.0000000000000        1.48578881349700     
   91.0000000000000        1.50471849986235     
   92.0000000000000        1.52349262772174     
   93.0000000000000        1.54185025591490     
   94.0000000000000        1.56012468910418     
   95.0000000000000        1.57801182551729     
   96.0000000000000        1.59582057123257     
   97.0000000000000        1.61321220760030     
   98.0000000000000        1.63055972980706     
   99.0000000000000        1.64756364785905     
   100.000000000000        1.66434867206606     
   101.000000000000        1.68090629395119     
   102.000000000000        1.69725604547365     
   103.000000000000        1.71330611908495     
   104.000000000000        1.72930065026980     
   105.000000000000        1.74485665234407     
   106.000000000000        1.76029810913332     
   107.000000000000        1.77563065844733     
   108.000000000000        1.79052657974292     
   109.000000000000        1.80532584662603     
   110.000000000000        1.81994328192706     
   111.000000000000        1.83434238065795     
   112.000000000000        1.84843363286684     
   113.000000000000        1.86244923144861     
   114.000000000000        1.87614671229953     
   115.000000000000        1.88978378091898     
   116.000000000000        1.90305511793393     
   117.000000000000        1.91630164155353     
   118.000000000000        1.92929434824301     
   119.000000000000        1.94203229956174     
   120.000000000000        1.95460762924679     
   121.000000000000        1.96706828030258     
   122.000000000000        1.97929531161893     
   123.000000000000        1.99136429188781     
   124.000000000000        2.00316239231809     
   125.000000000000        2.01499304663328     
   126.000000000000        2.02647085469352     
   127.000000000000        2.03782894805336     
   128.000000000000        2.04907233244107     
   129.000000000000        2.06006218754940     
   130.000000000000        2.07098240964396     
   131.000000000000        2.08161722682898     
   132.000000000000        2.09223857443233     
   133.000000000000        2.10258916316542     
   134.000000000000        2.11294493095125     
   135.000000000000        2.12299253022688     
   136.000000000000        2.13294319352495     
   137.000000000000        2.14278651240989     
   138.000000000000        2.15248511070642     
   139.000000000000        2.16182958124637     
   140.000000000000        2.17152305505467     
   141.000000000000        2.18052573102543     
   142.000000000000        2.18974502987530     
   143.000000000000        2.19875325265965     
   144.000000000000        2.20755465756406     
   145.000000000000        2.21635937296828     
   146.000000000000        2.22491165226745     
   147.000000000000        2.23352635323556     
   148.000000000000        2.24174920934297     
   149.000000000000        2.24996509046385     
   150.000000000000        2.25828958474380     
   151.000000000000        2.26609043447088     
   152.000000000000        2.27413616661673     
   153.000000000000        2.28190361810876     
   154.000000000000        2.28950280215311     
   155.000000000000        2.29719473089110     
   156.000000000000        2.30455358917541     
   157.000000000000        2.31191251048642     
   158.000000000000        2.31928585815142     
   159.000000000000        2.32636347180995     
   160.000000000000        2.33339117711622     
   161.000000000000        2.34038610784212     
   162.000000000000        2.34723809771469     
   163.000000000000        2.35399465353439     
   164.000000000000        2.36069894681680     
   165.000000000000        2.36728879226316     
   166.000000000000        2.37373996104179     
   167.000000000000        2.38019285737107     
   168.000000000000        2.38648080847465     
   169.000000000000        2.39273414171014     
   170.000000000000        2.39884286828970     
   171.000000000000        2.40495659275927     
   172.000000000000        2.41100023539847     
   173.000000000000        2.41671223745285     
   174.000000000000        2.42263694538174     
   175.000000000000        2.42835141149898     
   176.000000000000        2.43414551626327     
   177.000000000000        2.43964784277826     
   178.000000000000        2.44509637008959     
   179.000000000000        2.45059259606664     
   180.000000000000        2.45605452566436     
   181.000000000000        2.46131598497992     
   182.000000000000        2.46650078970728     
   183.000000000000        2.47171435833949     
   184.000000000000        2.47672771106232     
   185.000000000000        2.48194189667512     
   186.000000000000        2.48668783118089     
   187.000000000000        2.49180010361264     
   188.000000000000        2.49652397939960     
   189.000000000000        2.50130703691709     
   190.000000000000        2.50606509652136     
   191.000000000000        2.51065708944934     
   192.000000000000        2.51533903341863     
   193.000000000000        2.51982049543487     
   194.000000000000        2.52433786749531     
   195.000000000000        2.52885301970871     
   196.000000000000        2.53305777162724     
   197.000000000000        2.53739521866645     
   198.000000000000        2.54173328563581     
   199.000000000000        2.54591604378765     
   200.000000000000        2.55020479040205     
   201.000000000000        2.55404507419333     
   202.000000000000        2.55826176869272     
   203.000000000000        2.56227984978865     
   204.000000000000        2.56625417289826     
   205.000000000000        2.57005454751582     
   206.000000000000        2.57408955209841     
   207.000000000000        2.57772221088399     
   208.000000000000        2.58152751670016     
   209.000000000000        2.58534174160692     
   210.000000000000        2.58904878043731     
   211.000000000000        2.59260016004092     
   212.000000000000        2.59612638090006     
   213.000000000000        2.59976375219646     
   214.000000000000        2.60329243849667     
   215.000000000000        2.60676338313485     
   216.000000000000        2.61001157862676     
   217.000000000000        2.61377032828860     
   218.000000000000        2.61669553973196     
   219.000000000000        2.62032786786268     
   220.000000000000        2.62343521621395     
   221.000000000000        2.62658000203359     
   222.000000000000        2.62999696427301     
   223.000000000000        2.63310931894150     
   224.000000000000        2.63605006440152     
   225.000000000000        2.63932857010343     
   226.000000000000        2.64224602381218     
   227.000000000000        2.64532996126084     
   228.000000000000        2.64838786463834     
   229.000000000000        2.65116551482142     
   230.000000000000        2.65419569728857     
   231.000000000000        2.65711799371201     
   232.000000000000        2.65988740662080     
   233.000000000000        2.66257691139749     
   234.000000000000        2.66572503163708     
   235.000000000000        2.66806753320639     
   236.000000000000        2.67104907021831     
   237.000000000000        2.67367886401569     
   238.000000000000        2.67642349428630     
   239.000000000000        2.67891062941300     
   240.000000000000        2.68155062370615     
   241.000000000000        2.68433672433389     
   242.000000000000        2.68666029995040     
   243.000000000000        2.68920751540830     
   244.000000000000        2.69184997887983     
   245.000000000000        2.69412967428382     
   246.000000000000        2.69673996204733     
   247.000000000000        2.69906602015836     
   248.000000000000        2.70145892780281     
   249.000000000000        2.70380252173347     
   250.000000000000        2.70623986239533     
   251.000000000000        2.70860978266206     
   252.000000000000        2.71063207924210     
   253.000000000000        2.71331061455839     
   254.000000000000        2.71516630301111     
   255.000000000000        2.71754345065214     
   256.000000000000        2.71986677077691     
   257.000000000000        2.72183355161660     
   258.000000000000        2.72411377965287     
   259.000000000000        2.72620222815286     
   260.000000000000        2.72827912165654     
   261.000000000000        2.73047220156997     
   262.000000000000        2.73245773338521     
   263.000000000000        2.73463161826521     
   264.000000000000        2.73642337320263     
   265.000000000000        2.73863751694529     
   266.000000000000        2.74068425736913     
   267.000000000000        2.74235205776363     
   268.000000000000        2.74454541556982     
   269.000000000000        2.74636470879439     
   270.000000000000        2.74832283640357     
   271.000000000000        2.75027826759090     
   272.000000000000        2.75199737344491     
   273.000000000000        2.75397266964311     
   274.000000000000        2.75574027479656     
   275.000000000000        2.75762307087061     
   276.000000000000        2.75934550702268     
   277.000000000000        2.76125905464140     
   278.000000000000        2.76285988625899     
   279.000000000000        2.76465847072453     
   280.000000000000        2.76646882524123     
   281.000000000000        2.76814912268096     
   282.000000000000        2.76976782855814     
   283.000000000000        2.77149430524100     
   284.000000000000        2.77322995552503     
   285.000000000000        2.77480554218476     
   286.000000000000        2.77643298443787     
   287.000000000000        2.77819187033234     
   288.000000000000        2.77949554510646     
   289.000000000000        2.78153910954742     
   290.000000000000        2.78264649683982     
   291.000000000000        2.78467233874198     
   292.000000000000        2.78571892615106     
   293.000000000000        2.78768413218331     
   294.000000000000        2.78896050342609     
   295.000000000000        2.79058161604557     
   296.000000000000        2.79185197268897     
   297.000000000000        2.79360832504514     
   298.000000000000        2.79498271594044     
   299.000000000000        2.79645954736978     
   300.000000000000        2.79766650197603     
   301.000000000000        2.79940541951259     
   302.000000000000        2.80062486432185     
   303.000000000000        2.80221634183897     
   304.000000000000        2.80331489053662     
   305.000000000000        2.80494533984019     
   306.000000000000        2.80623089754976     
   307.000000000000        2.80763380234738     
   308.000000000000        2.80879042653375     
   309.000000000000        2.81020238268881     
   310.000000000000        2.81160402681411     
   311.000000000000        2.81290769685317     
   312.000000000000        2.81420934990955     
   313.000000000000        2.81517975125143     
   314.000000000000        2.81701125807513     
   315.000000000000        2.81765791831639     
   316.000000000000        2.81939552735127     
   317.000000000000        2.82048730302054     
   318.000000000000        2.82165311374937     
   319.000000000000        2.82288132172242     
   320.000000000000        2.82407380717025     
   321.000000000000        2.82516125991642     
   322.000000000000        2.82666410118220     
   323.000000000000        2.82781744603711     
   324.000000000000        2.82868152804239     
   325.000000000000        2.82996478766778     
   326.000000000000        2.83117589761146     
   327.000000000000        2.83220466705926     
   328.000000000000        2.83339403524992     
   329.000000000000        2.83467082346096     
   330.000000000000        2.83561757890984     
   331.000000000000        2.83679178455307     
   332.000000000000        2.83769528487152     
   333.000000000000        2.83910181613248     
   334.000000000000        2.83986929307028     
   335.000000000000        2.84100726086449     
   336.000000000000        2.84233055221989     
   337.000000000000        2.84300593980313     
   338.000000000000        2.84431612482583     
   339.000000000000        2.84531027492802     
   340.000000000000        2.84608727805478     
   341.000000000000        2.84742009943198     
   342.000000000000        2.84832335327286     
   343.000000000000        2.84917630590420     
   344.000000000000        2.85039104405010     
   345.000000000000        2.85124032587830     
   346.000000000000        2.85237850250665     
   347.000000000000        2.85312487112112     
   348.000000000000        2.85419938377419     
   349.000000000000        2.85508543701219     
   350.000000000000        2.85612374084690     
   351.000000000000        2.85712853234441     
   352.000000000000        2.85773645825929     
   353.000000000000        2.85911081071782     
   354.000000000000        2.85981379666246     
   355.000000000000        2.86061581828967     
   356.000000000000        2.86170182086505     
   357.000000000000        2.86257444984750     
   358.000000000000        2.86333756410409     
   359.000000000000        2.86437395287913     
   360.000000000000        2.86499119616249     
   361.000000000000        2.86621961028372     
   362.000000000000        2.86681885900559     
   363.000000000000        2.86797692765148     
   364.000000000000        2.86847224475995     
   365.000000000000        2.86960502313401     
   366.000000000000        2.87022510883905     
   367.000000000000        2.87105304656386     
   368.000000000000        2.87223850490634     
   369.000000000000        2.87244980271721     
   370.000000000000        2.87400923390391     
   371.000000000000        2.87422459978829     
   372.000000000000        2.87513035734864     
   373.000000000000        2.87625402930373     
   374.000000000000        2.87680155722769     
   375.000000000000        2.87751808070006     
   376.000000000000        2.87829598555654     
   377.000000000000        2.87935071815747     
   378.000000000000        2.87975898346220     
   379.000000000000        2.88078196539396     
   380.000000000000        2.88165865782378     
   381.000000000000        2.88189651835853     
   382.000000000000        2.88321213137983     
   383.000000000000        2.88353353588460     
   384.000000000000        2.88458460396552     
   385.000000000000        2.88510484974412     
   386.000000000000        2.88611279358902     
   387.000000000000        2.88643609161174     
   388.000000000000        2.88749210131135     
   389.000000000000        2.88785853120314     
   390.000000000000        2.88882077021913     
   391.000000000000        2.88968523726546     
   392.000000000000        2.88990149767032     
   393.000000000000        2.89114851442436     
   394.000000000000        2.89134304614502     
   395.000000000000        2.89225030628588     
   396.000000000000        2.89304071205791     
   397.000000000000        2.89351711168357     
   398.000000000000        2.89451256857363     
   399.000000000000        2.89468405355726     
   400.000000000000        2.89574452712617     
   401.000000000000        2.89624824425116     
   402.000000000000        2.89685384783088     
   403.000000000000        2.89756248196418     
   404.000000000000        2.89809676139335     
   405.000000000000        2.89899297962456     
   406.000000000000        2.89952966588174     
   407.000000000000        2.90016560015481     
   408.000000000000        2.90064303476907     
   409.000000000000        2.90145746235931     
   410.000000000000        2.90184709143078     
   411.000000000000        2.90270036340573     
   412.000000000000        2.90323258192894     
   413.000000000000        2.90402547582159     
   414.000000000000        2.90424784618516     
   415.000000000000        2.90511557698731     
   416.000000000000        2.90540834618324     
   417.000000000000        2.90654292250632     
   418.000000000000        2.90669300224146     
   419.000000000000        2.90732021775659     
   420.000000000000        2.90831787566519     
   421.000000000000        2.90823332053169     
   422.000000000000        2.90929545288246     
   423.000000000000        2.90978251426152     
   424.000000000000        2.91004120386330     
   425.000000000000        2.91099342017095     
   426.000000000000        2.91146717812333     
   427.000000000000        2.91185008645070     
   428.000000000000        2.91259140882313     
   429.000000000000        2.91326854521014     
   430.000000000000        2.91334134824088     
   431.000000000000        2.91440623074508     
   432.000000000000        2.91454680610246     
   433.000000000000        2.91545906680786     
   434.000000000000        2.91557379992530     
   435.000000000000        2.91619986557132     
   436.000000000000        2.91720650963558     
   437.000000000000        2.91715413430008     
   438.000000000000        2.91786213388986     
   439.000000000000        2.91843410731857     
   440.000000000000        2.91897038289536     
   441.000000000000        2.91960127986278     
   442.000000000000        2.91973090692183     
   443.000000000000        2.92064937482101     
   444.000000000000        2.92083508148307     
   445.000000000000        2.92130216842134     
   446.000000000000        2.92215186885468     
   447.000000000000        2.92264345106757     
   448.000000000000        2.92277274564913     
   449.000000000000        2.92339595551970     
   450.000000000000        2.92381106971672     
   451.000000000000        2.92469841246778     
   452.000000000000        2.92467984330408     
   453.000000000000        2.92544882836918     
   454.000000000000        2.92596972090209     
   455.000000000000        2.92635738225568     
   456.000000000000        2.92655310878005     
   457.000000000000        2.92740272324401     
   458.000000000000        2.92766438215799     
   459.000000000000        2.92834229555200     
   460.000000000000        2.92862004721057     
   461.000000000000        2.92911423750391     
   462.000000000000        2.92955922566298     
   463.000000000000        2.92998253415617     
   464.000000000000        2.93042481359053     
   465.000000000000        2.93099845114222     
   466.000000000000        2.93147404933417     
   467.000000000000        2.93161463594689     
   468.000000000000        2.93243027868993     
   469.000000000000        2.93236589043163     
   470.000000000000        2.93350749850485     
   471.000000000000        2.93352454462285     
   472.000000000000        2.93396526225573     
   473.000000000000        2.93432635608522     
   474.000000000000        2.93495656914400     
   475.000000000000        2.93517500169385     
   476.000000000000        2.93567985321572     
   477.000000000000        2.93607155063400     
   478.000000000000        2.93691796005114     
   479.000000000000        2.93670562383847     
   480.000000000000        2.93732639651196     
   481.000000000000        2.93767391596375     
   482.000000000000        2.93858266521647     
   483.000000000000        2.93821042574510     
   484.000000000000        2.93923263025136     
   485.000000000000        2.93941551816089     
   486.000000000000        2.93966347054095     
   487.000000000000        2.94045491695526     
   488.000000000000        2.94050047523494     
   489.000000000000        2.94094359580245     
   490.000000000000        2.94148209125053     
   491.000000000000        2.94170325671521     
   492.000000000000        2.94223827169764     
   493.000000000000        2.94244443228309     
   494.000000000000        2.94312218890858     
   495.000000000000        2.94319730049115     
   496.000000000000        2.94383532930032     
   497.000000000000        2.94425651048451     
   498.000000000000        2.94419816485231     
   499.000000000000        2.94500232747339     
   500.000000000000        2.94546137843679     
   501.000000000000        2.94515197309027     
   502.000000000000        2.94631072802951     
   503.000000000000        2.94612222869182     
   504.000000000000        2.94708324844169     
   505.000000000000        2.94665425272791     
   506.000000000000        2.94782356163323     
   507.000000000000        2.94764931557108     
   508.000000000000        2.94792123265138     
   509.000000000000        2.94899882556514     
   510.000000000000        2.94864415991665     
   511.000000000000        2.94903608133185     
   512.000000000000        2.94979460313534     
   513.000000000000        2.94995237123124     
   514.000000000000        2.95055458509101     
   515.000000000000        2.95025126951772     
   516.000000000000        2.95126539847374     
   517.000000000000        2.95112436163579     
   518.000000000000        2.95184860208947     
   519.000000000000        2.95225431647995     
   520.000000000000        2.95193949882481     
   521.000000000000        2.95315030935062     
   522.000000000000        2.95262905534850     
   523.000000000000        2.95369970548817     
   524.000000000000        2.95340913741784     
   525.000000000000        2.95426025773222     
   526.000000000000        2.95442142923275     
   527.000000000000        2.95497220665283     
   528.000000000000        2.95450120435731     
   529.000000000000        2.95571067443546     
   530.000000000000        2.95583392270098     
   531.000000000000        2.95595833007582     
   532.000000000000        2.95634855782447     
   533.000000000000        2.95636837566512     
   534.000000000000        2.95747634914685     
   535.000000000000        2.95700968966696     
   536.000000000000        2.95774094527138     
   537.000000000000        2.95774691533219     
   538.000000000000        2.95883652885539     
   539.000000000000        2.95800075624229     
   540.000000000000        2.95916869660653     
   541.000000000000        2.95913776152840     
   542.000000000000        2.95964328314492     
   543.000000000000        2.96000545064381     
   544.000000000000        2.95991663671428     
   545.000000000000        2.96034788974270     
   546.000000000000        2.96089922360557     
   547.000000000000        2.96094415774054     
   548.000000000000        2.96149572480613     
   549.000000000000        2.96173531307488     
   550.000000000000        2.96175629062577     
   551.000000000000        2.96255988761262     
   552.000000000000        2.96245150635451     
   553.000000000000        2.96261577378415     
   554.000000000000        2.96370275857400     
   555.000000000000        2.96286147051880     
   556.000000000000        2.96415987995430     
   557.000000000000        2.96384435901327     
   558.000000000000        2.96422319657165     
   559.000000000000        2.96496878907030     
   560.000000000000        2.96454436010599     
   561.000000000000        2.96566413673734     
   562.000000000000        2.96498226061313     
   563.000000000000        2.96601355354457     
   564.000000000000        2.96621975366287     
   565.000000000000        2.96597269482861     
   566.000000000000        2.96717143377872     
   567.000000000000        2.96632615397848     
   568.000000000000        2.96756294883678     
   569.000000000000        2.96721007181638     
   570.000000000000        2.96791362017417     
   571.000000000000        2.96822028447731     
   572.000000000000        2.96795431495836     
   573.000000000000        2.96861839939077     
   574.000000000000        2.96880734651077     
   575.000000000000        2.96926178234002     
   576.000000000000        2.96941973406009     
   577.000000000000        2.96961575162077     
   578.000000000000        2.97005448830742     
   579.000000000000        2.97013379309836     
   580.000000000000        2.97046887943356     
   581.000000000000        2.97076547532165     
   582.000000000000        2.97105756962421     
   583.000000000000        2.97101181036646     
   584.000000000000        2.97163257268611     
   585.000000000000        2.97201976298248     
   586.000000000000        2.97194121955227     
   587.000000000000        2.97227063238003     
   588.000000000000        2.97284159590253     
   589.000000000000        2.97270048167550     
   590.000000000000        2.97299162590309     
   591.000000000000        2.97347883232372     
   592.000000000000        2.97401938432620     
   593.000000000000        2.97317471399593     
   594.000000000000        2.97458531056602     
   595.000000000000        2.97429735931952     
   596.000000000000        2.97491209926866     
   597.000000000000        2.97467143269395     
   598.000000000000        2.97500288814453     
   599.000000000000        2.97576734642590     
   600.000000000000        2.97541057923194     
   601.000000000000        2.97574507283673     
   602.000000000000        2.97644103109182     
   603.000000000000        2.97651564846328     
   604.000000000000        2.97665111600822     
   605.000000000000        2.97669977517631     
   606.000000000000        2.97729215745836     
   607.000000000000        2.97747637368729     
   608.000000000000        2.97744556683060     
   609.000000000000        2.97805097100009     
   610.000000000000        2.97795902368434     
   611.000000000000        2.97859390754053     
   612.000000000000        2.97856628797025     
   613.000000000000        2.97846173948356     
   614.000000000000        2.97978978760314     
   615.000000000000        2.97903083572684     
   616.000000000000        2.97932456950519     
   617.000000000000        2.98026578656663     
   618.000000000000        2.97960024229662     
   619.000000000000        2.98080400735469     
   620.000000000000        2.98027667371216     
   621.000000000000        2.98048359658845     
   622.000000000000        2.98129724822436     
   623.000000000000        2.98134353023677     
   624.000000000000        2.98147766583278     
   625.000000000000        2.98157362667019     
   626.000000000000        2.98185927694231     
   627.000000000000        2.98263988817545     
   628.000000000000        2.98171613209579     
   629.000000000000        2.98331489425801     
   630.000000000000        2.98244032950820     
   631.000000000000        2.98299393252752     
   632.000000000000        2.98341198808943     
   633.000000000000        2.98394935052099     
   634.000000000000        2.98317380182224     
   635.000000000000        2.98456332947496     
   636.000000000000        2.98394227237650     
   637.000000000000        2.98457379602101     
   638.000000000000        2.98443621246394     
   639.000000000000        2.98510120635633     
   640.000000000000        2.98521356902254     
   641.000000000000        2.98527796667729     
   642.000000000000        2.98530712569388     
   643.000000000000        2.98608712432068     
   644.000000000000        2.98596782061247     
   645.000000000000        2.98649230794706     
   646.000000000000        2.98612700059099     
   647.000000000000        2.98672794572931     
   648.000000000000        2.98730617747226     
   649.000000000000        2.98672949491829     
   650.000000000000        2.98720088135616     
   651.000000000000        2.98813455748435     
   652.000000000000        2.98726942020215     
   653.000000000000        2.98807453768696     
   654.000000000000        2.98824811775948     
   655.000000000000        2.98850569136557     
   656.000000000000        2.98897141059431     
   657.000000000000        2.98811990537168     
   658.000000000000        2.98956321660048     
   659.000000000000        2.98941643042124     
   660.000000000000        2.98943881718156     
   661.000000000000        2.98952193829338     
   662.000000000000        2.98987943525761     
   663.000000000000        2.99045523344500     
   664.000000000000        2.99013021206014     
   665.000000000000        2.99050765857845     
   666.000000000000        2.99070091741231     
   667.000000000000        2.99152449662311     
   668.000000000000        2.99057352216966     
   669.000000000000        2.99200007440150     
   670.000000000000        2.99108037549665     
   671.000000000000        2.99212278163607     
   672.000000000000        2.99191068600186     
   673.000000000000        2.99236726329931     
   674.000000000000        2.99255802069733     
   675.000000000000        2.99239427056172     
   676.000000000000        2.99324463464325     
   677.000000000000        2.99275392865717     
   678.000000000000        2.99301648151521     
   679.000000000000        2.99406300164577     
   680.000000000000        2.99320795145467     
   681.000000000000        2.99429352103497     
   682.000000000000        2.99405479822804     
   683.000000000000        2.99433278577803     
   684.000000000000        2.99410991811918     
   685.000000000000        2.99520919715120     
   686.000000000000        2.99438827596606     
   687.000000000000        2.99566608048094     
   688.000000000000        2.99496213942436     
   689.000000000000        2.99544587044304     
   690.000000000000        2.99630241038082     
   691.000000000000        2.99531933257936     
   692.000000000000        2.99666048242071     
   693.000000000000        2.99598557865756     
   694.000000000000        2.99622365651780     
   695.000000000000        2.99737307483468     
   696.000000000000        2.99649133948710     
   697.000000000000        2.99761457231314     
   698.000000000000        2.99676985118098     
   699.000000000000        2.99789912727304     
   700.000000000000        2.99764244268609     
   701.000000000000        2.99768294830093     
   702.000000000000        2.99864430920547     
   703.000000000000        2.99797724092972     
   704.000000000000        2.99852148255305     
   705.000000000000        2.99874445339307     
   706.000000000000        2.99920661892809     
   707.000000000000        2.99878598925887     
   708.000000000000        2.99927226349565     
   709.000000000000        3.00000241490345     
   710.000000000000        2.99945725884391     
   711.000000000000        2.99992514652533     
   712.000000000000        2.99965707776370     
   713.000000000000        3.00083789322679     
   714.000000000000        3.00026010158169     
   715.000000000000        3.00059487037729     
   716.000000000000        3.00119342564614     
   717.000000000000        3.00083784247030     
   718.000000000000        3.00116573749083     
   719.000000000000        3.00160027026899     
   720.000000000000        3.00178049133634     
   721.000000000000        3.00181243165200     
   722.000000000000        3.00196193747141     
   723.000000000000        3.00187763862950     
   724.000000000000        3.00297258408100     
   725.000000000000        3.00230966870319     
   726.000000000000        3.00301938345565     
   727.000000000000        3.00271446299804     
   728.000000000000        3.00358348897519     
   729.000000000000        3.00303242918314     
   730.000000000000        3.00378744012332     
   731.000000000000        3.00404061399695     
   732.000000000000        3.00344374219004     
   733.000000000000        3.00431361351822     
   734.000000000000        3.00464646031613     
   735.000000000000        3.00431654928191     
   736.000000000000        3.00428719285169     
   737.000000000000        3.00574617801294     
   738.000000000000        3.00468771462035     
   739.000000000000        3.00503495198708     
   740.000000000000        3.00556290482136     
   741.000000000000        3.00591816545091     
   742.000000000000        3.00611267097548     
   743.000000000000        3.00578842789914     
   744.000000000000        3.00626787209465     
   745.000000000000        3.00641900649158     
   746.000000000000        3.00639126797945     
   747.000000000000        3.00676963410033     
   748.000000000000        3.00737321993131     
   749.000000000000        3.00721689543316     
   750.000000000000        3.00757352373601     
   751.000000000000        3.00712853094135     
   752.000000000000        3.00758202151079     
   753.000000000000        3.00851744314606     
   754.000000000000        3.00790812754120     
   755.000000000000        3.00836853745929     
   756.000000000000        3.00837157403829     
   757.000000000000        3.00885878206623     
   758.000000000000        3.00868955690087     
   759.000000000000        3.00938488577759     
   760.000000000000        3.00891754791780     
   761.000000000000        3.00987151701427     
   762.000000000000        3.00969442527132     
   763.000000000000        3.00938837400605     
   764.000000000000        3.01020867880269     
   765.000000000000        3.01016922714370     
   766.000000000000        3.01060275000092     
   767.000000000000        3.01056930448487     
   768.000000000000        3.01081437756370     
   769.000000000000        3.01057280219220     
   770.000000000000        3.01156357334840     
   771.000000000000        3.01156148477202     
   772.000000000000        3.01109180750005     
   773.000000000000        3.01170410556466     
   774.000000000000        3.01190733712622     
   775.000000000000        3.01198080915262     
   776.000000000000        3.01244519991066     
   777.000000000000        3.01259118269144     
   778.000000000000        3.01263390875167     
   779.000000000000        3.01281025367489     
   780.000000000000        3.01289855163387     
   781.000000000000        3.01328876245711     
   782.000000000000        3.01377913874860     
   783.000000000000        3.01301581761202     
   784.000000000000        3.01389551874413     
   785.000000000000        3.01434329404965     
   786.000000000000        3.01395746346578     
   787.000000000000        3.01433869783530     
   788.000000000000        3.01436559048646     
   789.000000000000        3.01474424182986     
   790.000000000000        3.01496045026978     
   791.000000000000        3.01499080877398     
   792.000000000000        3.01547015290335     
   793.000000000000        3.01501519675792     
   794.000000000000        3.01618108850688     
   795.000000000000        3.01576384709034     
   796.000000000000        3.01588190305485     
   797.000000000000        3.01627153878029     
   798.000000000000        3.01647682863501     
   799.000000000000        3.01636712943099     
   800.000000000000        3.01742863034620     
   801.000000000000        3.01637156350741     
   802.000000000000        3.01711970995503     
   803.000000000000        3.01746537460837     
   804.000000000000        3.01787816299995     
   805.000000000000        3.01749708349948     
   806.000000000000        3.01777878936544     
   807.000000000000        3.01844423032823     
   808.000000000000        3.01774404044274     
   809.000000000000        3.01871107004117     
   810.000000000000        3.01865801824687     
   811.000000000000        3.01886248808683     
   812.000000000000        3.01954310324853     
   813.000000000000        3.01878326929622     
   814.000000000000        3.01909754525744     
   815.000000000000        3.01994001883714     
   816.000000000000        3.02007433645669     
   817.000000000000        3.01999250880410     
   818.000000000000        3.01963647847153     
   819.000000000000        3.02093024457133     
   820.000000000000        3.02030899155296     
   821.000000000000        3.02091623398481     
   822.000000000000        3.02064453860370     
   823.000000000000        3.02118797224884     
   824.000000000000        3.02161824288866     
   825.000000000000        3.02135259291538     
   826.000000000000        3.02160331453202     
   827.000000000000        3.02206982389482     
   828.000000000000        3.02205881286475     
   829.000000000000        3.02220400234460     
   830.000000000000        3.02258796873173     
   831.000000000000        3.02258855319904     
   832.000000000000        3.02314811791283     
   833.000000000000        3.02264004477271     
   834.000000000000        3.02316572307976     
   835.000000000000        3.02386098597928     
   836.000000000000        3.02348943078533     
   837.000000000000        3.02385799387472     
   838.000000000000        3.02427434084206     
   839.000000000000        3.02397613479825     
   840.000000000000        3.02415688822425     
   841.000000000000        3.02461670564060     
   842.000000000000        3.02551589278990     
   843.000000000000        3.02418174453611     
   844.000000000000        3.02560289495334     
   845.000000000000        3.02508120948767     
   846.000000000000        3.02611622473665     
   847.000000000000        3.02518065303999     
   848.000000000000        3.02625539855798     
   849.000000000000        3.02630270942021     
   850.000000000000        3.02592202334635     
   851.000000000000        3.02713710372656     
   852.000000000000        3.02618388418599     
   853.000000000000        3.02709555596099     
   854.000000000000        3.02726723138497     
   855.000000000000        3.02709678680333     
   856.000000000000        3.02769050900595     
   857.000000000000        3.02793951975225     
   858.000000000000        3.02752071220357     
   859.000000000000        3.02875105891143     
   860.000000000000        3.02730731179597     
   861.000000000000        3.02932184659285     
   862.000000000000        3.02872159421369     
   863.000000000000        3.02820669740036     
   864.000000000000        3.02988268558314     
   865.000000000000        3.02896656959663     
   866.000000000000        3.02970814842025     
   867.000000000000        3.03000634981645     
   868.000000000000        3.02937980943986     
   869.000000000000        3.03006482671442     
   870.000000000000        3.03086262994761     
   871.000000000000        3.03053071313159     
   872.000000000000        3.03040149579609     
   873.000000000000        3.03112944624594     
   874.000000000000        3.03064123249950     
   875.000000000000        3.03143125835368     
   876.000000000000        3.03235166487025     
   877.000000000000        3.03082493239875     
   878.000000000000        3.03276276066852     
   879.000000000000        3.03170986962991     
   880.000000000000        3.03227167079740     
   881.000000000000        3.03283966799587     
   882.000000000000        3.03256139414374     
   883.000000000000        3.03273588422914     
   884.000000000000        3.03329174482602     
   885.000000000000        3.03396556860014     
   886.000000000000        3.03299341351620     
   887.000000000000        3.03403555023769     
   888.000000000000        3.03416687919703     
   889.000000000000        3.03390017029085     
   890.000000000000        3.03464768734500     
   891.000000000000        3.03475343477902     
   892.000000000000        3.03442432863556     
   893.000000000000        3.03510619016009     
   894.000000000000        3.03574284531202     
   895.000000000000        3.03498256506056     
   896.000000000000        3.03586824481065     
   897.000000000000        3.03549795354916     
   898.000000000000        3.03701408755995     
   899.000000000000        3.03575690897708     
   900.000000000000        3.03649239810789     
   901.000000000000        3.03680155096213     
   902.000000000000        3.03703870712353     
   903.000000000000        3.03700859179959     
   904.000000000000        3.03784959852016     
   905.000000000000        3.03716584084778     
   906.000000000000        3.03795949016765     
   907.000000000000        3.03785860580517     
   908.000000000000        3.03870421591930     
   909.000000000000        3.03803465115217     
   910.000000000000        3.03893856494979     
   911.000000000000        3.03859150210614     
   912.000000000000        3.03974065157877     
   913.000000000000        3.03870895972965     
   914.000000000000        3.03969613498572     
   915.000000000000        3.04033103285091     
   916.000000000000        3.03952895247718     
   917.000000000000        3.04043077250920     
   918.000000000000        3.03971236997767     
   919.000000000000        3.04165286215148     
   920.000000000000        3.04023328853259     
   921.000000000000        3.04172095204589     
   922.000000000000        3.04102674515036     
   923.000000000000        3.04094699271718     
   924.000000000000        3.04286768566943     
   925.000000000000        3.04140910345173     
   926.000000000000        3.04171917923257     
   927.000000000000        3.04296456921438     
   928.000000000000        3.04311869611389     
   929.000000000000        3.04250619409974     
   930.000000000000        3.04275850517246     
   931.000000000000        3.04353283990846     
   932.000000000000        3.04380863403336     
   933.000000000000        3.04376974458052     
   934.000000000000        3.04437703938580     
   935.000000000000        3.04389386439086     
   936.000000000000        3.04405647995981     
   937.000000000000        3.04569482584704     
   938.000000000000        3.04435208587462     
   939.000000000000        3.04546822051675     
   940.000000000000        3.04530334220706     
   941.000000000000        3.04544901636145     
   942.000000000000        3.04635939753022     
   943.000000000000        3.04557968867857     
   944.000000000000        3.04692894544589     
   945.000000000000        3.04643490780788     
   946.000000000000        3.04685274201386     
   947.000000000000        3.04706258068010     
   948.000000000000        3.04676840588219     
   949.000000000000        3.04819320774489     
   950.000000000000        3.04806325645304     
   951.000000000000        3.04708853916852     
   952.000000000000        3.04916930953913     
   953.000000000000        3.04768682166256     
   954.000000000000        3.04997171823142     
   955.000000000000        3.04786503224379     
   956.000000000000        3.04984194915415     
   957.000000000000        3.04902466503523     
   958.000000000000        3.05035230913340     
   959.000000000000        3.04924969268611     
   960.000000000000        3.05029168351425     
   961.000000000000        3.05100199603819     
   962.000000000000        3.05042269133854     
   963.000000000000        3.05084819497370     
   964.000000000000        3.05120392536176     
   965.000000000000        3.05190012454548     
   966.000000000000        3.05096542741340     
   967.000000000000        3.05251910885622     
   968.000000000000        3.05193761153791     
   969.000000000000        3.05249160628790     
   970.000000000000        3.05278293755675     
   971.000000000000        3.05287204571715     
   972.000000000000        3.05327355567027     
   973.000000000000        3.05310099063284     
   974.000000000000        3.05419289331467     
   975.000000000000        3.05393665967041     
   976.000000000000        3.05478080751712     
   977.000000000000        3.05389455405731     
   978.000000000000        3.05432604749512     
   979.000000000000        3.05603020861969     
   980.000000000000        3.05418984525101     
   981.000000000000        3.05607932265786     
   982.000000000000        3.05632595452396     
   983.000000000000        3.05547350422490     
   984.000000000000        3.05631530588950     
   985.000000000000        3.05672177801000     
   986.000000000000        3.05705108852917     
   987.000000000000        3.05738272246682     
   988.000000000000        3.05627915942099     
   989.000000000000        3.05865253930563     
   990.000000000000        3.05726431089372     
   991.000000000000        3.05862324351493     
   992.000000000000        3.05851021581149     
   993.000000000000        3.05790710884000     
   994.000000000000        3.06004345054173     
   995.000000000000        3.05877855408213     
   996.000000000000        3.05907084519531     
   997.000000000000        3.06077753460163     
   998.000000000000        3.05944771063749     
   999.000000000000        3.06033928158998     
   1000.00000000000        3.06124022973991     
   1001.00000000000        3.06007449907920     
   1002.00000000000        3.06217028235601     
   1003.00000000000        3.06059404760666     
   1004.00000000000        3.06226079453690     
   1005.00000000000        3.06190066327168     
   1006.00000000000        3.06224390709715     
   1007.00000000000        3.06266112186794     
   1008.00000000000        3.06282102580223     
   1009.00000000000        3.06319225994183     
   1010.00000000000        3.06368013174637     
   1011.00000000000        3.06321315677870     
   1012.00000000000        3.06429718118073     
   1013.00000000000        3.06396429155580     
   1014.00000000000        3.06555652442823     
   1015.00000000000        3.06378255168761     
   1016.00000000000        3.06578839527727     
   1017.00000000000        3.06493833028679     
   1018.00000000000        3.06653216997007     
   1019.00000000000        3.06519451154933     
   1020.00000000000        3.06677734010568     
   1021.00000000000        3.06692464821896     
   1022.00000000000        3.06635416179022     
   1023.00000000000        3.06755351098764     
   1024.00000000000        3.06812179935858     
   1025.00000000000        3.06757580579913     
   1026.00000000000        3.06736619875773     
   1027.00000000000        3.06912612731445     
   1028.00000000000        3.06865806848584     
   1029.00000000000        3.06890627152840     
   1030.00000000000        3.06932000936625     
   1031.00000000000        3.06956120442591     
   1032.00000000000        3.07030280799568     
   1033.00000000000        3.06994547948847     
   1034.00000000000        3.07041066253447     
   1035.00000000000        3.07198942493092     
   1036.00000000000        3.07014993827135     
   1037.00000000000        3.07203363030971     
   1038.00000000000        3.07175234743344     
   1039.00000000000        3.07228015095556     
   1040.00000000000        3.07310655918241     
   1041.00000000000        3.07188842111057     
   1042.00000000000        3.07375977194451     
   1043.00000000000        3.07253522135746     
   1044.00000000000        3.07429763375165     
   1045.00000000000        3.07351097083140     
   1046.00000000000        3.07499400708615     
   1047.00000000000        3.07498432606861     
   1048.00000000000        3.07420785832010     
   1049.00000000000        3.07601057937518     
   1050.00000000000        3.07522486900177     
   1051.00000000000        3.07610109765727     
   1052.00000000000        3.07665560602289     
   1053.00000000000        3.07598506732941     
   1054.00000000000        3.07759542701456     
   1055.00000000000        3.07691317342793     
   1056.00000000000        3.07776899668920     
   1057.00000000000        3.07819602001950     
   1058.00000000000        3.07760899661638     
   1059.00000000000        3.07961928901983     
   1060.00000000000        3.07838363402857     
   1061.00000000000        3.07995335655825     
   1062.00000000000        3.07922127650910     
   1063.00000000000        3.07999833384846     
   1064.00000000000        3.08055518577781     
   1065.00000000000        3.08080437133146     
   1066.00000000000        3.08095391099655     
   1067.00000000000        3.08142730925387     
   1068.00000000000        3.08142984022944     
   1069.00000000000        3.08269680372936     
   1070.00000000000        3.08163817802576     
   1071.00000000000        3.08347692773609     
   1072.00000000000        3.08329773414027     
   1073.00000000000        3.08270933319580     
   1074.00000000000        3.08438096762947     
   1075.00000000000        3.08505107002501     
   1076.00000000000        3.08369434990611     
   1077.00000000000        3.08494286313171     
   1078.00000000000        3.08473275385066     
   1079.00000000000        3.08646531560331     
   1080.00000000000        3.08583823629399     
   1081.00000000000        3.08601977423191     
   1082.00000000000        3.08692391759024     
   1083.00000000000        3.08757770311395     
   1084.00000000000        3.08762288110915     
   1085.00000000000        3.08701693624043     
   1086.00000000000        3.08905630456777     
   1087.00000000000        3.08848628260152     
   1088.00000000000        3.08920481205224     
   1089.00000000000        3.08874461310041     
   1090.00000000000        3.09054496588731     
   1091.00000000000        3.08988193366723     
   1092.00000000000        3.09100377614838     
   1093.00000000000        3.09039618280983     
   1094.00000000000        3.09130425667092     
   1095.00000000000        3.09156378617133     
   1096.00000000000        3.09208001978830     
   1097.00000000000        3.09290715157577     
   1098.00000000000        3.09281257481111     
   1099.00000000000        3.09276186978720     
   1100.00000000000        3.09398429683434     
   1101.00000000000        3.09376894195176     
   1102.00000000000        3.09412581602889     
   1103.00000000000        3.09524895235072     
   1104.00000000000        3.09458017205033     
   1105.00000000000        3.09677673395953     
   1106.00000000000        3.09495830373009     
   1107.00000000000        3.09753598325274     
   1108.00000000000        3.09559209285838     
   1109.00000000000        3.09824178426703     
   1110.00000000000        3.09715846019085     
   1111.00000000000        3.09857662740953     
   1112.00000000000        3.09817587948333     
   1113.00000000000        3.09911875293475     
   1114.00000000000        3.09931264687426     
   1115.00000000000        3.09973075113051     
   1116.00000000000        3.09964404830002     
   1117.00000000000        3.10102118904018     
   1118.00000000000        3.10092836389693     
   1119.00000000000        3.10180015104304     
   1120.00000000000        3.10125111103022     
   1121.00000000000        3.10286685165354     
   1122.00000000000        3.10207628244795     
   1123.00000000000        3.10404237559658     
   1124.00000000000        3.10323036131615     
   1125.00000000000        3.10419254716296     
   1126.00000000000        3.10397969454467     
   1127.00000000000        3.10514731202507     
   1128.00000000000        3.10579437498695     
   1129.00000000000        3.10536077088172     
   1130.00000000000        3.10661506306662     
   1131.00000000000        3.10698108732054     
   1132.00000000000        3.10616592238151     
   1133.00000000000        3.10807818489328     
   1134.00000000000        3.10821094797819     
   1135.00000000000        3.10778024700414     
   1136.00000000000        3.11024776458722     
   1137.00000000000        3.10868941085198     
   1138.00000000000        3.10947050500380     
   1139.00000000000        3.11129927701591     
   1140.00000000000        3.10989695291490     
   1141.00000000000        3.11246884155450     
   1142.00000000000        3.11097293713912     
   1143.00000000000        3.11280175461631     
   1144.00000000000        3.11219497769982     
   1145.00000000000        3.11352739481114     
   1146.00000000000        3.11273615959091     
   1147.00000000000        3.11509910580641     
   1148.00000000000        3.11456983254226     
   1149.00000000000        3.11505867449168     
   1150.00000000000        3.11531828910719     
   1151.00000000000        3.11663040112141     
   1152.00000000000        3.11552543565619     
   1153.00000000000        3.11715533223343     
   1154.00000000000        3.11819153342911     
   1155.00000000000        3.11748226784336     
   1156.00000000000        3.11848533649659     
   1157.00000000000        3.11836026251343     
   1158.00000000000        3.12048670001113     
   1159.00000000000        3.11924963160559     
   1160.00000000000        3.12077810016079     
   1161.00000000000        3.12018729275278     
   1162.00000000000        3.12255640372234     
   1163.00000000000        3.12125231645558     
   1164.00000000000        3.12304744483311     
   1165.00000000000        3.12248894584198     
   1166.00000000000        3.12370726499104     
   1167.00000000000        3.12402369596580     
   1168.00000000000        3.12555211259225     
   1169.00000000000        3.12405437550269     
   1170.00000000000        3.12560467068812     
   1171.00000000000        3.12649207889228     
   1172.00000000000        3.12704953491263     
   1173.00000000000        3.12607294365933     
   1174.00000000000        3.12900737907810     
   1175.00000000000        3.12715283231998     
   1176.00000000000        3.12945342801924     
   1177.00000000000        3.12886533177575     
   1178.00000000000        3.13021584140983     
   1179.00000000000        3.13105064834227     
   1180.00000000000        3.13001012253254     
   1181.00000000000        3.13241220757220     
   1182.00000000000        3.13082420254235     
   1183.00000000000        3.13402192571380     
   1184.00000000000        3.13315541518621     
   1185.00000000000        3.13292033088371     
   1186.00000000000        3.13407095306373     
   1187.00000000000        3.13597059101837     
   1188.00000000000        3.13537523691644     
   1189.00000000000        3.13515259206481     
   1190.00000000000        3.13668413863736     
   1191.00000000000        3.13836976528578     
   1192.00000000000        3.13723998748310     
   1193.00000000000        3.13725168502476     
   1194.00000000000        3.13984469457463     
   1195.00000000000        3.13864435760892     
   1196.00000000000        3.14110284123986     
   1197.00000000000        3.14147218513639     
   1198.00000000000        3.13953063352738     
   1199.00000000000        3.14324390263187     
   1200.00000000000        3.14109115157667     
   1201.00000000000        3.14331733815614     
   1202.00000000000        3.14415468361782     
   1203.00000000000        3.14440653409122     
   1204.00000000000        3.14404825038263     
   1205.00000000000        3.14519196719988     
   1206.00000000000        3.14663969375725     
   1207.00000000000        3.14777342906597     
   1208.00000000000        3.14643279867630     
   1209.00000000000        3.14882261942558     
   1210.00000000000        3.14802809702080     
   1211.00000000000        3.14839949427785     
   1212.00000000000        3.15109065860423     
   1213.00000000000        3.14999956104430     
   1214.00000000000        3.15115462874430     
   1215.00000000000        3.15219092567241     
   1216.00000000000        3.15129766520549     
   1217.00000000000        3.15376996852718     
   1218.00000000000        3.15372623813764     
   1219.00000000000        3.15508544234248     
   1220.00000000000        3.15470493005036     
   1221.00000000000        3.15642104073306     
   1222.00000000000        3.15466802270692     
   1223.00000000000        3.15892570257598     
   1224.00000000000        3.15600625972311     
   1225.00000000000        3.15919791699540     
   1226.00000000000        3.15854955720736     
   1227.00000000000        3.16016941842902     
   1228.00000000000        3.15998775281382     
   1229.00000000000        3.16052688186264     
   1230.00000000000        3.16426577709146     
   1231.00000000000        3.15982110504019     
   1232.00000000000        3.16406684583681     
   1233.00000000000        3.16415662979475     
   1234.00000000000        3.16468923997770     
   1235.00000000000        3.16523447787551     
   1236.00000000000        3.16569459567479     
   1237.00000000000        3.16753348033868     
   1238.00000000000        3.16773427769990     
   1239.00000000000        3.16773031780849     
   1240.00000000000        3.16924376440385     
   1241.00000000000        3.16866195393545     
   1242.00000000000        3.17162743252664     
   1243.00000000000        3.17183055519728     
   1244.00000000000        3.17055058578067     
   1245.00000000000        3.17201335208128     
   1246.00000000000        3.17337390731765     
   1247.00000000000        3.17485127026961     
   1248.00000000000        3.17353494137444     
   1249.00000000000        3.17532485773925     
   1250.00000000000        3.17819284453781     
   1251.00000000000        3.17535230134901     
   1252.00000000000        3.17812058066787     
   1253.00000000000        3.17865057549096     
   1254.00000000000        3.17895155024874     
   1255.00000000000        3.18006845135046     
   1256.00000000000        3.18198004298226     
   1257.00000000000        3.18173920601038     
   1258.00000000000        3.18237925330729     
   1259.00000000000        3.18226349783586     
   1260.00000000000        3.18492031205388     
   1261.00000000000        3.18514090912852     
   1262.00000000000        3.18547676364923     
   1263.00000000000        3.18723058432647     
   1264.00000000000        3.18619020668498     
   1265.00000000000        3.18793133201278     
   1266.00000000000        3.18920015830976     
   1267.00000000000        3.19008227291045     
   1268.00000000000        3.18878080408890     
   1269.00000000000        3.19369763686929     
   1270.00000000000        3.18915090914659     
   1271.00000000000        3.19531754092645     
   1272.00000000000        3.19289016165362     
   1273.00000000000        3.19581833604940     
   1274.00000000000        3.19658500766437     
   1275.00000000000        3.19681447089028     
   1276.00000000000        3.19549322825329     
   1277.00000000000        3.19879118247033     
   1278.00000000000        3.19954429442426     
   1279.00000000000        3.19936880555525     
   1280.00000000000        3.20118628192142     
   1281.00000000000        3.20165839645459     
   1282.00000000000        3.20198625738766     
   1283.00000000000        3.20493571320156     
   1284.00000000000        3.20407352787020     
   1285.00000000000        3.20429705150443     
   1286.00000000000        3.20622720341860     
   1287.00000000000        3.20825621457501     
   1288.00000000000        3.20714468776796     
   1289.00000000000        3.20796193118261     
   1290.00000000000        3.21166533481112     
   1291.00000000000        3.20976773985655     
   1292.00000000000        3.21294512206547     
   1293.00000000000        3.21085852433072     
   1294.00000000000        3.21550678087375     
   1295.00000000000        3.21389283916998     
   1296.00000000000        3.21708245294462     
   1297.00000000000        3.21671839587187     
   1298.00000000000        3.21591647881748     
   1299.00000000000        3.21928962907313     
   1300.00000000000        3.22061014255415     
   1301.00000000000        3.21939196258873     
   1302.00000000000        3.22181608958116     
   1303.00000000000        3.22436859757984     
   1304.00000000000        3.22160071701761     
   1305.00000000000        3.22366371285887     
   1306.00000000000        3.22711437196505     
   1307.00000000000        3.22562113504564     
   1308.00000000000        3.22866956182194     
   1309.00000000000        3.22794936202572     
   1310.00000000000        3.22949047421688     
   1311.00000000000        3.23050216672669     
   1312.00000000000        3.23208040122597     
   1313.00000000000        3.23322798419011     
   1314.00000000000        3.23393784138908     
   1315.00000000000        3.23563023304928     
   1316.00000000000        3.23425051202903     
   1317.00000000000        3.23846507915183     
   1318.00000000000        3.23744189586499     
   1319.00000000000        3.23918416601692     
   1320.00000000000        3.24200288061923     
   1321.00000000000        3.23930740392688     
   1322.00000000000        3.24521898878238     
   1323.00000000000        3.24478893997713     
   1324.00000000000        3.24344175844168     
   1325.00000000000        3.24549973775638     
   1326.00000000000        3.24745969426362     
   1327.00000000000        3.24780730687828     
   1328.00000000000        3.24989709298666     
   1329.00000000000        3.24944471609055     
   1330.00000000000        3.25162253357800     
   1331.00000000000        3.25321269915585     
   1332.00000000000        3.25369309356108     
   1333.00000000000        3.25472272246701     
   1334.00000000000        3.25631441824115     
   1335.00000000000        3.25817303990762     
   1336.00000000000        3.25683464610024     
   1337.00000000000        3.26216926216570     
   1338.00000000000        3.26151130987288     
   1339.00000000000        3.26115684032736     
   1340.00000000000        3.26429869571906     
   1341.00000000000        3.26520205794118     
   1342.00000000000        3.26625986940429     
   1343.00000000000        3.26550675134990     
   1344.00000000000        3.26931389965683     
   1345.00000000000        3.27161232643743     
   1346.00000000000        3.27220279828340     
   1347.00000000000        3.27084349320102     
   1348.00000000000        3.27247973854106     
   1349.00000000000        3.27670348572986     
   1350.00000000000        3.27661821306568     
   1351.00000000000        3.27859444934699     
   1352.00000000000        3.27895736254712     
   1353.00000000000        3.28168429459283     
   1354.00000000000        3.28073166373002     
   1355.00000000000        3.28593541273014     
   1356.00000000000        3.28128515844344     
   1357.00000000000        3.28789148892705     
   1358.00000000000        3.28681702495582     
