  0.000000000000000E+000  -1324876.39961331     
   1.00000000000000       -1324876.39961331     
   2.00000000000000       -1324876.39960590     
   3.00000000000000       -1324876.39959110     
   4.00000000000000       -1324876.39956887     
   5.00000000000000       -1324876.39953926     
   6.00000000000000       -1324876.39950215     
   7.00000000000000       -1324876.39945753     
   8.00000000000000       -1324876.39940470     
   9.00000000000000       -1324876.39934175     
   10.0000000000000       -1324876.39926420     
   11.0000000000000       -1324876.39916408     
   12.0000000000000       -1324876.39902914     
   13.0000000000000       -1324876.39884321     
   14.0000000000000       -1324876.39858527     
   15.0000000000000       -1324876.39823064     
   16.0000000000000       -1324876.39774987     
   17.0000000000000       -1324876.39711042     
   18.0000000000000       -1324876.39627515     
   19.0000000000000       -1324876.39520387     
   20.0000000000000       -1324876.39385294     
   21.0000000000000       -1324876.39217573     
   22.0000000000000       -1324876.39012330     
   23.0000000000000       -1324876.38764417     
   24.0000000000000       -1324876.38468572     
   25.0000000000000       -1324876.38119387     
   26.0000000000000       -1324876.37711349     
   27.0000000000000       -1324876.37238954     
   28.0000000000000       -1324876.36696668     
   29.0000000000000       -1324876.36078944     
   30.0000000000000       -1324876.35380357     
   31.0000000000000       -1324876.34595450     
   32.0000000000000       -1324876.33718936     
   33.0000000000000       -1324876.32745553     
   34.0000000000000       -1324876.31670185     
   35.0000000000000       -1324876.30487861     
   36.0000000000000       -1324876.29193642     
   37.0000000000000       -1324876.27782798     
   38.0000000000000       -1324876.26250661     
   39.0000000000000       -1324876.24592792     
   40.0000000000000       -1324876.22804830     
   41.0000000000000       -1324876.20882527     
   42.0000000000000       -1324876.18821887     
   43.0000000000000       -1324876.16618954     
   44.0000000000000       -1324876.14269982     
   45.0000000000000       -1324876.11771419     
   46.0000000000000       -1324876.09119722     
   47.0000000000000       -1324876.06311690     
   48.0000000000000       -1324876.03344146     
   49.0000000000000       -1324876.00214159     
   50.0000000000000       -1324875.96918878     
   51.0000000000000       -1324875.93455719     
   52.0000000000000       -1324875.89822160     
   53.0000000000000       -1324875.86015895     
   54.0000000000000       -1324875.82034764     
   55.0000000000000       -1324875.77876826     
   56.0000000000000       -1324875.73540138     
   57.0000000000000       -1324875.69023125     
   58.0000000000000       -1324875.64324272     
   59.0000000000000       -1324875.59442095     
   60.0000000000000       -1324875.54375481     
   61.0000000000000       -1324875.49123372     
   62.0000000000000       -1324875.43684761     
   63.0000000000000       -1324875.38058974     
   64.0000000000000       -1324875.32245250     
   65.0000000000000       -1324875.26243117     
   66.0000000000000       -1324875.20052287     
   67.0000000000000       -1324875.13672440     
   68.0000000000000       -1324875.07103317     
   69.0000000000000       -1324875.00345154     
   70.0000000000000       -1324874.93397819     
   71.0000000000000       -1324874.86261601     
   72.0000000000000       -1324874.78936840     
   73.0000000000000       -1324874.71423855     
   74.0000000000000       -1324874.63723259     
   75.0000000000000       -1324874.55835534     
   76.0000000000000       -1324874.47761362     
   77.0000000000000       -1324874.39501568     
   78.0000000000000       -1324874.31056907     
   79.0000000000000       -1324874.22428344     
   80.0000000000000       -1324874.13616756     
   81.0000000000000       -1324874.04623280     
   82.0000000000000       -1324873.95448927     
   83.0000000000000       -1324873.86094901     
   84.0000000000000       -1324873.76562355     
   85.0000000000000       -1324873.66852638     
   86.0000000000000       -1324873.56966847     
   87.0000000000000       -1324873.46906561     
   88.0000000000000       -1324873.36672959     
   89.0000000000000       -1324873.26267518     
   90.0000000000000       -1324873.15691778     
   91.0000000000000       -1324873.04947039     
   92.0000000000000       -1324872.94034883     
   93.0000000000000       -1324872.82956867     
   94.0000000000000       -1324872.71714522     
   95.0000000000000       -1324872.60309278     
   96.0000000000000       -1324872.48742961     
   97.0000000000000       -1324872.37016922     
   98.0000000000000       -1324872.25132906     
   99.0000000000000       -1324872.13092473     
   100.000000000000       -1324872.00897334     
   101.000000000000       -1324871.88548970     
   102.000000000000       -1324871.76049092     
   103.000000000000       -1324871.63399466     
   104.000000000000       -1324871.50601423     
   105.000000000000       -1324871.37656923     
   106.000000000000       -1324871.24567440     
   107.000000000000       -1324871.11334733     
   108.000000000000       -1324870.97960197     
   109.000000000000       -1324870.84445661     
   110.000000000000       -1324870.70792778     
   111.000000000000       -1324870.57003016     
   112.000000000000       -1324870.43078086     
   113.000000000000       -1324870.29019642     
   114.000000000000       -1324870.14829044     
   115.000000000000       -1324870.00508133     
   116.000000000000       -1324869.86058397     
   117.000000000000       -1324869.71481286     
   118.000000000000       -1324869.56778543     
   119.000000000000       -1324869.41951550     
   120.000000000000       -1324869.27001886     
   121.000000000000       -1324869.11931171     
   122.000000000000       -1324868.96740721     
   123.000000000000       -1324868.81432044     
   124.000000000000       -1324868.66006773     
   125.000000000000       -1324868.50466207     
   126.000000000000       -1324868.34811888     
   127.000000000000       -1324868.19045122     
   128.000000000000       -1324868.03167447     
   129.000000000000       -1324867.87180283     
   130.000000000000       -1324867.71084805     
   131.000000000000       -1324867.54882574     
   132.000000000000       -1324867.38574844     
   133.000000000000       -1324867.22163081     
   134.000000000000       -1324867.05648427     
   135.000000000000       -1324866.89032229     
   136.000000000000       -1324866.72315927     
   137.000000000000       -1324866.55500566     
   138.000000000000       -1324866.38587619     
   139.000000000000       -1324866.21578063     
   140.000000000000       -1324866.04473431     
   141.000000000000       -1324865.87274663     
   142.000000000000       -1324865.69983119     
   143.000000000000       -1324865.52599942     
   144.000000000000       -1324865.35126274     
   145.000000000000       -1324865.17563267     
   146.000000000000       -1324864.99911919     
   147.000000000000       -1324864.82173576     
   148.000000000000       -1324864.64349282     
   149.000000000000       -1324864.46439943     
   150.000000000000       -1324864.28446874     
   151.000000000000       -1324864.10370878     
   152.000000000000       -1324863.92213339     
   153.000000000000       -1324863.73974811     
   154.000000000000       -1324863.55656799     
   155.000000000000       -1324863.37259984     
   156.000000000000       -1324863.18785398     
   157.000000000000       -1324863.00234140     
   158.000000000000       -1324862.81606948     
   159.000000000000       -1324862.62904973     
   160.000000000000       -1324862.44129051     
   161.000000000000       -1324862.25280017     
   162.000000000000       -1324862.06359063     
   163.000000000000       -1324861.87366661     
   164.000000000000       -1324861.68303952     
   165.000000000000       -1324861.49171872     
   166.000000000000       -1324861.29971012     
   167.000000000000       -1324861.10702440     
   168.000000000000       -1324860.91366783     
   169.000000000000       -1324860.71965006     
   170.000000000000       -1324860.52497876     
   171.000000000000       -1324860.32966168     
   172.000000000000       -1324860.13370724     
   173.000000000000       -1324859.93712044     
   174.000000000000       -1324859.73991308     
   175.000000000000       -1324859.54208909     
   176.000000000000       -1324859.34365779     
   177.000000000000       -1324859.14462563     
   178.000000000000       -1324858.94500059     
   179.000000000000       -1324858.74478694     
   180.000000000000       -1324858.54399609     
   181.000000000000       -1324858.34262967     
   182.000000000000       -1324858.14069931     
   183.000000000000       -1324857.93820910     
   184.000000000000       -1324857.73516469     
   185.000000000000       -1324857.53157461     
   186.000000000000       -1324857.32744388     
   187.000000000000       -1324857.12277927     
   188.000000000000       -1324856.91758720     
   189.000000000000       -1324856.71187315     
   190.000000000000       -1324856.50564221     
   191.000000000000       -1324856.29890250     
   192.000000000000       -1324856.09165783     
   193.000000000000       -1324855.88391462     
   194.000000000000       -1324855.67567848     
   195.000000000000       -1324855.46695633     
   196.000000000000       -1324855.25775043     
   197.000000000000       -1324855.04806854     
   198.000000000000       -1324854.83791642     
   199.000000000000       -1324854.62729689     
   200.000000000000       -1324854.41621842     
   201.000000000000       -1324854.20468149     
   202.000000000000       -1324853.99269526     
   203.000000000000       -1324853.78026428     
   204.000000000000       -1324853.56739057     
   205.000000000000       -1324853.35408080     
   206.000000000000       -1324853.14034083     
   207.000000000000       -1324852.92617315     
   208.000000000000       -1324852.71158245     
   209.000000000000       -1324852.49657594     
   210.000000000000       -1324852.28115388     
   211.000000000000       -1324852.06532514     
   212.000000000000       -1324851.84908976     
   213.000000000000       -1324851.63245511     
   214.000000000000       -1324851.41542481     
   215.000000000000       -1324851.19800164     
   216.000000000000       -1324850.98019187     
   217.000000000000       -1324850.76199581     
   218.000000000000       -1324850.54342154     
   219.000000000000       -1324850.32447118     
   220.000000000000       -1324850.10514935     
   221.000000000000       -1324849.88545859     
   222.000000000000       -1324849.66540194     
   223.000000000000       -1324849.44498600     
   224.000000000000       -1324849.22421333     
   225.000000000000       -1324849.00308495     
   226.000000000000       -1324848.78160820     
   227.000000000000       -1324848.55978448     
   228.000000000000       -1324848.33761776     
   229.000000000000       -1324848.11511009     
   230.000000000000       -1324847.89226762     
   231.000000000000       -1324847.66909084     
   232.000000000000       -1324847.44558585     
   233.000000000000       -1324847.22175179     
   234.000000000000       -1324846.99759768     
   235.000000000000       -1324846.77311937     
   236.000000000000       -1324846.54832678     
   237.000000000000       -1324846.32321859     
   238.000000000000       -1324846.09779991     
   239.000000000000       -1324845.87207306     
   240.000000000000       -1324845.64604045     
   241.000000000000       -1324845.41970621     
   242.000000000000       -1324845.19307089     
   243.000000000000       -1324844.96614043     
   244.000000000000       -1324844.73891486     
   245.000000000000       -1324844.51139963     
   246.000000000000       -1324844.28359399     
   247.000000000000       -1324844.05550243     
   248.000000000000       -1324843.82713035     
   249.000000000000       -1324843.59847365     
   250.000000000000       -1324843.36954183     
   251.000000000000       -1324843.14033380     
   252.000000000000       -1324842.91085085     
   253.000000000000       -1324842.68109990     
   254.000000000000       -1324842.45107874     
   255.000000000000       -1324842.22079373     
   256.000000000000       -1324841.99024270     
   257.000000000000       -1324841.75943266     
   258.000000000000       -1324841.52836205     
   259.000000000000       -1324841.29703622     
   260.000000000000       -1324841.06545511     
   261.000000000000       -1324840.83362300     
   262.000000000000       -1324840.60153906     
   263.000000000000       -1324840.36920948     
   264.000000000000       -1324840.13663335     
   265.000000000000       -1324839.90381376     
   266.000000000000       -1324839.67075198     
   267.000000000000       -1324839.43745222     
   268.000000000000       -1324839.20391266     
   269.000000000000       -1324838.97013969     
   270.000000000000       -1324838.73613378     
   271.000000000000       -1324838.50189439     
   272.000000000000       -1324838.26742555     
   273.000000000000       -1324838.03273184     
   274.000000000000       -1324837.79780951     
   275.000000000000       -1324837.56266430     
   276.000000000000       -1324837.32729709     
   277.000000000000       -1324837.09170863     
   278.000000000000       -1324836.85590309     
   279.000000000000       -1324836.61988007     
   280.000000000000       -1324836.38364153     
   281.000000000000       -1324836.14719065     
   282.000000000000       -1324835.91052692     
   283.000000000000       -1324835.67365543     
   284.000000000000       -1324835.43657204     
   285.000000000000       -1324835.19928535     
   286.000000000000       -1324834.96179354     
   287.000000000000       -1324834.72409650     
   288.000000000000       -1324834.48619989     
   289.000000000000       -1324834.24810053     
   290.000000000000       -1324834.00980371     
   291.000000000000       -1324833.77130907     
   292.000000000000       -1324833.53262065     
   293.000000000000       -1324833.29373530     
   294.000000000000       -1324833.05465933     
   295.000000000000       -1324832.81539284     
   296.000000000000       -1324832.57593207     
   297.000000000000       -1324832.33628664     
   298.000000000000       -1324832.09645631     
   299.000000000000       -1324831.85643314     
   300.000000000000       -1324831.61623344     
   301.000000000000       -1324831.37584577     
   302.000000000000       -1324831.13527836     
   303.000000000000       -1324830.89453176     
   304.000000000000       -1324830.65360514     
   305.000000000000       -1324830.41249909     
   306.000000000000       -1324830.17122060     
   307.000000000000       -1324829.92976474     
   308.000000000000       -1324829.68813353     
   309.000000000000       -1324829.44633268     
   310.000000000000       -1324829.20436024     
   311.000000000000       -1324828.96221354     
   312.000000000000       -1324828.71990410     
   313.000000000000       -1324828.47742341     
   314.000000000000       -1324828.23477551     
   315.000000000000       -1324827.99196298     
   316.000000000000       -1324827.74898648     
   317.000000000000       -1324827.50584709     
   318.000000000000       -1324827.26254652     
   319.000000000000       -1324827.01908165     
   320.000000000000       -1324826.77545990     
   321.000000000000       -1324826.53167951     
   322.000000000000       -1324826.28774008     
   323.000000000000       -1324826.04364378     
   324.000000000000       -1324825.79939187     
   325.000000000000       -1324825.55498682     
   326.000000000000       -1324825.31042839     
   327.000000000000       -1324825.06571643     
   328.000000000000       -1324824.82085179     
   329.000000000000       -1324824.57583996     
   330.000000000000       -1324824.33067664     
   331.000000000000       -1324824.08536245     
   332.000000000000       -1324823.83990424     
   333.000000000000       -1324823.59429951     
   334.000000000000       -1324823.34854620     
   335.000000000000       -1324823.10265026     
   336.000000000000       -1324822.85661058     
   337.000000000000       -1324822.61042671     
   338.000000000000       -1324822.36410098     
   339.000000000000       -1324822.11763619     
   340.000000000000       -1324821.87102882     
   341.000000000000       -1324821.62428463     
   342.000000000000       -1324821.37739851     
   343.000000000000       -1324821.13037716     
   344.000000000000       -1324820.88321810     
   345.000000000000       -1324820.63592323     
   346.000000000000       -1324820.38849626     
   347.000000000000       -1324820.14092940     
   348.000000000000       -1324819.89323423     
   349.000000000000       -1324819.64540230     
   350.000000000000       -1324819.39744310     
   351.000000000000       -1324819.14934818     
   352.000000000000       -1324818.90112546     
   353.000000000000       -1324818.65277310     
   354.000000000000       -1324818.40429250     
   355.000000000000       -1324818.15568263     
   356.000000000000       -1324817.90694715     
   357.000000000000       -1324817.65808443     
   358.000000000000       -1324817.40909436     
   359.000000000000       -1324817.15998181     
   360.000000000000       -1324816.91074548     
   361.000000000000       -1324816.66138403     
   362.000000000000       -1324816.41189944     
   363.000000000000       -1324816.16229420     
   364.000000000000       -1324815.91256807     
   365.000000000000       -1324815.66271878     
   366.000000000000       -1324815.41275085     
   367.000000000000       -1324815.16266332     
   368.000000000000       -1324814.91245739     
   369.000000000000       -1324814.66213632     
   370.000000000000       -1324814.41169166     
   371.000000000000       -1324814.16113549     
   372.000000000000       -1324813.91046205     
   373.000000000000       -1324813.65967151     
   374.000000000000       -1324813.40876887     
   375.000000000000       -1324813.15775183     
   376.000000000000       -1324812.90661779     
   377.000000000000       -1324812.65537583     
   378.000000000000       -1324812.40401954     
   379.000000000000       -1324812.15254932     
   380.000000000000       -1324811.90097321     
   381.000000000000       -1324811.64928176     
   382.000000000000       -1324811.39748160     
   383.000000000000       -1324811.14557572     
   384.000000000000       -1324810.89355766     
   385.000000000000       -1324810.64143341     
   386.000000000000       -1324810.38919948     
   387.000000000000       -1324810.13686159     
   388.000000000000       -1324809.88441501     
   389.000000000000       -1324809.63186357     
   390.000000000000       -1324809.37920583     
   391.000000000000       -1324809.12644450     
   392.000000000000       -1324808.87358055     
   393.000000000000       -1324808.62060948     
   394.000000000000       -1324808.36753999     
   395.000000000000       -1324808.11436182     
   396.000000000000       -1324807.86108773     
   397.000000000000       -1324807.60770813     
   398.000000000000       -1324807.35422840     
   399.000000000000       -1324807.10065062     
   400.000000000000       -1324806.84696848     
   401.000000000000       -1324806.59319053     
   402.000000000000       -1324806.33931508     
   403.000000000000       -1324806.08533712     
   404.000000000000       -1324805.83126307     
   405.000000000000       -1324805.57709010     
   406.000000000000       -1324805.32282172     
   407.000000000000       -1324805.06845582     
   408.000000000000       -1324804.81399653     
   409.000000000000       -1324804.55943993     
   410.000000000000       -1324804.30478678     
   411.000000000000       -1324804.05004349     
   412.000000000000       -1324803.79519982     
   413.000000000000       -1324803.54026495     
   414.000000000000       -1324803.28524113     
   415.000000000000       -1324803.03011899     
   416.000000000000       -1324802.77490673     
   417.000000000000       -1324802.51960196     
   418.000000000000       -1324802.26420843     
   419.000000000000       -1324802.00871963     
   420.000000000000       -1324801.75314339     
   421.000000000000       -1324801.49747537     
   422.000000000000       -1324801.24171774     
   423.000000000000       -1324800.98587404     
   424.000000000000       -1324800.72993621     
   425.000000000000       -1324800.47391427     
   426.000000000000       -1324800.21780188     
   427.000000000000       -1324799.96160234     
   428.000000000000       -1324799.70531807     
   429.000000000000       -1324799.44894023     
   430.000000000000       -1324799.19248408     
   431.000000000000       -1324798.93593672     
   432.000000000000       -1324798.67930713     
   433.000000000000       -1324798.42258995     
   434.000000000000       -1324798.16578764     
   435.000000000000       -1324797.90890538     
   436.000000000000       -1324797.65193368     
   437.000000000000       -1324797.39487871     
   438.000000000000       -1324797.13774341     
   439.000000000000       -1324796.88052297     
   440.000000000000       -1324796.62322244     
   441.000000000000       -1324796.36583626     
   442.000000000000       -1324796.10837285     
   443.000000000000       -1324795.85082228     
   444.000000000000       -1324795.59319545     
   445.000000000000       -1324795.33548472     
   446.000000000000       -1324795.07769742     
   447.000000000000       -1324794.81982479     
   448.000000000000       -1324794.56187885     
   449.000000000000       -1324794.30384766     
   450.000000000000       -1324794.04574335     
   451.000000000000       -1324793.78755454     
   452.000000000000       -1324793.52928992     
   453.000000000000       -1324793.27095011     
   454.000000000000       -1324793.01252794     
   455.000000000000       -1324792.75403074     
   456.000000000000       -1324792.49545826     
   457.000000000000       -1324792.23680820     
   458.000000000000       -1324791.97807890     
   459.000000000000       -1324791.71927931     
   460.000000000000       -1324791.46039707     
   461.000000000000       -1324791.20144658     
   462.000000000000       -1324790.94241649     
   463.000000000000       -1324790.68331266     
   464.000000000000       -1324790.42413848     
   465.000000000000       -1324790.16488421     
   466.000000000000       -1324789.90555861     
   467.000000000000       -1324789.64616009     
   468.000000000000       -1324789.38669052     
   469.000000000000       -1324789.12714414     
   470.000000000000       -1324788.86752440     
   471.000000000000       -1324788.60784080     
   472.000000000000       -1324788.34807525     
   473.000000000000       -1324788.08824315     
   474.000000000000       -1324787.82833995     
   475.000000000000       -1324787.56836657     
   476.000000000000       -1324787.30831697     
   477.000000000000       -1324787.04820221     
   478.000000000000       -1324786.78801667     
   479.000000000000       -1324786.52776255     
   480.000000000000       -1324786.26743449     
   481.000000000000       -1324786.00703961     
   482.000000000000       -1324785.74657495     
   483.000000000000       -1324785.48604259     
   484.000000000000       -1324785.22544024     
   485.000000000000       -1324784.96477343     
   486.000000000000       -1324784.70403443     
   487.000000000000       -1324784.44322787     
   488.000000000000       -1324784.18235943     
   489.000000000000       -1324783.92141663     
   490.000000000000       -1324783.66041115     
   491.000000000000       -1324783.39933545     
   492.000000000000       -1324783.13819942     
   493.000000000000       -1324782.87699355     
   494.000000000000       -1324782.61572348     
   495.000000000000       -1324782.35438422     
   496.000000000000       -1324782.09298431     
   497.000000000000       -1324781.83151433     
   498.000000000000       -1324781.56998284     
   499.000000000000       -1324781.30838731     
   500.000000000000       -1324781.04672679     
   501.000000000000       -1324780.78500187     
   502.000000000000       -1324780.52321098     
   503.000000000000       -1324780.26135924     
   504.000000000000       -1324779.99944369     
   505.000000000000       -1324779.73746695     
   506.000000000000       -1324779.47542181     
   507.000000000000       -1324779.21331982     
   508.000000000000       -1324778.95115314     
   509.000000000000       -1324778.68892474     
   510.000000000000       -1324778.42663356     
   511.000000000000       -1324778.16428080     
   512.000000000000       -1324777.90186679     
   513.000000000000       -1324777.63938963     
   514.000000000000       -1324777.37685514     
   515.000000000000       -1324777.11425574     
   516.000000000000       -1324776.85160051     
   517.000000000000       -1324776.58888146     
   518.000000000000       -1324776.32610419     
   519.000000000000       -1324776.06326513     
   520.000000000000       -1324775.80036709     
   521.000000000000       -1324775.53741035     
   522.000000000000       -1324775.27439226     
   523.000000000000       -1324775.01131648     
   524.000000000000       -1324774.74818410     
   525.000000000000       -1324774.48498660     
   526.000000000000       -1324774.22173847     
   527.000000000000       -1324773.95842785     
   528.000000000000       -1324773.69505824     
   529.000000000000       -1324773.43163537     
   530.000000000000       -1324773.16814838     
   531.000000000000       -1324772.90460828     
   532.000000000000       -1324772.64100959     
   533.000000000000       -1324772.37735483     
   534.000000000000       -1324772.11364241     
   535.000000000000       -1324771.84987350     
   536.000000000000       -1324771.58604760     
   537.000000000000       -1324771.32216924     
   538.000000000000       -1324771.05822604     
   539.000000000000       -1324770.79423714     
   540.000000000000       -1324770.53018424     
   541.000000000000       -1324770.26608124     
   542.000000000000       -1324770.00191970     
   543.000000000000       -1324769.73770600     
   544.000000000000       -1324769.47343556     
   545.000000000000       -1324769.20911021     
   546.000000000000       -1324768.94473092     
   547.000000000000       -1324768.68029240     
   548.000000000000       -1324768.41581034     
   549.000000000000       -1324768.15126277     
   550.000000000000       -1324767.88666768     
   551.000000000000       -1324767.62201744     
   552.000000000000       -1324767.35731362     
   553.000000000000       -1324767.09255646     
   554.000000000000       -1324766.82774766     
   555.000000000000       -1324766.56288179     
   556.000000000000       -1324766.29796671     
   557.000000000000       -1324766.03299529     
   558.000000000000       -1324765.76797721     
   559.000000000000       -1324765.50290089     
   560.000000000000       -1324765.23777435     
   561.000000000000       -1324764.97259688     
   562.000000000000       -1324764.70736334     
   563.000000000000       -1324764.44208462     
   564.000000000000       -1324764.17674837     
   565.000000000000       -1324763.91136472     
   566.000000000000       -1324763.64592464     
   567.000000000000       -1324763.38044240     
   568.000000000000       -1324763.11489850     
   569.000000000000       -1324762.84931145     
   570.000000000000       -1324762.58367055     
   571.000000000000       -1324762.31798071     
   572.000000000000       -1324762.05223861     
   573.000000000000       -1324761.78644437     
   574.000000000000       -1324761.52060503     
   575.000000000000       -1324761.25471137     
   576.000000000000       -1324760.98877191     
   577.000000000000       -1324760.72278073     
   578.000000000000       -1324760.45673885     
   579.000000000000       -1324760.19064850     
   580.000000000000       -1324759.92450802     
   581.000000000000       -1324759.65832164     
   582.000000000000       -1324759.39208093     
   583.000000000000       -1324759.12579540     
   584.000000000000       -1324758.85946024     
   585.000000000000       -1324758.59307467     
   586.000000000000       -1324758.32664566     
   587.000000000000       -1324758.06016003     
   588.000000000000       -1324757.79363035     
   589.000000000000       -1324757.52705691     
   590.000000000000       -1324757.26043069     
   591.000000000000       -1324756.99375663     
   592.000000000000       -1324756.72703375     
   593.000000000000       -1324756.46026825     
   594.000000000000       -1324756.19344714     
   595.000000000000       -1324755.92658933     
   596.000000000000       -1324755.65967529     
   597.000000000000       -1324755.39271743     
   598.000000000000       -1324755.12571295     
   599.000000000000       -1324754.85865846     
   600.000000000000       -1324754.59156309     
   601.000000000000       -1324754.32441661     
   602.000000000000       -1324754.05721837     
   603.000000000000       -1324753.78998735     
   604.000000000000       -1324753.52270033     
   605.000000000000       -1324753.25536565     
   606.000000000000       -1324752.98798967     
   607.000000000000       -1324752.72056851     
   608.000000000000       -1324752.45309401     
   609.000000000000       -1324752.18558117     
   610.000000000000       -1324751.91801743     
   611.000000000000       -1324751.65041429     
   612.000000000000       -1324751.38275712     
   613.000000000000       -1324751.11506229     
   614.000000000000       -1324750.84731798     
   615.000000000000       -1324750.57952831     
   616.000000000000       -1324750.31169284     
   617.000000000000       -1324750.04381427     
   618.000000000000       -1324749.77589374     
   619.000000000000       -1324749.50791913     
   620.000000000000       -1324749.23990695     
   621.000000000000       -1324748.97184809     
   622.000000000000       -1324748.70374697     
   623.000000000000       -1324748.43559632     
   624.000000000000       -1324748.16740227     
   625.000000000000       -1324747.89916464     
   626.000000000000       -1324747.63088743     
   627.000000000000       -1324747.36255948     
   628.000000000000       -1324747.09419093     
   629.000000000000       -1324746.82577364     
   630.000000000000       -1324746.55731718     
   631.000000000000       -1324746.28881530     
   632.000000000000       -1324746.02026861     
   633.000000000000       -1324745.75168114     
   634.000000000000       -1324745.48304480     
   635.000000000000       -1324745.21436728     
   636.000000000000       -1324744.94564565     
   637.000000000000       -1324744.67688378     
   638.000000000000       -1324744.40807604     
   639.000000000000       -1324744.13922495     
   640.000000000000       -1324743.87032634     
   641.000000000000       -1324743.60138944     
   642.000000000000       -1324743.33241096     
   643.000000000000       -1324743.06338640     
   644.000000000000       -1324742.79431677     
   645.000000000000       -1324742.52520429     
   646.000000000000       -1324742.25605448     
   647.000000000000       -1324741.98685498     
   648.000000000000       -1324741.71761431     
   649.000000000000       -1324741.44833288     
   650.000000000000       -1324741.17901139     
   651.000000000000       -1324740.90963920     
   652.000000000000       -1324740.64023046     
   653.000000000000       -1324740.37077343     
   654.000000000000       -1324740.10128292     
   655.000000000000       -1324739.83174013     
   656.000000000000       -1324739.56216143     
   657.000000000000       -1324739.29253711     
   658.000000000000       -1324739.02286723     
   659.000000000000       -1324738.75316362     
   660.000000000000       -1324738.48340992     
   661.000000000000       -1324738.21361600     
   662.000000000000       -1324737.94378359     
   663.000000000000       -1324737.67390579     
   664.000000000000       -1324737.40398123     
   665.000000000000       -1324737.13402306     
   666.000000000000       -1324736.86401676     
   667.000000000000       -1324736.59397364     
   668.000000000000       -1324736.32388116     
   669.000000000000       -1324736.05375079     
   670.000000000000       -1324735.78357585     
   671.000000000000       -1324735.51336240     
   672.000000000000       -1324735.24310638     
   673.000000000000       -1324734.97280809     
   674.000000000000       -1324734.70246248     
   675.000000000000       -1324734.43208536     
   676.000000000000       -1324734.16165645     
   677.000000000000       -1324733.89119112     
   678.000000000000       -1324733.62068146     
   679.000000000000       -1324733.35012945     
   680.000000000000       -1324733.07954044     
   681.000000000000       -1324732.80889917     
   682.000000000000       -1324732.53822744     
   683.000000000000       -1324732.26750790     
   684.000000000000       -1324731.99674730     
   685.000000000000       -1324731.72594303     
   686.000000000000       -1324731.45510457     
   687.000000000000       -1324731.18421205     
   688.000000000000       -1324730.91328981     
   689.000000000000       -1324730.64231458     
   690.000000000000       -1324730.37130821     
   691.000000000000       -1324730.10025213     
   692.000000000000       -1324729.82915524     
   693.000000000000       -1324729.55801695     
   694.000000000000       -1324729.28684116     
   695.000000000000       -1324729.01561549     
   696.000000000000       -1324728.74435679     
   697.000000000000       -1324728.47304679     
   698.000000000000       -1324728.20170238     
   699.000000000000       -1324727.93031206     
   700.000000000000       -1324727.65888431     
   701.000000000000       -1324727.38740692     
   702.000000000000       -1324727.11588870     
   703.000000000000       -1324726.84433865     
   704.000000000000       -1324726.57273536     
   705.000000000000       -1324726.30109370     
   706.000000000000       -1324726.02940761     
   707.000000000000       -1324725.75768250     
   708.000000000000       -1324725.48591572     
   709.000000000000       -1324725.21410726     
   710.000000000000       -1324724.94224999     
   711.000000000000       -1324724.67035545     
   712.000000000000       -1324724.39842178     
   713.000000000000       -1324724.12643754     
   714.000000000000       -1324723.85441492     
   715.000000000000       -1324723.58235176     
   716.000000000000       -1324723.31024432     
   717.000000000000       -1324723.03809457     
   718.000000000000       -1324722.76590127     
   719.000000000000       -1324722.49366569     
   720.000000000000       -1324722.22138644     
   721.000000000000       -1324721.94906745     
   722.000000000000       -1324721.67670180     
   723.000000000000       -1324721.40429644     
   724.000000000000       -1324721.13184726     
   725.000000000000       -1324720.85935299     
   726.000000000000       -1324720.58681843     
   727.000000000000       -1324720.31423962     
   728.000000000000       -1324720.04161762     
   729.000000000000       -1324719.76895149     
   730.000000000000       -1324719.49624078     
   731.000000000000       -1324719.22349235     
   732.000000000000       -1324718.95069639     
   733.000000000000       -1324718.67785703     
   734.000000000000       -1324718.40497160     
   735.000000000000       -1324718.13205175     
   736.000000000000       -1324717.85907512     
   737.000000000000       -1324717.58606708     
   738.000000000000       -1324717.31300332     
   739.000000000000       -1324717.03990516     
   740.000000000000       -1324716.76675767     
   741.000000000000       -1324716.49356482     
   742.000000000000       -1324716.22033404     
   743.000000000000       -1324715.94705379     
   744.000000000000       -1324715.67373046     
   745.000000000000       -1324715.40036477     
   746.000000000000       -1324715.12694994     
   747.000000000000       -1324714.85348892     
   748.000000000000       -1324714.57999423     
   749.000000000000       -1324714.30643783     
   750.000000000000       -1324714.03285439     
   751.000000000000       -1324713.75921319     
   752.000000000000       -1324713.48552607     
   753.000000000000       -1324713.21180334     
   754.000000000000       -1324712.93802781     
   755.000000000000       -1324712.66420699     
   756.000000000000       -1324712.39034627     
   757.000000000000       -1324712.11643351     
   758.000000000000       -1324711.84247391     
   759.000000000000       -1324711.56847539     
   760.000000000000       -1324711.29442217     
   761.000000000000       -1324711.02033064     
   762.000000000000       -1324710.74618499     
   763.000000000000       -1324710.47199667     
   764.000000000000       -1324710.19776155     
   765.000000000000       -1324709.92347830     
   766.000000000000       -1324709.64914917     
   767.000000000000       -1324709.37477516     
   768.000000000000       -1324709.10034904     
   769.000000000000       -1324708.82587913     
   770.000000000000       -1324708.55135478     
   771.000000000000       -1324708.27679507     
   772.000000000000       -1324708.00217373     
   773.000000000000       -1324707.72751884     
   774.000000000000       -1324707.45280299     
   775.000000000000       -1324707.17804477     
   776.000000000000       -1324706.90323508     
   777.000000000000       -1324706.62838065     
   778.000000000000       -1324706.35347270     
   779.000000000000       -1324706.07851961     
   780.000000000000       -1324705.80352199     
   781.000000000000       -1324705.52845812     
   782.000000000000       -1324705.25336619     
   783.000000000000       -1324704.97820624     
   784.000000000000       -1324704.70300581     
   785.000000000000       -1324704.42775710     
   786.000000000000       -1324704.15244920     
   787.000000000000       -1324703.87709584     
   788.000000000000       -1324703.60169834     
   789.000000000000       -1324703.32623842     
   790.000000000000       -1324703.05073368     
   791.000000000000       -1324702.77517903     
   792.000000000000       -1324702.49957062     
   793.000000000000       -1324702.22391361     
   794.000000000000       -1324701.94819492     
   795.000000000000       -1324701.67243597     
   796.000000000000       -1324701.39661885     
   797.000000000000       -1324701.12074761     
   798.000000000000       -1324700.84483042     
   799.000000000000       -1324700.56885614     
   800.000000000000       -1324700.29283014     
   801.000000000000       -1324700.01674403     
   802.000000000000       -1324699.74061401     
   803.000000000000       -1324699.46442421     
   804.000000000000       -1324699.18818281     
   805.000000000000       -1324698.91188569     
   806.000000000000       -1324698.63553711     
   807.000000000000       -1324698.35913180     
   808.000000000000       -1324698.08266878     
   809.000000000000       -1324697.80615083     
   810.000000000000       -1324697.52958487     
   811.000000000000       -1324697.25295579     
   812.000000000000       -1324696.97627202     
   813.000000000000       -1324696.69953388     
   814.000000000000       -1324696.42273679     
   815.000000000000       -1324696.14588257     
   816.000000000000       -1324695.86897591     
   817.000000000000       -1324695.59200593     
   818.000000000000       -1324695.31498185     
   819.000000000000       -1324695.03790038     
   820.000000000000       -1324694.76075935     
   821.000000000000       -1324694.48356306     
   822.000000000000       -1324694.20630189     
   823.000000000000       -1324693.92898205     
   824.000000000000       -1324693.65160652     
   825.000000000000       -1324693.37417675     
   826.000000000000       -1324693.09667691     
   827.000000000000       -1324692.81912091     
   828.000000000000       -1324692.54150173     
   829.000000000000       -1324692.26382601     
   830.000000000000       -1324691.98608631     
   831.000000000000       -1324691.70828967     
   832.000000000000       -1324691.43042205     
   833.000000000000       -1324691.15250210     
   834.000000000000       -1324690.87451305     
   835.000000000000       -1324690.59646853     
   836.000000000000       -1324690.31834804     
   837.000000000000       -1324690.04017748     
   838.000000000000       -1324689.76193824     
   839.000000000000       -1324689.48362998     
   840.000000000000       -1324689.20526251     
   841.000000000000       -1324688.92683139     
   842.000000000000       -1324688.64832923     
   843.000000000000       -1324688.36976939     
   844.000000000000       -1324688.09113703     
   845.000000000000       -1324687.81244257     
   846.000000000000       -1324687.53367622     
   847.000000000000       -1324687.25484530     
   848.000000000000       -1324686.97594965     
   849.000000000000       -1324686.69698711     
   850.000000000000       -1324686.41794725     
   851.000000000000       -1324686.13884550     
   852.000000000000       -1324685.85967792     
   853.000000000000       -1324685.58043364     
   854.000000000000       -1324685.30112535     
   855.000000000000       -1324685.02173996     
   856.000000000000       -1324684.74229218     
   857.000000000000       -1324684.46277068     
   858.000000000000       -1324684.18317125     
   859.000000000000       -1324683.90350527     
   860.000000000000       -1324683.62377174     
   861.000000000000       -1324683.34395624     
   862.000000000000       -1324683.06407418     
   863.000000000000       -1324682.78411091     
   864.000000000000       -1324682.50408306     
   865.000000000000       -1324682.22396750     
   866.000000000000       -1324681.94379358     
   867.000000000000       -1324681.66353590     
   868.000000000000       -1324681.38319784     
   869.000000000000       -1324681.10278705     
   870.000000000000       -1324680.82230085     
   871.000000000000       -1324680.54173475     
   872.000000000000       -1324680.26109661     
   873.000000000000       -1324679.98037443     
   874.000000000000       -1324679.69956834     
   875.000000000000       -1324679.41869414     
   876.000000000000       -1324679.13772797     
   877.000000000000       -1324678.85669055     
   878.000000000000       -1324678.57557530     
   879.000000000000       -1324678.29436928     
   880.000000000000       -1324678.01307998     
   881.000000000000       -1324677.73171817     
   882.000000000000       -1324677.45026247     
   883.000000000000       -1324677.16873435     
   884.000000000000       -1324676.88711297     
   885.000000000000       -1324676.60540998     
   886.000000000000       -1324676.32361786     
   887.000000000000       -1324676.04174703     
   888.000000000000       -1324675.75978400     
   889.000000000000       -1324675.47774313     
   890.000000000000       -1324675.19559970     
   891.000000000000       -1324674.91337700     
   892.000000000000       -1324674.63106539     
   893.000000000000       -1324674.34865874     
   894.000000000000       -1324674.06617065     
   895.000000000000       -1324673.78358873     
   896.000000000000       -1324673.50090911     
   897.000000000000       -1324673.21814375     
   898.000000000000       -1324672.93528899     
   899.000000000000       -1324672.65232818     
   900.000000000000       -1324672.36928964     
   901.000000000000       -1324672.08614644     
   902.000000000000       -1324671.80291016     
   903.000000000000       -1324671.51957815     
   904.000000000000       -1324671.23615193     
   905.000000000000       -1324670.95262465     
   906.000000000000       -1324670.66900265     
   907.000000000000       -1324670.38527799     
   908.000000000000       -1324670.10145600     
   909.000000000000       -1324669.81754074     
   910.000000000000       -1324669.53350962     
   911.000000000000       -1324669.24939401     
   912.000000000000       -1324668.96516091     
   913.000000000000       -1324668.68083324     
   914.000000000000       -1324668.39640554     
   915.000000000000       -1324668.11186953     
   916.000000000000       -1324667.82722418     
   917.000000000000       -1324667.54247504     
   918.000000000000       -1324667.25762299     
   919.000000000000       -1324666.97266336     
   920.000000000000       -1324666.68758889     
   921.000000000000       -1324666.40240985     
   922.000000000000       -1324666.11712027     
   923.000000000000       -1324665.83172120     
   924.000000000000       -1324665.54621138     
   925.000000000000       -1324665.26058650     
   926.000000000000       -1324664.97484935     
   927.000000000000       -1324664.68900186     
   928.000000000000       -1324664.40303324     
   929.000000000000       -1324664.11694778     
   930.000000000000       -1324663.83075629     
   931.000000000000       -1324663.54443515     
   932.000000000000       -1324663.25800686     
   933.000000000000       -1324662.97145254     
   934.000000000000       -1324662.68477498     
   935.000000000000       -1324662.39798847     
   936.000000000000       -1324662.11106799     
   937.000000000000       -1324661.82402653     
   938.000000000000       -1324661.53686973     
   939.000000000000       -1324661.24958075     
   940.000000000000       -1324660.96216345     
   941.000000000000       -1324660.67462412     
   942.000000000000       -1324660.38696272     
   943.000000000000       -1324660.09916166     
   944.000000000000       -1324659.81123950     
   945.000000000000       -1324659.52318323     
   946.000000000000       -1324659.23499344     
   947.000000000000       -1324658.94667049     
   948.000000000000       -1324658.65821694     
   949.000000000000       -1324658.36963207     
   950.000000000000       -1324658.08090540     
   951.000000000000       -1324657.79204614     
   952.000000000000       -1324657.50304511     
   953.000000000000       -1324657.21390466     
   954.000000000000       -1324656.92463157     
   955.000000000000       -1324656.63520998     
   956.000000000000       -1324656.34564777     
   957.000000000000       -1324656.05594106     
   958.000000000000       -1324655.76609664     
   959.000000000000       -1324655.47610237     
   960.000000000000       -1324655.18595722     
   961.000000000000       -1324654.89567023     
   962.000000000000       -1324654.60522473     
   963.000000000000       -1324654.31464633     
   964.000000000000       -1324654.02389794     
   965.000000000000       -1324653.73301462     
   966.000000000000       -1324653.44196031     
   967.000000000000       -1324653.15076184     
   968.000000000000       -1324652.85939970     
   969.000000000000       -1324652.56788772     
   970.000000000000       -1324652.27620725     
   971.000000000000       -1324651.98437957     
   972.000000000000       -1324651.69238103     
   973.000000000000       -1324651.40022050     
   974.000000000000       -1324651.10790166     
   975.000000000000       -1324650.81541075     
   976.000000000000       -1324650.52275847     
   977.000000000000       -1324650.22993033     
   978.000000000000       -1324649.93694366     
   979.000000000000       -1324649.64378143     
   980.000000000000       -1324649.35044572     
   981.000000000000       -1324649.05693520     
   982.000000000000       -1324648.76325811     
   983.000000000000       -1324648.46939688     
   984.000000000000       -1324648.17535817     
   985.000000000000       -1324647.88114177     
   986.000000000000       -1324647.58674653     
   987.000000000000       -1324647.29216858     
   988.000000000000       -1324646.99740447     
   989.000000000000       -1324646.70245467     
   990.000000000000       -1324646.40732561     
   991.000000000000       -1324646.11200049     
   992.000000000000       -1324645.81649126     
   993.000000000000       -1324645.52079217     
   994.000000000000       -1324645.22489257     
   995.000000000000       -1324644.92879773     
   996.000000000000       -1324644.63252201     
   997.000000000000       -1324644.33603780     
   998.000000000000       -1324644.03934853     
   999.000000000000       -1324643.74247020     
   1000.00000000000       -1324643.44538651     
   1001.00000000000       -1324643.14810159     
   1002.00000000000       -1324642.85059839     
   1003.00000000000       -1324642.55290134     
   1004.00000000000       -1324642.25498822     
   1005.00000000000       -1324641.95686738     
   1006.00000000000       -1324641.65853478     
   1007.00000000000       -1324641.35998942     
   1008.00000000000       -1324641.06121552     
   1009.00000000000       -1324640.76224067     
   1010.00000000000       -1324640.46303407     
   1011.00000000000       -1324640.16361417     
   1012.00000000000       -1324639.86396609     
   1013.00000000000       -1324639.56409819     
   1014.00000000000       -1324639.26399578     
   1015.00000000000       -1324638.96366959     
   1016.00000000000       -1324638.66311292     
   1017.00000000000       -1324638.36232543     
   1018.00000000000       -1324638.06129942     
   1019.00000000000       -1324637.76003289     
   1020.00000000000       -1324637.45854206     
   1021.00000000000       -1324637.15679527     
   1022.00000000000       -1324636.85482110     
   1023.00000000000       -1324636.55259187     
   1024.00000000000       -1324636.25012074     
   1025.00000000000       -1324635.94739828     
   1026.00000000000       -1324635.64443295     
   1027.00000000000       -1324635.34120738     
   1028.00000000000       -1324635.03772478     
   1029.00000000000       -1324634.73400388     
   1030.00000000000       -1324634.43000238     
   1031.00000000000       -1324634.12574957     
   1032.00000000000       -1324633.82123546     
   1033.00000000000       -1324633.51645579     
   1034.00000000000       -1324633.21141374     
   1035.00000000000       -1324632.90609421     
   1036.00000000000       -1324632.60050349     
   1037.00000000000       -1324632.29464309     
   1038.00000000000       -1324631.98850532     
   1039.00000000000       -1324631.68209046     
   1040.00000000000       -1324631.37539056     
   1041.00000000000       -1324631.06841509     
   1042.00000000000       -1324630.76114833     
   1043.00000000000       -1324630.45360242     
   1044.00000000000       -1324630.14575602     
   1045.00000000000       -1324629.83762661     
   1046.00000000000       -1324629.52920036     
   1047.00000000000       -1324629.22047458     
   1048.00000000000       -1324628.91145219     
   1049.00000000000       -1324628.60212537     
   1050.00000000000       -1324628.29250145     
   1051.00000000000       -1324627.98256451     
   1052.00000000000       -1324627.67232212     
   1053.00000000000       -1324627.36176421     
   1054.00000000000       -1324627.05090129     
   1055.00000000000       -1324626.73971297     
   1056.00000000000       -1324626.42821024     
   1057.00000000000       -1324626.11638446     
   1058.00000000000       -1324625.80423780     
   1059.00000000000       -1324625.49176356     
   1060.00000000000       -1324625.17895181     
   1061.00000000000       -1324624.86582642     
   1062.00000000000       -1324624.55234929     
   1063.00000000000       -1324624.23854358     
   1064.00000000000       -1324623.92440304     
   1065.00000000000       -1324623.60990800     
   1066.00000000000       -1324623.29508020     
   1067.00000000000       -1324622.97989821     
   1068.00000000000       -1324622.66436614     
   1069.00000000000       -1324622.34847943     
   1070.00000000000       -1324622.03224492     
   1071.00000000000       -1324621.71564433     
   1072.00000000000       -1324621.39868776     
   1073.00000000000       -1324621.08136236     
   1074.00000000000       -1324620.76368049     
   1075.00000000000       -1324620.44561878     
   1076.00000000000       -1324620.12718284     
   1077.00000000000       -1324619.80837651     
   1078.00000000000       -1324619.48919517     
   1079.00000000000       -1324619.16963137     
   1080.00000000000       -1324618.84968144     
   1081.00000000000       -1324618.52934798     
   1082.00000000000       -1324618.20861850     
   1083.00000000000       -1324617.88750970     
   1084.00000000000       -1324617.56599317     
   1085.00000000000       -1324617.24408486     
   1086.00000000000       -1324616.92176819     
   1087.00000000000       -1324616.59906039     
   1088.00000000000       -1324616.27594054     
   1089.00000000000       -1324615.95239955     
   1090.00000000000       -1324615.62846231     
   1091.00000000000       -1324615.30409792     
   1092.00000000000       -1324614.97932316     
   1093.00000000000       -1324614.65412105     
   1094.00000000000       -1324614.32849848     
   1095.00000000000       -1324614.00243916     
   1096.00000000000       -1324613.67595994     
   1097.00000000000       -1324613.34904604     
   1098.00000000000       -1324613.02168777     
   1099.00000000000       -1324612.69388817     
   1100.00000000000       -1324612.36566056     
   1101.00000000000       -1324612.03697524     
   1102.00000000000       -1324611.70784090     
   1103.00000000000       -1324611.37826213     
   1104.00000000000       -1324611.04822045     
   1105.00000000000       -1324610.71772917     
   1106.00000000000       -1324610.38676976     
   1107.00000000000       -1324610.05534732     
   1108.00000000000       -1324609.72346361     
   1109.00000000000       -1324609.39110236     
   1110.00000000000       -1324609.05826994     
   1111.00000000000       -1324608.72496400     
   1112.00000000000       -1324608.39118007     
   1113.00000000000       -1324608.05690773     
   1114.00000000000       -1324607.72215832     
   1115.00000000000       -1324607.38692035     
   1116.00000000000       -1324607.05117975     
   1117.00000000000       -1324606.71495562     
   1118.00000000000       -1324606.37823386     
   1119.00000000000       -1324606.04100240     
   1120.00000000000       -1324605.70327990     
   1121.00000000000       -1324605.36504541     
   1122.00000000000       -1324605.02629829     
   1123.00000000000       -1324604.68704889     
   1124.00000000000       -1324604.34727801     
   1125.00000000000       -1324604.00698501     
   1126.00000000000       -1324603.66618678     
   1127.00000000000       -1324603.32484285     
   1128.00000000000       -1324602.98299556     
   1129.00000000000       -1324602.64060254     
   1130.00000000000       -1324602.29767571     
   1131.00000000000       -1324601.95422518     
   1132.00000000000       -1324601.61023398     
   1133.00000000000       -1324601.26570037     
   1134.00000000000       -1324600.92062050     
   1135.00000000000       -1324600.57500398     
   1136.00000000000       -1324600.22882264     
   1137.00000000000       -1324599.88210857     
   1138.00000000000       -1324599.53482509     
   1139.00000000000       -1324599.18699374     
   1140.00000000000       -1324598.83860082     
   1141.00000000000       -1324598.48963951     
   1142.00000000000       -1324598.14012531     
   1143.00000000000       -1324597.79004580     
   1144.00000000000       -1324597.43937925     
   1145.00000000000       -1324597.08815099     
   1146.00000000000       -1324596.73635899     
   1147.00000000000       -1324596.38397799     
   1148.00000000000       -1324596.03102030     
   1149.00000000000       -1324595.67747851     
   1150.00000000000       -1324595.32336097     
   1151.00000000000       -1324594.96864552     
   1152.00000000000       -1324594.61335739     
   1153.00000000000       -1324594.25747546     
   1154.00000000000       -1324593.90099843     
   1155.00000000000       -1324593.54393710     
   1156.00000000000       -1324593.18625360     
   1157.00000000000       -1324592.82800041     
   1158.00000000000       -1324592.46913588     
   1159.00000000000       -1324592.10967485     
   1160.00000000000       -1324591.74960575     
   1161.00000000000       -1324591.38893321     
   1162.00000000000       -1324591.02765213     
   1163.00000000000       -1324590.66576767     
   1164.00000000000       -1324590.30327284     
   1165.00000000000       -1324589.94016143     
   1166.00000000000       -1324589.57645298     
   1167.00000000000       -1324589.21210819     
   1168.00000000000       -1324588.84716672     
   1169.00000000000       -1324588.48159924     
   1170.00000000000       -1324588.11542265     
   1171.00000000000       -1324587.74862063     
   1172.00000000000       -1324587.38119975     
   1173.00000000000       -1324587.01315647     
   1174.00000000000       -1324586.64450257     
   1175.00000000000       -1324586.27522414     
   1176.00000000000       -1324585.90531272     
   1177.00000000000       -1324585.53478776     
   1178.00000000000       -1324585.16363723     
   1179.00000000000       -1324584.79186665     
   1180.00000000000       -1324584.41945189     
   1181.00000000000       -1324584.04643663     
   1182.00000000000       -1324583.67278931     
   1183.00000000000       -1324583.29851242     
   1184.00000000000       -1324582.92360488     
   1185.00000000000       -1324582.54808464     
   1186.00000000000       -1324582.17193822     
   1187.00000000000       -1324581.79515571     
   1188.00000000000       -1324581.41775980     
   1189.00000000000       -1324581.03972868     
   1190.00000000000       -1324580.66108924     
   1191.00000000000       -1324580.28180827     
   1192.00000000000       -1324579.90192158     
   1193.00000000000       -1324579.52140064     
   1194.00000000000       -1324579.14027188     
   1195.00000000000       -1324578.75851062     
   1196.00000000000       -1324578.37613441     
   1197.00000000000       -1324577.99314473     
   1198.00000000000       -1324577.60954107     
   1199.00000000000       -1324577.22530845     
   1200.00000000000       -1324576.84047286     
   1201.00000000000       -1324576.45501707     
   1202.00000000000       -1324576.06896072     
   1203.00000000000       -1324575.68229578     
   1204.00000000000       -1324575.29501086     
   1205.00000000000       -1324574.90713097     
   1206.00000000000       -1324574.51865397     
   1207.00000000000       -1324574.12955666     
   1208.00000000000       -1324573.73988098     
   1209.00000000000       -1324573.34960034     
   1210.00000000000       -1324572.95871627     
   1211.00000000000       -1324572.56725786     
   1212.00000000000       -1324572.17520328     
   1213.00000000000       -1324571.78256422     
   1214.00000000000       -1324571.38933063     
   1215.00000000000       -1324570.99553712     
   1216.00000000000       -1324570.60115615     
   1217.00000000000       -1324570.20618927     
   1218.00000000000       -1324569.81067542     
   1219.00000000000       -1324569.41458221     
   1220.00000000000       -1324569.01791858     
   1221.00000000000       -1324568.62069861     
   1222.00000000000       -1324568.22292988     
   1223.00000000000       -1324567.82460122     
   1224.00000000000       -1324567.42572507     
   1225.00000000000       -1324567.02630047     
   1226.00000000000       -1324566.62633735     
   1227.00000000000       -1324566.22583964     
   1228.00000000000       -1324565.82480242     
   1229.00000000000       -1324565.42323678     
   1230.00000000000       -1324565.02115385     
   1231.00000000000       -1324564.61854959     
   1232.00000000000       -1324564.21542168     
   1233.00000000000       -1324563.81178959     
   1234.00000000000       -1324563.40765907     
   1235.00000000000       -1324563.00300972     
   1236.00000000000       -1324562.59787775     
   1237.00000000000       -1324562.19224795     
   1238.00000000000       -1324561.78614510     
   1239.00000000000       -1324561.37954303     
   1240.00000000000       -1324560.97247232     
   1241.00000000000       -1324560.56494026     
   1242.00000000000       -1324560.15692062     
   1243.00000000000       -1324559.74847099     
   1244.00000000000       -1324559.33954345     
   1245.00000000000       -1324558.93017918     
   1246.00000000000       -1324558.52036554     
   1247.00000000000       -1324558.11011772     
   1248.00000000000       -1324557.69944541     
   1249.00000000000       -1324557.28832783     
   1250.00000000000       -1324556.87681598     
   1251.00000000000       -1324556.46487280     
   1252.00000000000       -1324556.05253191     
   1253.00000000000       -1324555.63978153     
   1254.00000000000       -1324555.22664255     
   1255.00000000000       -1324554.81309940     
   1256.00000000000       -1324554.39919462     
   1257.00000000000       -1324553.98489774     
   1258.00000000000       -1324553.57023677     
   1259.00000000000       -1324553.15520784     
   1260.00000000000       -1324552.73982086     
   1261.00000000000       -1324552.32408722     
   1262.00000000000       -1324551.90800690     
   1263.00000000000       -1324551.49158281     
   1264.00000000000       -1324551.07482933     
   1265.00000000000       -1324550.65775118     
   1266.00000000000       -1324550.24035691     
   1267.00000000000       -1324549.82264182     
   1268.00000000000       -1324549.40462510     
   1269.00000000000       -1324548.98630768     
   1270.00000000000       -1324548.56770497     
   1271.00000000000       -1324548.14880670     
   1272.00000000000       -1324547.72963008     
   1273.00000000000       -1324547.31017785     
   1274.00000000000       -1324546.89047026     
   1275.00000000000       -1324546.47049111     
   1276.00000000000       -1324546.05026987     
   1277.00000000000       -1324545.62978798     
   1278.00000000000       -1324545.20907200     
   1279.00000000000       -1324544.78812922     
   1280.00000000000       -1324544.36695682     
   1281.00000000000       -1324543.94555883     
   1282.00000000000       -1324543.52395988     
   1283.00000000000       -1324543.10212674     
   1284.00000000000       -1324542.68012824     
   1285.00000000000       -1324542.25790427     
   1286.00000000000       -1324541.83551483     
   1287.00000000000       -1324541.41293111     
   1288.00000000000       -1324540.99018420     
   1289.00000000000       -1324540.56726265     
   1290.00000000000       -1324540.14417602     
   1291.00000000000       -1324539.72094047     
   1292.00000000000       -1324539.29754695     
   1293.00000000000       -1324538.87402072     
   1294.00000000000       -1324538.45034820     
   1295.00000000000       -1324538.02655561     
   1296.00000000000       -1324537.60263330     
   1297.00000000000       -1324537.17859034     
   1298.00000000000       -1324536.75443489     
   1299.00000000000       -1324536.33017787     
   1300.00000000000       -1324535.90581568     
   1301.00000000000       -1324535.48136442     
   1302.00000000000       -1324535.05682171     
   1303.00000000000       -1324534.63219551     
   1304.00000000000       -1324534.20749527     
   1305.00000000000       -1324533.78271776     
   1306.00000000000       -1324533.35788339     
   1307.00000000000       -1324532.93297770     
   1308.00000000000       -1324532.50802844     
   1309.00000000000       -1324532.08302570     
   1310.00000000000       -1324531.65797752     
   1311.00000000000       -1324531.23289468     
   1312.00000000000       -1324530.80777795     
   1313.00000000000       -1324530.38262806     
   1314.00000000000       -1324529.95746136     
   1315.00000000000       -1324529.53227648     
   1316.00000000000       -1324529.10707787     
   1317.00000000000       -1324528.68186906     
   1318.00000000000       -1324528.25664991     
   1319.00000000000       -1324527.83145741     
   1320.00000000000       -1324527.40624911     
   1321.00000000000       -1324526.98105590     
   1322.00000000000       -1324526.55587858     
   1323.00000000000       -1324526.13073400     
   1324.00000000000       -1324525.70560204     
   1325.00000000000       -1324525.28050016     
   1326.00000000000       -1324524.85542674     
   1327.00000000000       -1324524.43039713     
   1328.00000000000       -1324524.00541064     
   1329.00000000000       -1324523.58046750     
   1330.00000000000       -1324523.15557693     
   1331.00000000000       -1324522.73072617     
   1332.00000000000       -1324522.30595792     
   1333.00000000000       -1324521.88122904     
   1334.00000000000       -1324521.45657080     
   1335.00000000000       -1324521.03198255     
   1336.00000000000       -1324520.60746517     
   1337.00000000000       -1324520.18302298     
   1338.00000000000       -1324519.75865968     
   1339.00000000000       -1324519.33437836     
   1340.00000000000       -1324518.91017682     
   1341.00000000000       -1324518.48607685     
   1342.00000000000       -1324518.06205504     
   1343.00000000000       -1324517.63813135     
   1344.00000000000       -1324517.21430640     
   1345.00000000000       -1324516.79058332     
   1346.00000000000       -1324516.36695269     
   1347.00000000000       -1324515.94342767     
   1348.00000000000       -1324515.52003239     
   1349.00000000000       -1324515.09671919     
   1350.00000000000       -1324514.67354080     
   1351.00000000000       -1324514.25046235     
   1352.00000000000       -1324513.82751308     
   1353.00000000000       -1324513.40466785     
   1354.00000000000       -1324512.98196444     
   1355.00000000000       -1324512.55936411     
   1356.00000000000       -1324512.13690975     
   1357.00000000000       -1324511.71456668     
   1358.00000000000       -1324511.29237217     
