   15.0264011946852       -576.657081003083     
   15.0264011946852       -576.657081003083     
   15.0264011946852       -576.657081003083     
   15.0264011947332       -576.657081004880     
   15.0264011946852       -576.657081003083     
   15.0264011951663       -576.657081021098     
   15.0264011972792       -576.657081100209     
   15.0264012043405       -576.657081364618     
   15.0264012227392       -576.657082053556     
   15.0264012631381       -576.657083566290     
   15.0264013408638       -576.657086476713     
   15.0264014763882       -576.657091551406     
   15.0264016943402       -576.657099712593     
   15.0264020237148       -576.657112045978     
   15.0264038958016       -576.657182146064     
   15.0264045506911       -576.657206668355     
   15.0264069597220       -576.657296874422     
   15.0264092496746       -576.657382621739     
   15.0264121740842       -576.657492126491     
   15.0264158398388       -576.657629391266     
   15.0264203604854       -576.657798668053     
   15.0264258561340       -576.658004454708     
   15.0264324523921       -576.658251455072     
   15.0264402792516       -576.658544537320     
   15.0264494695079       -576.658888674807     
   15.0264601582962       -576.659288928764     
   15.0264724825153       -576.659750426741     
   15.0264865792415       -576.660278303283     
   15.0265025846813       -576.660877660772     
   15.0265206341795       -576.661553569786     
   15.0265408623956       -576.662311075768     
   15.0265634008610       -576.663155107606     
   15.0265883795720       -576.664090537357     
   15.0266159251876       -576.665122112845     
   15.0266461617580       -576.666254484968     
   15.0266792101417       -576.667492185992     
   15.0267151873383       -576.668839604583     
   15.0267542071001       -576.670301008799     
   15.0267963794280       -576.671880527287     
   15.0268418110362       -576.673582166735     
   15.0268906037684       -576.675409752632     
   15.0269428559296       -576.677366979187     
   15.0269986618733       -576.679457393944     
   15.0270581116165       -576.681684383417     
   15.0271212908624       -576.684051173957     
   15.0271882814452       -576.686560848528     
   15.0272591605563       -576.689216317671     
   15.0273340016027       -576.692020351777     
   15.0274128727764       -576.694975527491     
   15.0274958390578       -576.698084302789     
   15.0275829601148       -576.701348938299     
   15.0276742921898       -576.704771568020     
   15.0277698865017       -576.708354139453     
   15.0278697910554       -576.712098481428     
   15.0279740488330       -576.716006236282     
   15.0280826987932       -576.720078897350     
   15.0281957767558       -576.724317842090     
   15.0283133138009       -576.728724272078     
   15.0284353371670       -576.733299246618     
   15.0285618714476       -576.738043727637     
   15.0286929356872       -576.742958470717     
   15.0288285472151       -576.748044168846     
   15.0289687193387       -576.753301365883     
   15.0291134619955       -576.758730480979     
   15.0292627813230       -576.764331792350     
   15.0294166823231       -576.770105537231     
   15.0295751645914       -576.776051751585     
   15.0297382271385       -576.782170450948     
   15.0299058647951       -576.788461495475     
   15.0300780707372       -576.794924684647     
   15.0302548349406       -576.801559699212     
   15.0304361461319       -576.808366174344     
   15.0306219905337       -576.815343652514     
   15.0308123511007       -576.822491554700     
   15.0310072102914       -576.829809284416     
   15.0312065486922       -576.837296176000     
   15.0314103433205       -576.844951430761     
   15.0316185735809       -576.852774340725     
   15.0318312124505       -576.860763957360     
   15.0320482358019       -576.868919441844     
   15.0322696146137       -576.877239772257     
   15.0324953208944       -576.885723966159     
   15.0327253275229       -576.894371074581     
   15.0329596006324       -576.903179895609     
   15.0331981101634       -576.912149371088     
   15.0334408244417       -576.921278382721     
   15.0336877087648       -576.930565698804     
   15.0339387313299       -576.940010197184     
   15.0341938558917       -576.949610588985     
   15.0344530488623       -576.959365685667     
   15.0347162743996       -576.969274214178     
   15.0349834968392       -576.979334908436     
   15.0352546795118       -576.989546464720     
   15.0355297867322       -576.999907616570     
   15.0358087809688       -577.010417028116     
   15.0360916279539       -577.021073486540     
   15.0363782854367       -577.031875478307     
   15.0366687211953       -577.042821867784     
   15.0369628953276       -577.053911229916     
   15.0372607723799       -577.065142307238     
   15.0375623135366       -577.076513715474     
   15.0378674815726       -577.088024130175     
   15.0381762401454       -577.099672260039     
   15.0384885515871       -577.111456763578     
   15.0388043808632       -577.123376398471     
   15.0391236887593       -577.135429764432     
   15.0394464391390       -577.147615577043     
   15.0397725979533       -577.159932630449     
   15.0401021251632       -577.172379492258     
   15.0404349873982       -577.184954981607     
   15.0407711505330       -577.197657888813     
   15.0411105761309       -577.210486840886     
   15.0414532292928       -577.223440598103     
   15.0417990772873       -577.236518002293     
   15.0421480859978       -577.249717842522     
   15.0425002173746       -577.263038758618     
   15.0428554400631       -577.276479643173     
   15.0432137222196       -577.290039369866     
   15.0435750281507       -577.303716666182     
   15.0439393262815       -577.317510414992     
   15.0443065837111       -577.331419448441     
   15.0446767707436       -577.345442719583     
   15.0450498525761       -577.359578987467     
   15.0454257990248       -577.373827185573     
   15.0458045796618       -577.388186237600     
   15.0461861636620       -577.402655051665     
   15.0465705213375       -577.417232578413     
   15.0469576218900       -577.431917725833     
   15.0473474371112       -577.446709499553     
   15.0477399385400       -577.461606895078     
   15.0481350970535       -577.476608882225     
   15.0485328824764       -577.491714390209     
   15.0489332707813       -577.506922581138     
   15.0493362325120       -577.522232410371     
   15.0497417398868       -577.537642896237     
   15.0501497684586       -577.553153183209     
   15.0505602896760       -577.568762259165     
   15.0509732809649       -577.584469338643     
   15.0513887134628       -577.600273396452     
   15.0518065633435       -577.616173598348     
   15.0522268079170       -577.632169152763     
   15.0526494193029       -577.648259069982     
   15.0530743752441       -577.664442573714     
   15.0535016536291       -577.680718892720     
   15.0539312273767       -577.697087065775     
   15.0543630778638       -577.713546453379     
   15.0547971810214       -577.730096207932     
   15.0552335137622       -577.746735518613     
   15.0556720560913       -577.763463691979     
   15.0561127842288       -577.780279889619     
   15.0565556788506       -577.797183442526     
   15.0570007163685       -577.814173518404     
   15.0574478815380       -577.831249602888     
   15.0578971483597       -577.848410770443     
   15.0583485040799       -577.865656600854     
   15.0588019204900       -577.882986082899     
   15.0592573820531       -577.900398688926     
   15.0597148741772       -577.917893927028     
   15.0601743735306       -577.935470970573     
   15.0606358622536       -577.953129201589     
   15.0610993244829       -577.970868077995     
   15.0615647395661       -577.988686873887     
   15.0620320935671       -578.006585119951     
   15.0625013668159       -578.024562126811     
   15.0629725422138       -578.042617302999     
   15.0634456069123       -578.060750219454     
   15.0639205395848       -578.078960121660     
   15.0643973273042       -578.097246576559     
   15.0648759515136       -578.115608934702     
   15.0653564024091       -578.134046881994     
   15.0658386578379       -578.152559629969     
   15.0663227081457       -578.171146869379     
   15.0668085343057       -578.189807930670     
   15.0672961257504       -578.208542468696     
   15.0677854672080       -578.227349957182     
   15.0682765435617       -578.246229875305     
   15.0687693406275       -578.265181737621     
   15.0692638448374       -578.284205081876     
   15.0697600446921       -578.303299525029     
   15.0702579274782       -578.322464636905     
   15.0707574788266       -578.341699923167     
   15.0712586839783       -578.361004873943     
   15.0717615325540       -578.380379147602     
   15.0722660140415       -578.399822397078     
   15.0727721146412       -578.419334148199     
   15.0732798210644       -578.438913946004     
   15.0737891255569       -578.458561548614     
   15.0743000143845       -578.478276483111     
   15.0748124737777       -578.498058274705     
   15.0753264954780       -578.517906660953     
   15.0758420700800       -578.537821334823     
   15.0763591833664       -578.557801803039     
   15.0768778275052       -578.577847818615     
   15.0773979898626       -578.597958948638     
   15.0779196640652       -578.618135001867     
   15.0784428340455       -578.638375411800     
   15.0789674944151       -578.658680024622     
   15.0794936352445       -578.679048510567     
   15.0800212477826       -578.699480585135     
   15.0805503174973       -578.719975739557     
   15.0810808420562       -578.740533937289     
   15.0816128066797       -578.761154659212     
   15.0821462077004       -578.781837816565     
   15.0826810325460       -578.802582975048     
   15.0832172735193       -578.823389889050     
   15.0837549210001       -578.844258238038     
   15.0842939702679       -578.865187891373     
   15.0848344090053       -578.886178423199     
   15.0853762328369       -578.907229715751     
   15.0859194318786       -578.928341437033     
   15.0864639968843       -578.949513279458     
   15.0870099259117       -578.970745219187     
   15.0875572010681       -578.992036611726     
   15.0881058278298       -579.013387721403     
   15.0886557900721       -579.034797971854     
   15.0892070831020       -579.056267231237     
   15.0897596997293       -579.077795270288     
   15.0903136337022       -579.099381896041     
   15.0908688786685       -579.121026911394     
   15.0914254258311       -579.142730023654     
   15.0919832683406       -579.164491015756     
   15.0925424032731       -579.186309823584     
   15.0931028241780       -579.208186245283     
   15.0936645189737       -579.230119858810     
   15.0942274885357       -579.252110747828     
   15.0947917221825       -579.274158544431     
   15.0953572181921       -579.296263230564     
   15.0959239645667       -579.318424386252     
   15.0964919602006       -579.340642017116     
   15.0970611995561       -579.362915955346     
   15.0976316754361       -579.385245967987     
   15.0982033842873       -579.407631964459     
   15.0987763185728       -579.430073698029     
   15.0993504719321       -579.452570967744     
   15.0999258445128       -579.475123827535     
   15.1005024293782       -579.497732053595     
   15.1010802146656       -579.520395228581     
   15.1016592055869       -579.543113604668     
   15.1022393928703       -579.565886865785     
   15.1028207673988       -579.588714701542     
   15.1034033319978       -579.611597270265     
   15.1039870784408       -579.634534296198     
   15.1045720025460       -579.657525662216     
   15.1051580998082       -579.680571238343     
   15.1057453676323       -579.703670969549     
   15.1063337983500       -579.726824601097     
   15.1069233892165       -579.750032071741     
   15.1075141377593       -579.773293330873     
   15.1081060399338       -579.796608265882     
   15.1086990888236       -579.819976650837     
   15.1092932813589       -579.843398411154     
   15.1098886206850       -579.866873717245     
   15.1104850914610       -579.890402010453     
   15.1110826980700       -579.913983509763     
   15.1116814307793       -579.937617877200     
   15.1122812926026       -579.961305277702     
   15.1128822758826       -579.985045454869     
   15.1134843793101       -580.008838402809     
   15.1140875957140       -580.032683883888     
   15.1146919303105       -580.056582150053     
   15.1152973701631       -580.080532735396     
   15.1159039154113       -580.104535690891     
   15.1165115657352       -580.128591049393     
   15.1171203137790       -580.152698565133     
   15.1177301607228       -580.176858330189     
   15.1183411015050       -580.201070189374     
   15.1189531325228       -580.225334045135     
   15.1195662513605       -580.249649846832     
   15.1201804553841       -580.274017535128     
   15.1207957445405       -580.298437153007     
   15.1214121086995       -580.322908343383     
   15.1220295514687       -580.347431294362     
   15.1226480691616       -580.372005904457     
   15.1232676627961       -580.396632259057     
   15.1238883200273       -580.421309912243     
   15.1245100441696       -580.446039040417     
   15.1251328343988       -580.470819655533     
   15.1257566910791       -580.495651816862     
   15.1263816040528       -580.520535164716     
   15.1270075756327       -580.545469835692     
   15.1276346007081       -580.570455670728     
   15.1282626802010       -580.595492751043     
   15.1288918127315       -580.620581066167     
   15.1295219912658       -580.645720379995     
   15.1301532165423       -580.670910766297     
   15.1307854912945       -580.696152378627     
   15.1314188048614       -580.721444835697     
   15.1320531612567       -580.746788342043     
   15.1326885544116       -580.772182699468     
   15.1333249856735       -580.797628006010     
   15.1339624521001       -580.823124188271     
   15.1346009562207       -580.848671391668     
   15.1352404903106       -580.874269351341     
   15.1358810528966       -580.899918052390     
   15.1365226429879       -580.925617499179     
   15.1371652608540       -580.951367746609     
   15.1378089080041       -580.977168899339     
   15.1384535775026       -581.003020723467     
   15.1390992658964       -581.028923124457     
   15.1397459778905       -581.054876335074     
   15.1403937126705       -581.080880366797     
   15.1410424571983       -581.106934740092     
   15.1416922234891       -581.133039981436     
   15.1423430038821       -581.159195827120     
   15.1429948008579       -581.185402420851     
   15.1436476070499       -581.211659510409     
   15.1443014259173       -581.237967278823     
   15.1449562541287       -581.264325636039     
   15.1456120933141       -581.290734691633     
   15.1462689374695       -581.317194247764     
   15.1469267910940       -581.343704529634     
   15.1475856509928       -581.370265452508     
   15.1482455095026       -581.396876751300     
   15.1489063806750       -581.423539036699     
   15.1495682464329       -581.450251623384     
   15.1502311171679       -581.477014974611     
   15.1508949852114       -581.503828824716     
   15.1515598599766       -581.530693597982     
   15.1522257237933       -581.557608624309     
   15.1528925894531       -581.584574464625     
   15.1535604548529       -581.611591078010     
   15.1542293133901       -581.638658241372     
   15.1548991698088       -581.665776190683     
   15.1555700170557       -581.692944684408     
   15.1562418608189       -581.720163996892     
   15.1569146975707       -581.747434029327     
   15.1575885270856       -581.774754816623     
   15.1582633488106       -581.802126380459     
   15.1589391545954       -581.829548434180     
   15.1596159590119       -581.857021613196     
   15.1602937471163       -581.884545355075     
   15.1609725327293       -581.912120265239     
   15.1616523007982       -581.939745776377     
   15.1623330538615       -581.967422035639     
   15.1630148033033       -581.995149550174     
   15.1636975347205       -582.022927778482     
   15.1643812508951       -582.050756877856     
   15.1650659562875       -582.078637074126     
   15.1657516471590       -582.106568259420     
   15.1664383249488       -582.134550536710     
   15.1671259848026       -582.162583752495     
   15.1678146300828       -582.190668088177     
   15.1685042601381       -582.218803561627     
   15.1691948747714       -582.246990209249     
   15.1698864687757       -582.275227862894     
   15.1705790510123       -582.303516928892     
   15.1712726172676       -582.331857279787     
   15.1719671626173       -582.360248758851     
   15.1726626957734       -582.388691766835     
   15.1733592050847       -582.417185871869     
   15.1740567001010       -582.445731509215     
   15.1747551729120       -582.474328399829     
   15.1754546301725       -582.502976860844     
   15.1761550718149       -582.531676934384     
   15.1768564936092       -582.560428491957     
   15.1775588946860       -582.589231542675     
   15.1782622801829       -582.618086342110     
   15.1789666497321       -582.646992920232     
   15.1796719943857       -582.675950954705     
   15.1803783257921       -582.704960968735     
   15.1810856339699       -582.734022597429     
   15.1817939253219       -582.763136148897     
   15.1825031969295       -582.792301548328     
   15.1832134530012       -582.821519013989     
   15.1839246886713       -582.850788390970     
   15.1846369096547       -582.880109959799     
   15.1853501043727       -582.909483288971     
   15.1860642870665       -582.938909010358     
   15.1867794445335       -582.968386625373     
   15.1874955932605       -582.997916859094     
   15.1882127201582       -583.027499217424     
   15.1889308294865       -583.057133921553     
   15.1896499220219       -583.086821049157     
   15.1903699971349       -583.116560619936     
   15.1910910547174       -583.146352675118     
   15.1918130960145       -583.176197311921     
   15.1925361192596       -583.206094503126     
   15.1932601260993       -583.236044362668     
   15.1939851215012       -583.266047142075     
   15.1947110925245       -583.296102351724     
   15.1954380553233       -583.326210706389     
   15.1961660018816       -583.356371920338     
   15.1968949314882       -583.386586010194     
   15.1976248476562       -583.416853167761     
   15.1983557506316       -583.447173449575     
   15.1990876362040       -583.477546727234     
   15.1998205152146       -583.507973497151     
   15.2005543755816       -583.538453304194     
   15.2012892260007       -583.568986555998     
   15.2020250617978       -583.599573104926     
   15.2027618864530       -583.630213142242     
   15.2034997023649       -583.660906814475     
   15.2042385058482       -583.691654015129     
   15.2049782995994       -583.722454903225     
   15.2057190826696       -583.753309486176     
   15.2064608553731       -583.784217823984     
   15.2072036193940       -583.815180033849     
   15.2079473777635       -583.846196289316     
   15.2086921253772       -583.877266424672     
   15.2094378686512       -583.908390754856     
   15.2101845999312       -583.939569007642     
   15.2109323352344       -583.970801899311     
   15.2116810556439       -584.002088687183     
   15.2124307721436       -584.033429877549     
   15.2131814852682       -584.064825540416     
   15.2139331993049       -584.096275902899     
   15.2146859027567       -584.127780531631     
   15.2154396105604       -584.159340099624     
   15.2161943120213       -584.190954206995     
   15.2169500118787       -584.222623100130     
   15.2177067132795       -584.254346958951     
   15.2184644157400       -584.286125811399     
   15.2192231209116       -584.317959774991     
   15.2199828232803       -584.349848666567     
   15.2207435323032       -584.381792931450     
   15.2215052411727       -584.413792332209     
   15.2222679503212       -584.445846935352     
   15.2230316679598       -584.477957134564     
   15.2237963933482       -584.510122947548     
   15.2245621251812       -584.542344368227     
   15.2253288548168       -584.574621081549     
   15.2260965971655       -584.606953764000     
   15.2268653537649       -584.639342529612     
   15.2276351096020       -584.671786794828     
   15.2284058846354       -584.704287450011     
   15.2291776685644       -584.736844110252     
   15.2299504603368       -584.769456780334     
   15.2307242663042       -584.802125777656     
   15.2314990879914       -584.834851216183     
   15.2322749181572       -584.867632839570     
   15.2330517715619       -584.900471321216     
   15.2338296357262       -584.933366183424     
   15.2346085179441       -584.966317784409     
   15.2353884170639       -584.999326125358     
   15.2361693365474       -585.032391402834     
   15.2369512728351       -585.065513516194     
   15.2377342373694       -585.098693000451     
   15.2385182163113       -585.131929319465     
   15.2393032184279       -585.165222895106     
   15.2400892424672       -585.198573724738     
   15.2408762970296       -585.231982223944     
   15.2416643753883       -585.265448157974     
   15.2424534801839       -585.298971689663     
   15.2432436108815       -585.332552847089     
   15.2440347650741       -585.366191578738     
   15.2448269589459       -585.399888623895     
   15.2456201783746       -585.433643433124     
   15.2464144276998       -585.467456242146     
   15.2472097112231       -585.501327285423     
   15.2480060315801       -585.535256726733     
   15.2488033815120       -585.569244308277     
   15.2496017695513       -585.603290445299     
   15.2504011954780       -585.637395180231     
   15.2512016581159       -585.671558514685     
   15.2520031607461       -585.705780640630     
   15.2528057021857       -585.740061559543     
   15.2536092851103       -585.774401437822     
   15.2544139110066       -585.808800391220     
   15.2552195768294       -585.843258341807     
   15.2560262900310       -585.877775660694     
   15.2568340495447       -585.912352354873     
   15.2576428614839       -585.946988738819     
   15.2584527110879       -585.981684233011     
   15.2592636151371       -586.016439609077     
   15.2600755756730       -586.051255007733     
   15.2608885815248       -586.086130003052     
   15.2617026430215       -586.121065091167     
   15.2625177547138       -586.156060091464     
   15.2633339192426       -586.191115170514     
   15.2641511425625       -586.226230637560     
   15.2649694273379       -586.261406660822     
   15.2657887711938       -586.296643192029     
   15.2666091751749       -586.331940329910     
   15.2674306333072       -586.367297871144     
   15.2682531630376       -586.402716620756     
   15.2690767557736       -586.438196263112     
   15.2699014112249       -586.473736839867     
   15.2707271336196       -586.509338587519     
   15.2715539240065       -586.545001605795     
   15.2723817868984       -586.580726144035     
   15.2732107106300       -586.616511753375     
   15.2740407086480       -586.652359068939     
   15.2748717931558       -586.688268673177     
   15.2757039383174       -586.724239504787     
   15.2765371648725       -586.760272515214     
   15.2773714632891       -586.796367347539     
   15.2782068495414       -586.832524748374     
   15.2790433060711       -586.868744013267     
   15.2798808457175       -586.905025753578     
   15.2807194757507       -586.941370340301     
   15.2815591857650       -586.977777378408     
   15.2823999759990       -587.014246933999     
   15.2832418604839       -587.050779671859     
   15.2840848251012       -587.087375035542     
   15.2849288888804       -587.124033907563     
   15.2857740342045       -587.160755579280     
   15.2866202740512       -587.197540670953     
   15.2874676134526       -587.234389458270     
   15.2883160463246       -587.271301733592     
   15.2891655693145       -587.308277407785     
   15.2900161954653       -587.345317105599     
   15.2908679271703       -587.382420988764     
   15.2917207563169       -587.419588761266     
   15.2925746792102       -587.456820319210     
   15.2934297124995       -587.494116446018     
   15.2942858599390       -587.531477363587     
   15.2951431045045       -587.568902386825     
   15.2960014555319       -587.606391980946     
   15.2968609158836       -587.643946328986     
   15.2977215010400       -587.681566165949     
   15.2985831869903       -587.719250500610     
   15.2994459957010       -587.757000352023     
   15.3003099213094       -587.794815522528     
   15.3011749582175       -587.832695825706     
   15.3020411169579       -587.870641781548     
   15.3029083954099       -587.908653356208     
   15.3037767993672       -587.946730862815     
   15.3046463253613       -587.984874208603     
   15.3055169794556       -588.023083719003     
   15.3063887608139       -588.061359416919     
   15.3072616754009       -588.099701624069     
   15.3081357112849       -588.138109876047     
   15.3090108824196       -588.176584845816     
   15.3098871845296       -588.215126405536     
   15.3107646215784       -588.253734789680     
   15.3116431989462       -588.292410295457     
   15.3125229188933       -588.331153083065     
   15.3134037722510       -588.369962809305     
   15.3142857719770       -588.408840105818     
   15.3151689152116       -588.447784907592     
   15.3160532000186       -588.486797190231     
   15.3169386319290       -588.525877258857     
   15.3178252200320       -588.565025576198     
   15.3187129552372       -588.604241802521     
   15.3196018376101       -588.643526002117     
   15.3204918789977       -588.682878760359     
   15.3213830687442       -588.722299667992     
   15.3222754262952       -588.761789647338     
   15.3231689363654       -588.801348084344     
   15.3240636073656       -588.840975413557     
   15.3249594430886       -588.880671865569     
   15.3258564401716       -588.920437354005     
   15.3267546032095       -588.960272145305     
   15.3276539385905       -589.000176585894     
   15.3285544411506       -589.040150509816     
   15.3294561015464       -589.080193565114     
   15.3303589548783       -589.120307374200     
   15.3312629740056       -589.160490795090     
   15.3321681676526       -589.200744278976     
   15.3330745506826       -589.241068550924     
   15.3339821030221       -589.281462781910     
   15.3348908439272       -589.321927893037     
   15.3358007552312       -589.362463139467     
   15.3367118633379       -589.403069761869     
   15.3376241591842       -589.443747421272     
   15.3385376414084       -589.484496121662     
   15.3394523214094       -589.525316436564     
   15.3403681864159       -589.566207861069     
   15.3412852484769       -589.607170998202     
   15.3422035065639       -589.648205867481     
   15.3431229591745       -589.689312467184     
   15.3440436232694       -589.730491621503     
   15.3449654924985       -589.771743112706     
   15.3458885501507       -589.813066258648     
   15.3468128178928       -589.854462095147     
   15.3477382986235       -589.895930818642     
   15.3486649917427       -589.937472468988     
   15.3495928878118       -589.979086689542     
   15.3505220040763       -590.020774320503     
   15.3514523366545       -590.062535254918     
   15.3523838861210       -590.104369585726     
   15.3533166587531       -590.146277662265     
   15.3542506436485       -590.188259062004     
   15.3551858562015       -590.230314544395     
   15.3561222997507       -590.272444327715     
   15.3570599560503       -590.314647658779     
   15.3579988587243       -590.356926119210     
   15.3589389853306       -590.399278767080     
   15.3598803509059       -590.441706348196     
   15.3608229398687       -590.484208228769     
   15.3617667809018       -590.526785771028     
   15.3627118517165       -590.569438038656     
   15.3636581713998       -590.612165962168     
   15.3646057326494       -590.654969281379     
   15.3655545390090       -590.697848225787     
   15.3665045860609       -590.740802665197     
   15.3674558930447       -590.783833539470     
   15.3684084413972       -590.826940078943     
   15.3693622536434       -590.870123373155     
   15.3703173197540       -590.913383038675     
   15.3712736311451       -590.956718756795     
   15.3722312199096       -591.000132052701     
   15.3731900606402       -591.043621845638     
   15.3741501714601       -591.087189028593     
   15.3751115479472       -591.130833472314     
   15.3760741909722       -591.174555287686     
   15.3770381101936       -591.218354985132     
   15.3780032912195       -591.262231982328     
   15.3789697595639       -591.306187511171     
   15.3799374954083       -591.350220742555     
   15.3809065180059       -591.394332624815     
   15.3818768117446       -591.438522519715     
   15.3828483916747       -591.482791185143     
   15.3838212698625       -591.527139244285     
   15.3847954160879       -591.571565392398     
   15.3857708686448       -591.616071449080     
   15.3867476093541       -591.660656658692     
   15.3877256394445       -591.705321150679     
   15.3887049715599       -591.750065576303     
   15.3896855942858       -591.794889487974     
   15.3906675287796       -591.839793927062     
   15.3916507581705       -591.884778196509     
   15.3926352911083       -591.929842766320     
   15.3936211413174       -591.974988339698     
   15.3946082971848       -592.020214459964     
   15.3955967672660       -592.065521594155     
   15.3965865493913       -592.110909718154     
   15.3975776537399       -592.156379374366     
   15.3985700708105       -592.201930202591     
   15.3995638181791       -592.247563085555     
   15.4005588681703       -592.293276828146     
   15.4015552566496       -592.339073154093     
   15.4025529810654       -592.384952023272     
   15.4035520173440       -592.430912405060     
   15.4045524056744       -592.476956225240     
   15.4055541153066       -592.523082145792     
   15.4065571728610       -592.569291469688     
   15.4075615673189       -592.615583767052     
   15.4085672996902       -592.661959161902     
   15.4095743888586       -592.708418603135     
   15.4105828089483       -592.754960975006     
   15.4115925865398       -592.801587582369     
   15.4126037048311       -592.848297727789     
   15.4136161874986       -592.895092583738     
   15.4146300239832       -592.941971741337     
   15.4156452189773       -592.988935496589     
   15.4166617715572       -593.035983885966     
   15.4176796894606       -593.083117347029     
   15.4186989833727       -593.130336454666     
   15.4197196366397       -593.177640517344     
   15.4207416556816       -593.225029912297     
   15.4217650608700       -593.272505664740     
   15.4227898317050       -593.320066904322     
   15.4238159745751       -593.367714007789     
   15.4248435108493       -593.415448048574     
   15.4258724346245       -593.463268834214     
   15.4269027313606       -593.511175770051     
   15.4279344113338       -593.559169414981     
   15.4289674944724       -593.607250778132     
   15.4300019632234       -593.655419124800     
   15.4310378355855       -593.703675375338     
   15.4320750942803       -593.752018807179     
   15.4331137667796       -593.800450783456     
   15.4341538293466       -593.848970280262     
   15.4351953015847       -593.897578294938     
   15.4362381793859       -593.946274719157     
   15.4372824737296       -593.995060149267     
   15.4383281782631       -594.043934372356     
   15.4393752981503       -594.092897713679     
   15.4404238365769       -594.141950406407     
   15.4414737894191       -594.191092341884     
   15.4425251739912       -594.240324415179     
   15.4435779842014       -594.289646426212     
   15.4446322101423       -594.339057995508     
   15.4456878766461       -594.388560372179     
   15.4467449775764       -594.438153354353     
   15.4478035234374       -594.487837520930     
   15.4488634962847       -594.537612115557     
   15.4499249171047       -594.587478209785     
   15.4509877706881       -594.637435175351     
   15.4520520757799       -594.687483979797     
   15.4531178455068       -594.737625327984     
   15.4541850460373       -594.787857715190     
   15.4552537170979       -594.838183098498     
   15.4563238359842       -594.888600496542     
   15.4573954118541       -594.939110428219     
   15.4584684631099       -594.989713849311     
   15.4595429706523       -595.040409947564     
   15.4606189524140       -595.091199657501     
   15.4616963960788       -595.142082486429     
   15.4627753187674       -595.193059331788     
   15.4638557181017       -595.244130170660     
   15.4649375907502       -595.295294934862     
   15.4660209541327       -595.346554538075     
   15.4671057990724       -595.397908636274     
   15.4681921250644       -595.449357295434     
   15.4692799338741       -595.500900689174     
   15.4703692643690       -595.552540750563     
   15.4714600749406       -595.604275598518     
   15.4725523686424       -595.656105467995     
   15.4736461752883       -595.708031864990     
   15.4747415010598       -595.760055175520     
   15.4758383251648       -595.812174504201     
   15.4769366369067       -595.864389433860     
   15.4780364884085       -595.916702535073     
   15.4791378372190       -595.969111881670     
   15.4802407135611       -596.021619004474     
   15.4813451104332       -596.074223663571     
   15.4824510212953       -596.126925640525     
   15.4835584769765       -596.179726498423     
   15.4846674599670       -596.232625496879     
   15.4857779693007       -596.285622683696     
   15.4868899918989       -596.338717528139     
   15.4880035834716       -596.391912785111     
   15.4891187036094       -596.445206619865     
   15.4902353711717       -596.498600028557     
   15.4913535722528       -596.552092441390     
   15.4924733433328       -596.605685699411     
   15.4935946402843       -596.659377786356     
   15.4947175221904       -596.713171627631     
   15.4958419528073       -596.767065584037     
   15.4969679454515       -596.821060390241     
   15.4980954954218       -596.875155917543     
   15.4992246199127       -596.929353088108     
   15.5003553108357       -596.983651611303     
   15.5014875790725       -597.038052107451     
   15.5026214111762       -597.092554028222     
   15.5037568412898       -597.147159113341     
   15.5048938576124       -597.201866894608     
   15.5060324198568       -597.256675531189     
   15.5071726168058       -597.311589396271     
   15.5083143727753       -597.366604944640     
   15.5094577352135       -597.421724561482     
   15.5106027023733       -597.476948263153     
   15.5117492666625       -597.532275783778     
   15.5128974285237       -597.587707244817     
   15.5140471999919       -597.643243327893     
   15.5151985784844       -597.698884009267     
   15.5163515803149       -597.754630178824     
   15.5175061809643       -597.810480752407     
   15.5186624175380       -597.866437626664     
   15.5198202724769       -597.922500054385     
   15.5209797433818       -597.978668021286     
   15.5221408549433       -598.034942826209     
   15.5233035894111       -598.091323711895     
   15.5244679725364       -598.147812030416     
   15.5256339692413       -598.204406183140     
   15.5268016201167       -598.261108243609     
   15.5279709125751       -598.317917704968     
   15.5291418453022       -598.374834607359     
   15.5303144419525       -598.431860205426     
   15.5314886997105       -598.488994467880     
   15.5326645977777       -598.546236487608     
   15.5338421556982       -598.603587320889     
   15.5350213843136       -598.661047601741     
   15.5362022786902       -598.718617196042     
   15.5373848445175       -598.776296487526     
   15.5385690891414       -598.834085941387     
   15.5397550038766       -598.891985240691     
   15.5409425909377       -598.949994600287     
   15.5421318651060       -599.008114849585     
   15.5433228317028       -599.066346356823     
   15.5445154843210       -599.124688916920     
   15.5457098233074       -599.183142654885     
   15.5469058693195       -599.241708690588     
   15.5481036067625       -599.300386369516     
   15.5493030481541       -599.359176413949     
   15.5505041977664       -599.418079142979     
   15.5517070469410       -599.477094241647     
   15.5529116264847       -599.536223331866     
   15.5541179039596       -599.595464931837     
   15.5553259233137       -599.654821310833     
   15.5565356473598       -599.714290752912     
   15.5577471124456       -599.773875156177     
   15.5589602879715       -599.833573127173     
   15.5601751932816       -599.893385728985     
   15.5613918602897       -599.953314645922     
   15.5626102421892       -600.013357685086     
   15.5638303892669       -600.073517437493     
   15.5650522682187       -600.133792374574     
   15.5662759119218       -600.194184231699     
   15.5675012804033       -600.254691149396     
   15.5687284343377       -600.315316237844     
   15.5699573417687       -600.376058033591     
   15.5711880064381       -600.436916835883     
   15.5724204311210       -600.497892896565     
   15.5736546522705       -600.558988135308     
   15.5748906253019       -600.620200460995     
   15.5761283915421       -600.681532036160     
   15.5773679281798       -600.742981847059     
   15.5786092574184       -600.804551111007     
   15.5798523682011       -600.866239396630     
   15.5810972700317       -600.928047292633     
   15.5823439721116       -600.989975373643     
   15.5835924648354       -601.052023280397     
   15.5848427882837       -601.114193123871     
   15.5860948795994       -601.176481896884     
   15.5873487921414       -601.238892371897     
   15.5886045414136       -601.301425441146     
   15.5898620847511       -601.364079099698     
   15.5911214485047       -601.426854779489     
   15.5923826530321       -601.489753616181     
   15.5936456768704       -601.552774660282     
   15.5949105364791       -601.615918853866     
   15.5961772212737       -601.679185789610     
   15.5974457477452       -601.742576412507     
   15.5987161282290       -601.806091461476     
   15.5999883444324       -601.869730144266     
   15.6012624132796       -601.933493429795     
   15.6025383448950       -601.997381948167     
   15.6038161104259       -602.061394377419     
   15.6050957526210       -602.125532982493     
   15.6063772443870       -602.189796529405     
   15.6076606078701       -602.254186252612     
   15.6089458679977       -602.318703528483     
   15.6102329964478       -602.383347060964     
   15.6115219934329       -602.448116985353     
   15.6128128805642       -602.513014513126     
   15.6141056559126       -602.578039673601     
   15.6154003188491       -602.643192561449     
   15.6166968767473       -602.708473674349     
   15.6179953292691       -602.773883122209     
   15.6192956847543       -602.839421452452     
   15.6205979587203       -602.905089575426     
   15.6219021258878       -602.970886344367     
   15.6232082333651       -603.036814264793     
   15.6245162340018       -603.102871085619     
   15.6258261562709       -603.169058373052     
   15.6271380156344       -603.235377038331     
   15.6284518182632       -603.301827524323     
   15.6297675255746       -603.368408009257     
   15.6310851790528       -603.435120722286     
   15.6324047651417       -603.501965108066     
   15.6337263114199       -603.568942695223     
   15.6350498091974       -603.636053175724     
   15.6363752507252       -603.703296288448     
   15.6377026545493       -603.770673106606     
   15.6390320184729       -603.838183651653     
   15.6403633557740       -603.905828731389     
   15.6416966419182       -603.973607232318     
   15.6430319255770       -604.041521762778     
   15.6443691653373       -604.109570350869     
   15.6457083914452       -604.177754669803     
   15.6470495926028       -604.246074279210     
   15.6483928084637       -604.314531335029     
   15.6497380008353       -604.383124026910     
   15.6510851952183       -604.451853790855     
   15.6524343719946       -604.520719761989     
   15.6537855732458       -604.589724225207     
   15.6551387733052       -604.658866007343     
   15.6564940129207       -604.728147328700     
   15.6578512360324       -604.797565461158     
   15.6592105060989       -604.867123788521     
   15.6605717768118       -604.936820079842     
   15.6619350938272       -605.006656811551     
   15.6633004413262       -605.076633313358     
   15.6646678312841       -605.146750339019     
   15.6660372447848       -605.217007058316     
   15.6674087283888       -605.287406000913     
   15.6687822475155       -605.357945533207     
   15.6701578353293       -605.428627499874     
   15.6715354831275       -605.499451596210     
   15.6729151616760       -605.570416460327     
   15.6742969396374       -605.641525766598     
   15.6756807652424       -605.712776994234     
   15.6770666945274       -605.784173172080     
   15.6784546815869       -605.855712079356     
   15.6798447714531       -605.927396181185     
   15.6812369257023       -605.999223640545     
   15.6826312006584       -606.071197508609     
   15.6840275368325       -606.143314859601     
   15.6854260103786       -606.215579772525     
   15.6868265628586       -606.287989374228     
   15.6882292420165       -606.360546279342     
   15.6896340278353       -606.433249599824     
   15.6910409219319       -606.506099566064     
   15.6924499674008       -606.579098558086     
   15.6938611216189       -606.652244516310     
   15.6952743834605       -606.725537529353     
   15.6966898232266       -606.798981392829     
   15.6981073948704       -606.872573868292     
   15.6995270970418       -606.946315034584     
   15.7009489478913       -607.020205984172     
   15.7023729472743       -607.094246859986     
   15.7037991293292       -607.168439588942     
   15.7052274633762       -607.242782727124     
   15.7066579549196       -607.317276712129     
   15.7080906224789       -607.391922660532     
   15.7095254658076       -607.466720712448     
   15.7109624847937       -607.541671015009     
   15.7124016789866       -607.616773697744     
   15.7138431051164       -607.692031876402     
   15.7152866965289       -607.767442225937     
   15.7167324559720       -607.843005042338     
   15.7181804624273       -607.918724609448     
   15.7196306608417       -607.994598205300     
   15.7210830666085       -608.070626790570     
   15.7225376986762       -608.146811513911     
   15.7239945317846       -608.223151208938     
   15.7254535991318       -608.299647772197     
   15.7269149123044       -608.376301969991     
   15.7283784501835       -608.453112853018     
   15.7298442056133       -608.530080203105     
   15.7313122219552       -608.607206456101     
   15.7327824844379       -608.684490996100     
   15.7342550158029       -608.761935179060     
   15.7357297704237       -608.839536765012     
   15.7372068353514       -608.917300495996     
   15.7386861233937       -608.995221942987     
   15.7401677032849       -609.073304887337     
   15.7416515392838       -609.151547607529     
   15.7431376754927       -609.229952591631     
   15.7446260919232       -609.308518948717     
   15.7461168151019       -609.387248242921     
   15.7476098073042       -609.466138645410     
   15.7491051141691       -609.545192731654     
   15.7506026955973       -609.624408545849     
   15.7521026100910       -609.703789347514     
   15.7536048552389       -609.783335176395     
   15.7551093884547       -609.863043943027     
   15.7566162379923       -609.942917309294     
   15.7581254545946       -610.022958133235     
   15.7596370022106       -610.103164671909     
   15.7611508587063       -610.183535917466     
   15.7626670768354       -610.264074838549     
   15.7641856201916       -610.344779670024     
   15.7657065388960       -610.425653244922     
   15.7672297928593       -610.506693601325     
   15.7687554517678       -610.587904617722     
   15.7702834241308       -610.669281594273     
   15.7718138003744       -610.750829517099     
   15.7733465313339       -610.832545938378     
   15.7748816334021       -610.914431902711     
   15.7764191750121       -610.996491234768     
   15.7779590646805       -611.078719225363     
   15.7795013411144       -611.161118112570     
   15.7810460734435       -611.243691765529     
   15.7825931544557       -611.326434627397     
   15.7841426379574       -611.409349747897     
   15.7856945909014       -611.492440886923     
   15.7872489320931       -611.575703873888     
   15.7888057318114       -611.659142649689     
   15.7903649405195       -611.742754736391     
   15.7919265532079       -611.826540040194     
   15.7934906280202       -611.910501857761     
   15.7950571933841       -611.994641895995     
   15.7966261541541       -612.078955222678     
   15.7981975817795       -612.163445854450     
   15.7997714921252       -612.248114825143     
   15.8013478471869       -612.332960270243     
   15.8029266624588       -612.417983202726     
   15.8045079874202       -612.503186468988     
   15.8060917713085       -612.588567515730     
   15.8076780180918       -612.674126736703     
   15.8092668016614       -612.759868300709     
   15.8108580607021       -612.845789082570     
   15.8124518310474       -612.931891199889     
   15.8140481332106       -613.018175946101     
   15.8156468672844       -613.104638102755     
   15.8172481509465       -613.191284216700     
   15.8188520146666       -613.278116125704     
   15.8204583712476       -613.365129295675     
   15.8220672397244       -613.452324941420     
   15.8236786451760       -613.539704607821     
   15.8252926040379       -613.627269373639     
   15.8269091247474       -613.715019885254     
   15.8285281734319       -613.802954491515     
   15.8301498308960       -613.891077770750     
   15.8317740029436       -613.979384793274     
   15.8334007570021       -614.067879413124     
   15.8350300624250       -614.156560152707     
   15.8366619818009       -614.245430609648     
   15.8382964517179       -614.334487521697     
   15.8399335699339       -614.423736407876     
   15.8415732252266       -614.513171396793     
   15.8432155057698       -614.602797488878     
   15.8448603922295       -614.692613823048     
   15.8465078899958       -614.782620887050     
   15.8481580045072       -614.872819171982     
   15.8498107305938       -614.963208589237     
   15.8514660834567       -615.053790164649     
   15.8531240684652       -615.144564387403     
   15.8547847178009       -615.235533216524     
   15.8564479867767       -615.326694400643     
   15.8581139027632       -615.418049635700     
   15.8597824866461       -615.509600264981     
   15.8614537303674       -615.601346044918     
   15.8631276159672       -615.693286186997     
   15.8648041945277       -615.785423695870     
   15.8664834503688       -615.877757910344     
   15.8681653883669       -615.970289298566     
   15.8698499887049       -616.063016969718     
   15.8715373076176       -616.155944220242     
   15.8732272727323       -616.249067264609     
   15.8749199800318       -616.342391593229     
   15.8766154204930       -616.435916913913     
   15.8783135486827       -616.529640923323     
   15.8800144124318       -616.623566464375     
   15.8817179744384       -616.717691680657     
   15.8834242950300       -616.812020109926     
   15.8851333383741       -616.906549976942     
   15.8868451115401       -617.001281877103     
   15.8885596435377       -617.096217621827     
   15.8902769159749       -617.191356399224     
   15.8919969745567       -617.286700949120     
   15.8937197553175       -617.382247932739     
   15.8954453358630       -617.478001861724     
   15.8971737167925       -617.573962980368     
   15.8989048253921       -617.670127459372     
   15.9006387750660       -617.766501808084     
   15.9023754623286       -617.863080484822     
   15.9041149620012       -617.959867859288     
   15.9058572528053       -618.056862958791     
   15.9076023909513       -618.154069125434     
   15.9093503310685       -618.251484045359     
   15.9111010641999       -618.349107430247     
   15.9128546393113       -618.446942223207     
   15.9146110845357       -618.544990209997     
   15.9163703281015       -618.643247598397     
   15.9181323984896       -618.741716191365     
   15.9198973204496       -618.840397586639     
   15.9216651369571       -618.939294404801     
   15.9234357729404       -619.038402662412     
   15.9252092890798       -619.137725971559     
   15.9269856895138       -619.237264782561     
   15.9287649669894       -619.337018907412     
   15.9305470882089       -619.436986695873     
   15.9323321523555       -619.537173931152     
   15.9341200556000       -619.637575005137     
   15.9359108884638       -619.738195219863     
   15.9377046119821       -619.839032607095     
   15.9395012893504       -619.940090941669     
   15.9413008569372       -620.041366866593     
   15.9431033480865       -620.142862479152     
   15.9449087818723       -620.244579076501     
   15.9467170825863       -620.346512613803     
   15.9485284057967       -620.448672084582     
   15.9503425935002       -620.551048801390     
   15.9521598166466       -620.653652635774     
   15.9539799139013       -620.756474703485     
   15.9558030744174       -620.859525916589     
   15.9576291779091       -620.962799705601     
   15.9594581843116       -621.066294026714     
   15.9612902154649       -621.170016000036     
   15.9631252636259       -621.273965418219     
   15.9649632911470       -621.378140377579     
   15.9668043166428       -621.482542161149     
   15.9686483345505       -621.587170682073     
   15.9704953037266       -621.692023832264     
   15.9723453776944       -621.797110558891     
   15.9741984438211       -621.902424697699     
   15.9760545410538       -622.007968692131     
   15.9779136422574       -622.113741229710     
   15.9797758424474       -622.219747949923     
   15.9816410474302       -622.325983724382     
   15.9835093327773       -622.432453090125     
   15.9853806456823       -622.539153271584     
   15.9872550245019       -622.646086688856     
   15.9891325004075       -622.753255356532     
   15.9910129962335       -622.860655103959     
   15.9928966465196       -622.968293851736     
   15.9947833552280       -623.076166350354     
   15.9966731130778       -623.184272302686     
   15.9985660296558       -623.292618215892     
   16.0004620394623       -623.401200581109     
   16.0023611138161       -623.510017991463     
   16.0042633823301       -623.619078114200     
   16.0061687295471       -623.728374570972     
   16.0080771892566       -623.837909537124     
   16.0099888190132       -623.947686557331     
   16.0119035260999       -624.057700546855     
   16.0138214738759       -624.167961134794     
   16.0157425111219       -624.278459871159     
   16.0176667110426       -624.389201206352     
   16.0195941070866       -624.500187310085     
   16.0215246746119       -624.611417008389     
   16.0234583721647       -624.722888154716     
   16.0253952704940       -624.834605070646     
   16.0273353729171       -624.946568194082     
   16.0292786863093       -625.058778168815     
   16.0312251709146       -625.171232944605     
   16.0331748629700       -625.283934860123     
   16.0351277685398       -625.396884512968     
   16.0370839580082       -625.510086224567     
   16.0390432447709       -625.623529441404     
   16.0410058444610       -625.737226895020     
   16.0429716961539       -625.851175309552     
   16.0449407617207       -625.965372723665     
   16.0469130604387       -626.079820503222     
   16.0488886457970       -626.194522003250     
   16.0508675119054       -626.309477135190     
   16.0528495624762       -626.424680553973     
   16.0548349526252       -626.540141526588     
   16.0568236393203       -626.655857806927     
   16.0588155479510       -626.771825304284     
   16.0608107993087       -626.888051303889     
   16.0628092780319       -627.004529338737     
   16.0648111815538       -627.121271172738     
   16.0668162596954       -627.238262470764     
   16.0688247034997       -627.355514630941     
   16.0708364705016       -627.473025432453     
   16.0728515844766       -627.590796521341     
   16.0748700137604       -627.708826303820     
   16.0768917853515       -627.827116615103     
   16.0789169172578       -627.945668767305     
   16.0809454047843       -628.064482744634     
   16.0829772154799       -628.183556903467     
   16.0850124437339       -628.302897035490     
   16.0870509906323       -628.422497600350     
   16.0890929478664       -628.542364236702     
   16.0911382193209       -628.662491561285     
   16.0931869488763       -628.782888285834     
   16.0952390364466       -628.903548791688     
   16.0972945458607       -629.024477093073     
   16.0993534778081       -629.145673494728     
   16.1014158030981       -629.267136541010     
   16.1034815501790       -629.388868169877     
   16.1055507399437       -629.510869877253     
   16.1076233064015       -629.633138034653     
   16.1096993640161       -629.755679659313     
   16.1117788293096       -629.878490089843     
   16.1138617231937       -630.001570824013     
   16.1159481295472       -630.124927086094     
   16.1180379216323       -630.248551648365     
   16.1201312547858       -630.372453966716     
   16.1222280050434       -630.496626971966     
   16.1243282891397       -630.621077844931     
   16.1264319876321       -630.745799775446     
   16.1285391927766       -630.870798498909     
   16.1306498971111       -630.996073842478     
   16.1327641216838       -631.121627325731     
   16.1348818916800       -631.247460716721     
   16.1370030828612       -631.373566900824     
   16.1391278702797       -631.499956554722     
   16.1412561279485       -631.626622456188     
   16.1433879561489       -631.753570844099     
   16.1455233410611       -631.880801170049     
   16.1476622913783       -632.008314226128     
   16.1498046962515       -632.136103673009     
   16.1519506960937       -632.264178156162     
   16.1541002378943       -632.392534786170     
   16.1562533489732       -632.521175467231     
   16.1584100894133       -632.650104066030     
   16.1605703554772       -632.779314655803     
   16.1627341851424       -632.908809779216     
   16.1649017027134       -633.038597154256     
   16.1670727053793       -633.168664911827     
   16.1692474231522       -633.299027108253     
   16.1714256367525       -633.429670875285     
   16.1736075233541       -633.560607113362     
   16.1757930696992       -633.691835308833     
   16.1779821447028       -633.823347865386     
   16.1801749331015       -633.955156158412     
   16.1823712763548       -634.087250936092     
   16.1845713447343       -634.219642717500     
   16.1867750838290       -634.352328512334     
   16.1889823591999       -634.485300500401     
   16.1911933152495       -634.618567655431     
   16.1934080174011       -634.752134205661     
   16.1956262960633       -634.885990202521     
   16.1978483295674       -635.020146686446     
   16.2000740475365       -635.154599693065     
   16.2023034139856       -635.289347327656     
   16.2045364611118       -635.424391814944     
   16.2067733066204       -635.559740559056     
   16.2090136785304       -635.695377380696     
   16.2112579420305       -635.831324671453     
   16.2135058269297       -635.967566351152     
   16.2157574527399       -636.104109942240     
   16.2180128276748       -636.240956227928     
   16.2202718809472       -636.378101194812     
   16.2225346882094       -636.515549717318     
   16.2248013686637       -636.653309327216     
   16.2270716569349       -636.791364179593     
   16.2293457655056       -636.929727475919     
   16.2316235730181       -637.068392117311     
   16.2339051909110       -637.207365171787     
   16.2361905405132       -637.346642132863     
   16.2384797530142       -637.486231283405     
   16.2407726231672       -637.626120391789     
   16.2430693891732       -637.766324275792     
   16.2453699062004       -637.906834383732     
   16.2476741850949       -638.047651660403     
   16.2499823308298       -638.188782808709     
   16.2522942899790       -638.330224852063     
   16.2546100224284       -638.471975621433     
   16.2569296189672       -638.614040961540     
   16.2592529812739       -638.756415137203     
   16.2615801933511       -638.899103581585     
   16.2639113095584       -639.042109919832     
   16.2662462501581       -639.185429550846     
   16.2685849526494       -639.329058921307     
   16.2709275261485       -639.473005017499     
   16.2732739844812       -639.617268979884     
   16.2756243455626       -639.761852202009     
   16.2779785581196       -639.906751819854     
   16.2803365760007       -640.051965277606     
   16.2826985586270       -640.197502682997     
   16.2850643651818       -640.343355650057     
   16.2874340592905       -640.489528387727     
   16.2898076454002       -640.636021459788     
   16.2921851093640       -640.782834281672     
   16.2945665463941       -640.929973025231     
   16.2969517758987       -641.077426820055     
   16.2993411461629       -641.225217492625     
   16.3017342359079       -641.373319277016     
   16.3041311781966       -641.521740684635     
   16.3065322984784       -641.670502167090     
   16.3089372165992       -641.819580468127     
   16.3113460740009       -641.968984639243     
   16.3137588265911       -642.118712233874     
   16.3161755740433       -642.268769728009     
   16.3185962274129       -642.419151889699     
   16.3210208603199       -642.569863582034     
   16.3234495663881       -642.720910922078     
   16.3258820357264       -642.872274923000     
   16.3283186847365       -643.023981787090     
   16.3307591428055       -643.176008732727     
   16.3332036552842       -643.328371330012     
   16.3356520078997       -643.481056510875     
   16.3381045384936       -643.634085636957     
   16.3405609911720       -643.787443038174     
   16.3430214409735       -643.941133686243     
   16.3454858935307       -644.095158223707     
   16.3479543267770       -644.249515560783     
   16.3504267467548       -644.404206363401     
   16.3529032325598       -644.559235872173     
   16.3553835907542       -644.714592263372     
   16.3578681407263       -644.870295833258     
   16.3603567152241       -645.026336399118     
   16.3628493495880       -645.182716468425     
   16.3653458253659       -645.339422617792     
   16.3678464606497       -645.496475100364     
   16.3703511881551       -645.653869988837     
   16.3728598177604       -645.811595620937     
   16.3753726685465       -645.969672349172     
   16.3778894523004       -646.128082334755     
   16.3804103703513       -646.286838536518     
   16.3829352749796       -646.445931940874     
   16.3854642257424       -646.605366584510     
   16.3879973933248       -646.765153523324     
   16.3905344843245       -646.925274538538     
   16.3930756795194       -647.085741321491     
   16.3956209803474       -647.246554253805     
   16.3981703684460       -647.407712464737     
   16.4007239179139       -647.569220930040     
   16.4032814879719       -647.731071033275     
   16.4058430491746       -647.893261189416     
   16.4084087630053       -648.055801907576     
   16.4109786767601       -648.218696478605     
   16.4135525171032       -648.381927859449     
   16.4161306746684       -648.545521111686     
   16.4187127894044       -648.709453677515     
   16.4212989941850       -648.873734269255     
   16.4238894197738       -649.038371482646     
   16.4264839142909       -649.203355952424     
   16.4290824811524       -649.368688175215     
   16.4316852810562       -649.534378662494     
   16.4342921550149       -649.700417579937     
   16.4369032464826       -649.866814349676     
   16.4395183143639       -650.033553886919     
   16.4421375981213       -650.200651738785     
   16.4447609738582       -650.368100285239     
   16.4473885719884       -650.535908134152     
   16.4500202400199       -650.704065828661     
   16.4526561873470       -650.872587032645     
   16.4552961802941       -651.041457088868     
   16.4579402512419       -651.210678339714     
   16.4605885035086       -651.380257674919     
   16.4632409124694       -651.550193798310     
   16.4658976495990       -651.720497983511     
   16.4685583584008       -651.891147655399     
   16.4712234531420       -652.062169663299     
   16.4738924967422       -652.233536236909     
   16.4765656572276       -652.405258427476     
   16.4792432073211       -652.577354039488     
   16.4819248226618       -652.749802506652     
   16.4846106438604       -652.922613142706     
   16.4873005867557       -653.095780806041     
   16.4899947662891       -653.269313170444     
   16.4926930468051       -653.443201770831     
   16.4953955343153       -653.617453709216     
   16.4981022383044       -653.792069872467     
   16.5008131288519       -653.967048603838     
   16.5035281502435       -654.142386575484     
   16.5062473617419       -654.318087882297     
   16.5089708484390       -654.494158296773     
   16.5116984745096       -654.670589308829     
   16.5144302635252       -654.847382707456     
   16.5171663069252       -655.024544679720     
   16.5199064295487       -655.202064148016     
   16.5226508373796       -655.379954722062     
   16.5253994138797       -655.558209116694     
   16.5281521314320       -655.736825801381     
   16.5309091077915       -655.915812681214     
   16.5336703391642       -656.095169779153     
   16.5364357463498       -656.274892214860     
   16.5392052989681       -656.454978271609     
   16.5419790258066       -656.635430078029     
   16.5447569851473       -656.816251686079     
   16.5475391460579       -656.997441343156     
   16.5503255692261       -657.179003263002     
   16.5531161162317       -657.360928682825     
   16.5559108894554       -657.543224530993     
   16.5587098132690       -657.725886128785     
   16.5615129700754       -657.908919107653     
   16.5643203916836       -658.092325803176     
   16.5671320204874       -658.276102708383     
   16.5699477342433       -658.460242079364     
   16.5727678308988       -658.644763655277     
   16.5755919544659       -658.829644393911     
   16.5784202817970       -659.014896113214     
   16.5812528735559       -659.200523038067     
   16.5840896680534       -659.386521376258     
   16.5869305753033       -659.572885469512     
   16.5897758676739       -659.759633435293     
   16.5926252990130       -659.946749368071     
   16.5954787197525       -660.134223675399     
   16.5983365552383       -660.322084545529     
   16.6011985579227       -660.510315956202     
   16.6040646034305       -660.698909957879     
   16.6069349996653       -660.887887050347     
   16.6098095638098       -661.077235441619     
   16.6126882571211       -661.266952811620     
   16.6155712711105       -661.457052020298     
   16.6184583215520       -661.647514559332     
   16.6213496833367       -661.838358795016     
   16.6242450802906       -662.029566728786     
   16.6271447220445       -662.221152430204     
   16.6300486493261       -662.413118827681     
   16.6329565375901       -662.605444688954     
   16.6358688266457       -662.798159329530     
   16.6387850733228       -662.991233649111     
   16.6417057195225       -663.184697128840     
   16.6446304447243       -663.378528766876     
   16.6475592793791       -663.572730795087     
   16.6504923169446       -663.767309629264     
   16.6534295222802       -663.962263158894     
   16.6563709244903       -664.157593535088     
   16.6593164864190       -664.353298508213     
   16.6622662111597       -664.549378498763     
   16.6652200270217       -664.745828951607     
   16.6681780307566       -664.942656511987     
   16.6711401223320       -665.139854732901     
   16.6741063271759       -665.337425511600     
   16.6770768728617       -665.535384221985     
   16.6800513647645       -665.733704772421     
   16.6830300241639       -665.932402113038     
   16.6860128216185       -666.131474484853     
   16.6889998477295       -666.330928141466     
   16.6919909672726       -666.530754256946     
   16.6949861146133       -666.730948638768     
   16.6979853123678       -666.931512987579     
   16.7009887263549       -667.132458589251     
   16.7039962514260       -667.333778607681     
   16.7070079182967       -667.535475293018     
   16.7100236886016       -667.737546268312     
   16.7130433931792       -667.939980379921     
   16.7160673222063       -668.142797266410     
   16.7190953418778       -668.345988145637     
   16.7221274138862       -668.549550629581     
   16.7251636019681       -668.753489179828     
   16.7282037625509       -668.957794330101     
   16.7312479628186       -669.162470767704     
   16.7342964955231       -669.367538364619     
   16.7373487539444       -669.572956480355     
   16.7404053032835       -669.778763322029     
   16.7434656002259       -669.984922475280     
   16.7465302417028       -670.191474322863     
