  0.000000000000000E+000   109.188809619506     
   1.00000000000000        109.190265709934     
   2.00000000000000        109.191611233490     
   3.00000000000000        109.191871507197     
   4.00000000000000        109.192361346409     
   5.00000000000000        109.193077799446     
   6.00000000000000        109.194462406076     
   7.00000000000000        109.194534736181     
   8.00000000000000        109.195696660472     
   9.00000000000000        109.196413087665     
   10.0000000000000        109.197309962270     
   11.0000000000000        109.198158862991     
   12.0000000000000        109.198722947860     
   13.0000000000000        109.199863879871     
   14.0000000000000        109.199567673093     
   15.0000000000000        109.198922550081     
   16.0000000000000        109.200308307572     
   17.0000000000000        109.200846263814     
   18.0000000000000        109.199625708527     
   19.0000000000000        109.197939615824     
   20.0000000000000        109.198410047937     
   21.0000000000000        109.197479066122     
   22.0000000000000        109.196010931003     
   23.0000000000000        109.193990308612     
   24.0000000000000        109.191604631734     
   25.0000000000000        109.189063492760     
   26.0000000000000        109.186138058543     
   27.0000000000000        109.182580026319     
   28.0000000000000        109.178818093074     
   29.0000000000000        109.174413259454     
   30.0000000000000        109.169141798972     
   31.0000000000000        109.163849839014     
   32.0000000000000        109.157890480219     
   33.0000000000000        109.151916910808     
   34.0000000000000        109.144391349696     
   35.0000000000000        109.136617685926     
   36.0000000000000        109.129269314396     
   37.0000000000000        109.120358603730     
   38.0000000000000        109.111208339094     
   39.0000000000000        109.101164700052     
   40.0000000000000        109.090882238522     
   41.0000000000000        109.080150404976     
   42.0000000000000        109.068314505837     
   43.0000000000000        109.057139174443     
   44.0000000000000        109.043986202656     
   45.0000000000000        109.030622860522     
   46.0000000000000        109.017503976930     
   47.0000000000000        109.004400349022     
   48.0000000000000        108.990013246551     
   49.0000000000000        108.974788785551     
   50.0000000000000        108.958729693134     
   51.0000000000000        108.942947272119     
   52.0000000000000        108.926131371126     
   53.0000000000000        108.909164390486     
   54.0000000000000        108.891189715000     
   55.0000000000000        108.873297646316     
   56.0000000000000        108.855071549094     
   57.0000000000000        108.837391026795     
   58.0000000000000        108.816536804668     
   59.0000000000000        108.797348191414     
   60.0000000000000        108.776758896480     
   61.0000000000000        108.755656369277     
   62.0000000000000        108.735153874971     
   63.0000000000000        108.714590306091     
   64.0000000000000        108.692444016128     
   65.0000000000000        108.669828064901     
   66.0000000000000        108.647168430833     
   67.0000000000000        108.623836266574     
   68.0000000000000        108.600269869903     
   69.0000000000000        108.577151271741     
   70.0000000000000        108.553145820331     
   71.0000000000000        108.528272483224     
   72.0000000000000        108.503645890527     
   73.0000000000000        108.478380730780     
   74.0000000000000        108.453151946956     
   75.0000000000000        108.578725133497     
   76.0000000000000        108.558381438678     
   77.0000000000000        108.538617171446     
   78.0000000000000        108.517482737158     
   79.0000000000000        108.498056707415     
   80.0000000000000        108.476812873756     
   81.0000000000000        108.456401561961     
   82.0000000000000        108.435723555185     
   83.0000000000000        108.413896129873     
   84.0000000000000        108.392698675790     
   85.0000000000000        108.371469593474     
   86.0000000000000        108.350194792283     
   87.0000000000000        108.328455646279     
   88.0000000000000        108.306910866669     
   89.0000000000000        108.283780835092     
   90.0000000000000        108.261541705085     
   91.0000000000000        108.239254888829     
   92.0000000000000        108.217188310649     
   93.0000000000000        108.194436596740     
   94.0000000000000        108.171660882534     
   95.0000000000000        108.149326328346     
   96.0000000000000        108.126100909492     
   97.0000000000000        108.103742254116     
   98.0000000000000        108.079836946706     
   99.0000000000000        108.056796050210     
   100.000000000000        108.033561328480     
   101.000000000000        108.010065057011     
   102.000000000000        107.986816832013     
   103.000000000000        107.962895252927     
   104.000000000000        107.939202071447     
   105.000000000000        107.915725073674     
   106.000000000000        107.891161038594     
   107.000000000000        107.867249350107     
   108.000000000000        107.842919016223     
   109.000000000000        107.819020996156     
   110.000000000000        107.793812519380     
   111.000000000000        107.770164418227     
   112.000000000000        107.745418083736     
   113.000000000000        107.720467998840     
   114.000000000000        107.696847078816     
   115.000000000000        107.670589398793     
   116.000000000000        107.646564415649     
   117.000000000000        107.621878886111     
   118.000000000000        107.597008319205     
   119.000000000000        107.571243339628     
   120.000000000000        107.545736721728     
   121.000000000000        107.521140743679     
   122.000000000000        107.496294710117     
   123.000000000000        107.470847302571     
   124.000000000000        107.445182942866     
   125.000000000000        107.419094004149     
   126.000000000000        107.395289754630     
   127.000000000000        107.368774085983     
   128.000000000000        107.343430849797     
   129.000000000000        107.317860925549     
   130.000000000000        107.291894888510     
   131.000000000000        107.266174279732     
   132.000000000000        107.240232320506     
   133.000000000000        107.216132763231     
   134.000000000000        107.189342810358     
   135.000000000000        107.163728931998     
   136.000000000000        107.138125594173     
   137.000000000000        107.111422893385     
   138.000000000000        107.084785429387     
   139.000000000000        107.059259109297     
   140.000000000000        107.032635688836     
   141.000000000000        107.006732618965     
   142.000000000000        106.980405709542     
   143.000000000000        106.953859966467     
   144.000000000000        106.927863813509     
   145.000000000000        106.901801341335     
   146.000000000000        106.875582320857     
   147.000000000000        106.848973284644     
   148.000000000000        106.822825777622     
   149.000000000000        106.796920945815     
   150.000000000000        106.769715156678     
   151.000000000000        106.743437451957     
   152.000000000000        106.716506826433     
   153.000000000000        106.689835107181     
   154.000000000000        106.663662361985     
   155.000000000000        106.637487901601     
   156.000000000000        106.610692861571     
   157.000000000000        106.583753619229     
   158.000000000000        106.556785059106     
   159.000000000000        106.530531782033     
   160.000000000000        106.504752974631     
   161.000000000000        106.476783427545     
   162.000000000000        106.450875262934     
   163.000000000000        106.424296000589     
   164.000000000000        106.397097591559     
   165.000000000000        106.370186935849     
   166.000000000000        106.343942594262     
   167.000000000000        106.317532755295     
   168.000000000000        106.290006827299     
   169.000000000000        106.263433683780     
   170.000000000000        106.235537895373     
   171.000000000000        106.209069297052     
   172.000000000000        106.183016168496     
   173.000000000000        106.155241849210     
   174.000000000000        106.128650512461     
   175.000000000000        106.102519175688     
   176.000000000000        106.075027700827     
   177.000000000000        106.047669892352     
   178.000000000000        106.020971198693     
   179.000000000000        105.994071798646     
   180.000000000000        105.967217878800     
   181.000000000000        105.940408702946     
   182.000000000000        105.913684356287     
   183.000000000000        105.886903225088     
   184.000000000000        105.859513502642     
   185.000000000000        105.832222234179     
   186.000000000000        105.805821648400     
   187.000000000000        105.778973654975     
   188.000000000000        105.751331947870     
   189.000000000000        105.724599789379     
   190.000000000000        105.698362462340     
   191.000000000000        105.670363137216     
   192.000000000000        105.643983610050     
   193.000000000000        105.616952206724     
   194.000000000000        105.590414126746     
   195.000000000000        105.563276443630     
   196.000000000000        105.536107448550     
   197.000000000000        105.508370560844     
   198.000000000000        105.482199803310     
   199.000000000000        105.456098483763     
   200.000000000000        105.427702371814     
   201.000000000000        105.401313615192     
   202.000000000000        105.373927471698     
   203.000000000000        105.347077320823     
   204.000000000000        105.320499802525     
   205.000000000000        105.293024860241     
   206.000000000000        105.266985594430     
   207.000000000000        105.240319833751     
   208.000000000000        105.213157887404     
   209.000000000000        105.185471700938     
   210.000000000000        105.158915215465     
   211.000000000000        105.132383585113     
   212.000000000000        105.104730995759     
   213.000000000000        105.078522353688     
   214.000000000000        105.051464891738     
   215.000000000000        105.023529724367     
   216.000000000000        104.996969941289     
   217.000000000000        104.970691154587     
   218.000000000000        104.944261882379     
   219.000000000000        104.917321706395     
   220.000000000000        104.891447060863     
   221.000000000000        104.863924418880     
   222.000000000000        104.837684416126     
   223.000000000000        104.810260302193     
   224.000000000000        104.784098222276     
   225.000000000000        104.756759267805     
   226.000000000000        104.730430873938     
   227.000000000000        104.703417123327     
   228.000000000000        104.676934518551     
   229.000000000000        104.650018152397     
   230.000000000000        104.623199653065     
   231.000000000000        104.596812155466     
   232.000000000000        104.569572615802     
   233.000000000000        104.543287488367     
   234.000000000000        104.516169754123     
   235.000000000000        104.489968524818     
   236.000000000000        104.463552698129     
   237.000000000000        104.436143983475     
   238.000000000000        104.410966680716     
   239.000000000000        104.383121278950     
   240.000000000000        104.357201743189     
   241.000000000000        104.330475268080     
   242.000000000000        104.304416231035     
   243.000000000000        104.277459690439     
   244.000000000000        104.250714163996     
   245.000000000000        104.223895206005     
   246.000000000000        104.199062144705     
   247.000000000000        104.172413359639     
   248.000000000000        104.145467192293     
   249.000000000000        104.119888085073     
   250.000000000000        104.092431143743     
   251.000000000000        104.066340794289     
   252.000000000000        104.039536274152     
   253.000000000000        104.014804239989     
   254.000000000000        103.987394317027     
   255.000000000000        103.961577107100     
   256.000000000000        103.934538511143     
   257.000000000000        103.908363305897     
   258.000000000000        103.882991236028     
   259.000000000000        103.856672293674     
   260.000000000000        103.830007974896     
   261.000000000000        103.804075260007     
   262.000000000000        103.778607376929     
   263.000000000000        103.752263954694     
   264.000000000000        103.725988942773     
   265.000000000000        103.698999146061     
   266.000000000000        103.673785880244     
   267.000000000000        103.647650191135     
   268.000000000000        103.621755822111     
   269.000000000000        103.595644846218     
   270.000000000000        103.569896892147     
   271.000000000000        103.543460622903     
   272.000000000000        103.517776548667     
   273.000000000000        103.492296502605     
   274.000000000000        103.466027647937     
   275.000000000000        103.440533988225     
   276.000000000000        103.414267185733     
   277.000000000000        103.388358585864     
   278.000000000000        103.363145179255     
   279.000000000000        103.337539425126     
   280.000000000000        103.311059590588     
   281.000000000000        103.285784795406     
   282.000000000000        103.260035022763     
   283.000000000000        103.234180360488     
   284.000000000000        103.209058615623     
   285.000000000000        103.183455778712     
   286.000000000000        103.157886885969     
   287.000000000000        103.131812965898     
   288.000000000000        103.106076800519     
   289.000000000000        103.080993287507     
   290.000000000000        103.055571196123     
   291.000000000000        103.030260515077     
   292.000000000000        103.004875879435     
   293.000000000000        102.979117244082     
   294.000000000000        102.954668202617     
   295.000000000000        102.928231868419     
   296.000000000000        102.903506873397     
   297.000000000000        102.876742608018     
   298.000000000000        102.852693859313     
   299.000000000000        102.826989398456     
   300.000000000000        102.801447290847     
   301.000000000000        102.777163265752     
   302.000000000000        102.751260332526     
   303.000000000000        102.725914137096     
   304.000000000000        102.701717934504     
   305.000000000000        102.674901184012     
   306.000000000000        102.651541420192     
   307.000000000000        102.625528854920     
   308.000000000000        102.599841993515     
   309.000000000000        102.576574596941     
   310.000000000000        102.550873331904     
   311.000000000000        102.525684647699     
   312.000000000000        102.501768187996     
   313.000000000000        102.476052362599     
   314.000000000000        102.451377039794     
   315.000000000000        102.426991391089     
   316.000000000000        102.402118685293     
   317.000000000000        102.376351830966     
   318.000000000000        102.352382539855     
   319.000000000000        102.326392861658     
   320.000000000000        102.303479958406     
   321.000000000000        102.277779602496     
   322.000000000000        102.254205674225     
   323.000000000000        102.228284073007     
   324.000000000000        102.202852971249     
   325.000000000000        102.178737141873     
   326.000000000000        102.154783059911     
   327.000000000000        102.130594301278     
   328.000000000000        102.105114606261     
   329.000000000000        102.080932916893     
   330.000000000000        102.056895351033     
   331.000000000000        102.031853545299     
   332.000000000000        102.007770061340     
   333.000000000000        101.983065975881     
   334.000000000000        101.958758298780     
   335.000000000000        101.935191729987     
   336.000000000000        101.910900300797     
   337.000000000000        101.886240504837     
   338.000000000000        101.862347732032     
   339.000000000000        101.838119575715     
   340.000000000000        101.814463253234     
   341.000000000000        101.789759247704     
   342.000000000000        101.765843267722     
   343.000000000000        101.741262315456     
   344.000000000000        101.717421546214     
   345.000000000000        101.692955052225     
   346.000000000000        101.669965021220     
   347.000000000000        101.645170842744     
   348.000000000000        101.621218030842     
   349.000000000000        101.598150950326     
   350.000000000000        101.573468985910     
   351.000000000000        101.549025425282     
   352.000000000000        101.525891733921     
   353.000000000000        101.501979264867     
   354.000000000000        101.477945806941     
   355.000000000000        101.454866989795     
   356.000000000000        101.431374495557     
   357.000000000000        101.406907554481     
   358.000000000000        101.384049346841     
   359.000000000000        101.360868914846     
   360.000000000000        101.336664084858     
   361.000000000000        101.312885399421     
   362.000000000000        101.288802441093     
   363.000000000000        101.266230770080     
   364.000000000000        101.241759839267     
   365.000000000000        101.218688902217     
   366.000000000000        101.195078457021     
   367.000000000000        101.171407351738     
   368.000000000000        101.148472886142     
   369.000000000000        101.125894285496     
   370.000000000000        101.101714246622     
   371.000000000000        101.078712392411     
   372.000000000000        101.055206888200     
   373.000000000000        101.031376590018     
   374.000000000000        101.008870758403     
   375.000000000000        100.984569464278     
   376.000000000000        100.961762519629     
   377.000000000000        100.939695299762     
   378.000000000000        100.915918011457     
   379.000000000000        100.893805431062     
   380.000000000000        100.869635440464     
   381.000000000000        100.847158812986     
   382.000000000000        100.824488231767     
   383.000000000000        100.800475122247     
   384.000000000000        100.777717848889     
   385.000000000000        100.755884558937     
   386.000000000000        100.732278172832     
   387.000000000000        100.709816129838     
   388.000000000000        100.686673495326     
   389.000000000000        100.664499473087     
   390.000000000000        100.642275765741     
   391.000000000000        100.618905913902     
   392.000000000000        100.595851830595     
   393.000000000000        100.573351038750     
   394.000000000000        100.550399662750     
   395.000000000000        100.527929989397     
   396.000000000000        100.505677129921     
   397.000000000000        100.483694162257     
   398.000000000000        100.460201206363     
   399.000000000000        100.437721671211     
   400.000000000000        100.415227541138     
   401.000000000000        100.393240923746     
   402.000000000000        100.371180466140     
   403.000000000000        100.347518394110     
   404.000000000000        100.326178722743     
   405.000000000000        100.303449230182     
   406.000000000000        100.281446404653     
   407.000000000000        100.259489388575     
   408.000000000000        100.236806873852     
   409.000000000000        100.215329554562     
   410.000000000000        100.192714362421     
   411.000000000000        100.169924120885     
   412.000000000000        100.148558114188     
   413.000000000000        100.125840827174     
   414.000000000000        100.103212067486     
   415.000000000000        100.081760215104     
   416.000000000000        100.060029338082     
   417.000000000000        100.037438794845     
   418.000000000000        100.016211770908     
   419.000000000000        99.9937184304467     
   420.000000000000        99.9715124863559     
   421.000000000000        99.9498637775916     
   422.000000000000        99.9277953828358     
   423.000000000000        99.9059310011491     
   424.000000000000        99.8850350243159     
   425.000000000000        99.8626490139809     
   426.000000000000        99.8410768684882     
   427.000000000000        99.8197209487136     
   428.000000000000        99.7980852161098     
   429.000000000000        99.7768758914497     
   430.000000000000        99.7545593764721     
   431.000000000000        99.7329538723783     
   432.000000000000        99.7120128151481     
   433.000000000000        99.6899864774804     
   434.000000000000        99.6679324861122     
   435.000000000000        99.6470109539208     
   436.000000000000        99.6247833998201     
   437.000000000000        99.6035709036496     
   438.000000000000        99.5825311857133     
   439.000000000000        99.5616749984147     
   440.000000000000        99.5403341620498     
   441.000000000000        99.5190930030894     
   442.000000000000        99.4980348510049     
   443.000000000000        99.4754608836670     
   444.000000000000        99.4555506103658     
   445.000000000000        99.4338755562101     
   446.000000000000        99.4127177384592     
   447.000000000000        99.3917971933755     
   448.000000000000        99.3700425055664     
   449.000000000000        99.3489213396351     
   450.000000000000        99.3267491279563     
   451.000000000000        99.3073397139275     
   452.000000000000        99.2855053177663     
   453.000000000000        99.2648213022770     
   454.000000000000        99.2437630815473     
   455.000000000000        99.2233770808502     
   456.000000000000        99.2024740063361     
   457.000000000000        99.1814622585475     
   458.000000000000        99.1605330427295     
   459.000000000000        99.1398820102735     
   460.000000000000        99.1185073828719     
   461.000000000000        99.0975689347752     
   462.000000000000        99.0770771899485     
   463.000000000000        99.0561943972204     
   464.000000000000        99.0357042326944     
   465.000000000000        99.0152899874138     
   466.000000000000        98.9934203930843     
   467.000000000000        98.9735807073072     
   468.000000000000        98.9532504087255     
   469.000000000000        98.9325841255288     
   470.000000000000        98.9125477137805     
   471.000000000000        98.8920755217598     
   472.000000000000        98.8710667581716     
   473.000000000000        98.8503749810273     
   474.000000000000        98.8304023518001     
   475.000000000000        98.8093373455106     
   476.000000000000        98.7895810015600     
   477.000000000000        98.7694349758488     
   478.000000000000        98.7484490350704     
   479.000000000000        98.7282599023806     
   480.000000000000        98.7084780489794     
   481.000000000000        98.6868706915780     
   482.000000000000        98.6682873787149     
   483.000000000000        98.6476134131952     
   484.000000000000        98.6268247085678     
   485.000000000000        98.6063901441744     
   486.000000000000        98.5858153557370     
   487.000000000000        98.5670783533662     
   488.000000000000        98.5459365228684     
   489.000000000000        98.5266705466681     
   490.000000000000        98.5055532269926     
   491.000000000000        98.4874088557672     
   492.000000000000        98.4655914458727     
   493.000000000000        98.4464207503115     
   494.000000000000        98.4267075847576     
   495.000000000000        98.4061463832907     
   496.000000000000        98.3854993032404     
   497.000000000000        98.3670296517933     
   498.000000000000        98.3467223010391     
   499.000000000000        98.3270412900666     
   500.000000000000        98.3059054986319     
   501.000000000000        98.2878551199952     
   502.000000000000        98.2678300965465     
   503.000000000000        98.2477818915969     
   504.000000000000        98.2273748409411     
   505.000000000000        98.2083989580061     
   506.000000000000        98.1881223456387     
   507.000000000000        98.1689995903744     
   508.000000000000        98.1498218252429     
   509.000000000000        98.1299021010107     
   510.000000000000        98.1099031142317     
   511.000000000000        98.0899026087020     
   512.000000000000        98.0705932854404     
   513.000000000000        98.0513194073996     
   514.000000000000        98.0327648786836     
   515.000000000000        98.0118963864534     
   516.000000000000        97.9932150374359     
   517.000000000000        97.9734651950082     
   518.000000000000        97.9545720403956     
   519.000000000000        97.9353679265457     
   520.000000000000        97.9156466041094     
   521.000000000000        97.8961880990198     
   522.000000000000        97.8775543522121     
   523.000000000000        97.8570443454993     
   524.000000000000        97.8380112076914     
   525.000000000000        97.8195534520406     
   526.000000000000        97.8006290793123     
   527.000000000000        97.7803827140511     
   528.000000000000        97.7623721314669     
   529.000000000000        97.7431172864904     
   530.000000000000        97.7235057510158     
   531.000000000000        97.7035113296816     
   532.000000000000        97.6845963033894     
   533.000000000000        97.6654151408376     
   534.000000000000        97.6473166372331     
   535.000000000000        97.6275739809491     
   536.000000000000        97.6086675207008     
   537.000000000000        97.5901196547886     
   538.000000000000        97.5708953044564     
   539.000000000000        97.5515697269283     
   540.000000000000        97.5328279865721     
   541.000000000000        97.5147313320588     
   542.000000000000        97.4952100475964     
   543.000000000000        97.4764224518890     
   544.000000000000        97.4588874851326     
   545.000000000000        97.4385777164289     
   546.000000000000        97.4206614457340     
   547.000000000000        97.4021904064163     
   548.000000000000        97.3826805089281     
   549.000000000000        97.3635905282250     
   550.000000000000        97.3451245802256     
   551.000000000000        97.3258647748818     
   552.000000000000        97.3082914602391     
   553.000000000000        97.2891510601006     
   554.000000000000        97.2710633232885     
   555.000000000000        97.2505271002274     
   556.000000000000        97.2330457551631     
   557.000000000000        97.2136767056352     
   558.000000000000        97.1963290378517     
   559.000000000000        97.1784354578719     
   560.000000000000        97.1588152955187     
   561.000000000000        97.1404755625946     
   562.000000000000        97.1228562683686     
   563.000000000000        97.1031629270475     
   564.000000000000        97.0843378007094     
   565.000000000000        97.0652789576345     
   566.000000000000        97.0490292098045     
   567.000000000000        97.0297555894769     
   568.000000000000        97.0119071559279     
   569.000000000000        96.9924204230137     
   570.000000000000        96.9747847150845     
   571.000000000000        96.9559552070520     
   572.000000000000        96.9385468835721     
   573.000000000000        96.9199792488077     
   574.000000000000        96.9020610314071     
   575.000000000000        96.8836720690332     
   576.000000000000        96.8646540366930     
   577.000000000000        96.8469387645604     
   578.000000000000        96.8280704197581     
   579.000000000000        96.8101179669383     
   580.000000000000        96.7910725568241     
   581.000000000000        96.7741572865812     
   582.000000000000        96.7558573131286     
   583.000000000000        96.7374174996604     
   584.000000000000        96.7186729304110     
   585.000000000000        96.7017330948023     
   586.000000000000        96.6824842669400     
   587.000000000000        96.6664737648388     
   588.000000000000        96.6470565844517     
   589.000000000000        96.6297947209957     
   590.000000000000        96.6106696863921     
   591.000000000000        96.5932990493368     
   592.000000000000        96.5742841868985     
   593.000000000000        96.5576375705381     
   594.000000000000        96.5405344762863     
   595.000000000000        96.5213213151564     
   596.000000000000        96.5038828279505     
   597.000000000000        96.4850258211481     
   598.000000000000        96.4681119867608     
   599.000000000000        96.4503406875756     
   600.000000000000        96.4312195383743     
   601.000000000000        96.4142546618934     
   602.000000000000        96.3962717981719     
   603.000000000000        96.3783271460906     
   604.000000000000        96.3616796827597     
   605.000000000000        96.3423565735325     
   606.000000000000        96.3255434493200     
   607.000000000000        96.3079061941621     
   608.000000000000        96.2899558356318     
   609.000000000000        96.2716299961796     
   610.000000000000        96.2545163777806     
   611.000000000000        96.2366189050077     
   612.000000000000        96.2183268687279     
   613.000000000000        96.2015771964646     
   614.000000000000        96.1835506778394     
   615.000000000000        96.1649732164160     
   616.000000000000        96.1484498889740     
   617.000000000000        96.1300727420600     
   618.000000000000        96.1138294650955     
   619.000000000000        96.0954698335059     
   620.000000000000        96.0786945343320     
   621.000000000000        96.0606320888613     
   622.000000000000        96.0440499261492     
   623.000000000000        96.0254975706608     
   624.000000000000        96.0074402038991     
   625.000000000000        95.9906092993714     
   626.000000000000        95.9733922961805     
   627.000000000000        95.9547663503371     
   628.000000000000        95.9378189704520     
   629.000000000000        95.9199096635966     
   630.000000000000        95.9028473993845     
   631.000000000000        95.8857374499106     
   632.000000000000        95.8678467309873     
   633.000000000000        95.8506691804340     
   634.000000000000        95.8341792312036     
   635.000000000000        95.8171946740613     
   636.000000000000        95.7985574623664     
   637.000000000000        95.7810498826985     
   638.000000000000        95.7638907618283     
   639.000000000000        95.7462131487162     
   640.000000000000        95.7294305901766     
   641.000000000000        95.7117348178102     
   642.000000000000        95.6937774807300     
   643.000000000000        95.6778728685481     
   644.000000000000        95.6593296414145     
   645.000000000000        95.6434234041272     
   646.000000000000        95.6247196061818     
   647.000000000000        95.6079671206273     
   648.000000000000        95.5905705767554     
   649.000000000000        95.5731076390049     
   650.000000000000        95.5560484100030     
   651.000000000000        95.5387606129041     
   652.000000000000        95.5221714291015     
   653.000000000000        95.5047885173101     
   654.000000000000        95.4871343309468     
   655.000000000000        95.4707859171941     
   656.000000000000        95.4528207064774     
   657.000000000000        95.4357411916877     
   658.000000000000        95.4181295419438     
   659.000000000000        95.4017480902997     
   660.000000000000        95.3850592698748     
   661.000000000000        95.3674529519332     
   662.000000000000        95.3502310282906     
   663.000000000000        95.3335308812162     
   664.000000000000        95.3159726001263     
   665.000000000000        95.2988890933874     
   666.000000000000        95.2813444465404     
   667.000000000000        95.2648363689040     
   668.000000000000        95.2477819752102     
   669.000000000000        95.2306345972605     
   670.000000000000        95.2137819902093     
   671.000000000000        95.1959034351687     
   672.000000000000        95.1799909097981     
   673.000000000000        95.1622915146802     
   674.000000000000        95.1459651691446     
   675.000000000000        95.1276527386351     
   676.000000000000        95.1109910823063     
   677.000000000000        95.0944475687151     
   678.000000000000        95.0786917946289     
   679.000000000000        95.0602315393578     
   680.000000000000        95.0432839094967     
   681.000000000000        95.0260115378351     
   682.000000000000        95.0097917536495     
   683.000000000000        94.9920795872168     
   684.000000000000        94.9756212430138     
   685.000000000000        94.9587495438998     
   686.000000000000        94.9419436050664     
   687.000000000000        94.9241769745709     
   688.000000000000        94.9087133361309     
   689.000000000000        94.8901464546925     
   690.000000000000        94.8738455794660     
   691.000000000000        94.8567268678297     
   692.000000000000        94.8391353382227     
   693.000000000000        94.8226498005235     
   694.000000000000        94.8070161085974     
   695.000000000000        94.7890214216138     
   696.000000000000        94.7725921281933     
   697.000000000000        94.7542733125875     
   698.000000000000        94.7390603927438     
   699.000000000000        94.7215639690087     
   700.000000000000        94.7050714898302     
   701.000000000000        94.6885672247149     
   702.000000000000        94.6703017716493     
   703.000000000000        94.6545158100737     
   704.000000000000        94.6374965939126     
   705.000000000000        94.6200646617189     
   706.000000000000        94.6039384790404     
   707.000000000000        94.5878039350684     
   708.000000000000        94.5707543849178     
   709.000000000000        94.5540958645770     
   710.000000000000        94.5366800831779     
   711.000000000000        94.5198825754700     
   712.000000000000        94.5026968261496     
   713.000000000000        94.4864859722805     
   714.000000000000        94.4692840873083     
   715.000000000000        94.4537978736692     
   716.000000000000        94.4357736897716     
   717.000000000000        94.4182367914278     
   718.000000000000        94.4020869899092     
   719.000000000000        94.3847385926156     
   720.000000000000        94.3686559373187     
   721.000000000000        94.3519696710107     
   722.000000000000        94.3345963675806     
   723.000000000000        94.3182475756204     
   724.000000000000        94.3012787093925     
   725.000000000000        94.2846973990011     
   726.000000000000        94.2674518263661     
   727.000000000000        94.2513581694558     
   728.000000000000        94.2341007148564     
   729.000000000000        94.2174220157536     
   730.000000000000        94.2011518459352     
   731.000000000000        94.1829993494829     
   732.000000000000        94.1677008968260     
   733.000000000000        94.1501370016718     
   734.000000000000        94.1340102124383     
   735.000000000000        94.1160441821766     
   736.000000000000        94.1009805615766     
   737.000000000000        94.0833078514478     
   738.000000000000        94.0667444478455     
   739.000000000000        94.0504852846215     
   740.000000000000        94.0328938236318     
   741.000000000000        94.0158470815335     
   742.000000000000        94.0000727090278     
   743.000000000000        93.9819563649284     
   744.000000000000        93.9664909555861     
   745.000000000000        93.9505279041117     
   746.000000000000        93.9320551374425     
   747.000000000000        93.9159606150327     
   748.000000000000        93.8991831675046     
   749.000000000000        93.8818008730914     
   750.000000000000        93.8645311759381     
   751.000000000000        93.8489977786327     
   752.000000000000        93.8317999560770     
   753.000000000000        93.8146207522807     
   754.000000000000        93.7991141032064     
   755.000000000000        93.7825748831317     
   756.000000000000        93.7649762250030     
   757.000000000000        93.7481146657475     
   758.000000000000        93.7325628110146     
   759.000000000000        93.7140658388546     
   760.000000000000        93.6975030872418     
   761.000000000000        93.6820967188875     
   762.000000000000        93.6634720235113     
   763.000000000000        93.6464683666811     
   764.000000000000        93.6303562079168     
   765.000000000000        93.6132772855231     
   766.000000000000        93.5973972082631     
   767.000000000000        93.5803408584971     
   768.000000000000        93.5653033081773     
   769.000000000000        93.5470383847669     
   770.000000000000        93.5300421268549     
   771.000000000000        93.5145294003585     
   772.000000000000        93.4967199989843     
   773.000000000000        93.4790450004863     
   774.000000000000        93.4628317265222     
   775.000000000000        93.4452395335220     
   776.000000000000        93.4286269256185     
   777.000000000000        93.4128343664007     
   778.000000000000        93.3948984548963     
   779.000000000000        93.3783925460451     
   780.000000000000        93.3622515483845     
   781.000000000000        93.3452540911677     
   782.000000000000        93.3280681760837     
   783.000000000000        93.3118440089749     
   784.000000000000        93.2951573058491     
   785.000000000000        93.2782285143669     
   786.000000000000        93.2606459610149     
   787.000000000000        93.2435764774646     
   788.000000000000        93.2275086617801     
   789.000000000000        93.2105573216271     
   790.000000000000        93.1933424739317     
   791.000000000000        93.1758346425261     
   792.000000000000        93.1589462823859     
   793.000000000000        93.1422923463635     
   794.000000000000        93.1267072331348     
   795.000000000000        93.1086300226816     
   796.000000000000        93.0928629828735     
   797.000000000000        93.0755250671930     
   798.000000000000        93.0584467037531     
   799.000000000000        93.0409346209599     
   800.000000000000        93.0251870631623     
   801.000000000000        93.0068820300168     
   802.000000000000        92.9919122091746     
   803.000000000000        92.9732946722275     
   804.000000000000        92.9569250640655     
   805.000000000000        92.9405486009606     
   806.000000000000        92.9236185789658     
   807.000000000000        92.9059917609355     
   808.000000000000        92.8900443418419     
   809.000000000000        92.8725397368617     
   810.000000000000        92.8557319218389     
   811.000000000000        92.8387101685481     
   812.000000000000        92.8220199983904     
   813.000000000000        92.8050598829626     
   814.000000000000        92.7873906830345     
   815.000000000000        92.7719061188165     
   816.000000000000        92.7524663438779     
   817.000000000000        92.7375760453478     
   818.000000000000        92.7194100965958     
   819.000000000000        92.7019071050486     
   820.000000000000        92.6852567875514     
   821.000000000000        92.6683413558924     
   822.000000000000        92.6516217430549     
   823.000000000000        92.6344342439762     
   824.000000000000        92.6172998206149     
   825.000000000000        92.6012238945297     
   826.000000000000        92.5835821849679     
   827.000000000000        92.5664108556214     
   828.000000000000        92.5487247378765     
   829.000000000000        92.5315068566341     
   830.000000000000        92.5154195017830     
   831.000000000000        92.4984717409030     
   832.000000000000        92.4812781496073     
   833.000000000000        92.4633897166717     
   834.000000000000        92.4466082384801     
   835.000000000000        92.4289345861808     
   836.000000000000        92.4123631029701     
   837.000000000000        92.3947491997901     
   838.000000000000        92.3786175535273     
   839.000000000000        92.3608478432511     
   840.000000000000        92.3438640098864     
   841.000000000000        92.3273902124795     
   842.000000000000        92.3091233671092     
   843.000000000000        92.2913850687749     
   844.000000000000        92.2756637515233     
   845.000000000000        92.2565951659810     
   846.000000000000        92.2405452244809     
   847.000000000000        92.2232444211253     
   848.000000000000        92.2060661188262     
   849.000000000000        92.1890942249834     
   850.000000000000        92.1724421150329     
   851.000000000000        92.1546943717610     
   852.000000000000        92.1378111165287     
   853.000000000000        92.1193528875974     
   854.000000000000        92.1033209074143     
   855.000000000000        92.0857127895684     
   856.000000000000        92.0681357775042     
   857.000000000000        92.0514288833110     
   858.000000000000        92.0332184107219     
   859.000000000000        92.0163123179345     
   860.000000000000        91.9987168455352     
   861.000000000000        91.9823446270449     
   862.000000000000        91.9643485784233     
   863.000000000000        91.9455826105489     
   864.000000000000        91.9296943284686     
   865.000000000000        91.9133024070222     
   866.000000000000        91.8939120962127     
   867.000000000000        91.8769411781710     
   868.000000000000        91.8592636874890     
   869.000000000000        91.8418325417252     
   870.000000000000        91.8244945501617     
   871.000000000000        91.8073689903876     
   872.000000000000        91.7899876520488     
   873.000000000000        91.7730577458995     
   874.000000000000        91.7552235702505     
   875.000000000000        91.7375034662918     
   876.000000000000        91.7210266445524     
   877.000000000000        91.7016783832661     
   878.000000000000        91.6851567088125     
   879.000000000000        91.6682419202963     
   880.000000000000        91.6504457794931     
   881.000000000000        91.6329931716447     
   882.000000000000        91.6146251687299     
   883.000000000000        91.5965328533114     
   884.000000000000        91.5795514438781     
   885.000000000000        91.5623412400121     
   886.000000000000        91.5438248695339     
   887.000000000000        91.5268607405732     
   888.000000000000        91.5089967868067     
   889.000000000000        91.4919116996609     
   890.000000000000        91.4732878756461     
   891.000000000000        91.4562224518166     
   892.000000000000        91.4388568473624     
   893.000000000000        91.4200479141202     
   894.000000000000        91.4039636558952     
   895.000000000000        91.3840683542774     
   896.000000000000        91.3691315784195     
   897.000000000000        91.3496153188101     
   898.000000000000        91.3328049913715     
   899.000000000000        91.3136379966261     
   900.000000000000        91.2975512967639     
   901.000000000000        91.2786337074469     
   902.000000000000        91.2604799989695     
   903.000000000000        91.2432544824578     
   904.000000000000        91.2255531413842     
   905.000000000000        91.2081408226613     
   906.000000000000        91.1900152168472     
   907.000000000000        91.1714011050964     
   908.000000000000        91.1543594018176     
   909.000000000000        91.1359087625044     
   910.000000000000        91.1176296705902     
   911.000000000000        91.0999160515891     
   912.000000000000        91.0842684336576     
   913.000000000000        91.0638565602918     
   914.000000000000        91.0467744687190     
   915.000000000000        91.0289834876542     
   916.000000000000        91.0105923285459     
   917.000000000000        90.9923527737217     
   918.000000000000        90.9750595042253     
   919.000000000000        90.9569192721173     
   920.000000000000        90.9387929120713     
   921.000000000000        90.9207170186318     
   922.000000000000        90.9029733694564     
   923.000000000000        90.8853393281451     
   924.000000000000        90.8659090595139     
   925.000000000000        90.8480453873743     
   926.000000000000        90.8312984219369     
   927.000000000000        90.8125236604883     
   928.000000000000        90.7944369127902     
   929.000000000000        90.7762755600296     
   930.000000000000        90.7569116714464     
   931.000000000000        90.7410540179246     
   932.000000000000        90.7217358471534     
   933.000000000000        90.7031228031692     
   934.000000000000        90.6856408537847     
   935.000000000000        90.6663083261619     
   936.000000000000        90.6489599164476     
   937.000000000000        90.6297963061620     
   938.000000000000        90.6123221182891     
   939.000000000000        90.5934654668329     
   940.000000000000        90.5764190300579     
   941.000000000000        90.5575575718824     
   942.000000000000        90.5396234568288     
   943.000000000000        90.5215574886903     
   944.000000000000        90.5028728430267     
   945.000000000000        90.4851394660150     
   946.000000000000        90.4659773804700     
   947.000000000000        90.4468426347715     
   948.000000000000        90.4301909035704     
   949.000000000000        90.4103455390888     
   950.000000000000        90.3926907080571     
   951.000000000000        90.3746923543728     
   952.000000000000        90.3551269686627     
   953.000000000000        90.3376168665615     
   954.000000000000        90.3181552371822     
   955.000000000000        90.3003233777116     
   956.000000000000        90.2812306769828     
   957.000000000000        90.2634187319067     
   958.000000000000        90.2453626910218     
   959.000000000000        90.2269811677999     
   960.000000000000        90.2067571489272     
   961.000000000000        90.1899285679823     
   962.000000000000        90.1700520009924     
   963.000000000000        90.1519270673716     
   964.000000000000        90.1337857585922     
   965.000000000000        90.1143940455137     
   966.000000000000        90.0960856153328     
   967.000000000000        90.0789237647531     
   968.000000000000        90.0579267392662     
   969.000000000000        90.0416156949691     
   970.000000000000        90.0234700283615     
   971.000000000000        90.0046141487329     
   972.000000000000        89.9845173496001     
   973.000000000000        89.9662810950998     
   974.000000000000        89.9469970770746     
   975.000000000000        89.9285399541217     
   976.000000000000        89.9110246410957     
   977.000000000000        89.8909402667627     
   978.000000000000        89.8741743576038     
   979.000000000000        89.8527615398680     
   980.000000000000        89.8352433060997     
   981.000000000000        89.8177372373005     
   982.000000000000        89.7977996454028     
   983.000000000000        89.7795542984848     
   984.000000000000        89.7603221633829     
   985.000000000000        89.7417886488456     
   986.000000000000        89.7222978582729     
   987.000000000000        89.7038740153541     
   988.000000000000        89.6842159006376     
   989.000000000000        89.6655153961447     
   990.000000000000        89.6466635707712     
   991.000000000000        89.6280678956598     
   992.000000000000        89.6086107485367     
   993.000000000000        89.5909955738178     
   994.000000000000        89.5707225845994     
   995.000000000000        89.5531230349506     
   996.000000000000        89.5330128283524     
   997.000000000000        89.5144662888173     
   998.000000000000        89.4958293710898     
   999.000000000000        89.4754698682050     
   1000.00000000000        89.4584103353016     
   1001.00000000000        89.4383743510718     
   1002.00000000000        89.4191607370479     
   1003.00000000000        89.4003087853879     
   1004.00000000000        89.3806365913719     
   1005.00000000000        89.3617900780426     
   1006.00000000000        89.3432472985562     
   1007.00000000000        89.3234247364938     
   1008.00000000000        89.3047789842750     
   1009.00000000000        89.2861789099863     
   1010.00000000000        89.2660694378980     
   1011.00000000000        89.2478847231541     
   1012.00000000000        89.2280893644727     
   1013.00000000000        89.2092892696010     
   1014.00000000000        89.1897480133892     
   1015.00000000000        89.1704264659811     
   1016.00000000000        89.1530623723372     
   1017.00000000000        89.1336555014373     
   1018.00000000000        89.1126295254459     
   1019.00000000000        89.0953956374354     
   1020.00000000000        89.0750236739925     
   1021.00000000000        89.0568918892395     
   1022.00000000000        89.0369893571181     
   1023.00000000000        89.0167620733230     
   1024.00000000000        88.9982479443795     
   1025.00000000000        88.9786340505901     
   1026.00000000000        88.9595190749280     
   1027.00000000000        88.9410277165991     
   1028.00000000000        88.9203849568913     
   1029.00000000000        88.9023070087520     
   1030.00000000000        88.8834624973366     
   1031.00000000000        88.8632132268341     
   1032.00000000000        88.8439760034794     
   1033.00000000000        88.8252654507550     
   1034.00000000000        88.8052487202395     
   1035.00000000000        88.7862800966525     
   1036.00000000000        88.7674614695998     
   1037.00000000000        88.7472857234314     
   1038.00000000000        88.7271525790314     
   1039.00000000000        88.7089945435250     
   1040.00000000000        88.6902757761094     
   1041.00000000000        88.6700666840847     
   1042.00000000000        88.6504811700106     
   1043.00000000000        88.6314809750506     
   1044.00000000000        88.6122480434812     
   1045.00000000000        88.5920942407477     
   1046.00000000000        88.5731514013185     
   1047.00000000000        88.5533939285164     
   1048.00000000000        88.5336273026261     
   1049.00000000000        88.5148245249737     
   1050.00000000000        88.4962465533806     
   1051.00000000000        88.4773729359994     
   1052.00000000000        88.4562448223975     
   1053.00000000000        88.4372744863565     
   1054.00000000000        88.4168266698258     
   1055.00000000000        88.3981797661762     
   1056.00000000000        88.3788972960392     
   1057.00000000000        88.3589750491786     
   1058.00000000000        88.3411959559791     
   1059.00000000000        88.3197110420230     
   1060.00000000000        88.3015912460989     
   1061.00000000000        88.2816244704761     
   1062.00000000000        88.2627946897224     
   1063.00000000000        88.2432723401676     
   1064.00000000000        88.2221754549424     
   1065.00000000000        88.2035876493420     
   1066.00000000000        88.1845109921129     
   1067.00000000000        88.1638236357626     
   1068.00000000000        88.1458554760073     
   1069.00000000000        88.1255686511662     
   1070.00000000000        88.1061566422161     
   1071.00000000000        88.0882916728382     
   1072.00000000000        88.0684913705823     
   1073.00000000000        88.0464590077206     
   1074.00000000000        88.0293629897697     
   1075.00000000000        88.0082245522411     
   1076.00000000000        87.9904286437784     
   1077.00000000000        87.9700799708659     
   1078.00000000000        87.9513396292108     
   1079.00000000000        87.9306572311530     
   1080.00000000000        87.9113872774329     
   1081.00000000000        87.8913303642611     
   1082.00000000000        87.8726364822892     
   1083.00000000000        87.8536471411662     
   1084.00000000000        87.8333947736196     
   1085.00000000000        87.8144741200062     
   1086.00000000000        87.7938652546520     
   1087.00000000000        87.7760194507974     
   1088.00000000000        87.7552944185800     
   1089.00000000000        87.7359918772894     
   1090.00000000000        87.7146827230767     
   1091.00000000000        87.6978261483888     
   1092.00000000000        87.6767985608339     
   1093.00000000000        87.6586298342027     
   1094.00000000000        87.6379524436098     
   1095.00000000000        87.6192920732841     
   1096.00000000000        87.5980795343133     
   1097.00000000000        87.5809792569889     
   1098.00000000000        87.5605094397868     
   1099.00000000000        87.5417042435006     
   1100.00000000000        87.5226646995327     
   1101.00000000000        87.5023173231495     
   1102.00000000000        87.4837734105739     
   1103.00000000000        87.4626795849118     
   1104.00000000000        87.4449881533381     
   1105.00000000000        87.4249542546293     
   1106.00000000000        87.4061556222395     
   1107.00000000000        87.3858751182964     
   1108.00000000000        87.3669827958458     
   1109.00000000000        87.3463978997679     
   1110.00000000000        87.3286032358209     
   1111.00000000000        87.3086451568733     
   1112.00000000000        87.2895369302874     
   1113.00000000000        87.2707241085146     
   1114.00000000000        87.2502195096546     
   1115.00000000000        87.2320616111933     
   1116.00000000000        87.2133292305626     
   1117.00000000000        87.1947811606674     
   1118.00000000000        87.1733415840220     
   1119.00000000000        87.1553813124227     
   1120.00000000000        87.1347055264543     
   1121.00000000000        87.1163286949602     
   1122.00000000000        87.0978707541064     
   1123.00000000000        87.0771331450577     
   1124.00000000000        87.0594613728360     
   1125.00000000000        87.0393473055918     
   1126.00000000000        87.0204271631533     
   1127.00000000000        87.0013954249509     
   1128.00000000000        86.9830196342325     
   1129.00000000000        86.9627293152254     
   1130.00000000000        86.9447995307046     
   1131.00000000000        86.9250268385565     
   1132.00000000000        86.9057961365519     
   1133.00000000000        86.8882024608057     
   1134.00000000000        86.8664775437012     
   1135.00000000000        86.8494861449012     
   1136.00000000000        86.8302895995303     
   1137.00000000000        86.8130976495370     
   1138.00000000000        86.7930548800386     
   1139.00000000000        86.7719585036036     
   1140.00000000000        86.7546906571840     
   1141.00000000000        86.7356653521366     
   1142.00000000000        86.7156946862561     
   1143.00000000000        86.6987859185166     
   1144.00000000000        86.6787652286207     
   1145.00000000000        86.6616595598109     
   1146.00000000000        86.6422456262080     
   1147.00000000000        86.6244188292791     
   1148.00000000000        86.6047164164560     
   1149.00000000000        86.5873564425429     
   1150.00000000000        86.5690029737813     
   1151.00000000000        86.5497162584998     
   1152.00000000000        86.5313535785410     
   1153.00000000000        86.5118798317313     
   1154.00000000000        86.4940355334674     
   1155.00000000000        86.4760494720265     
   1156.00000000000        86.4575977996832     
   1157.00000000000        86.4387683997356     
   1158.00000000000        86.4197887486655     
   1159.00000000000        86.4015349662222     
   1160.00000000000        86.3842361832350     
   1161.00000000000        86.3663397428221     
   1162.00000000000        86.3455098620469     
   1163.00000000000        86.3288060885155     
   1164.00000000000        86.3115644017912     
   1165.00000000000        86.2926133858282     
   1166.00000000000        86.2764336579019     
   1167.00000000000        86.2564927123138     
   1168.00000000000        86.2386152800308     
   1169.00000000000        86.2221425974464     
   1170.00000000000        86.2028150908952     
   1171.00000000000        86.1845268301742     
   1172.00000000000        86.1687988328374     
   1173.00000000000        86.1493730944543     
   1174.00000000000        86.1308217529215     
   1175.00000000000        86.1154699301810     
   1176.00000000000        86.0965507904301     
   1177.00000000000        86.0805913038905     
   1178.00000000000        86.0606416681672     
   1179.00000000000        86.0425679339041     
   1180.00000000000        86.0264453824277     
   1181.00000000000        86.0090798289728     
   1182.00000000000        85.9913226120583     
   1183.00000000000        85.9745329998710     
   1184.00000000000        85.9582329419243     
   1185.00000000000        85.9391169204338     
   1186.00000000000        85.9240068824870     
   1187.00000000000        85.9069087549031     
   1188.00000000000        85.8875740105450     
   1189.00000000000        85.8718773528737     
   1190.00000000000        85.8545069045216     
   1191.00000000000        85.8374672376431     
   1192.00000000000        85.8205202683873     
   1193.00000000000        85.8057289350679     
   1194.00000000000        85.7892450768141     
   1195.00000000000        85.7706859365937     
   1196.00000000000        85.7558345454394     
   1197.00000000000        85.7392890384446     
   1198.00000000000        85.7216050752673     
   1199.00000000000        85.7058920379111     
   1200.00000000000        85.6891768630529     
   1201.00000000000        85.6729645581223     
   1202.00000000000        85.6566502848631     
   1203.00000000000        85.6415511648701     
   1204.00000000000        85.6242849594875     
   1205.00000000000        85.6095169085404     
   1206.00000000000        85.5935490678488     
   1207.00000000000        85.5762936967349     
   1208.00000000000        85.5613487769086     
   1209.00000000000        85.5479779112924     
   1210.00000000000        85.5313831295429     
   1211.00000000000        85.5140923852084     
   1212.00000000000        85.5012054389649     
   1213.00000000000        85.4835189945929     
   1214.00000000000        85.4692342674643     
   1215.00000000000        85.4555555827349     
   1216.00000000000        85.4379997710521     
   1217.00000000000        85.4246346693707     
   1218.00000000000        85.4079648634825     
   1219.00000000000        85.3954780091067     
   1220.00000000000        85.3792562960625     
   1221.00000000000        85.3634370291040     
   1222.00000000000        85.3517828245329     
   1223.00000000000        85.3349009872424     
   1224.00000000000        85.3212309639253     
   1225.00000000000        85.3079289810272     
   1226.00000000000        85.2920001515033     
   1227.00000000000        85.2784469304561     
   1228.00000000000        85.2647425396834     
   1229.00000000000        85.2501902305678     
   1230.00000000000        85.2365678311176     
   1231.00000000000        85.2240854980492     
   1232.00000000000        85.2092024822350     
   1233.00000000000        85.1966091827306     
   1234.00000000000        85.1817739698312     
   1235.00000000000        85.1714194337123     
   1236.00000000000        85.1561954081953     
   1237.00000000000        85.1424988204176     
   1238.00000000000        85.1305347315130     
   1239.00000000000        85.1183478243126     
   1240.00000000000        85.1043862221120     
   1241.00000000000        85.0926422295980     
   1242.00000000000        85.0773660596678     
   1243.00000000000        85.0681970690696     
   1244.00000000000        85.0535850653148     
   1245.00000000000        85.0423927042065     
   1246.00000000000        85.0286300954171     
   1247.00000000000        85.0186956560387     
   1248.00000000000        85.0062623345327     
   1249.00000000000        84.9938877251719     
   1250.00000000000        84.9835533735583     
   1251.00000000000        84.9707644331340     
   1252.00000000000        84.9615460884304     
   1253.00000000000        84.9490660687690     
   1254.00000000000        84.9383669560425     
   1255.00000000000        84.9271338733817     
   1256.00000000000        84.9180620010207     
   1257.00000000000        84.9061865805250     
   1258.00000000000        84.8961339716472     
   1259.00000000000        84.8862862694977     
   1260.00000000000        84.8738645311363     
   1261.00000000000        84.8652140415070     
   1262.00000000000        84.8571339085888     
   1263.00000000000        84.8445514816742     
   1264.00000000000        84.8359354897352     
   1265.00000000000        84.8278836060164     
   1266.00000000000        84.8173521540208     
   1267.00000000000        84.8089044979036     
   1268.00000000000        84.7997437005099     
   1269.00000000000        84.7895103844156     
   1270.00000000000        84.7832231393703     
   1271.00000000000        84.7704332223534     
   1272.00000000000        84.7658470585727     
   1273.00000000000        84.7564858588817     
   1274.00000000000        84.7473730471308     
   1275.00000000000        84.7412331828394     
   1276.00000000000        84.7337726530517     
   1277.00000000000        84.7272972067107     
   1278.00000000000        84.7178406628817     
   1279.00000000000        84.7108884420259     
   1280.00000000000        84.7037814500108     
   1281.00000000000        84.6978637451470     
   1282.00000000000        84.6906166168241     
   1283.00000000000        84.6842593743121     
   1284.00000000000        84.6795350110399     
   1285.00000000000        84.6721240217228     
   1286.00000000000        84.6677249162237     
   1287.00000000000        84.6593532553315     
   1288.00000000000        84.6555053850172     
   1289.00000000000        84.6517663397768     
   1290.00000000000        84.6442308699804     
   1291.00000000000        84.6412040685271     
   1292.00000000000        84.6356000788252     
   1293.00000000000        84.6336312839350     
   1294.00000000000        84.6270857921659     
   1295.00000000000        84.6257313402329     
   1296.00000000000        84.6162881102131     
   1297.00000000000        84.6182948258529     
   1298.00000000000        84.6089862499204     
   1299.00000000000        84.6122492789086     
   1300.00000000000        84.6066483520762     
   1301.00000000000        84.6024108292771     
   1302.00000000000        84.6040144317787     
   1303.00000000000        84.5975372319894     
   1304.00000000000        84.5996339038087     
   1305.00000000000        84.5980007485431     
   1306.00000000000        84.5921911618090     
   1307.00000000000        84.5976776936757     
   1308.00000000000        84.5893406081320     
   1309.00000000000        84.5946362126946     
   1310.00000000000        84.5909754515921     
   1311.00000000000        84.5933437812963     
   1312.00000000000        84.5914370275198     
   1313.00000000000        84.5912712175618     
   1314.00000000000        84.5937314435396     
   1315.00000000000        84.5935534811735     
   1316.00000000000        84.5957023073964     
   1317.00000000000        84.5938461338811     
   1318.00000000000        84.5982345886354     
   1319.00000000000        84.6000551834771     
   1320.00000000000        84.6017535019470     
   1321.00000000000        84.6034890965723     
   1322.00000000000        84.6075963656492     
   1323.00000000000        84.6121133153868     
   1324.00000000000        84.6122378699380     
   1325.00000000000        84.6148706277689     
   1326.00000000000        84.6239910298349     
   1327.00000000000        84.6248458109661     
   1328.00000000000        84.6293543658451     
   1329.00000000000        84.6366359506793     
   1330.00000000000        84.6397111801497     
   1331.00000000000        84.6459287628937     
   1332.00000000000        84.6529763474586     
   1333.00000000000        84.6541503914512     
   1334.00000000000        84.6670247185069     
   1335.00000000000        84.6704667870715     
   1336.00000000000        84.6752380706345     
   1337.00000000000        84.6876747708011     
   1338.00000000000        84.6930688756857     
   1339.00000000000        84.7002429418408     
   1340.00000000000        84.7121124434962     
   1341.00000000000        84.7193334507977     
   1342.00000000000        84.7290980576656     
   1343.00000000000        84.7363503467168     
   1344.00000000000        84.7496077840504     
   1345.00000000000        84.7586563368599     
   1346.00000000000        84.7655841359040     
   1347.00000000000        84.7782999221337     
   1348.00000000000        84.7959430682951     
   1349.00000000000        84.8005535644603     
   1350.00000000000        84.8158328461633     
   1351.00000000000        84.8271611309276     
   1352.00000000000        84.8389681312427     
   1353.00000000000        84.8554708629219     
   1354.00000000000        84.8684454230564     
   1355.00000000000        84.8829730571409     
   1356.00000000000        84.8984155584473     
   1357.00000000000        84.9106735222481     
   1358.00000000000        84.9295480335647     
