  0.000000000000000E+000  0.000000000000000E+000
   1.00000000000000       0.000000000000000E+000
   2.00000000000000       0.000000000000000E+000
   3.00000000000000       0.000000000000000E+000
   4.00000000000000       2.161507681004005E-008
   5.00000000000000      -5.403769202510012E-008
   6.00000000000000       1.945356912903604E-007
   7.00000000000000       2.458714987142056E-006
   8.00000000000000       1.368234362075535E-005
   9.00000000000000       5.439704267706703E-005
   10.0000000000000       1.555474964942507E-004
   11.0000000000000       3.620579403373733E-004
   12.0000000000000       7.225055574523986E-004
   13.0000000000000       1.282325239294031E-003
   14.0000000000000       2.092177322135801E-003
   15.0000000000000       3.195613483865340E-003
   16.0000000000000       4.635396452066709E-003
   17.0000000000000       6.456850340925960E-003
   18.0000000000000       8.698906605662580E-003
   19.0000000000000       1.140245286594736E-002
   20.0000000000000       1.460590181515634E-002
   21.0000000000000       1.834367816499411E-002
   22.0000000000000       2.264725616918069E-002
   23.0000000000000       2.753969371090319E-002
   24.0000000000000       3.304370283211976E-002
   25.0000000000000       3.917293615572055E-002
   26.0000000000000       4.594270526174086E-002
   27.0000000000000       5.335474476009470E-002
   28.0000000000000       6.141559861528630E-002
   29.0000000000000       7.011934429626973E-002
   30.0000000000000       7.946653298750363E-002
   31.0000000000000       8.944486571028309E-002
   32.0000000000000       0.100053250903229     
   33.0000000000000       0.111274147931511     
   34.0000000000000       0.123094555326426     
   35.0000000000000       0.135509050405581     
   36.0000000000000       0.148495415571899     
   37.0000000000000       0.162042335332670     
   38.0000000000000       0.176132025883449     
   39.0000000000000       0.190749953786966     
   40.0000000000000       0.205878310921813     
   41.0000000000000       0.221498927114047     
   42.0000000000000       0.237600608455766     
   43.0000000000000       0.254155082426502     
   44.0000000000000       0.271152805969842     
   45.0000000000000       0.288566098278048     
   46.0000000000000       0.306391303701253     
   47.0000000000000       0.324592833015491     
   48.0000000000000       0.343163812626335     
   49.0000000000000       0.362081679095480     
   50.0000000000000       0.381324133769312     
   51.0000000000000       0.400869980363135     
   52.0000000000000       0.420712407425868     
   53.0000000000000       0.440821224098978     
   54.0000000000000       0.461176668798490     
   55.0000000000000       0.481768882347494     
   56.0000000000000       0.502566639065655     
   57.0000000000000       0.523561784665244     
   58.0000000000000       0.544737378329813     
   59.0000000000000       0.566063402121442     
   60.0000000000000       0.587527130163658     
   61.0000000000000       0.609121318703846     
   62.0000000000000       0.630814163858364     
   63.0000000000000       0.652601248045889     
   64.0000000000000       0.674458873036584     
   65.0000000000000       0.696365688538329     
   66.0000000000000       0.718331988731455     
   67.0000000000000       0.740304570806280     
   68.0000000000000       0.762309051330706     
   69.0000000000000       0.784301286914120     
   70.0000000000000       0.806279975248143     
   71.0000000000000       0.828244762385893     
   72.0000000000000       0.850152291185173     
   73.0000000000000       0.872027362244738     
   74.0000000000000       0.893828758314996     
   75.0000000000000       0.915571693708137     
   76.0000000000000       0.937217712500630     
   77.0000000000000       0.958792344800074     
   78.0000000000000       0.980249201949749     
   79.0000000000000        1.00160568408649     
   80.0000000000000        1.02285526345709     
   81.0000000000000        1.04396982965417     
   82.0000000000000        1.06495527818993     
   83.0000000000000        1.08580922870403     
   84.0000000000000        1.10652001716064     
   85.0000000000000        1.12708448775856     
   86.0000000000000        1.14748130641697     
   87.0000000000000        1.16774345504120     
   88.0000000000000        1.18782133513563     
   89.0000000000000        1.20774267884379     
   90.0000000000000        1.22749249070617     
   91.0000000000000        1.24707179743889     
   92.0000000000000        1.26646721930942     
   93.0000000000000        1.28568232280544     
   94.0000000000000        1.30472584041796     
   95.0000000000000        1.32357161520218     
   96.0000000000000        1.34224413433822     
   97.0000000000000        1.36071820545407     
   98.0000000000000        1.37900449559014     
   99.0000000000000        1.39711047005356     
   100.000000000000        1.41501506225012     
   101.000000000000        1.43272670476165     
   102.000000000000        1.45025450023738     
   103.000000000000        1.46758011368839     
   104.000000000000        1.48471766516361     
   105.000000000000        1.50166169145239     
   106.000000000000        1.51841509978254     
   107.000000000000        1.53496585325818     
   108.000000000000        1.55134374015703     
   109.000000000000        1.56750540063502     
   110.000000000000        1.58350001979941     
   111.000000000000        1.59928375416879     
   112.000000000000        1.61489368710931     
   113.000000000000        1.63030800630659     
   114.000000000000        1.64553326923454     
   115.000000000000        1.66057770853556     
   116.000000000000        1.67544062982530     
   117.000000000000        1.69010884520501     
   118.000000000000        1.70460586917639     
   119.000000000000        1.71891439076479     
   120.000000000000        1.73304876508311     
   121.000000000000        1.74700240763856     
   122.000000000000        1.76078546941160     
   123.000000000000        1.77438631068336     
   124.000000000000        1.78782721659803     
   125.000000000000        1.80107931481676     
   126.000000000000        1.81417658424031     
   127.000000000000        1.82709965505796     
   128.000000000000        1.83985942937408     
   129.000000000000        1.85246168651983     
   130.000000000000        1.86488473846751     
   131.000000000000        1.87716932693504     
   132.000000000000        1.88928193504393     
   133.000000000000        1.90123553994592     
   134.000000000000        1.91304070871168     
   135.000000000000        1.92470621976429     
   136.000000000000        1.93618643557095     
   137.000000000000        1.94755252377205     
   138.000000000000        1.95875776337906     
   139.000000000000        1.96981233779506     
   140.000000000000        1.98072831093478     
   141.000000000000        1.99150520456465     
   142.000000000000        2.00213759600228     
   143.000000000000        2.01264701116229     
   144.000000000000        2.02299260565514     
   145.000000000000        2.03323391280616     
   146.000000000000        2.04331974811346     
   147.000000000000        2.05328453628873     
   148.000000000000        2.06312610771865     
   149.000000000000        2.07283301181627     
   150.000000000000        2.08241743948492     
   151.000000000000        2.09187032590175     
   152.000000000000        2.10122141611435     
   153.000000000000        2.11042603986460     
   154.000000000000        2.11953449813812     
   155.000000000000        2.12851426564808     
   156.000000000000        2.13738636846046     
   157.000000000000        2.14614143914132     
   158.000000000000        2.15478440863009     
   159.000000000000        2.16330875998109     
   160.000000000000        2.17174328447663     
   161.000000000000        2.18005270360948     
   162.000000000000        2.18827615958186     
   163.000000000000        2.19637187315218     
   164.000000000000        2.20438700031238     
   165.000000000000        2.21228427937193     
   166.000000000000        2.22009058597695     
   167.000000000000        2.22779872230687     
   168.000000000000        2.23541857725933     
   169.000000000000        2.24292604191803     
   170.000000000000        2.25034513333520     
   171.000000000000        2.25767088274504     
   172.000000000000        2.26492377313472     
   173.000000000000        2.27206868270632     
   174.000000000000        2.27911528150482     
   175.000000000000        2.28610137429955     
   176.000000000000        2.29299050726349     
   177.000000000000        2.29978987011155     
   178.000000000000        2.30650682547926     
   179.000000000000        2.31314117072530     
   180.000000000000        2.31971215677744     
   181.000000000000        2.32617686960255     
   182.000000000000        2.33258487527366     
   183.000000000000        2.33890525882714     
   184.000000000000        2.34514172184491     
   185.000000000000        2.35132004570984     
   186.000000000000        2.35742033914747     
   187.000000000000        2.36343187837784     
   188.000000000000        2.36938790468719     
   189.000000000000        2.37528560541366     
   190.000000000000        2.38107384739116     
   191.000000000000        2.38682839956957     
   192.000000000000        2.39250472138123     
   193.000000000000        2.39810843544800     
   194.000000000000        2.40365891158059     
   195.000000000000        2.40912586705638     
   196.000000000000        2.41455147289024     
   197.000000000000        2.41990318218025     
   198.000000000000        2.42518683099716     
   199.000000000000        2.43042074082044     
   200.000000000000        2.43558901646299     
   201.000000000000        2.44070204937299     
   202.000000000000        2.44574533043011     
   203.000000000000        2.45074958276417     
   204.000000000000        2.45566786653399     
   205.000000000000        2.46057749076366     
   206.000000000000        2.46537471659392     
   207.000000000000        2.47016462572068     
   208.000000000000        2.47488799283348     
   209.000000000000        2.47954259968506     
   210.000000000000        2.48415739156516     
   211.000000000000        2.48872537869831     
   212.000000000000        2.49323255721662     
   213.000000000000        2.49770033415180     
   214.000000000000        2.50210426015007     
   215.000000000000        2.50648448251474     
   216.000000000000        2.51079668763646     
   217.000000000000        2.51506315525565     
   218.000000000000        2.51928654943052     
   219.000000000000        2.52348259512947     
   220.000000000000        2.52759121324648     
   221.000000000000        2.53170766682884     
   222.000000000000        2.53572800897216     
   223.000000000000        2.53974463062038     
   224.000000000000        2.54369967631855     
   225.000000000000        2.54762786258189     
   226.000000000000        2.55150040623375     
   227.000000000000        2.55533707156000     
   228.000000000000        2.55913024735170     
   229.000000000000        2.56288022541240     
   230.000000000000        2.56661650491816     
   231.000000000000        2.57028795540481     
   232.000000000000        2.57392153087312     
   233.000000000000        2.57753520696133     
   234.000000000000        2.58108909574710     
   235.000000000000        2.58464611331522     
   236.000000000000        2.58810700863678     
   237.000000000000        2.59159559557361     
   238.000000000000        2.59500114278911     
   239.000000000000        2.59840218055921     
   240.000000000000        2.60174757031406     
   241.000000000000        2.60508688893421     
   242.000000000000        2.60835480214812     
   243.000000000000        2.61162998343161     
   244.000000000000        2.61484604748002     
   245.000000000000        2.61804870207516     
   246.000000000000        2.62119267714053     
   247.000000000000        2.62433539853144     
   248.000000000000        2.62743136110744     
   249.000000000000        2.63051571908908     
   250.000000000000        2.63352894725671     
   251.000000000000        2.63656111293350     
   252.000000000000        2.63954235348933     
   253.000000000000        2.64249533233224     
   254.000000000000        2.64541630465016     
   255.000000000000        2.64831730733898     
   256.000000000000        2.65120156915082     
   257.000000000000        2.65402167201092     
   258.000000000000        2.65685353347281     
   259.000000000000        2.65963219212501     
   260.000000000000        2.66241671386679     
   261.000000000000        2.66515353653782     
   262.000000000000        2.66785551570504     
   263.000000000000        2.67054422861886     
   264.000000000000        2.67322517091257     
   265.000000000000        2.67585808990938     
   266.000000000000        2.67847183092929     
   267.000000000000        2.68106176564398     
   268.000000000000        2.68362898291294     
   269.000000000000        2.68620292787455     
   270.000000000000        2.68869675655397     
   271.000000000000        2.69121123843928     
   272.000000000000        2.69368695368434     
   273.000000000000        2.69614325859042     
   274.000000000000        2.69858054222890     
   275.000000000000        2.70100290876250     
   276.000000000000        2.70339289050727     
   277.000000000000        2.70576194885769     
   278.000000000000        2.70810142697549     
   279.000000000000        2.71045756761563     
   280.000000000000        2.71277211544422     
   281.000000000000        2.71503684052076     
   282.000000000000        2.71732187296197     
   283.000000000000        2.71958670071012     
   284.000000000000        2.72181248082202     
   285.000000000000        2.72402322224423     
   286.000000000000        2.72623476882805     
   287.000000000000        2.72840579795039     
   288.000000000000        2.73056677065824     
   289.000000000000        2.73270718472616     
   290.000000000000        2.73482578918158     
   291.000000000000        2.73695197512520     
   292.000000000000        2.73904531695960     
   293.000000000000        2.74109728483510     
   294.000000000000        2.74316675011527     
   295.000000000000        2.74520817253517     
   296.000000000000        2.74722417022098     
   297.000000000000        2.74925831916753     
   298.000000000000        2.75122273247253     
   299.000000000000        2.75319717787505     
   300.000000000000        2.75518143652244     
   301.000000000000        2.75710777757152     
   302.000000000000        2.75905770066940     
   303.000000000000        2.76094923333916     
   304.000000000000        2.76287508534713     
   305.000000000000        2.76474047458149     
   306.000000000000        2.76661554737026     
   307.000000000000        2.76847431968923     
   308.000000000000        2.77033123851537     
   309.000000000000        2.77215000673093     
   310.000000000000        2.77395248258235     
   311.000000000000        2.77577929160649     
   312.000000000000        2.77754512990272     
   313.000000000000        2.77933949469657     
   314.000000000000        2.78108080528438     
   315.000000000000        2.78284558714373     
   316.000000000000        2.78458326910053     
   317.000000000000        2.78629402137351     
   318.000000000000        2.78802183334586     
   319.000000000000        2.78970954124507     
   320.000000000000        2.79138658210388     
   321.000000000000        2.79308883154601     
   322.000000000000        2.79471862725068     
   323.000000000000        2.79640311720533     
   324.000000000000        2.79801015493601     
   325.000000000000        2.79965884762158     
   326.000000000000        2.80127246984502     
   327.000000000000        2.80286434730120     
   328.000000000000        2.80448075786955     
   329.000000000000        2.80604320369677     
   330.000000000000        2.80762647565049     
   331.000000000000        2.80919001033719     
   332.000000000000        2.81071786393586     
   333.000000000000        2.81229016893998     
   334.000000000000        2.81380121681643     
   335.000000000000        2.81534043724361     
   336.000000000000        2.81681948670072     
   337.000000000000        2.81832924848009     
   338.000000000000        2.81984296581852     
   339.000000000000        2.82128226514938     
   340.000000000000        2.82279199180425     
   341.000000000000        2.82423768919785     
   342.000000000000        2.82567458925518     
   343.000000000000        2.82713355020028     
   344.000000000000        2.82857328993833     
   345.000000000000        2.82997441163977     
   346.000000000000        2.83140049335116     
   347.000000000000        2.83282396774391     
   348.000000000000        2.83417933302963     
   349.000000000000        2.83560495271875     
   350.000000000000        2.83697693999854     
   351.000000000000        2.83833404799982     
   352.000000000000        2.83971452189914     
   353.000000000000        2.84104258734285     
   354.000000000000        2.84243768113975     
   355.000000000000        2.84371365695023     
   356.000000000000        2.84509971294313     
   357.000000000000        2.84639067880938     
   358.000000000000        2.84769923934816     
   359.000000000000        2.84902682655829     
   360.000000000000        2.85033500342945     
   361.000000000000        2.85158392526942     
   362.000000000000        2.85291522757088     
   363.000000000000        2.85416120435663     
   364.000000000000        2.85542274940146     
   365.000000000000        2.85671015418380     
   366.000000000000        2.85797547376142     
   367.000000000000        2.85917717476421     
   368.000000000000        2.86045721420913     
   369.000000000000        2.86167495089703     
   370.000000000000        2.86290314387834     
   371.000000000000        2.86412011323101     
   372.000000000000        2.86534816571432     
   373.000000000000        2.86654232305531     
   374.000000000000        2.86773088749517     
   375.000000000000        2.86895664878033     
   376.000000000000        2.87012163927705     
   377.000000000000        2.87129185792047     
   378.000000000000        2.87249928151485     
   379.000000000000        2.87364002800104     
   380.000000000000        2.87481650961296     
   381.000000000000        2.87596648303506     
   382.000000000000        2.87712819344387     
   383.000000000000        2.87826060461606     
   384.000000000000        2.87939176211380     
   385.000000000000        2.88053752059593     
   386.000000000000        2.88165966460663     
   387.000000000000        2.88278754471835     
   388.000000000000        2.88391517085292     
   389.000000000000        2.88497763023278     
   390.000000000000        2.88614643038679     
   391.000000000000        2.88718811227407     
   392.000000000000        2.88832012897111     
   393.000000000000        2.88940325776818     
   394.000000000000        2.89046504708066     
   395.000000000000        2.89155680569715     
   396.000000000000        2.89264476546388     
   397.000000000000        2.89368623120040     
   398.000000000000        2.89476496673310     
   399.000000000000        2.89582327601822     
   400.000000000000        2.89687204765070     
   401.000000000000        2.89792227830086     
   402.000000000000        2.89896443571983     
   403.000000000000        2.90001611187825     
   404.000000000000        2.90102193705499     
   405.000000000000        2.90206058472587     
   406.000000000000        2.90310729482040     
   407.000000000000        2.90411286601998     
   408.000000000000        2.90511359544237     
   409.000000000000        2.90615608249126     
   410.000000000000        2.90713893894701     
   411.000000000000        2.90816299914292     
   412.000000000000        2.90912859595983     
   413.000000000000        2.91015380175482     
   414.000000000000        2.91113523701926     
   415.000000000000        2.91209522202186     
   416.000000000000        2.91312935214168     
   417.000000000000        2.91405697667240     
   418.000000000000        2.91506049714158     
   419.000000000000        2.91600368452761     
   420.000000000000        2.91700659977463     
   421.000000000000        2.91793565090043     
   422.000000000000        2.91889427145130     
   423.000000000000        2.91986916004935     
   424.000000000000        2.92081366325318     
   425.000000000000        2.92174958256964     
   426.000000000000        2.92271388788571     
   427.000000000000        2.92363429298078     
   428.000000000000        2.92456387907973     
   429.000000000000        2.92550522378046     
   430.000000000000        2.92642955741574     
   431.000000000000        2.92738353342698     
   432.000000000000        2.92825432921889     
   433.000000000000        2.92922055287303     
   434.000000000000        2.93010129970592     
   435.000000000000        2.93102897557246     
   436.000000000000        2.93194401202282     
   437.000000000000        2.93282761474774     
   438.000000000000        2.93376140768101     
   439.000000000000        2.93461900206476     
   440.000000000000        2.93553320633467     
   441.000000000000        2.93643547908218     
   442.000000000000        2.93732472334215     
   443.000000000000        2.93818546812334     
   444.000000000000        2.93910047215109     
   445.000000000000        2.93995004463946     
   446.000000000000        2.94086044735773     
   447.000000000000        2.94170907418649     
   448.000000000000        2.94257193994709     
   449.000000000000        2.94347357504984     
   450.000000000000        2.94433416312172     
   451.000000000000        2.94516822138871     
   452.000000000000        2.94605145935920     
   453.000000000000        2.94690236657856     
   454.000000000000        2.94776750732600     
   455.000000000000        2.94860657218515     
   456.000000000000        2.94945035453481     
   457.000000000000        2.95031633556836     
   458.000000000000        2.95114666253271     
   459.000000000000        2.95199831006845     
   460.000000000000        2.95281689194044     
   461.000000000000        2.95367957667477     
   462.000000000000        2.95451565865332     
   463.000000000000        2.95530760804880     
   464.000000000000        2.95617940894178     
   465.000000000000        2.95698348169346     
   466.000000000000        2.95781019623809     
   467.000000000000        2.95864975824401     
   468.000000000000        2.95943412074753     
   469.000000000000        2.96028979949509     
   470.000000000000        2.96109295360600     
   471.000000000000        2.96190193568200     
   472.000000000000        2.96270800512640     
   473.000000000000        2.96353429547516     
   474.000000000000        2.96430424072244     
   475.000000000000        2.96515752019648     
   476.000000000000        2.96592375575620     
   477.000000000000        2.96675075399872     
   478.000000000000        2.96750601720508     
   479.000000000000        2.96835101270093     
   480.000000000000        2.96912303569747     
   481.000000000000        2.96990624449626     
   482.000000000000        2.97072298908672     
   483.000000000000        2.97147052220123     
   484.000000000000        2.97230809291820     
   485.000000000000        2.97304769870329     
   486.000000000000        2.97384513022262     
   487.000000000000        2.97462324867082     
   488.000000000000        2.97541503325134     
   489.000000000000        2.97619427838542     
   490.000000000000        2.97693588626700     
   491.000000000000        2.97774721628072     
   492.000000000000        2.97850918826654     
   493.000000000000        2.97925759679167     
   494.000000000000        2.98004988392271     
   495.000000000000        2.98081155059558     
   496.000000000000        2.98157738357450     
   497.000000000000        2.98230322325755     
   498.000000000000        2.98313292878844     
   499.000000000000        2.98384209784350     
   500.000000000000        2.98460575310343     
   501.000000000000        2.98537426364999     
   502.000000000000        2.98613557637597     
   503.000000000000        2.98686530947473     
   504.000000000000        2.98766552933897     
   505.000000000000        2.98833893354756     
   506.000000000000        2.98915148481312     
   507.000000000000        2.98987536562983     
   508.000000000000        2.99062409297734     
   509.000000000000        2.99135942708288     
   510.000000000000        2.99211585750338     
   511.000000000000        2.99286601414785     
   512.000000000000        2.99359476105873     
   513.000000000000        2.99431317866478     
   514.000000000000        2.99507409691561     
   515.000000000000        2.99580552409601     
   516.000000000000        2.99652413353587     
   517.000000000000        2.99729142823436     
   518.000000000000        2.99801543333776     
   519.000000000000        2.99873667711511     
   520.000000000000        2.99943418213434     
   521.000000000000        3.00021490790118     
   522.000000000000        3.00092148314703     
   523.000000000000        3.00165957317486     
   524.000000000000        3.00233885938623     
   525.000000000000        3.00310805621148     
   526.000000000000        3.00383419580372     
   527.000000000000        3.00452710761913     
   528.000000000000        3.00525661375959     
   529.000000000000        3.00597157565523     
   530.000000000000        3.00670352159748     
   531.000000000000        3.00738665799441     
   532.000000000000        3.00814874345939     
   533.000000000000        3.00883335778719     
   534.000000000000        3.00954405070517     
   535.000000000000        3.01026950942249     
   536.000000000000        3.01098674900685     
   537.000000000000        3.01165955339706     
   538.000000000000        3.01241860194375     
   539.000000000000        3.01308826404217     
   540.000000000000        3.01382279838987     
   541.000000000000        3.01452034663926     
   542.000000000000        3.01520423416010     
   543.000000000000        3.01591263047617     
   544.000000000000        3.01663107239918     
   545.000000000000        3.01736118646367     
   546.000000000000        3.01797921554736     
   547.000000000000        3.01877135947853     
   548.000000000000        3.01940404898806     
   549.000000000000        3.02014350616950     
   550.000000000000        3.02080614336796     
   551.000000000000        3.02152264533783     
   552.000000000000        3.02220540617280     
   553.000000000000        3.02292157310898     
   554.000000000000        3.02362052904024     
   555.000000000000        3.02428277986920     
   556.000000000000        3.02497281687940     
   557.000000000000        3.02570593273769     
   558.000000000000        3.02635430128356     
   559.000000000000        3.02706255169786     
   560.000000000000        3.02775847071084     
   561.000000000000        3.02842844082410     
   562.000000000000        3.02913163331042     
   563.000000000000        3.02979073644382     
   564.000000000000        3.03050617927493     
   565.000000000000        3.03120202263514     
   566.000000000000        3.03185072351282     
   567.000000000000        3.03252412231764     
   568.000000000000        3.03324545795906     
   569.000000000000        3.03391821641724     
   570.000000000000        3.03460845066501     
   571.000000000000        3.03524999965416     
   572.000000000000        3.03595396758136     
   573.000000000000        3.03666038881978     
   574.000000000000        3.03729802007626     
   575.000000000000        3.03797378303011     
   576.000000000000        3.03866617338179     
   577.000000000000        3.03936444843814     
   578.000000000000        3.04001250086352     
   579.000000000000        3.04069462945749     
   580.000000000000        3.04134997697130     
   581.000000000000        3.04204127846349     
   582.000000000000        3.04274364147124     
   583.000000000000        3.04337371825837     
   584.000000000000        3.04404009216323     
   585.000000000000        3.04475093368486     
   586.000000000000        3.04537355327049     
   587.000000000000        3.04610265683014     
   588.000000000000        3.04673074773208     
   589.000000000000        3.04740538940382     
   590.000000000000        3.04807429227267     
   591.000000000000        3.04873910178635     
   592.000000000000        3.04941746935695     
   593.000000000000        3.05010313201598     
   594.000000000000        3.05071756218939     
   595.000000000000        3.05141641544904     
   596.000000000000        3.05207136848769     
   597.000000000000        3.05272260103125     
   598.000000000000        3.05341702590204     
   599.000000000000        3.05409667146406     
   600.000000000000        3.05467399665623     
   601.000000000000        3.05543111065354     
   602.000000000000        3.05604693229752     
   603.000000000000        3.05668375298861     
   604.000000000000        3.05739397307678     
   605.000000000000        3.05806197081429     
   606.000000000000        3.05864667485330     
   607.000000000000        3.05937079073398     
   608.000000000000        3.06001495244553     
   609.000000000000        3.06067098083426     
   610.000000000000        3.06133241299218     
   611.000000000000        3.06198613937523     
   612.000000000000        3.06263384595938     
   613.000000000000        3.06330538586760     
   614.000000000000        3.06393292828697     
   615.000000000000        3.06462599681169     
   616.000000000000        3.06525016727908     
   617.000000000000        3.06594520547768     
   618.000000000000        3.06652952044531     
   619.000000000000        3.06726187437214     
   620.000000000000        3.06784487352197     
   621.000000000000        3.06854967633152     
   622.000000000000        3.06918199298098     
   623.000000000000        3.06984590276708     
   624.000000000000        3.07047755745482     
   625.000000000000        3.07110895276163     
   626.000000000000        3.07181457424221     
   627.000000000000        3.07243729379757     
   628.000000000000        3.07308537324180     
   629.000000000000        3.07370971392792     
   630.000000000000        3.07442431377103     
   631.000000000000        3.07499609739788     
   632.000000000000        3.07568229503006     
   633.000000000000        3.07634669115540     
   634.000000000000        3.07697040230240     
   635.000000000000        3.07760991677244     
   636.000000000000        3.07827052755745     
   637.000000000000        3.07890420595675     
   638.000000000000        3.07956432499876     
   639.000000000000        3.08022344704535     
   640.000000000000        3.08080035614730     
   641.000000000000        3.08153719520256     
   642.000000000000        3.08211213733251     
   643.000000000000        3.08278681953252     
   644.000000000000        3.08341386750701     
   645.000000000000        3.08404191517881     
   646.000000000000        3.08475131659594     
   647.000000000000        3.08530826147257     
   648.000000000000        3.08599573439428     
   649.000000000000        3.08666710408377     
   650.000000000000        3.08724508043013     
   651.000000000000        3.08787879935770     
   652.000000000000        3.08859323978962     
   653.000000000000        3.08915417534980     
   654.000000000000        3.08985251795327     
   655.000000000000        3.09047835818534     
   656.000000000000        3.09109522816054     
   657.000000000000        3.09174042199201     
   658.000000000000        3.09235723522763     
   659.000000000000        3.09305242743365     
   660.000000000000        3.09360885625032     
   661.000000000000        3.09434027262318     
   662.000000000000        3.09491305054357     
   663.000000000000        3.09554686133522     
   664.000000000000        3.09621333250793     
   665.000000000000        3.09681204852049     
   666.000000000000        3.09747771723347     
   667.000000000000        3.09808814861766     
   668.000000000000        3.09876046396676     
   669.000000000000        3.09932689245834     
   670.000000000000        3.10001329543375     
   671.000000000000        3.10064259407811     
   672.000000000000        3.10126542441074     
   673.000000000000        3.10190726790530     
   674.000000000000        3.10248995633841     
   675.000000000000        3.10318288976890     
   676.000000000000        3.10378935208461     
   677.000000000000        3.10440046974750     
   678.000000000000        3.10505844889690     
   679.000000000000        3.10568282740940     
   680.000000000000        3.10631392821080     
   681.000000000000        3.10691135272252     
   682.000000000000        3.10758740747991     
   683.000000000000        3.10815610555455     
   684.000000000000        3.10884064422958     
   685.000000000000        3.10946945923660     
   686.000000000000        3.11003308857573     
   687.000000000000        3.11069649851319     
   688.000000000000        3.11134492379864     
   689.000000000000        3.11192994666004     
   690.000000000000        3.11259489126795     
   691.000000000000        3.11317959260508     
   692.000000000000        3.11382397857306     
   693.000000000000        3.11442350244912     
   694.000000000000        3.11512240164081     
   695.000000000000        3.11566013881980     
   696.000000000000        3.11628053205252     
   697.000000000000        3.11698775304879     
   698.000000000000        3.11751630922391     
   699.000000000000        3.11821298476457     
   700.000000000000        3.11877972127099     
   701.000000000000        3.11942813845079     
   702.000000000000        3.12003534648666     
   703.000000000000        3.12066009785923     
   704.000000000000        3.12130822053361     
   705.000000000000        3.12186176103564     
   706.000000000000        3.12251493083046     
   707.000000000000        3.12312875307982     
   708.000000000000        3.12377388476795     
   709.000000000000        3.12432407223119     
   710.000000000000        3.12503217944560     
   711.000000000000        3.12557810603682     
   712.000000000000        3.12620745061322     
   713.000000000000        3.12681465594720     
   714.000000000000        3.12748262666586     
   715.000000000000        3.12804166009929     
   716.000000000000        3.12865384500658     
   717.000000000000        3.12928845285419     
   718.000000000000        3.12991264223477     
   719.000000000000        3.13051087190810     
   720.000000000000        3.13111031202574     
   721.000000000000        3.13172659569198     
   722.000000000000        3.13236178714665     
   723.000000000000        3.13292810215908     
   724.000000000000        3.13357592222238     
   725.000000000000        3.13418417858947     
   726.000000000000        3.13478805790351     
   727.000000000000        3.13534633480924     
   728.000000000000        3.13606146151985     
   729.000000000000        3.13654807093653     
   730.000000000000        3.13722143461686     
   731.000000000000        3.13784535380898     
   732.000000000000        3.13840977750218     
   733.000000000000        3.13903729290271     
   734.000000000000        3.13963895667137     
   735.000000000000        3.14020874630739     
   736.000000000000        3.14086389928550     
   737.000000000000        3.14144948413890     
   738.000000000000        3.14202507742304     
   739.000000000000        3.14266455676858     
   740.000000000000        3.14325025780302     
   741.000000000000        3.14383405671070     
   742.000000000000        3.14448615385733     
   743.000000000000        3.14505228784348     
   744.000000000000        3.14561657914434     
   745.000000000000        3.14628171828794     
   746.000000000000        3.14687077776493     
   747.000000000000        3.14739963655113     
   748.000000000000        3.14805200388622     
   749.000000000000        3.14866044668334     
   750.000000000000        3.14924103845400     
   751.000000000000        3.14982414297734     
   752.000000000000        3.15040371343561     
   753.000000000000        3.15104691327625     
   754.000000000000        3.15160939161254     
   755.000000000000        3.15222957950202     
   756.000000000000        3.15278722957053     
   757.000000000000        3.15339053338315     
   758.000000000000        3.15397212485110     
   759.000000000000        3.15457091921832     
   760.000000000000        3.15518496842599     
   761.000000000000        3.15574857344816     
   762.000000000000        3.15633363143406     
   763.000000000000        3.15695469473416     
   764.000000000000        3.15747157336403     
   765.000000000000        3.15814019523688     
   766.000000000000        3.15867558177628     
   767.000000000000        3.15930520464679     
   768.000000000000        3.15980121392001     
   769.000000000000        3.16048517439174     
   770.000000000000        3.16105411023222     
   771.000000000000        3.16158676786817     
   772.000000000000        3.16219359223642     
   773.000000000000        3.16274541704172     
   774.000000000000        3.16340309087817     
   775.000000000000        3.16390950240710     
   776.000000000000        3.16451779660057     
   777.000000000000        3.16511503738414     
   778.000000000000        3.16568440012239     
   779.000000000000        3.16619003080667     
   780.000000000000        3.16687829267869     
   781.000000000000        3.16737431275944     
   782.000000000000        3.16802178427963     
   783.000000000000        3.16849552461996     
   784.000000000000        3.16919313771458     
   785.000000000000        3.16964677873536     
   786.000000000000        3.17029514998313     
   787.000000000000        3.17083920957209     
   788.000000000000        3.17138078883099     
   789.000000000000        3.17203929214601     
   790.000000000000        3.17251850380265     
   791.000000000000        3.17312766800297     
   792.000000000000        3.17370253988392     
   793.000000000000        3.17425802033910     
   794.000000000000        3.17479621413659     
   795.000000000000        3.17540515678237     
   796.000000000000        3.17595395547692     
   797.000000000000        3.17653716537375     
   798.000000000000        3.17707732884512     
   799.000000000000        3.17762828634547     
   800.000000000000        3.17818794931801     
   801.000000000000        3.17880183100883     
   802.000000000000        3.17928164518575     
   803.000000000000        3.17991764990769     
   804.000000000000        3.18046281726934     
   805.000000000000        3.18095816458083     
   806.000000000000        3.18157993307281     
   807.000000000000        3.18212366573373     
   808.000000000000        3.18261093441026     
   809.000000000000        3.18326232906689     
   810.000000000000        3.18376990780997     
   811.000000000000        3.18435886461535     
   812.000000000000        3.18484085380937     
   813.000000000000        3.18542199406260     
   814.000000000000        3.18600591185320     
   815.000000000000        3.18653539477474     
   816.000000000000        3.18703231998683     
   817.000000000000        3.18768643814314     
   818.000000000000        3.18809832153741     
   819.000000000000        3.18876500075523     
   820.000000000000        3.18923546911331     
   821.000000000000        3.18980628276359     
   822.000000000000        3.19037345427343     
   823.000000000000        3.19088140857847     
   824.000000000000        3.19138784442436     
   825.000000000000        3.19201315508705     
   826.000000000000        3.19248329651709     
   827.000000000000        3.19304575864208     
   828.000000000000        3.19360023399618     
   829.000000000000        3.19406160781069     
   830.000000000000        3.19470765003392     
   831.000000000000        3.19515960778060     
   832.000000000000        3.19575400347968     
   833.000000000000        3.19625280920346     
   834.000000000000        3.19674809707348     
   835.000000000000        3.19733238232039     
   836.000000000000        3.19783886409832     
   837.000000000000        3.19838036500256     
   838.000000000000        3.19892760470970     
   839.000000000000        3.19941035853706     
   840.000000000000        3.19994644216268     
   841.000000000000        3.20046563360577     
   842.000000000000        3.20098155036473     
   843.000000000000        3.20153976242523     
   844.000000000000        3.20207659717477     
   845.000000000000        3.20250981464985     
   846.000000000000        3.20313394188709     
   847.000000000000        3.20360412114351     
   848.000000000000        3.20408250872536     
   849.000000000000        3.20464027227302     
   850.000000000000        3.20515599990005     
   851.000000000000        3.20569165122414     
   852.000000000000        3.20613452523478     
   853.000000000000        3.20671248807172     
   854.000000000000        3.20717914947439     
   855.000000000000        3.20776977604446     
   856.000000000000        3.20815872314035     
   857.000000000000        3.20876673363594     
   858.000000000000        3.20919818678037     
   859.000000000000        3.20974956847661     
   860.000000000000        3.21024472935806     
   861.000000000000        3.21076259417581     
   862.000000000000        3.21123339756758     
   863.000000000000        3.21178991014267     
   864.000000000000        3.21220601658257     
   865.000000000000        3.21274067631500     
   866.000000000000        3.21329605409856     
   867.000000000000        3.21374106529993     
   868.000000000000        3.21417854364702     
   869.000000000000        3.21478223653102     
   870.000000000000        3.21523775806348     
   871.000000000000        3.21571406249230     
   872.000000000000        3.21616883830461     
   873.000000000000        3.21677422527026     
   874.000000000000        3.21710806742970     
   875.000000000000        3.21771793952378     
   876.000000000000        3.21816931366338     
   877.000000000000        3.21866308307426     
   878.000000000000        3.21909503876923     
   879.000000000000        3.21964074110403     
   880.000000000000        3.22009136952349     
   881.000000000000        3.22060372790042     
   882.000000000000        3.22102315225461     
   883.000000000000        3.22152828309024     
   884.000000000000        3.22204061715021     
   885.000000000000        3.22250520620740     
   886.000000000000        3.22293388181447     
   887.000000000000        3.22341761642594     
   888.000000000000        3.22394942296823     
   889.000000000000        3.22436134959266     
   890.000000000000        3.22485260354897     
   891.000000000000        3.22526940437321     
   892.000000000000        3.22586217353777     
   893.000000000000        3.22618516222677     
   894.000000000000        3.22676164713283     
   895.000000000000        3.22715481187059     
   896.000000000000        3.22767635935705     
   897.000000000000        3.22808438446011     
   898.000000000000        3.22855079728940     
   899.000000000000        3.22900294686988     
   900.000000000000        3.22951862316111     
   901.000000000000        3.22991791577314     
   902.000000000000        3.23040030214419     
   903.000000000000        3.23081725427397     
   904.000000000000        3.23131512784756     
   905.000000000000        3.23175728315690     
   906.000000000000        3.23216558925596     
   907.000000000000        3.23264533318387     
   908.000000000000        3.23308637531676     
   909.000000000000        3.23356720270040     
   910.000000000000        3.23396503359286     
   911.000000000000        3.23443468598178     
   912.000000000000        3.23483596447899     
   913.000000000000        3.23532160932288     
   914.000000000000        3.23572646241341     
   915.000000000000        3.23624064186057     
   916.000000000000        3.23657743717989     
   917.000000000000        3.23707572414182     
   918.000000000000        3.23744337498328     
   919.000000000000        3.23794566884008     
   920.000000000000        3.23837675182632     
   921.000000000000        3.23876378598791     
   922.000000000000        3.23923120662016     
   923.000000000000        3.23961470401481     
   924.000000000000        3.24010875712357     
   925.000000000000        3.24042633393772     
   926.000000000000        3.24097470033074     
   927.000000000000        3.24127874340492     
   928.000000000000        3.24181659676495     
   929.000000000000        3.24209204849628     
   930.000000000000        3.24269225594914     
   931.000000000000        3.24292653906480     
   932.000000000000        3.24345853203713     
   933.000000000000        3.24384302372531     
   934.000000000000        3.24424359162687     
   935.000000000000        3.24465525616849     
   936.000000000000        3.24511347958555     
   937.000000000000        3.24540070883186     
   938.000000000000        3.24594219082291     
   939.000000000000        3.24629223618431     
   940.000000000000        3.24670423035585     
   941.000000000000        3.24703855615264     
   942.000000000000        3.24758513659994     
   943.000000000000        3.24785038061124     
   944.000000000000        3.24831292163990     
   945.000000000000        3.24866956770538     
   946.000000000000        3.24911425738248     
   947.000000000000        3.24944771317243     
   948.000000000000        3.24992830279022     
   949.000000000000        3.25026933466459     
   950.000000000000        3.25065776299864     
   951.000000000000        3.25103465968920     
   952.000000000000        3.25141286949569     
   953.000000000000        3.25183104017542     
   954.000000000000        3.25226611924900     
   955.000000000000        3.25253497838190     
   956.000000000000        3.25299615225695     
   957.000000000000        3.25333739487832     
   958.000000000000        3.25371106551867     
   959.000000000000        3.25413801462148     
   960.000000000000        3.25445242482687     
   961.000000000000        3.25490842189102     
   962.000000000000        3.25517116936096     
   963.000000000000        3.25563557468999     
   964.000000000000        3.25597150000246     
   965.000000000000        3.25634804004426     
   966.000000000000        3.25670792026561     
   967.000000000000        3.25703804463185     
   968.000000000000        3.25743772631526     
   969.000000000000        3.25786269223477     
   970.000000000000        3.25811909838154     
   971.000000000000        3.25854487756831     
   972.000000000000        3.25887532345882     
   973.000000000000        3.25920217314092     
   974.000000000000        3.25964122668673     
   975.000000000000        3.25990043738973     
   976.000000000000        3.26036691506425     
   977.000000000000        3.26057672180730     
   978.000000000000        3.26106814598235     
   979.000000000000        3.26132097753580     
   980.000000000000        3.26166813188067     
   981.000000000000        3.26210461593424     
   982.000000000000        3.26232294442133     
   983.000000000000        3.26274742129972     
   984.000000000000        3.26311017092252     
   985.000000000000        3.26337110272600     
   986.000000000000        3.26373239333111     
   987.000000000000        3.26410636388065     
   988.000000000000        3.26443434295052     
   989.000000000000        3.26474293059459     
   990.000000000000        3.26506685953944     
   991.000000000000        3.26543297030668     
   992.000000000000        3.26572079666948     
   993.000000000000        3.26614207451651     
   994.000000000000        3.26634003079370     
   995.000000000000        3.26669844659360     
   996.000000000000        3.26711287246128     
   997.000000000000        3.26732219826887     
   998.000000000000        3.26766558078285     
   999.000000000000        3.26806516519841     
   1000.00000000000        3.26829417963910     
   1001.00000000000        3.26867938462482     
   1002.00000000000        3.26891805019730     
   1003.00000000000        3.26924823400499     
   1004.00000000000        3.26960241054795     
   1005.00000000000        3.26991821492580     
   1006.00000000000        3.27018195939115     
   1007.00000000000        3.27046696768831     
   1008.00000000000        3.27080872636964     
   1009.00000000000        3.27116107643861     
   1010.00000000000        3.27141491039124     
   1011.00000000000        3.27166282721660     
   1012.00000000000        3.27210169703426     
   1013.00000000000        3.27225312685863     
   1014.00000000000        3.27261490920673     
   1015.00000000000        3.27294086726691     
   1016.00000000000        3.27316228400810     
   1017.00000000000        3.27352067549104     
   1018.00000000000        3.27377166706107     
   1019.00000000000        3.27402508762536     
   1020.00000000000        3.27443529314929     
   1021.00000000000        3.27458069236722     
   1022.00000000000        3.27496308469107     
   1023.00000000000        3.27521833172935     
   1024.00000000000        3.27551208062320     
   1025.00000000000        3.27574199208957     
   1026.00000000000        3.27607699605940     
   1027.00000000000        3.27630652926193     
   1028.00000000000        3.27661639489742     
   1029.00000000000        3.27687895323544     
   1030.00000000000        3.27715809033736     
   1031.00000000000        3.27746222797750     
   1032.00000000000        3.27763251965826     
   1033.00000000000        3.27800351813475     
   1034.00000000000        3.27821263589723     
   1035.00000000000        3.27849152442577     
   1036.00000000000        3.27879281698143     
   1037.00000000000        3.27901012415614     
   1038.00000000000        3.27921894200943     
   1039.00000000000        3.27960454147030     
   1040.00000000000        3.27979091476821     
   1041.00000000000        3.28005314347630     
   1042.00000000000        3.28031826320091     
   1043.00000000000        3.28055811760262     
   1044.00000000000        3.28076982917432     
   1045.00000000000        3.28112838817410     
   1046.00000000000        3.28128661323823     
   1047.00000000000        3.28158906760427     
   1048.00000000000        3.28176151809082     
   1049.00000000000        3.28208420146687     
   1050.00000000000        3.28233344221568     
   1051.00000000000        3.28249768707871     
   1052.00000000000        3.28276430634927     
   1053.00000000000        3.28305394567664     
   1054.00000000000        3.28324707908983     
   1055.00000000000        3.28344321429680     
   1056.00000000000        3.28378788831161     
   1057.00000000000        3.28395882304091     
   1058.00000000000        3.28412133869779     
   1059.00000000000        3.28449002436106     
   1060.00000000000        3.28462442420678     
   1061.00000000000        3.28483349333534     
   1062.00000000000        3.28516910793108     
   1063.00000000000        3.28527262793769     
   1064.00000000000        3.28555738495959     
   1065.00000000000        3.28577068523944     
   1066.00000000000        3.28604771216949     
   1067.00000000000        3.28614361286152     
   1068.00000000000        3.28639262395015     
   1069.00000000000        3.28670276517787     
   1070.00000000000        3.28681692250416     
   1071.00000000000        3.28710785063048     
   1072.00000000000        3.28723428261851     
   1073.00000000000        3.28746829014194     
   1074.00000000000        3.28770572365505     
   1075.00000000000        3.28791175316343     
   1076.00000000000        3.28812991413368     
   1077.00000000000        3.28826422751909     
   1078.00000000000        3.28852709657383     
   1079.00000000000        3.28873231281495     
   1080.00000000000        3.28889432051752     
   1081.00000000000        3.28915320969625     
   1082.00000000000        3.28924907796567     
   1083.00000000000        3.28951799383815     
   1084.00000000000        3.28969685589687     
   1085.00000000000        3.28985285460809     
   1086.00000000000        3.29012678517839     
   1087.00000000000        3.29026053657180     
   1088.00000000000        3.29043599425592     
   1089.00000000000        3.29069448085384     
   1090.00000000000        3.29078885498108     
   1091.00000000000        3.29098692473743     
   1092.00000000000        3.29125358453626     
   1093.00000000000        3.29135573738927     
   1094.00000000000        3.29155897314897     
   1095.00000000000        3.29166831841879     
   1096.00000000000        3.29197669531587     
   1097.00000000000        3.29209045546512     
   1098.00000000000        3.29226718033312     
   1099.00000000000        3.29237640401812     
   1100.00000000000        3.29264680592713     
   1101.00000000000        3.29275756428259     
   1102.00000000000        3.29296432059793     
   1103.00000000000        3.29307959920633     
   1104.00000000000        3.29332091532761     
   1105.00000000000        3.29341096643948     
   1106.00000000000        3.29359738296754     
   1107.00000000000        3.29378173795766     
   1108.00000000000        3.29391614050526     
   1109.00000000000        3.29405140765594     
   1110.00000000000        3.29425053655105     
   1111.00000000000        3.29442065801309     
   1112.00000000000        3.29453466673572     
   1113.00000000000        3.29475481359115     
   1114.00000000000        3.29477137884564     
   1115.00000000000        3.29508391934689     
   1116.00000000000        3.29509923092692     
   1117.00000000000        3.29532958820425     
   1118.00000000000        3.29544934653732     
   1119.00000000000        3.29562753312489     
   1120.00000000000        3.29571301264802     
   1121.00000000000        3.29588122117575     
   1122.00000000000        3.29602932227829     
   1123.00000000000        3.29617851494220     
   1124.00000000000        3.29625896625809     
   1125.00000000000        3.29651063600116     
   1126.00000000000        3.29648373063430     
   1127.00000000000        3.29678043538990     
   1128.00000000000        3.29680122369002     
   1129.00000000000        3.29702429128270     
   1130.00000000000        3.29703496372688     
   1131.00000000000        3.29731245538108     
   1132.00000000000        3.29729165897530     
   1133.00000000000        3.29758098218217     
   1134.00000000000        3.29751638552513     
   1135.00000000000        3.29782067176892     
   1136.00000000000        3.29781343612196     
   1137.00000000000        3.29795467443760     
   1138.00000000000        3.29817714761567     
   1139.00000000000        3.29814564093934     
   1140.00000000000        3.29841700471926     
   1141.00000000000        3.29836623090384     
   1142.00000000000        3.29863736502357     
   1143.00000000000        3.29868464530221     
   1144.00000000000        3.29877640940892     
   1145.00000000000        3.29890659971843     
   1146.00000000000        3.29901030615508     
   1147.00000000000        3.29913085884222     
   1148.00000000000        3.29926831451943     
   1149.00000000000        3.29932959596407     
   1150.00000000000        3.29941083893214     
   1151.00000000000        3.29958052539076     
   1152.00000000000        3.29962724367740     
   1153.00000000000        3.29972202578921     
   1154.00000000000        3.29986500952231     
   1155.00000000000        3.29997207440152     
   1156.00000000000        3.30007749653489     
   1157.00000000000        3.30010313201598     
   1158.00000000000        3.30025841472779     
   1159.00000000000        3.30030570041019     
   1160.00000000000        3.30038889413895     
   1161.00000000000        3.30057711282404     
   1162.00000000000        3.30059435625157     
   1163.00000000000        3.30063815920472     
   1164.00000000000        3.30081867751870     
   1165.00000000000        3.30085298334749     
   1166.00000000000        3.30097384134758     
   1167.00000000000        3.30104275021245     
   1168.00000000000        3.30107852316458     
   1169.00000000000        3.30123901240801     
   1170.00000000000        3.30128113749082     
   1171.00000000000        3.30129003209493     
   1172.00000000000        3.30149361909964     
   1173.00000000000        3.30153427705911     
   1174.00000000000        3.30152896515399     
   1175.00000000000        3.30170933216243     
   1176.00000000000        3.30165962288954     
   1177.00000000000        3.30189444097835     
   1178.00000000000        3.30180342259178     
   1179.00000000000        3.30198462718445     
   1180.00000000000        3.30197965571679     
   1181.00000000000        3.30213904799507     
   1182.00000000000        3.30208957918990     
   1183.00000000000        3.30223027172486     
   1184.00000000000        3.30231529462949     
   1185.00000000000        3.30231570261407     
   1186.00000000000        3.30239792366437     
   1187.00000000000        3.30245954824835     
   1188.00000000000        3.30250695551557     
   1189.00000000000        3.30255618385300     
   1190.00000000000        3.30262332568534     
   1191.00000000000        3.30273418130865     
   1192.00000000000        3.30273750192482     
   1193.00000000000        3.30279741891774     
   1194.00000000000        3.30284633924033     
   1195.00000000000        3.30291976295437     
   1196.00000000000        3.30292405084523     
   1197.00000000000        3.30300457781389     
   1198.00000000000        3.30303854590709     
   1199.00000000000        3.30308092226518     
   1200.00000000000        3.30318037323358     
   1201.00000000000        3.30310666041789     
   1202.00000000000        3.30328155881190     
   1203.00000000000        3.30327990255664     
   1204.00000000000        3.30333548302477     
   1205.00000000000        3.30326287527988     
   1206.00000000000        3.30344952957379     
   1207.00000000000        3.30345258270339     
   1208.00000000000        3.30343804656424     
   1209.00000000000        3.30343202136158     
   1210.00000000000        3.30365358130265     
   1211.00000000000        3.30346853733196     
   1212.00000000000        3.30363561917382     
   1213.00000000000        3.30365427028322     
   1214.00000000000        3.30361597647277     
   1215.00000000000        3.30375040333733     
   1216.00000000000        3.30370315548131     
   1217.00000000000        3.30368095139366     
   1218.00000000000        3.30383853611114     
   1219.00000000000        3.30379430626022     
   1220.00000000000        3.30384444243088     
   1221.00000000000        3.30378135072356     
   1222.00000000000        3.30393163224696     
   1223.00000000000        3.30388607577070     
   1224.00000000000        3.30385917310573     
   1225.00000000000        3.30395689486798     
   1226.00000000000        3.30394768144149     
   1227.00000000000        3.30403019429533     
   1228.00000000000        3.30390605620733     
   1229.00000000000        3.30396328482507     
   1230.00000000000        3.30406607802472     
   1231.00000000000        3.30402830027423     
   1232.00000000000        3.30400274044590     
   1233.00000000000        3.30407605608455     
   1234.00000000000        3.30402844617599     
   1235.00000000000        3.30405983667129     
   1236.00000000000        3.30408694197761     
   1237.00000000000        3.30410307763245     
   1238.00000000000        3.30406139836059     
   1239.00000000000        3.30405550825216     
   1240.00000000000        3.30415251131312     
   1241.00000000000        3.30406765862721     
   1242.00000000000        3.30414951762498     
   1243.00000000000        3.30404250678346     
   1244.00000000000        3.30413271190276     
   1245.00000000000        3.30406741545760     
   1246.00000000000        3.30414250893632     
   1247.00000000000        3.30409217012432     
   1248.00000000000        3.30402400968148     
   1249.00000000000        3.30420796749456     
   1250.00000000000        3.30397932051017     
   1251.00000000000        3.30410774108527     
   1252.00000000000        3.30409344811573     
   1253.00000000000        3.30405798588034     
   1254.00000000000        3.30409957058624     
   1255.00000000000        3.30395051842033     
   1256.00000000000        3.30410584436228     
   1257.00000000000        3.30398892030616     
   1258.00000000000        3.30398658857975     
   1259.00000000000        3.30402429608125     
   1260.00000000000        3.30402044319381     
   1261.00000000000        3.30391702045504     
   1262.00000000000        3.30397976361925     
   1263.00000000000        3.30389854226625     
   1264.00000000000        3.30393599308871     
   1265.00000000000        3.30385657389274     
   1266.00000000000        3.30390971996285     
   1267.00000000000        3.30389035825779     
   1268.00000000000        3.30377777072646     
   1269.00000000000        3.30384604194656     
   1270.00000000000        3.30373531331184     
   1271.00000000000        3.30381948782470     
   1272.00000000000        3.30369693033919     
   1273.00000000000        3.30372143102875     
   1274.00000000000        3.30373156309601     
   1275.00000000000        3.30362740004086     
   1276.00000000000        3.30361898637221     
   1277.00000000000        3.30360649826159     
   1278.00000000000        3.30358993570898     
   1279.00000000000        3.30351746305832     
   1280.00000000000        3.30352729521638     
   1281.00000000000        3.30351580139929     
   1282.00000000000        3.30338941804518     
   1283.00000000000        3.30341134113684     
   1284.00000000000        3.30337030491351     
   1285.00000000000        3.30338421691733     
   1286.00000000000        3.30326905989374     
   1287.00000000000        3.30319840831330     
   1288.00000000000        3.30334985705085     
   1289.00000000000        3.30308311079171     
   1290.00000000000        3.30318839783085     
   1291.00000000000        3.30313290922679     
   1292.00000000000        3.30303147777698     
   1293.00000000000        3.30299929292761     
   1294.00000000000        3.30300505874935     
   1295.00000000000        3.30297539475831     
   1296.00000000000        3.30284369679719     
   1297.00000000000        3.30289008545391     
   1298.00000000000        3.30277129169365     
   1299.00000000000        3.30273964451931     
   1300.00000000000        3.30268646872847     
   1301.00000000000        3.30271717834885     
   1302.00000000000        3.30251536918421     
   1303.00000000000        3.30264028271310     
   1304.00000000000        3.30249372708856     
   1305.00000000000        3.30243120818077     
   1306.00000000000        3.30243175666334     
   1307.00000000000        3.30234014656405     
   1308.00000000000        3.30230460597401     
   1309.00000000000        3.30223331674881     
   1310.00000000000        3.30217929796997     
   1311.00000000000        3.30219927300283     
   1312.00000000000        3.30199919574622     
   1313.00000000000        3.30203620886337     
   1314.00000000000        3.30194163479668     
   1315.00000000000        3.30194257235063     
   1316.00000000000        3.30180812927476     
   1317.00000000000        3.30180488431135     
   1318.00000000000        3.30168030851804     
   1319.00000000000        3.30172992862875     
   1320.00000000000        3.30155470330670     
   1321.00000000000        3.30152175652587     
   1322.00000000000        3.30146711361170     
   1323.00000000000        3.30146937508911     
   1324.00000000000        3.30125322702289     
   1325.00000000000        3.30131222267316     
   1326.00000000000        3.30123498389806     
   1327.00000000000        3.30110367500833     
   1328.00000000000        3.30110835197057     
   1329.00000000000        3.30104106423646     
   1330.00000000000        3.30088728377250     
   1331.00000000000        3.30084101940247     
   1332.00000000000        3.30078375836212     
   1333.00000000000        3.30081632958098     
   1334.00000000000        3.30055328220186     
   1335.00000000000        3.30067929269589     
   1336.00000000000        3.30046247186041     
   1337.00000000000        3.30038973442506     
   1338.00000000000        3.30044333711367     
   1339.00000000000        3.30021113985292     
   1340.00000000000        3.30029351761253     
   1341.00000000000        3.30005349569397     
   1342.00000000000        3.30004875388650     
   1343.00000000000        3.30009113835024     
   1344.00000000000        3.29978131594490     
   1345.00000000000        3.29988892390291     
   1346.00000000000        3.29973846945889     
   1347.00000000000        3.29960598254747     
   1348.00000000000        3.29966997668425     
   1349.00000000000        3.29941333006974     
   1350.00000000000        3.29950283810282     
   1351.00000000000        3.29927858438280     
   1352.00000000000        3.29930243391817     
   1353.00000000000        3.29912895671546     
   1354.00000000000        3.29905770801853     
   1355.00000000000        3.29901936287227     
   1356.00000000000        3.29901033857770     
   1357.00000000000        3.29871905920638     
   1358.00000000000        3.29876132748908     
