0 -0.00000000
1 -0.00039834
2 -0.00080282
3 -0.00121344
4 -0.00163023
5 -0.00205321
6 -0.00248238
7 -0.00291777
8 -0.00335939
9 -0.00380726
10 -0.00426140
11 -0.00472182
12 -0.00518855
13 -0.00566158
14 -0.00614095
15 -0.00662667
16 -0.00711876
17 -0.00761722
18 -0.00812209
19 -0.00863337
20 -0.00915108
21 -0.00967524
22 -0.01020587
23 -0.01074297
24 -0.01128657
25 -0.01183669
26 -0.01239334
27 -0.01295653
28 -0.01352629
29 -0.01410262
30 -0.01468555
31 -0.01527510
32 -0.01587127
33 -0.01647409
34 -0.01708356
35 -0.01769972
36 -0.01832257
37 -0.01895212
38 -0.01958841
39 -0.02023143
40 -0.02088121
41 -0.02153777
42 -0.02220112
43 -0.02287128
44 -0.02354826
45 -0.02423208
46 -0.02492275
47 -0.02562029
48 -0.02632473
49 -0.02703606
50 -0.02775432
51 -0.02847951
52 -0.02921165
53 -0.02995076
54 -0.03069686
55 -0.03144995
56 -0.03221007
57 -0.03297721
58 -0.03375140
59 -0.03453265
60 -0.03532099
61 -0.03611642
62 -0.03691896
63 -0.03772863
64 -0.03854544
65 -0.03936942
66 -0.04020056
67 -0.04103890
68 -0.04188445
69 -0.04273721
70 -0.04359722
71 -0.04446448
72 -0.04533901
73 -0.04622083
74 -0.04710995
75 -0.04800638
76 -0.04891015
77 -0.04982127
78 -0.05073975
79 -0.05166561
80 -0.05259887
81 -0.05353954
82 -0.05448764
83 -0.05544318
84 -0.05640618
85 -0.05737665
86 -0.05835461
87 -0.05934008
88 -0.06033307
89 -0.06133359
90 -0.06234167
91 -0.06335732
92 -0.06438054
93 -0.06541137
94 -0.06644981
95 -0.06749588
96 -0.06854959
97 -0.06961097
98 -0.07068002
99 -0.07175676
100 -0.07284121
101 -0.07393339
102 -0.07503329
103 -0.07614096
104 -0.07725639
105 -0.07837960
106 -0.07951061
107 -0.08064944
108 -0.08179610
109 -0.08295060
110 -0.08411296
111 -0.08528320
112 -0.08646133
113 -0.08764736
114 -0.08884132
115 -0.09004321
116 -0.09125305
117 -0.09247086
118 -0.09369666
119 -0.09493045
120 -0.09617225
121 -0.09742208
122 -0.09867995
123 -0.09994588
124 -0.10121988
125 -0.10250197
126 -0.10379216
127 -0.10509048
128 -0.10639692
129 -0.10771151
130 -0.10903427
131 -0.11036520
132 -0.11170433
133 -0.11305166
134 -0.11440722
135 -0.11577102
136 -0.11714307
137 -0.11852338
138 -0.11991198
139 -0.12130888
140 -0.12271409
141 -0.12412763
142 -0.12554951
143 -0.12697974
144 -0.12841835
145 -0.12986535
146 -0.13132074
147 -0.13278456
148 -0.13425680
149 -0.13573749
150 -0.13722664
151 -0.13872427
152 -0.14023039
153 -0.14174501
154 -0.14326815
155 -0.14479983
156 -0.14634005
157 -0.14788884
158 -0.14944621
159 -0.15101217
160 -0.15258673
161 -0.15416992
162 -0.15576175
163 -0.15736223
164 -0.15897137
165 -0.16058919
166 -0.16221571
167 -0.16385094
168 -0.16549489
169 -0.16714758
170 -0.16880903
171 -0.17047924
172 -0.17215823
173 -0.17384602
174 -0.17554262
175 -0.17724805
176 -0.17896231
177 -0.18068543
178 -0.18241742
179 -0.18415829
180 -0.18590806
181 -0.18766674
182 -0.18943434
183 -0.19121089
184 -0.19299639
185 -0.19479086
186 -0.19659431
187 -0.19840676
188 -0.20022822
189 -0.20205871
190 -0.20389824
191 -0.20574682
192 -0.20760447
193 -0.20947120
194 -0.21134703
195 -0.21323197
196 -0.21512603
197 -0.21702924
198 -0.21894159
199 -0.22086312
200 -0.22279383
201 -0.22473373
202 -0.22668284
203 -0.22864118
204 -0.23060875
205 -0.23258558
206 -0.23457167
207 -0.23656704
208 -0.23857171
209 -0.24058568
210 -0.24260897
211 -0.24464160
212 -0.24668358
213 -0.24873493
214 -0.25079565
215 -0.25286576
216 -0.25494528
217 -0.25703422
218 -0.25913259
219 -0.26124040
220 -0.26335768
221 -0.26548443
222 -0.26762067
223 -0.26976641
224 -0.27192167
225 -0.27408646
226 -0.27626079
227 -0.27844468
228 -0.28063814
229 -0.28284118
230 -0.28505382
231 -0.28727608
232 -0.28950796
233 -0.29174947
234 -0.29400065
235 -0.29626148
236 -0.29853200
237 -0.30081221
238 -0.30310213
239 -0.30540177
240 -0.30771114
241 -0.31003027
242 -0.31235915
243 -0.31469781
244 -0.31704625
245 -0.31940450
246 -0.32177257
247 -0.32415046
248 -0.32653820
249 -0.32893579
250 -0.33134325
251 -0.33376060
252 -0.33618784
253 -0.33862499
254 -0.34107206
255 -0.34352907
256 -0.34599603
257 -0.34847295
258 -0.35095985
259 -0.35345673
260 -0.35596362
261 -0.35848053
262 -0.36100747
263 -0.36354445
264 -0.36609148
265 -0.36864858
266 -0.37121577
267 -0.37379305
268 -0.37638044
269 -0.37897796
270 -0.38158560
271 -0.38420340
272 -0.38683136
273 -0.38946949
274 -0.39211781
275 -0.39477633
276 -0.39744507
277 -0.40012403
278 -0.40281323
279 -0.40551269
280 -0.40822241
281 -0.41094241
282 -0.41367270
283 -0.41641330
284 -0.41916421
285 -0.42192546
286 -0.42469705
287 -0.42747900
288 -0.43027132
289 -0.43307402
290 -0.43588711
291 -0.43871062
292 -0.44154454
293 -0.44438890
294 -0.44724371
295 -0.45010898
296 -0.45298472
297 -0.45587095
298 -0.45876767
299 -0.46167491
300 -0.46459267
301 -0.46752096
302 -0.47045981
303 -0.47340922
304 -0.47636920
305 -0.47933977
306 -0.48232094
307 -0.48531273
308 -0.48831514
309 -0.49132819
310 -0.49435189
311 -0.49738625
312 -0.50043129
313 -0.50348702
314 -0.50655345
315 -0.50963059
316 -0.51271846
317 -0.51581707
318 -0.51892643
319 -0.52204655
320 -0.52517745
321 -0.52831914
322 -0.53147164
323 -0.53463494
324 -0.53780907
325 -0.54099405
326 -0.54418987
327 -0.54739656
328 -0.55061412
329 -0.55384257
330 -0.55708192
331 -0.56033219
332 -0.56359338
333 -0.56686551
334 -0.57014859
335 -0.57344263
336 -0.57674764
337 -0.58006365
338 -0.58339065
339 -0.58672867
340 -0.59007770
341 -0.59343778
342 -0.59680890
343 -0.60019109
344 -0.60358434
345 -0.60698868
346 -0.61040412
347 -0.61383067
348 -0.61726834
349 -0.62071714
350 -0.62417709
351 -0.62764820
352 -0.63113047
353 -0.63462393
354 -0.63812858
355 -0.64164444
356 -0.64517151
357 -0.64870982
358 -0.65225936
359 -0.65582017
360 -0.65939223
361 -0.66297558
362 -0.66657021
363 -0.67017615
364 -0.67379340
365 -0.67742197
366 -0.68106189
367 -0.68471315
368 -0.68837577
369 -0.69204977
370 -0.69573515
371 -0.69943193
372 -0.70314012
373 -0.70685973
374 -0.71059076
375 -0.71433325
376 -0.71808719
377 -0.72185259
378 -0.72562948
379 -0.72941786
380 -0.73321774
381 -0.73702913
382 -0.74085205
383 -0.74468651
384 -0.74853252
385 -0.75239008
386 -0.75625922
387 -0.76013995
388 -0.76403227
389 -0.76793620
390 -0.77185175
391 -0.77577892
392 -0.77971774
393 -0.78366822
394 -0.78763036
395 -0.79160417
396 -0.79558967
397 -0.79958688
398 -0.80359579
399 -0.80761643
400 -0.81164880
401 -0.81569292
402 -0.81974879
403 -0.82381643
404 -0.82789585
405 -0.83198707
406 -0.83609008
407 -0.84020491
408 -0.84433156
409 -0.84847005
410 -0.85262039
411 -0.85678259
412 -0.86095666
413 -0.86514261
414 -0.86934045
415 -0.87355020
416 -0.87777186
417 -0.88200545
418 -0.88625097
419 -0.89050845
420 -0.89477788
421 -0.89905929
422 -0.90335268
423 -0.90765806
424 -0.91197545
425 -0.91630485
426 -0.92064628
427 -0.92499975
428 -0.92936527
429 -0.93374285
430 -0.93813250
431 -0.94253423
432 -0.94694805
433 -0.95137398
434 -0.95581203
435 -0.96026220
436 -0.96472451
437 -0.96919896
438 -0.97368558
439 -0.97818436
440 -0.98269533
441 -0.98721849
442 -0.99175385
443 -0.99630143
444 -1.00086122
445 -1.00543326
446 -1.01001754
447 -1.01461408
448 -1.01922289
449 -1.02384397
450 -1.02847734
451 -1.03312302
452 -1.03778100
453 -1.04245131
454 -1.04713395
455 -1.05182893
456 -1.05653627
457 -1.06125597
458 -1.06598805
459 -1.07073251
460 -1.07548937
461 -1.08025863
462 -1.08504032
463 -1.08983443
464 -1.09464098
465 -1.09945998
466 -1.10429144
467 -1.10913537
468 -1.11399179
469 -1.11886069
470 -1.12374210
471 -1.12863602
472 -1.13354246
473 -1.13846144
474 -1.14339296
475 -1.14833704
476 -1.15329368
477 -1.15826290
478 -1.16324470
479 -1.16823910
480 -1.17324610
481 -1.17826573
482 -1.18329798
483 -1.18834287
484 -1.19340040
485 -1.19847060
486 -1.20355346
487 -1.20864901
488 -1.21375724
489 -1.21887817
490 -1.22401182
491 -1.22915818
492 -1.23431727
493 -1.23948910
494 -1.24467369
495 -1.24987103
496 -1.25508115
497 -1.26030405
498 -1.26553974
499 -1.27078823
500 -1.27604953
501 -1.28132366
502 -1.28661061
503 -1.29191041
504 -1.29722306
505 -1.30254857
506 -1.30788696
507 -1.31323823
508 -1.31860238
509 -1.32397945
510 -1.32936942
511 -1.33477232
512 -1.34018814
513 -1.34561691
514 -1.35105864
515 -1.35651332
516 -1.36198098
517 -1.36746162
518 -1.37295525
519 -1.37846188
520 -1.38398152
521 -1.38951418
522 -1.39505988
523 -1.40061861
524 -1.40619040
525 -1.41177525
526 -1.41737316
527 -1.42298416
528 -1.42860825
529 -1.43424543
530 -1.43989573
531 -1.44555914
532 -1.45123569
533 -1.45692537
534 -1.46262820
535 -1.46834418
536 -1.47407334
537 -1.47981567
538 -1.48557119
539 -1.49133990
540 -1.49712182
541 -1.50291696
542 -1.50872532
543 -1.51454691
544 -1.52038175
545 -1.52622984
546 -1.53209120
547 -1.53796582
548 -1.54385373
549 -1.54975493
550 -1.55566944
551 -1.56159725
552 -1.56753838
553 -1.57349284
554 -1.57946064
555 -1.58544179
556 -1.59143630
557 -1.59744417
558 -1.60346542
559 -1.60950005
560 -1.61554808
561 -1.62160951
562 -1.62768436
563 -1.63377263
564 -1.63987433
565 -1.64598947
566 -1.65211806
567 -1.65826011
568 -1.66441563
569 -1.67058463
570 -1.67676712
571 -1.68296310
572 -1.68917259
573 -1.69539560
574 -1.70163212
575 -1.70788218
576 -1.71414579
577 -1.72042294
578 -1.72671366
579 -1.73301794
580 -1.73933580
581 -1.74566726
582 -1.75201230
583 -1.75837096
584 -1.76474322
585 -1.77112911
586 -1.77752864
587 -1.78394180
588 -1.79036862
589 -1.79680910
590 -1.80326324
591 -1.80973106
592 -1.81621257
593 -1.82270777
594 -1.82921668
595 -1.83573930
596 -1.84227564
597 -1.84882571
598 -1.85538952
599 -1.86196708
600 -1.86855840
601 -1.87516348
602 -1.88178234
603 -1.88841498
604 -1.89506142
605 -1.90172165
606 -1.90839569
607 -1.91508355
608 -1.92178524
609 -1.92850077
610 -1.93523014
611 -1.94197336
612 -1.94873044
613 -1.95550139
614 -1.96228622
615 -1.96908494
616 -1.97589756
617 -1.98272408
618 -1.98956451
619 -1.99641887
620 -2.00328715
621 -2.01016938
622 -2.01706555
623 -2.02397567
624 -2.03089976
625 -2.03783783
626 -2.04478987
627 -2.05175591
628 -2.05873594
629 -2.06572998
630 -2.07273803
631 -2.07976011
632 -2.08679622
633 -2.09384636
634 -2.10091056
635 -2.10798881
636 -2.11508113
637 -2.12218752
638 -2.12930800
639 -2.13644256
640 -2.14359122
641 -2.15075399
642 -2.15793087
643 -2.16512187
644 -2.17232701
645 -2.17954628
646 -2.18677970
647 -2.19402728
648 -2.20128902
649 -2.20856494
650 -2.21585503
651 -2.22315931
652 -2.23047779
653 -2.23781047
654 -2.24515737
655 -2.25251848
656 -2.25989383
657 -2.26728341
658 -2.27468723
659 -2.28210531
660 -2.28953765
661 -2.29698426
662 -2.30444514
663 -2.31192031
664 -2.31940977
665 -2.32691353
666 -2.33443160
667 -2.34196399
668 -2.34951070
669 -2.35707174
670 -2.36464712
671 -2.37223685
672 -2.37984094
673 -2.38745939
674 -2.39509221
675 -2.40273941
676 -2.41040100
677 -2.41807698
678 -2.42576736
679 -2.43347216
680 -2.44119137
681 -2.44892501
682 -2.45667308
683 -2.46443559
684 -2.47221255
685 -2.48000397
686 -2.48780985
687 -2.49563021
688 -2.50346504
689 -2.51131436
690 -2.51917818
691 -2.52705649
692 -2.53494932
693 -2.54285667
694 -2.55077853
695 -2.55871494
696 -2.56666588
697 -2.57463137
698 -2.58261141
699 -2.59060602
700 -2.59861519
701 -2.60663895
702 -2.61467729
703 -2.62273022
704 -2.63079775
705 -2.63887989
706 -2.64697664
707 -2.65508801
708 -2.66321402
709 -2.67135466
710 -2.67950994
711 -2.68767988
712 -2.69586447
713 -2.70406373
714 -2.71227767
715 -2.72050628
716 -2.72874958
717 -2.73700758
718 -2.74528028
719 -2.75356769
720 -2.76186981
721 -2.77018666
722 -2.77851824
723 -2.78686456
724 -2.79522562
725 -2.80360144
726 -2.81199201
727 -2.82039736
728 -2.82881747
729 -2.83725237
730 -2.84570205
731 -2.85416653
732 -2.86264582
733 -2.87113991
734 -2.87964882
735 -2.88817255
736 -2.89671111
737 -2.90526451
738 -2.91383275
739 -2.92241584
740 -2.93101380
741 -2.93962661
742 -2.94825430
743 -2.95689687
744 -2.96555432
745 -2.97422667
746 -2.98291391
747 -2.99161607
748 -3.00033313
749 -3.00906511
750 -3.01781203
751 -3.02657387
752 -3.03535066
753 -3.04414239
754 -3.05294908
755 -3.06177072
756 -3.07060734
757 -3.07945893
758 -3.08832550
759 -3.09720705
760 -3.10610360
761 -3.11501516
762 -3.12394172
763 -3.13288329
764 -3.14183988
765 -3.15081151
766 -3.15979816
767 -3.16879986
768 -3.17781660
769 -3.18684840
770 -3.19589526
771 -3.20495718
772 -3.21403418
773 -3.22312626
774 -3.23223342
775 -3.24135568
776 -3.25049303
777 -3.25964549
778 -3.26881307
779 -3.27799576
780 -3.28719358
781 -3.29640652
782 -3.30563461
783 -3.31487784
784 -3.32413622
785 -3.33340976
786 -3.34269846
787 -3.35200233
788 -3.36132138
789 -3.37065561
790 -3.38000502
791 -3.38936963
792 -3.39874945
793 -3.40814447
794 -3.41755470
795 -3.42698015
796 -3.43642083
797 -3.44587674
798 -3.45534789
799 -3.46483428
800 -3.47433593
801 -3.48385283
802 -3.49338499
803 -3.50293242
804 -3.51249513
805 -3.52207312
806 -3.53166639
807 -3.54127496
808 -3.55089883
809 -3.56053800
810 -3.57019249
811 -3.57986229
812 -3.58954741
813 -3.59924787
814 -3.60896366
815 -3.61869479
816 -3.62844127
817 -3.63820310
818 -3.64798029
819 -3.65777284
820 -3.66758076
821 -3.67740407
822 -3.68724275
823 -3.69709682
824 -3.70696629
825 -3.71685116
826 -3.72675143
827 -3.73666711
828 -3.74659821
829 -3.75654474
830 -3.76650669
831 -3.77648408
832 -3.78647691
833 -3.79648518
834 -3.80650891
835 -3.81654809
836 -3.82660274
837 -3.83667285
838 -3.84675844
839 -3.85685951
840 -3.86697607
841 -3.87710812
842 -3.88725566
843 -3.89741871
844 -3.90759726
845 -3.91779133
846 -3.92800091
847 -3.93822603
848 -3.94846667
849 -3.95872284
850 -3.96899456
851 -3.97928183
852 -3.98958465
853 -3.99990302
854 -4.01023696
855 -4.02058646
856 -4.03095154
857 -4.04133220
858 -4.05172845
859 -4.06214028
860 -4.07256771
861 -4.08301074
862 -4.09346937
863 -4.10394362
864 -4.11443348
865 -4.12493897
866 -4.13546008
867 -4.14599683
868 -4.15654921
869 -4.16711723
870 -4.17770091
871 -4.18830023
872 -4.19891522
873 -4.20954587
874 -4.22019219
875 -4.23085418
876 -4.24153185
877 -4.25222521
878 -4.26293425
879 -4.27365899
880 -4.28439943
881 -4.29515557
882 -4.30592743
883 -4.31671500
884 -4.32751828
885 -4.33833730
886 -4.34917204
887 -4.36002252
888 -4.37088874
889 -4.38177070
890 -4.39266841
891 -4.40358188
892 -4.41451111
893 -4.42545610
894 -4.43641686
895 -4.44739340
896 -4.45838571
897 -4.46939381
898 -4.48041770
899 -4.49145738
900 -4.50251286
901 -4.51358415
902 -4.52467124
903 -4.53577415
904 -4.54689287
905 -4.55802741
906 -4.56917779
907 -4.58034399
908 -4.59152604
909 -4.60272392
910 -4.61393765
911 -4.62516723
912 -4.63641267
913 -4.64767397
914 -4.65895113
915 -4.67024416
916 -4.68155306
917 -4.69287785
918 -4.70421852
919 -4.71557507
920 -4.72694752
921 -4.73833586
922 -4.74974011
923 -4.76116026
924 -4.77259633
925 -4.78404830
926 -4.79551620
927 -4.80700002
928 -4.81849977
929 -4.83001545
930 -4.84154707
931 -4.85309464
932 -4.86465814
933 -4.87623760
934 -4.88783302
935 -4.89944439
936 -4.91107173
937 -4.92271503
938 -4.93437431
939 -4.94604956
940 -4.95774079
941 -4.96944801
942 -4.98117122
943 -4.99291042
944 -5.00466562
945 -5.01643683
946 -5.02822404
947 -5.04002726
948 -5.05184649
949 -5.06368174
950 -5.07553302
951 -5.08740032
952 -5.09928366
953 -5.11118303
954 -5.12309844
955 -5.13502989
956 -5.14697739
957 -5.15894095
958 -5.17092056
959 -5.18291623
960 -5.19492796
961 -5.20695576
962 -5.21899964
963 -5.23105959
964 -5.24313562
965 -5.25522773
966 -5.26733593
967 -5.27946023
968 -5.29160062
969 -5.30375711
970 -5.31592970
971 -5.32811840
972 -5.34032321
973 -5.35254414
974 -5.36478119
975 -5.37703436
976 -5.38930365
977 -5.40158908
978 -5.41389064
979 -5.42620834
980 -5.43854218
981 -5.45089217
982 -5.46325831
983 -5.47564059
984 -5.48803904
985 -5.50045365
986 -5.51288442
987 -5.52533136
988 -5.53779447
989 -5.55027375
990 -5.56276922
991 -5.57528087
992 -5.58780870
993 -5.60035272
994 -5.61291294
995 -5.62548935
996 -5.63808197
997 -5.65069078
998 -5.66331581
999 -5.67595704
1000 -5.68861449
1001 -5.70128816
1002 -5.71397805
1003 -5.72668417
1004 -5.73940651
1005 -5.75214508
1006 -5.76489989
1007 -5.77767094
1008 -5.79045823
1009 -5.80326177
1010 -5.81608155
1011 -5.82891759
1012 -5.84176988
1013 -5.85463844
1014 -5.86752325
1015 -5.88042433
1016 -5.89334168
1017 -5.90627530
1018 -5.91922519
1019 -5.93219136
1020 -5.94517382
1021 -5.95817256
1022 -5.97118759
1023 -5.98421891
1024 -5.99726652
1025 -6.01033043
1026 -6.02341065
1027 -6.03650716
1028 -6.04961999
1029 -6.06274912
1030 -6.07589457
1031 -6.08905633
1032 -6.10223442
1033 -6.11542883
1034 -6.12863956
1035 -6.14186662
1036 -6.15511001
1037 -6.16836974
1038 -6.18164580
1039 -6.19493821
1040 -6.20824696
1041 -6.22157206
1042 -6.23491350
1043 -6.24827130
1044 -6.26164546
1045 -6.27503597
1046 -6.28844284
1047 -6.30186608
1048 -6.31530569
1049 -6.32876166
1050 -6.34223401
1051 -6.35572273
1052 -6.36922784
1053 -6.38274932
1054 -6.39628719
1055 -6.40984144
1056 -6.42341208
1057 -6.43699912
1058 -6.45060255
1059 -6.46422238
1060 -6.47785861
1061 -6.49151124
1062 -6.50518028
1063 -6.51886572
1064 -6.53256758
1065 -6.54628585
1066 -6.56002054
1067 -6.57377164
1068 -6.58753917
1069 -6.60132312
1070 -6.61512350
1071 -6.62894031
1072 -6.64277355
1073 -6.65662323
1074 -6.67048934
1075 -6.68437189
1076 -6.69827088
1077 -6.71218632
1078 -6.72611820
1079 -6.74006654
1080 -6.75403132
1081 -6.76801256
1082 -6.78201026
1083 -6.79602441
1084 -6.81005503
1085 -6.82410211
1086 -6.83816566
1087 -6.85224567
1088 -6.86634216
1089 -6.88045512
1090 -6.89458455
1091 -6.90873047
1092 -6.92289286
1093 -6.93707174
1094 -6.95126710
1095 -6.96547894
1096 -6.97970728
1097 -6.99395211
1098 -7.00821343
1099 -7.02249124
1100 -7.03678556
1101 -7.05109637
1102 -7.06542369
1103 -7.07976751
1104 -7.09412784
1105 -7.10850467
1106 -7.12289802
1107 -7.13730788
1108 -7.15173426
1109 -7.16617715
1110 -7.18063656
1111 -7.19511249
1112 -7.20960494
1113 -7.22411392
1114 -7.23863943
1115 -7.25318147
1116 -7.26774003
1117 -7.28231513
1118 -7.29690677
1119 -7.31151494
1120 -7.32613965
1121 -7.34078090
1122 -7.35543869
1123 -7.37011303
1124 -7.38480391
1125 -7.39951134
1126 -7.41423532
1127 -7.42897586
1128 -7.44373294
1129 -7.45850659
1130 -7.47329679
1131 -7.48810354
1132 -7.50292686
1133 -7.51776674
1134 -7.53262319
1135 -7.54749620
1136 -7.56238578
1137 -7.57729193
1138 -7.59221464
1139 -7.60715394
1140 -7.62210980
1141 -7.63708224
1142 -7.65207126
1143 -7.66707686
1144 -7.68209904
1145 -7.69713780
1146 -7.71219314
1147 -7.72726507
1148 -7.74235359
1149 -7.75745870
1150 -7.77258039
1151 -7.78771868
1152 -7.80287356
1153 -7.81804503
1154 -7.83323310
1155 -7.84843777
1156 -7.86365904
1157 -7.87889690
1158 -7.89415137
1159 -7.90942244
1160 -7.92471012
1161 -7.94001440
1162 -7.95533529
1163 -7.97067279
1164 -7.98602689
1165 -8.00139761
1166 -8.01678494
1167 -8.03218889
1168 -8.04760944
1169 -8.06304662
1170 -8.07850041
1171 -8.09397082
1172 -8.10945786
1173 -8.12496151
1174 -8.14048179
1175 -8.15601868
1176 -8.17157221
1177 -8.18714236
1178 -8.20272913
1179 -8.21833254
1180 -8.23395257
1181 -8.24958924
1182 -8.26524253
1183 -8.28091246
1184 -8.29659903
1185 -8.31230222
1186 -8.32802206
1187 -8.34375853
1188 -8.35951164
1189 -8.37528138
1190 -8.39106777
1191 -8.40687080
1192 -8.42269046
1193 -8.43852678
1194 -8.45437973
1195 -8.47024933
1196 -8.48613558
1197 -8.50203847
1198 -8.51795801
1199 -8.53389419
1200 -8.54984703
1201 -8.56581651
1202 -8.58180265
1203 -8.59780544
1204 -8.61382488
1205 -8.62986097
1206 -8.64591372
1207 -8.66198312
1208 -8.67806918
1209 -8.69417189
1210 -8.71029126
1211 -8.72642729
1212 -8.74257997
1213 -8.75874931
1214 -8.77493532
1215 -8.79113798
1216 -8.80735731
1217 -8.82359329
1218 -8.83984594
1219 -8.85611525
1220 -8.87240122
1221 -8.88870386
1222 -8.90502317
1223 -8.92135913
1224 -8.93771177
1225 -8.95408106
1226 -8.97046703
1227 -8.98686966
1228 -9.00328896
1229 -9.01972493
1230 -9.03617757
1231 -9.05264687
1232 -9.06913285
1233 -9.08563549
1234 -9.10215480
1235 -9.11869079
1236 -9.13524345
1237 -9.15181277
1238 -9.16839877
1239 -9.18500144
1240 -9.20162079
1241 -9.21825680
1242 -9.23490949
1243 -9.25157885
1244 -9.26826489
1245 -9.28496760
1246 -9.30168698
1247 -9.31842304
1248 -9.33517577
1249 -9.35194517
1250 -9.36873126
1251 -9.38553401
1252 -9.40235344
1253 -9.41918955
1254 -9.43604233
1255 -9.45291179
1256 -9.46979792
1257 -9.48670073
1258 -9.50362022
1259 -9.52055638
1260 -9.53750922
1261 -9.55447873
1262 -9.57146492
1263 -9.58846778
1264 -9.60548733
1265 -9.62252354
1266 -9.63957644
1267 -9.65664601
1268 -9.67373225
1269 -9.69083518
1270 -9.70795477
1271 -9.72509105
1272 -9.74224400
1273 -9.75941362
1274 -9.77659992
1275 -9.79380290
1276 -9.81102255
1277 -9.82825888
1278 -9.84551188
1279 -9.86278155
1280 -9.88006790
1281 -9.89737093
1282 -9.91469063
1283 -9.93202700
1284 -9.94938005
1285 -9.96674976
1286 -9.98413616
1287 -10.00153922
1288 -10.01895896
1289 -10.03639537
1290 -10.05384845
1291 -10.07131820
1292 -10.08880463
1293 -10.10630772
1294 -10.12382748
1295 -10.14136392
1296 -10.15891702
1297 -10.17648679
1298 -10.19407323
1299 -10.21167634
1300 -10.22929612
1301 -10.24693256
1302 -10.26458567
1303 -10.28225545
1304 -10.29994189
1305 -10.31764500
1306 -10.33536477
1307 -10.35310121
1308 -10.37085431
1309 -10.38862407
1310 -10.40641049
1311 -10.42421358
1312 -10.44203333
1313 -10.45986973
1314 -10.47772280
1315 -10.49559252
1316 -10.51347891
1317 -10.53138195
1318 -10.54930165
1319 -10.56723800
1320 -10.58519101
1321 -10.60316068
1322 -10.62114700
1323 -10.63914997
1324 -10.65716959
1325 -10.67520587
1326 -10.69325880
1327 -10.71132837
1328 -10.72941460
1329 -10.74751748
1330 -10.76563700
1331 -10.78377317
1332 -10.80192598
1333 -10.82009544
1334 -10.83828154
1335 -10.85648429
1336 -10.87470367
1337 -10.89293970
1338 -10.91119237
1339 -10.92946168
1340 -10.94774762
1341 -10.96605020
1342 -10.98436942
1343 -11.00270527
1344 -11.02105776
1345 -11.03942688
1346 -11.05781263
1347 -11.07621502
1348 -11.09463403
1349 -11.11306967
1350 -11.13152194
1351 -11.14999083
1352 -11.16847635
1353 -11.18697849
1354 -11.20549726
1355 -11.22403264
1356 -11.24258465
1357 -11.26115328
1358 -11.27973852
