   16.1975534641848       -537.797317457162     
   16.1975276896593       -537.796557768917     
   16.1975022870879       -537.795809043785     
   16.1974772722062       -537.795071745571     
   16.1974526443768       -537.794345855483     
   16.1974284033825       -537.793631367124     
   16.1974045480602       -537.792928246206     
   16.1973810782129       -537.792236486929     
   16.1973579930591       -537.791556066253     
   16.1973352926663       -537.790886986170     
   16.1973129791060       -537.790229307741     
   16.1972910548983       -537.789583105235     
   16.1972695258480       -537.788948549751     
   16.1972483999184       -537.788325876001     
   16.1972276885031       -537.787715419805     
   16.1972074055325       -537.787117591753     
   16.1971875672203       -537.786532869732     
   16.1971681928628       -537.785961822491     
   16.1971493046665       -537.785405104550     
   16.1971309255031       -537.784863390040     
   16.1971130804504       -537.784337418116     
   16.1970957979236       -537.783828026293     
   16.1970791076312       -537.783336090215     
   16.1970630407884       -537.782862529929     
   16.1970476308586       -537.782408331751     
   16.1970329142377       -537.781974568424     
   16.1970189283933       -537.781562344283     
   16.1970057134263       -537.781172841278     
   16.1969933129327       -537.780807344374     
   16.1969817717892       -537.780467176285     
   16.1969711380405       -537.780153753099     
   16.1969614631049       -537.779868590338     
   16.1969527990640       -537.779613223075     
   16.1969452029177       -537.779389331346     
   16.1969387326367       -537.779198623803     
   16.1969334491816       -537.779042897222     
   16.1969294157524       -537.778924014381     
   16.1969280550856       -537.778883909567     
   16.1969253580311       -537.778804415547     
   16.1969254133160       -537.778806045037     
   16.1969262276650       -537.778830047471     
   16.1969303121622       -537.778950435507     
   16.1969351849201       -537.779094057043     
   16.1969417856847       -537.779288610509     
   16.1969501845071       -537.779536160623     
   16.1969604503593       -537.779838740286     
   16.1969726529010       -537.780198402678     
   16.1969868601231       -537.780617151791     
   16.1970031377210       -537.781096923952     
   16.1970215509227       -537.781639641721     
   16.1970421636352       -537.782247188712     
   16.1970650365055       -537.782921352460     
   16.1970902296528       -537.783663904946     
   16.1971177996274       -537.784476512948     
   16.1971478013030       -537.785360793837     
   16.1971802869267       -537.786318287567     
   16.1972153058231       -537.787350447948     
   16.1972529052512       -537.788458667909     
   16.1972931293441       -537.789644248245     
   16.1973360199035       -537.790908421039     
   16.1973816155807       -537.792252325512     
   16.1974299524362       -537.793677024527     
   16.1974810639467       -537.795183504783     
   16.1975349806985       -537.796772667801     
   16.1975917307096       -537.798445339389     
   16.1976513390432       -537.800202258268     
   16.1977138284598       -537.802044095295     
   16.1977792192743       -537.803971449233     
   16.1978475288049       -537.805984830533     
   16.1979187722957       -537.808084688499     
   16.1979929631554       -537.810271418343     
   16.1980701115145       -537.812545318661     
   16.1981502263554       -537.814906654202     
   16.1982333136853       -537.817355602022     
   16.1983193778427       -537.819892289998     
   16.1984084211068       -537.822516785305     
   16.1985004443422       -537.825229113433     
   16.1985954465750       -537.828029245671     
   16.1986934237037       -537.830917061128     
   16.1987943729456       -537.833892477794     
   16.1988982865725       -537.836955267875     
   16.1990051584476       -537.840105250501     
   16.1991149788986       -537.843342140586     
   16.1992277382684       -537.846665653487     
   16.1993434253480       -537.850075458828     
   16.1994620273198       -537.853571178822     
   16.1995835305461       -537.857152411504     
   16.1997079212252       -537.860818750078     
   16.1998351830184       -537.864569712965     
   16.1999653007973       -537.868404854275     
   16.2000982565481       -537.872323643052     
   16.2002340318922       -537.876325537607     
   16.2003726101267       -537.880410045626     
   16.2005139704676       -537.884576554519     
   16.2006580944013       -537.888824518603     
   16.2008049601684       -537.893153296535     
   16.2009545492633       -537.897562342879     
   16.2011068384540       -537.902050972879     
   16.2012618069361       -537.906618573340     
   16.2014194333891       -537.911264515858     
   16.2015796944151       -537.915988110787     
   16.2017425687990       -537.920788732831     
   16.2019080324843       -537.925665672937     
   16.2020760648016       -537.930618321886     
   16.2022466405577       -537.935645937129     
   16.2024197356473       -537.940747808171     
   16.2025953310048       -537.945923373067     
   16.2027733989222       -537.951171815143     
   16.2029539174171       -537.956492486479     
   16.2031368639524       -537.961884722810     
   16.2033222135100       -537.967347786741     
   16.2035099432727       -537.972881005751     
   16.2037000302744       -537.978483702925     
   16.2038924502260       -537.984155162359     
   16.2040871792822       -537.989894681229     
   16.2042841964307       -537.995701640208     
   16.2044834748908       -538.001575249951     
   16.2046849943950       -538.007514913088     
   16.2048887315748       -538.013519940849     
   16.2050946623382       -538.019589623129     
   16.2053027643529       -538.025723301707     
   16.2055130159344       -538.031920337438     
   16.2057253925569       -538.038180007442     
   16.2059398752906       -538.044501753777     
   16.2061564390458       -538.050884836938     
   16.2063750631723       -538.057328648269     
   16.2065957259052       -538.063832546270     
   16.2068184051212       -538.070395878866     
   16.2070430810818       -538.077018064280     
   16.2072697295145       -538.083698387090     
   16.2074983319980       -538.090436304344     
   16.2077288690311       -538.097231241255     
   16.2079613171014       -538.104082504810     
   16.2081956565003       -538.110989514109     
   16.2084318675667       -538.117951689653     
   16.2086699318953       -538.124968488955     
   16.2089098288196       -538.132039302888     
   16.2091515370337       -538.139163503472     
   16.2093950410663       -538.146340634697     
   16.2096403197512       -538.153570072705     
   16.2098873529447       -538.160851223774     
   16.2101361248049       -538.168183620970     
   16.2103866161432       -538.175566698722     
   16.2106388087189       -538.182999919398     
   16.2108926843815       -538.190482748024     
   16.2111482256698       -538.198014669940     
   16.2114054153586       -538.205595177446     
   16.2116642373591       -538.213223796330     
   16.2119246744938       -538.220900020301     
   16.2121867079937       -538.228623296152     
   16.2124503233895       -538.236393197408     
   16.2127155032657       -538.244209210758     
   16.2129822332697       -538.252070913171     
   16.2132504950049       -538.259977762417     
   16.2135202747684       -538.267929354611     
   16.2137915577421       -538.275925252999     
   16.2140643266262       -538.283964947680     
   16.2143385674981       -538.292048028291     
   16.2146142658829       -538.300174068200     
   16.2148914070680       -538.308342633755     
   16.2151699750173       -538.316553252307     
   16.2154499598501       -538.324805632625     
   16.2157313428026       -538.333099221660     
   16.2160141119873       -538.341433669035     
   16.2162982548950       -538.349808606050     
   16.2165837568375       -538.358223599776     
   16.2168706052087       -538.366678278658     
   16.2171587862351       -538.375172236728     
   16.2174482886123       -538.383705140803     
   16.2177390976420       -538.392276557651     
   16.2180312031227       -538.400886186592     
   16.2183245922041       -538.409533648875     
   16.2186192507897       -538.418218529010     
   16.2189151698772       -538.426940561663     
   16.2192123339779       -538.435699290311     
   16.2195107358488       -538.444494501475     
   16.2198103609088       -538.453325765379     
   16.2201111992122       -538.462192788889     
   16.2204132381573       -538.471095200568     
   16.2207164709305       -538.480032799598     
   16.2210208821634       -538.489005132999     
   16.2213264633705       -538.498011950670     
   16.2216332021489       -538.507052887042     
   16.2219410932904       -538.516127788602     
   16.2222501186961       -538.525236121903     
   16.2225602766233       -538.534377835576     
   16.2228715518502       -538.543552480968     
   16.2231839355230       -538.552759797121     
   16.2234974200520       -538.561999560332     
   16.2238119929612       -538.571271402878     
   16.2241276469011       -538.580575108137     
   16.2244443740557       -538.589910445736     
   16.2247621614392       -538.599277032931     
   16.2250810032857       -538.608674699770     
   16.2254008910897       -538.618103195564     
   16.2257218126796       -538.627562161556     
   16.2260437639774       -538.637051477557     
   16.2263667329370       -538.646570788511     
   16.2266907134165       -538.656119913392     
   16.2270156966817       -538.665698594761     
   16.2273416739564       -538.675306573949     
   16.2276686394300       -538.684943679688     
   16.2279965822658       -538.694609592576     
   16.2283254973905       -538.704304163081     
   16.2286553740671       -538.714027074736     
   16.2289862077413       -538.723778193304     
   16.2293179917035       -538.733557321024     
   16.2296507146100       -538.743364123551     
   16.2299843727104       -538.753198490339     
   16.2303189574278       -538.763060168592     
   16.2306544639761       -538.772949017245     
   16.2309908812262       -538.782864708270     
   16.2313282074393       -538.792807190418     
   16.2316664322201       -538.802776157297     
   16.2320055491451       -538.812771419574     
   16.2323455547546       -538.822792875281     
   16.2326864385662       -538.832840215453     
   16.2330281982566       -538.842913371611     
   16.2333708238017       -538.853012048302     
   16.2337143121825       -538.863136156546     
   16.2340586551324       -538.873285452687     
   16.2344038485989       -538.883459817278     
   16.2347498839661       -538.893658996375     
   16.2350967597302       -538.903882945652     
   16.2354444667069       -538.914131394408     
   16.2357929989613       -538.924404167716     
   16.2361423531037       -538.934701165664     
   16.2364925243236       -538.945022246469     
   16.2368435007677       -538.955367060762     
   16.2371952851850       -538.965735689564     
   16.2375478676781       -538.976127841159     
   16.2379012439821       -538.986543389844     
   16.2382554124588       -538.996982287328     
   16.2386103624112       -539.007444218327     
   16.2389660929550       -539.017929156774     
   16.2393225941261       -539.028436808987     
   16.2396798666395       -539.038967196041     
   16.2400379049938       -539.049520155783     
   16.2403966996973       -539.060095408449     
   16.2407562521672       -539.070692995813     
   16.2411165538355       -539.081312665340     
   16.2414776027474       -539.091954359409     
   16.2418393911869       -539.102617850599     
   16.2422019175540       -539.113303091748     
   16.2425651766002       -539.124009928163     
   16.2429291637626       -539.134738225357     
   16.2432938747048       -539.145487855511     
   16.2436593071896       -539.156258752690     
   16.2440254540433       -539.167050705450     
   16.2443923128127       -539.177863641489     
   16.2447598817929       -539.188697510552     
   16.2451281517207       -539.199552039613     
   16.2454971229724       -539.210427239763     
   16.2458667883931       -539.221322900117     
   16.2462371476335       -539.232239010378     
   16.2466081953277       -539.243175412391     
   16.2469799283860       -539.254132015090     
   16.2473523407607       -539.265108640220     
   16.2477254323339       -539.276105284304     
   16.2480991982338       -539.287121803756     
   16.2484736322308       -539.298158014957     
   16.2488487346926       -539.309213928745     
   16.2492245001261       -539.320289383214     
   16.2496009260024       -539.331384303828     
   16.2499780094021       -539.342498604540     
   16.2503557450833       -539.353632130847     
   16.2507341322753       -539.364784860032     
   16.2511131656288       -539.375956634431     
   16.2514928433527       -539.387147401247     
   16.2518731618717       -539.398357055107     
   16.2522541198500       -539.409585556632     
   16.2526357093984       -539.420832673298     
   16.2530179323521       -539.432098459196     
   16.2534007828213       -539.443382740725     
   16.2537842602064       -539.454685500214     
   16.2541683608135       -539.466006628786     
   16.2545530822633       -539.477346056316     
   16.2549384186029       -539.488703607342     
   16.2553243702898       -539.500079295351     
   16.2557109341556       -539.511473026957     
   16.2560981067129       -539.522884699367     
   16.2564858855119       -539.534314240378     
   16.2568742687811       -539.545761597777     
   16.2572632523521       -539.557226648698     
   16.2576528369224       -539.568709413706     
   16.2580430143130       -539.580209651726     
   16.2584337859195       -539.591727403895     
   16.2588251502827       -539.603262627199     
   16.2592171014907       -539.614815147394     
   16.2596096401618       -539.626384982702     
   16.2600027615911       -539.637971994446     
   16.2603964633975       -539.649576112449     
   16.2607907474144       -539.661197390747     
   16.2611856054666       -539.672835588382     
   16.2615810403535       -539.684490787862     
   16.2619770460733       -539.696162812294     
   16.2623736217640       -539.707851636263     
   16.2627707686806       -539.719557296765     
   16.2631684777196       -539.731279525478     
   16.2635667507566       -539.743018377685     
   16.2639655858843       -539.754773797166     
   16.2643649822189       -539.766545757877     
   16.2647649350866       -539.778334122056     
   16.2651654414860       -539.790138801242     
   16.2655665049176       -539.801959898610     
   16.2659681163482       -539.813797147909     
   16.2663702813243       -539.825650712621     
   16.2667729914847       -539.837520346302     
   16.2671762463732       -539.849406035510     
   16.2675800474239       -539.861307822514     
   16.2679843893312       -539.873225550930     
   16.2683892729749       -539.885159246692     
   16.2687946942039       -539.897108787449     
   16.2692006504355       -539.909074097081     
   16.2696071424337       -539.921055198100     
   16.2700141695641       -539.933052071812     
   16.2704217277205       -539.945064597188     
   16.2708298162320       -539.957092754451     
   16.2712384309060       -539.969136420032     
   16.2716475715192       -539.981195587346     
   16.2720572409765       -539.993270342015     
   16.2724674295093       -540.005360396113     
   16.2728781428520       -540.017465918661     
   16.2732893738688       -540.029586699331     
   16.2737011241364       -540.041722784601     
   16.2741133927360       -540.053874147384     
   16.2745261763378       -540.066040689542     
   16.2749394760447       -540.078222443579     
   16.2753532857572       -540.090419229716     
   16.2757676056475       -540.102631053028     
   16.2761824390043       -540.114858010449     
   16.2765977783861       -540.127099882648     
   16.2770136218287       -540.139356611724     
   16.2774299763068       -540.151628403260     
   16.2778468308886       -540.163914935042     
   16.2782641938184       -540.176216450067     
   16.2786820518377       -540.188532557553     
   16.2791004145776       -540.200863541364     
   16.2795192743049       -540.213209173574     
   16.2799386328326       -540.225569507618     
   16.2803584877215       -540.237944471604     
   16.2807788380062       -540.250334037073     
   16.2811996806526       -540.262738114602     
   16.2816210176729       -540.275156763495     
   16.2820428449881       -540.287589863527     
   16.2824651660196       -540.300037515546     
   16.2828879734007       -540.312499502415     
   16.2833112693015       -540.324975888104     
   16.2837350532349       -540.337466658252     
   16.2841593231190       -540.349971751500     
   16.2845840773618       -540.362491120919     
   16.2850093163968       -540.375024779289     
   16.2854350362643       -540.387572609904     
   16.2858612369747       -540.400134613063     
   16.2862879215427       -540.412710877630     
   16.2867150820358       -540.425301169794     
   16.2871427263795       -540.437905723154     
   16.2875708419062       -540.450524164344     
   16.2879994384182       -540.463156782279     
   16.2884285091450       -540.475803377404     
   16.2888580549712       -540.488463975791     
   16.2892880740639       -540.501138523417     
   16.2897185657352       -540.513827000002     
   16.2901495297697       -540.526529399204     
   16.2905809644796       -540.539245671273     
   16.2910128686736       -540.551975781097     
   16.2914452433811       -540.564719759014     
   16.2918780862543       -540.577477535829     
   16.2923113961608       -540.590249078160     
   16.2927451734394       -540.603034395996     
   16.2931794159896       -540.615833427428     
   16.2936141222921       -540.628646127671     
   16.2940492939276       -540.641472543317     
   16.2944849286713       -540.654312608793     
   16.2949210263839       -540.667166319991     
   16.2953575868706       -540.680033671170     
   16.2957946061850       -540.692914546016     
   16.2962320859659       -540.705808992824     
   16.2966700252736       -540.718716983901     
   16.2971084262304       -540.731638581804     
   16.2975472821533       -540.744573589550     
   16.2979865969129       -540.757522121224     
   16.2984263677855       -540.770484096549     
   16.2988665963808       -540.783459562968     
   16.2993072805885       -540.796448458282     
   16.2997484160870       -540.809450655112     
   16.3001900080106       -540.822466304792     
   16.3006320506284       -540.835495238406     
   16.3010745508789       -540.848537660463     
   16.3015175008654       -540.861593338208     
   16.3019609023493       -540.874662323562     
   16.3024047543135       -540.887744586545     
   16.3028490545868       -540.900840063162     
   16.3032938091139       -540.913948928631     
   16.3037390090901       -540.927070923439     
   16.3041846595771       -540.940206196773     
   16.3046307605547       -540.953354748036     
   16.3050773037167       -540.966516332416     
   16.3055242985322       -540.979691229004     
   16.3059717354949       -540.992879157607     
   16.3064196208893       -541.006080303460     
   16.3068679514918       -541.019294571545     
   16.3073167285441       -541.032521998463     
   16.3077659464900       -541.045762420450     
   16.3082156114585       -541.059016018151     
   16.3086657190559       -541.072282662065     
   16.3091162688018       -541.085562338035     
   16.3095672598723       -541.098855021772     
   16.3100186959995       -541.112160823286     
   16.3104705728202       -541.125479613965     
   16.3109228903416       -541.138811394027     
   16.3113756498589       -541.152156201647     
   16.3118288495526       -541.165513983194     
   16.3122824872582       -541.178884674870     
   16.3127365662580       -541.192268373423     
   16.3131910842140       -541.205665009938     
   16.3136460395815       -541.219074538889     
   16.3141014349578       -541.232497036827     
   16.3145572690500       -541.245932465643     
   16.3150135396579       -541.259380760493     
   16.3154702481132       -541.272841960625     
   16.3159273915224       -541.286315980754     
   16.3163849760645       -541.299803003006     
   16.3168429934184       -541.313302782115     
   16.3173014480387       -541.326815449382     
   16.3177603384664       -541.340340961805     
   16.3182196624545       -541.353879253155     
   16.3186794233246       -541.367430421330     
   16.3191396191959       -541.380994410899     
   16.3196002484170       -541.394571173186     
   16.3200613128312       -541.408160762520     
   16.3205228109246       -541.421763134279     
   16.3209847436378       -541.435378316192     
   16.3214471093569       -541.449006260687     
   16.3219099086430       -541.462646984299     
   16.3223731403905       -541.476300454448     
   16.3228368039331       -541.489966651491     
   16.3233009004660       -541.503645610653     
   16.3237654304753       -541.517337346267     
   16.3242303910244       -541.531041771774     
   16.3246957847687       -541.544758965444     
   16.3251616091727       -541.558488852542     
   16.3256278667494       -541.572231507141     
   16.3260945532705       -541.585986804609     
   16.3265616736325       -541.599754889273     
   16.3270292236384       -541.613535637424     
   16.3274972031349       -541.627329044544     
   16.3279656160680       -541.641135226944     
   16.3284344570606       -541.654954026130     
   16.3289037294497       -541.668785540466     
   16.3293734315027       -541.682629718878     
   16.3298435617566       -541.696486518248     
   16.3303141241333       -541.710356054171     
   16.3307851176763       -541.724238298454     
   16.3312565381662       -541.738133126735     
   16.3317283911455       -541.752040702374     
   16.3322006697815       -541.765960823982     
   16.3326733812043       -541.779893701713     
   16.3331465195224       -541.793839161920     
   16.3336200876183       -541.807797289565     
   16.3340940881015       -541.821768161558     
   16.3345685122185       -541.835751519895     
   16.3350433675126       -541.849747586910     
   16.3355186522221       -541.863756310680     
   16.3359943662774       -541.877777689155     
   16.3364705069002       -541.891811640442     
   16.3369470784975       -541.905858294437     
   16.3374240787895       -541.919917583944     
   16.3379015074172       -541.933989498384     
   16.3383793622178       -541.948073974003     
   16.3388576479746       -541.962171151793     
   16.3393363607811       -541.976280916609     
   16.3398155036189       -541.990403356334     
   16.3402950766665       -542.004538476225     
   16.3407750756020       -542.018686148901     
   16.3412555006252       -542.032846380249     
   16.3417363598624       -542.047019409787     
   16.3422176427516       -542.061204926207     
   16.3426993577270       -542.075403178099     
   16.3431814970505       -542.089613937392     
   16.3436640721417       -542.103837540668     
   16.3441470702358       -542.118073611695     
   16.3446304973877       -542.132322328934     
   16.3451143571590       -542.146583797365     
   16.3455986402309       -542.160857742319     
   16.3460833557437       -542.175144433203     
   16.3465685019547       -542.189443818648     
   16.3470540728279       -542.203755720752     
   16.3475400757327       -542.218080356722     
   16.3480265061380       -542.232417593003     
   16.3485133660357       -542.246767488309     
   16.3490006553266       -542.261130039718     
   16.3494883747176       -542.275505268059     
   16.3499765225364       -542.289893124042     
   16.3504650998535       -542.304293639227     
   16.3509541074385       -542.318706836294     
   16.3514435440285       -542.333132678016     
   16.3519334136406       -542.347571282798     
   16.3524237095070       -542.362022451164     
   16.3529144384497       -542.376486384187     
   16.3534055966150       -542.390962968278     
   16.3538971853348       -542.405452242701     
   16.3543892038870       -542.419954186168     
   16.3548816543018       -542.434468858518     
   16.3553745353527       -542.448996223603     
   16.3558678445633       -542.463536208430     
   16.3563615899932       -542.478089050554     
   16.3568557638644       -542.492654520719     
   16.3573503687720       -542.507232695415     
   16.3578454060270       -542.521823613286     
   16.3583408765727       -542.536427302135     
   16.3588367773842       -542.551043672800     
   16.3593331094037       -542.565672753055     
   16.3598298792226       -542.580314737178     
   16.3603270748944       -542.594969273056     
   16.3608247061501       -542.609636647496     
   16.3613227715313       -542.624316817519     
   16.3618212703862       -542.639009763913     
   16.3623201995489       -542.653715393365     
   16.3628195639681       -542.668433851731     
   16.3633193639944       -542.683165149351     
   16.3638195953988       -542.697909161571     
   16.3643202637594       -542.712666052809     
   16.3648213671774       -542.727435767092     
   16.3653229021630       -542.742218201567     
   16.3658248742125       -542.757013518231     
   16.3663272807764       -542.771821641937     
   16.3668301244774       -542.786642649989     
   16.3673334037370       -542.801476495864     
   16.3678371159711       -542.816323103395     
   16.3683412688800       -542.831182699546     
   16.3688458567124       -542.846055114796     
   16.3693508794019       -542.860940347191     
   16.3698563411713       -542.875838521196     
   16.3703622383547       -542.890749528763     
   16.3708685755117       -542.905673504278     
   16.3713753516775       -542.920610419307     
   16.3718825626853       -542.935560151035     
   16.3723902188000       -542.950523002013     
   16.3728983083096       -542.965498627041     
   16.3734068374420       -542.980487209680     
   16.3739158082825       -542.995488811393     
   16.3744252155949       -543.010503277846     
   16.3749350668012       -543.025530827798     
   16.3754453567488       -543.040571309378     
   16.3759560870329       -543.055624769605     
   16.3764672589014       -543.070691245262     
   16.3769788729764       -543.085770754680     
   16.3774909283352       -543.100863270669     
   16.3780034255140       -543.115968809028     
   16.3785163678226       -543.131087467313     
   16.3790297505814       -543.146219107598     
   16.3795435793800       -543.161363894631     
   16.3800578471765       -543.176521620855     
   16.3805725607208       -543.191692485221     
   16.3810877192471       -543.206876465159     
   16.3816033250151       -543.222073627267     
   16.3821193730017       -543.237283823497     
   16.3826358642932       -543.252507085867     
   16.3831528059868       -543.267743623560     
   16.3836701911790       -543.282993233099     
   16.3841880223538       -543.298255987704     
   16.3847063041262       -543.313532023392     
   16.3852250287625       -543.328821112224     
   16.3857442076515       -543.344123589872     
   16.3862638284668       -543.359439093024     
   16.3867838995202       -543.374767866669     
   16.3873044223134       -543.390109955063     
   16.3878253916651       -543.405465205494     
   16.3883468134731       -543.420833791797     
   16.3888686811344       -543.436215519351     
   16.3893910062340       -543.451610729618     
   16.3899137791830       -543.467019139969     
   16.3904370028882       -543.482440836081     
   16.3909606798263       -543.497875890952     
   16.3914848076729       -543.513324236074     
   16.3920093935123       -543.528786080252     
   16.3925344266547       -543.544261108408     
   16.3930599164562       -543.559749596311     
   16.3935858598454       -543.575251453433     
   16.3941122594749       -543.590766757955     
   16.3946391118904       -543.606295408067     
   16.3951664211592       -543.621837523645     
   16.3956941888693       -543.637393151499     
   16.3962224129508       -543.652962230621     
   16.3967510919480       -543.668544718100     
   16.3972802304850       -543.684140750232     
   16.3978098243499       -543.699750202873     
   16.3983398799897       -543.715373266045     
   16.3988703957059       -543.731009889684     
   16.3994013693649       -543.746660010906     
   16.3999328017252       -543.762323652068     
   16.4004646977397       -543.778000959148     
   16.4009970538197       -543.793691826376     
   16.4015298719366       -543.809396311859     
   16.4020631512641       -543.825114391235     
   16.4025968936301       -543.840846118389     
   16.4031310999103       -543.856591519128     
   16.4036657695204       -543.872350576228     
   16.4042009019228       -543.888123273849     
   16.4047365024817       -543.903909770092     
   16.4052725670742       -543.919709943440     
   16.4058090999800       -543.935523920032     
   16.4063460945268       -543.951351503209     
   16.4068835589033       -543.967192934329     
   16.4074214906674       -543.983048141408     
   16.4079598950926       -543.998917279883     
   16.4084987608298       -544.014800015244     
   16.4090380999364       -544.030696702876     
   16.4095779079740       -544.046607211958     
   16.4101181850578       -544.062531545892     
   16.4106589361575       -544.078469851147     
   16.4112001592598       -544.094422068393     
   16.4117418502675       -544.110388076859     
   16.4122840199607       -544.126368194285     
   16.4128266605034       -544.142362189711     
   16.4133697738215       -544.158370119898     
   16.4139133626359       -544.174392065048     
   16.4144574247313       -544.190427959863     
   16.4150019665074       -544.206477992971     
   16.4155469819392       -544.222541986789     
   16.4160924782662       -544.238620154695     
   16.4166384464243       -544.254712229532     
   16.4171848959707       -544.270818492995     
   16.4177318269924       -544.286938947643     
   16.4182792352512       -544.303073468560     
   16.4188271227279       -544.319222114129     
   16.4193754926031       -544.335384978097     
   16.4199243412710       -544.351561954185     
   16.4204736736802       -544.367753188250     
   16.4210234902259       -544.383958691939     
   16.4215737890235       -544.400178409706     
   16.4221245713125       -544.416412378083     
   16.4226758395967       -544.432660670871     
   16.4232275917415       -544.448923225150     
   16.4237798302339       -544.465200114226     
   16.4243325583385       -544.481491434319     
   16.4248857698064       -544.497797001245     
   16.4254394728161       -544.514117056066     
   16.4259936622063       -544.530451446652     
   16.4265483418070       -544.546800285889     
   16.4271035095015       -544.563163511388     
   16.4276591707604       -544.579541284395     
   16.4282153213206       -544.595933479257     
   16.4287719637609       -544.612340171980     
   16.4293291033093       -544.628761516659     
   16.4298867338261       -544.645197332330     
   16.4304448562910       -544.661647647867     
   16.4310034764008       -544.678112631182     
   16.4315625916428       -544.694592208209     
   16.4321222023771       -544.711086389570     
   16.4326823134260       -544.727595317394     
   16.4332429182970       -544.744118800319     
   16.4338040247164       -544.760657066075     
   16.4343656262983       -544.777209926439     
   16.4349277306617       -544.793777605981     
   16.4354903372724       -544.810360088949     
   16.4360534425815       -544.826957270746     
   16.4366170547540       -544.843569392030     
   16.4371811649722       -544.860196192903     
   16.4377457810106       -544.876837902516     
   16.4383109032976       -544.893494533493     
   16.4388765248792       -544.910165880871     
   16.4394426571733       -544.926852281185     
   16.4400092965842       -544.943553628454     
   16.4405764389246       -544.960269799260     
   16.4411440951388       -544.977001116177     
   16.4417122600241       -544.993747425865     
   16.4422809314982       -545.010508666944     
   16.4428501168752       -545.027285054991     
   16.4434198096010       -545.044076396836     
   16.4439900199907       -545.060882996502     
   16.4445607372050       -545.077704534511     
   16.4451319735692       -545.094541374146     
   16.4457037205970       -545.111393265273     
   16.4462759859601       -545.128260434014     
   16.4468487654717       -545.145142756967     
   16.4474220633221       -545.162040357633     
   16.4479958767584       -545.178953154879     
   16.4485702125104       -545.195881347056     
   16.4491450646071       -545.212824758175     
   16.4497204391703       -545.229783568673     
   16.4502963336411       -545.246757703126     
   16.4508727474783       -545.263747145581     
   16.4514496882604       -545.280752119417     
   16.4520271526172       -545.297772525292     
   16.4526051395636       -545.314808334172     
   16.4531836499240       -545.331859570357     
   16.4537626900881       -545.348926422182     
   16.4543422548766       -545.366008736986     
   16.4549223496750       -545.383106673504     
   16.4555029726052       -545.400220176385     
   16.4560841236695       -545.417349245691     
   16.4566658041463       -545.434493919103     
   16.4572480196250       -545.451654361365     
   16.4578307634694       -545.468830376883     
   16.4584140415210       -545.486022137827     
   16.4589978544844       -545.503229664968     
   16.4595822002617       -545.520452896470     
   16.4601670835091       -545.537691969569     
   16.4607525016103       -545.554946807156     
   16.4613384608665       -545.572217594953     
   16.4619249524319       -545.589504072236     
   16.4625119885443       -545.606806599705     
   16.4630995598536       -545.624124901774     
   16.4636876758203       -545.641459257284     
   16.4642763346893       -545.658809614504     
   16.4648655332522       -545.676175878869     
   16.4654552769298       -545.693558210154     
   16.4660455649534       -545.710956585700     
   16.4666364003603       -545.728371095033     
   16.4672277798300       -545.745801640283     
   16.4678197062337       -545.763248306073     
   16.4684121841177       -545.780711226405     
   16.4690052055463       -545.798190167380     
   16.4695987832342       -545.815685503752     
   16.4701929095913       -545.833197011815     
   16.4707875904217       -545.850724862634     
   16.4713828203188       -545.868268896856     
   16.4719786082452       -545.885829378647     
   16.4725749478630       -545.903406121202     
   16.4731718458449       -545.920999321194     
   16.4737692968441       -545.938608821032     
   16.4743673069430       -545.956234799988     
   16.4749658801736       -545.973877376903     
   16.4755650105793       -545.991536376210     
   16.4761646992298       -546.009211829440     
   16.4767649517010       -546.026903900937     
   16.4773657686215       -546.044612609229     
   16.4779671452711       -546.062337815191     
   16.4785690902152       -546.080079771283     
   16.4791715997398       -546.097838368037     
   16.4797746731481       -546.115613584916     
   16.4803783202986       -546.133405712492     
   16.4809825306367       -546.151214439673     
   16.4815873141397       -546.169040060539     
   16.4821926652316       -546.186882410736     
   16.4827985875394       -546.204741597172     
   16.4834050862254       -546.222617771998     
   16.4840121555426       -546.240510765827     
   16.4846198039543       -546.258420828111     
   16.4852280219770       -546.276347679328     
   16.4858368196081       -546.294291614144     
   16.4864461970962       -546.312252639887     
   16.4870561506863       -546.330230645882     
   16.4876666846550       -546.348225758178     
   16.4882778014058       -546.366238047618     
   16.4888894955996       -546.384267356835     
   16.4895017800414       -546.402314063245     
   16.4901146457265       -546.420377901446     
   16.4907280933764       -546.438458892697     
   16.4913421296538       -546.456557233384     
   16.4919567538449       -546.474672902463     
   16.4925719631919       -546.492805818653     
   16.4931877666089       -546.510956244687     
   16.4938041571846       -546.529123976864     
   16.4944211409393       -546.547309192626     
   16.4950387172643       -546.565511874032     
   16.4956568872863       -546.583732054294     
   16.4962756529898       -546.601969791896     
   16.4968950132538       -546.620225053805     
   16.4975149697806       -546.638497890193     
   16.4981355238938       -546.656788340069     
   16.4987566790546       -546.675096505454     
   16.4993784336027       -546.693422337410     
   16.5000007905741       -546.711765925420     
   16.5006237489844       -546.730127240475     
   16.5012473110392       -546.748506347576     
   16.5018714811303       -546.766903376171     
   16.5024962546581       -546.785318190692     
   16.5031216351620       -546.803750895460     
   16.5037476228712       -546.822201497230     
   16.5043742207960       -546.840670084727     
   16.5050014295105       -546.859156674876     
   16.5056292469669       -546.877661207314     
   16.5062576811440       -546.896183917216     
   16.5068867256758       -546.914724616949     
   16.5075163909162       -546.933283611684     
   16.5081466676669       -546.951860630306     
   16.5087775631838       -546.970455886682     
   16.5094090746841       -546.989069298789     
   16.5100412091022       -547.007701071012     
   16.5106739636560       -547.026351121353     
   16.5113073401695       -547.045019503575     
   16.5119413383749       -547.063706209780     
   16.5125759663325       -547.082411477543     
   16.5132112125160       -547.101134967134     
   16.5138470897853       -547.119877057590     
   16.5144835882865       -547.138637458473     
   16.5151207279760       -547.157416757988     
   16.5157584870193       -547.176214312572     
   16.5163968831364       -547.195030644513     
   16.5170359124606       -547.213865639843     
   16.5176755712866       -547.232719189351     
   16.5183158686220       -547.251591558531     
   16.5189568005179       -547.270482630987     
   16.5195983706431       -547.289392514863     
   16.5202405813959       -547.308321280840     
   16.5208834294569       -547.327268831081     
   16.5215269209367       -547.346235345699     
   16.5221710562521       -547.365220836972     
   16.5228158318828       -547.384225201144     
   16.5234612521121       -547.403248564460     
   16.5241073214867       -547.422291060936     
   16.5247540380050       -547.441352631574     
   16.5254013998229       -547.460433222018     
   16.5260494155958       -547.479533087385     
   16.5266980802066       -547.498652076847     
   16.5273473969825       -547.517790288472     
   16.5279973710461       -547.536947873249     
   16.5286479947558       -547.556124605943     
   16.5292992814437       -547.575320879512     
   16.5299512219564       -547.594536424161     
   16.5306038172435       -547.613771267885     
   16.5312570804964       -547.633025799489     
   16.5319110025096       -547.652299747644     
   16.5325655847671       -547.671593156097     
   16.5332208309098       -547.690906132153     
   16.5338767441264       -547.710238769801     
   16.5345333238339       -547.729591051858     
   16.5351905704638       -547.748962991042     
   16.5358484873609       -547.768354685940     
   16.5365070747493       -547.787766143153     
   16.5371663336977       -547.807197394185     
   16.5378262658330       -547.826648486985     
   16.5384868711928       -547.846119422663     
   16.5391481572458       -547.865610421352     
   16.5398101145078       -547.885121203510     
   16.5404727504290       -547.904651988734     
   16.5411360708679       -547.924202949692     
   16.5418000660079       -547.943773797050     
   16.5424647516769       -547.963364997326     
   16.5431301164164       -547.982976212785     
   16.5437961704456       -548.002607744633     
   16.5444629037159       -548.022259296694     
   16.5451303318698       -548.041931330021     
   16.5457984438047       -548.061623517371     
   16.5464672529382       -548.081336254220     
   16.5471367478944       -548.101069205270     
   16.5478069385324       -548.120822661110     
   16.5484778256258       -548.140596644548     
   16.5491494066601       -548.160391081463     
   16.5498216843330       -548.180206051372     
   16.5504946605492       -548.200041610412     
   16.5511683413630       -548.219897937036     
   16.5518427244519       -548.239774962781     
   16.5525178059477       -548.259672573644     
   16.5531935954556       -548.279591052721     
   16.5538700882733       -548.299530261427     
   16.5545472890927       -548.319490338041     
   16.5552252034151       -548.339471444718     
   16.5559038210647       -548.359473281533     
   16.5565831515968       -548.379496130119     
   16.5572631996166       -548.399540126210     
   16.5579439590146       -548.419605089738     
   16.5586254322383       -548.439691092837     
   16.5593076261455       -548.459798337637     
   16.5599905401787       -548.479926807709     
   16.5606741713590       -548.500076415248     
   16.5613585265560       -548.520247362732     
   16.5620436008733       -548.540439505845     
   16.5627294060338       -548.560653190112     
   16.5634159359826       -548.580888237066     
   16.5641031874804       -548.601144551232     
   16.5647911735287       -548.621422515818     
   16.5654798899716       -548.641722008338     
   16.5661693385803       -548.662043080992     
   16.5668595198081       -548.682385747144     
   16.5675504344419       -548.702750029984     
   16.5682420839956       -548.723135974135     
   16.5689344768921       -548.743543827859     
   16.5696276058812       -548.763973377455     
   16.5703214784746       -548.784424844331     
   16.5710160924891       -548.804898164137     
   16.5717114508015       -548.825393421666     
   16.5724075486539       -548.845910476678     
   16.5731044006421       -548.866449759381     
   16.5738019997981       -548.887011064391     
   16.5745003480910       -548.907594449749     
   16.5751994457150       -548.928199921180     
   16.5758992984925       -548.948827650296     
   16.5765999062518       -548.969477632033     
   16.5773012741917       -548.990150019627     
   16.5780033957620       -549.010844620012     
   16.5787062725664       -549.031561480457     
   16.5794099154565       -549.052300920801     
   16.5801143205406       -549.073062826347     
   16.5808194912204       -549.093847297355     
   16.5815254215310       -549.114654158011     
   16.5822321224329       -549.135483731369     
   16.5829395935985       -549.156336007777     
   16.5836478371728       -549.177211050456     
   16.5843568461467       -549.198108652816     
   16.5850666312133       -549.219029130028     
   16.5857771922004       -549.239972477017     
   16.5864885306107       -549.260938738078     
   16.5872006452351       -549.281927877572     
   16.5879135369865       -549.302939922403     
   16.5886272162300       -549.323975178077     
   16.5893416789936       -549.345033527525     
   16.5900569197349       -549.366114807387     
   16.5907729514246       -549.387219399964     
   16.5914897676689       -549.408347116804     
   16.5922073766930       -549.429498200340     
   16.5929257744967       -549.450672532669     
   16.5936449671089       -549.471870291486     
   16.5943649552604       -549.493091498335     
   16.5950857353144       -549.514336046023     
   16.5958073159191       -549.535604189448     
   16.5965296958023       -549.556895891114     
   16.5972528776416       -549.578211229944     
   16.5979768612242       -549.599550199661     
   16.5987016480727       -549.620912845145     
   16.5994272433552       -549.642299318722     
   16.6001536460700       -549.663709590870     
   16.6008808517665       -549.685143530408     
   16.6016088763383       -549.706601605792     
   16.6023377107449       -549.728083550556     
   16.6030673572807       -549.749589432326     
   16.6037978248041       -549.771119512202     
   16.6045291084235       -549.792673646003     
   16.6052612082558       -549.814251837178     
   16.6059941330836       -549.835854344584     
   16.6067278780766       -549.857481025853     
   16.6074624496109       -549.879132068920     
   16.6081978461930       -549.900807429762     
   16.6089340707437       -549.922507194465     
   16.6096711292408       -549.944231539228     
   16.6104090142159       -549.965980243918     
   16.6111477331825       -549.987753529994     
   16.6118872872241       -550.009551429390     
   16.6126276807628       -550.031374072444     
   16.6133689128409       -550.053221430931     
   16.6141109821114       -550.075093465150     
   16.6148538933263       -550.096990315160     
   16.6155976489434       -550.118912053404     
   16.6163422514951       -550.140858754522     
   16.6170877003053       -550.162830398589     
   16.6178339977914       -550.184827056853     
   16.6185811482903       -550.206848857144     
   16.6193291461684       -550.228895633417     
   16.6200780043685       -550.250967767147     
   16.6208277167764       -550.273065078127     
   16.6215782890059       -550.295187731820     
   16.6223297180911       -550.317335640803     
   16.6230820096469       -550.339508970577     
   16.6238351632941       -550.361707709965     
   16.6245891853396       -550.383932044856     
   16.6253440726273       -550.406181882225     
   16.6260998252607       -550.428457225128     
   16.6268564558000       -550.450758443766     
   16.6276139521466       -550.473085181540     
   16.6283723303576       -550.495437911723     
   16.6291315773477       -550.517816248633     
   16.6298917069114       -550.540220598857     
   16.6306527139275       -550.562650811450     
   16.6314146015752       -550.585106980117     
   16.6321773745294       -550.607589242647     
   16.6329410360175       -550.630097694164     
   16.6337055839192       -550.652632272179     
   16.6344710159524       -550.675192909421     
   16.6352373420609       -550.697779898982     
   16.6360045595931       -550.720393162710     
   16.6367726750756       -550.743032892964     
   16.6375416882495       -550.765699082123     
   16.6383115968943       -550.788391664733     
   16.6390824058880       -550.811110784571     
   16.6398541164405       -550.833856477302     
   16.6406267315939       -550.856628832583     
   16.6414002629833       -550.879428193358     
   16.6421746894913       -550.902253937200     
   16.6429500293763       -550.925106602267     
   16.6437262820769       -550.947986172010     
   16.6445034497086       -550.970892708783     
   16.6452815311286       -550.993826178904     
   16.6460605311863       -551.016786725302     
   16.6468404515811       -551.039774398072     
   16.6476212950001       -551.062789276408     
   16.6484030599704       -551.085831316905     
   16.6491857488679       -551.108900589582     
   16.6499693688088       -551.131997304191     
   16.6507539166610       -551.155121368414     
   16.6515393997967       -551.178272999540     
   16.6523258087639       -551.201451918980     
   16.6531131549823       -551.224658463322     
   16.6539014425889       -551.247892754500     
   16.6546906661387       -551.271154632025     
   16.6554808355082       -551.294444387004     
   16.6562719474386       -551.317761923383     
   16.6570639990134       -551.341107155203     
   16.6578570054119       -551.364480529864     
   16.6586509591979       -551.387881828186     
   16.6594458622890       -551.411311106689     
   16.6602417155337       -551.434768390386     
   16.6610385281409       -551.458253950699     
   16.6618363016123       -551.481767831893     
   16.6626350314189       -551.505309900477     
   16.6634347213300       -551.528880267550     
   16.6642353773259       -551.552479109377     
   16.6650369953945       -551.576106307701     
   16.6658395836766       -551.599762102472     
   16.6666431391110       -551.623446403462     
   16.6674476728114       -551.647159538236     
   16.6682531776074       -551.670901295456     
   16.6690596537570       -551.694671682724     
   16.6698671131254       -551.718471049760     
   16.6706755561363       -551.742299409052     
   16.6714849753884       -551.766156542452     
   16.6722953803292       -551.790042728418     
   16.6731067731157       -551.813958030530     
   16.6739191508043       -551.837902362020     
   16.6747325227917       -551.861875999855     
   16.6755468836009       -551.885878782603     
   16.6763622449690       -551.909911056210     
   16.6771785999993       -551.933972617397     
   16.6779959527668       -551.958063586271     
   16.6788143122537       -551.982184227579     
   16.6796336742734       -552.006334417923     
   16.6804540400019       -552.030514191965     
   16.6812754070731       -552.054723479965     
   16.6820977921603       -552.078962773360     
   16.6829211866930       -552.103231819541     
   16.6837455978081       -552.127530828859     
   16.6845710221120       -552.151859701293     
   16.6853974619183       -552.176218505033     
   16.6862249309012       -552.200607643119     
   16.6870534203527       -552.225026858888     
   16.6878829295365       -552.249476130636     
   16.6887134736718       -552.273955906946     
   16.6895450436946       -552.298465920655     
   16.6903776415473       -552.323006229015     
   16.6912112814040       -552.347577249803     
   16.6920459517576       -552.372178643850     
   16.6928816615703       -552.396810675313     
   16.6937184082991       -552.421473269240     
   16.6945562012039       -552.446166698558     
   16.6953950400598       -552.470890956642     
   16.6962349275490       -552.495646122543     
   16.6970758594493       -552.520432071820     
   16.6979178501446       -552.545249228425     
   16.6987608889078       -552.570097276188     
   16.6996049900108       -552.594976635758     
   16.7004501438354       -552.619887023650     
   16.7012963582728       -552.644828672451     
   16.7021436403115       -552.669801788139     
   16.7029919842402       -552.694806202383     
   16.7038413969015       -552.719842116860     
   16.7046918806626       -552.744909601343     
   16.7055434366279       -552.770008688386     
   16.7063960659017       -552.795139410534     
   16.7072497739575       -552.820301929116     
   16.7081045614539       -552.845496263543     
   16.7089604256771       -552.870722333831     
   16.7098173822834       -552.895980601437     
   16.7106754155568       -552.921270603140     
   16.7115345402421       -552.946592773536     
   16.7123947583326       -552.971947171378     
   16.7132560669140       -552.997333710765     
   16.7141184769028       -553.022752713457     
   16.7149819814652       -553.048203978033     
   16.7158465863095       -553.073687672738     
   16.7167122934067       -553.099203855665     
   16.7175791043055       -553.124752572467     
   16.7184470250773       -553.150334002089     
   16.7193160529801       -553.175948063716     
   16.7201861930442       -553.201594905613     
   16.7210574514945       -553.227274711252     
   16.7219298227223       -553.252987315320     
   16.7228033172614       -553.278733028298     
   16.7236779299922       -553.304511699286     
   16.7245536637035       -553.330323410483     
   16.7254305355928       -553.356168668777     
   16.7263085276620       -553.382046943682     
   16.7271876536244       -553.407958639388     
   16.7280679150121       -553.433903801058     
   16.7289493088478       -553.459882340931     
   16.7298318409204       -553.485894429637     
   16.7307155208250       -553.511940349983     
   16.7316003392273       -553.538019826847     
   16.7324863078871       -553.564133206842     
   16.7333734185245       -553.590280245922     
   16.7342616879441       -553.616461439393     
   16.7351511096027       -553.642676594397     
   16.7360416836969       -553.668925716733     
   16.7369334210666       -553.695209125893     
   16.7378263175099       -553.721526698036     
   16.7387203755495       -553.747878507511     
   16.7396155984948       -553.774264651864     
   16.7405119970062       -553.800685445305     
   16.7414095603452       -553.827140571320     
   16.7423082982012       -553.853630315498     
   16.7432082175505       -553.880154883464     
   16.7441093131707       -553.906714121290     
   16.7450115901394       -553.933308178635     
   16.7459150468182       -553.959937007205     
   16.7468196981018       -553.986601046019     
   16.7477255356440       -554.013300049070     
   16.7486325596217       -554.040034021578     
   16.7495407803915       -554.066803268795     
   16.7504502025792       -554.093607927063     
   16.7513608230484       -554.120447903939     
   16.7522726420586       -554.147323207075     
   16.7531856665128       -554.174234039928     
   16.7540998979705       -554.201180448463     
   16.7550153444060       -554.228162667722     
   16.7559319966654       -554.255180427897     
   16.7568498707449       -554.282234200466     
   16.7577689533209       -554.309323592722     
   16.7586892638553       -554.336449178297     
   16.7596107950597       -554.363610742367     
   16.7605335511021       -554.390808407783     
   16.7614575411259       -554.418042444039     
   16.7623827554285       -554.445312565157     
   16.7633092042779       -554.472619073781     
   16.7642368924542       -554.499962110802     
   16.7651658129754       -554.527341470429     
   16.7660959810979       -554.554757602333     
   16.7670273940005       -554.582210423364     
   16.7679600515149       -554.609699928563     
   16.7688939604889       -554.637226319760     
   16.7698291252739       -554.664789725213     
   16.7707655381808       -554.692389918288     
   16.7717032170273       -554.720027424152     
   16.7726421505177       -554.747701909874     
   16.7735823506366       -554.775413728689     
   16.7745238129289       -554.803162749286     
   16.7754665451977       -554.830949201656     
   16.7764105523933       -554.858773231707     
   16.7773558319844       -554.886634764835     
   16.7783023930627       -554.914534069006     
   16.7792502258280       -554.942470855366     
   16.7801993504773       -554.970445719211     
   16.7811497514999       -554.998458203373     
   16.7821014475329       -555.026508857166     
   16.7830544319963       -555.054597486655     
   16.7840087086575       -555.082724202874     
   16.7849642863499       -555.110889266185     
   16.7859211638195       -555.139092639630     
   16.7868793403610       -555.167334302415     
   16.7878388276151       -555.195614597648     
   16.7887996219447       -555.223933418126     
   16.7897617241590       -555.252290787699     
   16.7907251403376       -555.280686885557     
   16.7916898744881       -555.309121829826     
   16.7926559261008       -555.337595605483     
   16.7936233060179       -555.366108532090     
   16.7945920037871       -555.394660301576     
   16.7955620362165       -555.423251409349     
   16.7965333895211       -555.451881449104     
   16.7975060862795       -555.480551086333     
   16.7984801124362       -555.509259906755     
   16.7994554908611       -555.538008584448     
   16.8004322079531       -555.566796718530     
   16.8014102660557       -555.595624378073     
   16.8023896687940       -555.624491669922     
   16.8033704346346       -555.653399138374     
   16.8043525490407       -555.682346354961     
   16.8053360204916       -555.711333569607     
   16.8063208553530       -555.740360969936     
   16.8073070479331       -555.769428388186     
   16.8082946140385       -555.798536290249     
   16.8092835434516       -555.827684374965     
   16.8102738508373       -555.856873074575     
   16.8112655278908       -555.886102144298     
   16.8122585843857       -555.915371872206     
   16.8132530280291       -555.944682485461     
   16.8142488473360       -555.974033645548     
   16.8152460566635       -556.003425775637     
   16.8162446633843       -556.032859093031     
   16.8172446563636       -556.062333269539     
   16.8182460502616       -556.091848737263     
   16.8192488418278       -556.121405400396     
   16.8202530388288       -556.151003487852     
   16.8212586388047       -556.180642927127     
   16.8222656445130       -556.210323799500     
   16.8232740618508       -556.240046278782     
   16.8242838997687       -556.269810628785     
   16.8252951557326       -556.299616774821     
   16.8263078315177       -556.329464769211     
   16.8273219249646       -556.359354548307     
   16.8283374564477       -556.389286712635     
   16.8293544154339       -556.419260951738     
   16.8303727985631       -556.449277166576     
   16.8313926317182       -556.479336120033     
   16.8324139005060       -556.509437387881     
   16.8334366120951       -556.539581181405     
   16.8344607701872       -556.569767609714     
   16.8354863727804       -556.599996613803     
   16.8365134323963       -556.630268562738     
   16.8375419474992       -556.660583411252     
   16.8385719213785       -556.690941256303     
   16.8396033577957       -556.721342208759     
   16.8406362590824       -556.751786337339     
   16.8416706287668       -556.782273746033     
   16.8427064762478       -556.812804711873     
   16.8437437884579       -556.843378849700     
   16.8447825814896       -556.873996633832     
   16.8458228631393       -556.904658294059     
   16.8468646234237       -556.935363536134     
   16.8479078780127       -556.966112821916     
   16.8489526195083       -556.996905933352     
   16.8499988489724       -557.027742901743     
   16.8510465882751       -557.058624371694     
   16.8520958195659       -557.089549817078     
   16.8531465581736       -557.120519689696     
   16.8541988044630       -557.151534000303     
   16.8552525667169       -557.182592993028     
   16.8563078378222       -557.213696458217     
   16.8573646315457       -557.244844801640     
   16.8584229396795       -557.276037781373     
   16.8594827755220       -557.307275789377     
   16.8605441421177       -557.338558915389     
   16.8616070366714       -557.369887077021     
   16.8626714687557       -557.401260556420     
   16.8637374329566       -557.432679194010     
   16.8648049466704       -557.464143502536     
   16.8658740026206       -557.495653267532     
   16.8669445993013       -557.527208444606     
   16.8680167521344       -557.558809488316     
   16.8690904606129       -557.590456383714     
   16.8701657297073       -557.622149277304     
   16.8712425582444       -557.653888134504     
   16.8723209585381       -557.685673318261     
   16.8734009148419       -557.717504364457     
   16.8744824475179       -557.749381873254     
   16.8755655589093       -557.781305913711     
   16.8766502460504       -557.813276398418     
   16.8777365170418       -557.845293566139     
   16.8788243752069       -557.877357514825     
   16.8799138212692       -557.909468265802     
   16.8810048650775       -557.941626109355     
   16.8820975019790       -557.973830908351     
   16.8831917373966       -558.006082822624     
   16.8842875795967       -558.038382095818     
   16.8853850251297       -558.070728626261     
   16.8864840813181       -558.103122629781     
   16.8875847566204       -558.135564355682     
   16.8886870491546       -558.168053748497     
   16.8897909597532       -558.200590832763     
   16.8908964986708       -558.233175910728     
   16.8920036595250       -558.265808794274     
   16.8931124538743       -558.298489824081     
   16.8942228898684       -558.331219240358     
   16.8953349638778       -558.363996936123     
   16.8964486840825       -558.396823152480     
   16.8975640441340       -558.429697702312     
   16.8986810542770       -558.462620887573     
   16.8997997211252       -558.495592903198     
   16.9009200476503       -558.528613836775     
   16.9020420345718       -558.561683709514     
   16.9031656902132       -558.594802766742     
   16.9042910092826       -558.627970852486     
   16.9054180004031       -558.661188220904     
   16.9065466691780       -558.694455037153     
   16.9076770124787       -558.727771209014     
   16.9088090474367       -558.761137241434     
   16.9099427625786       -558.794552796237     
   16.9110781719591       -558.828018287678     
   16.9122152793175       -558.861533825973     
   16.9133540780250       -558.895099215739     
   16.9144945877526       -558.928715036765     
   16.9156367959037       -558.962380917780     
   16.9167807188928       -558.996097342587     
   16.9179263519404       -559.029864170311     
   16.9190737096860       -559.063681832449     
   16.9202227776069       -559.097549900946     
   16.9213735805700       -559.131469108743     
   16.9225261055865       -559.165439073005     
   16.9236803681655       -559.199460250847     
   16.9248363655424       -559.233532560789     
   16.9259940979395       -559.267656009381     
   16.9271535827266       -559.301831108590     
   16.9283148129459       -559.336057653333     
   16.9294777961903       -559.370335867412     
   16.9306425356837       -559.404665845848     
   16.9318090290050       -559.439047517280     
   16.9329772894273       -559.473481272923     
   16.9341473225160       -559.507967276818     
   16.9353191280943       -559.542505523750     
   16.9364926996911       -559.577095822988     
   16.9376680593602       -559.611738824554     
   16.9388452041138       -559.646434440384     
   16.9400241294715       -559.681182538424     
   16.9412048423940       -559.715983323834     
   16.9423873625078       -559.750837375092     
   16.9435716774648       -559.785744328248     
   16.9447577935134       -559.820704367470     
   16.9459457169145       -559.855717677289     
   16.9471354514253       -559.890784368451     
   16.9483270091185       -559.925904796793     
   16.9495203802471       -559.961078675021     
   16.9507155806750       -559.996306470721     
   16.9519126015391       -560.031587922656     
   16.9531114613640       -560.066923576825     
   16.9543121441697       -560.102312962227     
   16.9555146849138       -560.137757109223     
   16.9567190573356       -560.173255243786     
   16.9579252810773       -560.208807944862     
   16.9591333553491       -560.244415189174     
   16.9603432953926       -560.280077425954     
   16.9615550906684       -560.315794344563     
   16.9627687481062       -560.351566149249     
   16.9639842818911       -560.387393258109     
   16.9652016804601       -560.423275330332     
   16.9664209539015       -560.459212663259     
   16.9676421212797       -560.495205818810     
   16.9688651707043       -560.531254446515     
   16.9700901126979       -560.567358856526     
   16.9713169388754       -560.603518801695     
   16.9725456712820       -560.639734931791     
   16.9737763049842       -560.676007101403     
   16.9750088393839       -560.712335292903     
   16.9762432980108       -560.748720199813     
   16.9774796651303       -560.785161358365     
   16.9787179553345       -560.821659198652     
   16.9799581679461       -560.858213700715     
   16.9812003095236       -560.894825057854     
   16.9824443875630       -560.931493491016     
   16.9836903938837       -560.968218759081     
   16.9849383546953       -561.005001634561     
   16.9861882474452       -561.041841452730     
   16.9874401054752       -561.078739196315     
   16.9886939039968       -561.115694134697     
   16.9899496617339       -561.152706819748     
   16.9912074006247       -561.189777898083     
   16.9924670966476       -561.226906661680     
   16.9937287584947       -561.264093366733     
   16.9949924083977       -561.301338668507     
   16.9962580343475       -561.338642213040     
   16.9975256553883       -561.376004561654     
   16.9987952568286       -561.413425281322     
   17.0000668509477       -561.450904733967     
   17.0013404544222       -561.488443411123     
   17.0026160511801       -561.526040839080     
   17.0038936660067       -561.563697748369     
   17.0051732955759       -561.601414040950     
   17.0064549286943       -561.639189386911     
   17.0077385949189       -561.677024657422     
   17.0090242845793       -561.714919567460     
   17.0103120044911       -561.752874317900     
   17.0116017559262       -561.790888946241     
   17.0128935557398       -561.828963949275     
   17.0141874015893       -561.867099257953     
   17.0154832958724       -561.905294942950     
   17.0167812376601       -561.943550976885     
   17.0180812498924       -561.981868035895     
   17.0193833144471       -562.020245585844     
   17.0206874515783       -562.058684223707     
   17.0219936642760       -562.097184037612     
   17.0233019543980       -562.135745082316     
   17.0246123222942       -562.174367368138     
   17.0259247756343       -562.213051121130     
   17.0272393299866       -562.251796800160     
   17.0285559748502       -562.290604095724     
   17.0298747204603       -562.329473309495     
   17.0311955764054       -562.368404724091     
   17.0325185492631       -562.407398533377     
   17.0338436207336       -562.446454197986     
   17.0351708226793       -562.485572657033     
