  0.000000000000000E+000  0.000000000000000E+000
   1.00000000000000       0.000000000000000E+000
   2.00000000000000       3.049184847900324E-004
   3.00000000000000       4.568022257649813E-004
   4.00000000000000       6.086049102018926E-004
   5.00000000000000       7.595808179508199E-004
   6.00000000000000       9.133288593006347E-004
   7.00000000000000       1.081191545807406E-003
   8.00000000000000       1.297682751367564E-003
   9.00000000000000       1.625710455152131E-003
   10.0000000000000       2.146187995314889E-003
   11.0000000000000       2.945681052595447E-003
   12.0000000000000       4.109793436815369E-003
   13.0000000000000       5.715072240612810E-003
   14.0000000000000       7.832142025579974E-003
   15.0000000000000       1.052883900840057E-002
   16.0000000000000       1.386684991640585E-002
   17.0000000000000       1.790141478026848E-002
   18.0000000000000       2.268840587165780E-002
   19.0000000000000       2.827155319284513E-002
   20.0000000000000       3.468371436246633E-002
   21.0000000000000       4.196135671698455E-002
   22.0000000000000       5.011598758291651E-002
   23.0000000000000       5.915704734505902E-002
   24.0000000000000       6.909324147559731E-002
   25.0000000000000       7.990742651673642E-002
   26.0000000000000       9.158790601003752E-002
   27.0000000000000       0.104118711817507     
   28.0000000000000       0.117470820294759     
   29.0000000000000       0.131612389731766     
   30.0000000000000       0.146520716192226     
   31.0000000000000       0.162153123408860     
   32.0000000000000       0.178479061172483     
   33.0000000000000       0.195466706686261     
   34.0000000000000       0.213076428706862     
   35.0000000000000       0.231271838252478     
   36.0000000000000       0.250026802695244     
   37.0000000000000       0.269298859216768     
   38.0000000000000       0.289060945740883     
   39.0000000000000       0.309278807774615     
   40.0000000000000       0.329927777111553     
   41.0000000000000       0.350968087414137     
   42.0000000000000       0.372378777461631     
   43.0000000000000       0.394130577738148     
   44.0000000000000       0.416199957530697     
   45.0000000000000       0.438551657245231     
   46.0000000000000       0.461168503703225     
   47.0000000000000       0.484026863520071     
   48.0000000000000       0.507096964629348     
   49.0000000000000       0.530361882425914     
   50.0000000000000       0.553798261819275     
   51.0000000000000       0.577381291403139     
   52.0000000000000       0.601094135734555     
   53.0000000000000       0.624915987600209     
   54.0000000000000       0.648829979134534     
   55.0000000000000       0.672805862739420     
   56.0000000000000       0.696841738989993     
   57.0000000000000       0.720908589645635     
   58.0000000000000       0.744994321070870     
   59.0000000000000       0.769085669714191     
   60.0000000000000       0.793154111779862     
   61.0000000000000       0.817199052853272     
   62.0000000000000       0.841207113201875     
   63.0000000000000       0.865147929046522     
   64.0000000000000       0.889024477864043     
   65.0000000000000       0.912818838053879     
   66.0000000000000       0.936516330276990     
   67.0000000000000       0.960111372439791     
   68.0000000000000       0.983589217656129     
   69.0000000000000        1.00694685062279     
   70.0000000000000        1.03016186190888     
   71.0000000000000        1.05323339771888     
   72.0000000000000        1.07615841032696     
   73.0000000000000        1.09891921319651     
   74.0000000000000        1.12151541725615     
   75.0000000000000        1.14393856020331     
   76.0000000000000        1.16617397620837     
   77.0000000000000        1.18823198647052     
   78.0000000000000        1.21009451538176     
   79.0000000000000        1.23177145724352     
   80.0000000000000        1.25323026515388     
   81.0000000000000        1.27450002219868     
   82.0000000000000        1.29555876745990     
   83.0000000000000        1.31640403411689     
   84.0000000000000        1.33703476032900     
   85.0000000000000        1.35745639579748     
   86.0000000000000        1.37764872231984     
   87.0000000000000        1.39763107188042     
   88.0000000000000        1.41739234243538     
   89.0000000000000        1.43692886482545     
   90.0000000000000        1.45623801281878     
   91.0000000000000        1.47532340694074     
   92.0000000000000        1.49419026723238     
   93.0000000000000        1.51282787801938     
   94.0000000000000        1.53124526900006     
   95.0000000000000        1.54942760682798     
   96.0000000000000        1.56740804362718     
   97.0000000000000        1.58513106377477     
   98.0000000000000        1.60266282831897     
   99.0000000000000        1.61995995580063     
   100.000000000000        1.63702837955833     
   101.000000000000        1.65389068464545     
   102.000000000000        1.67053426677034     
   103.000000000000        1.68694795364016     
   104.000000000000        1.70315805350527     
   105.000000000000        1.71914619084851     
   106.000000000000        1.73493303778895     
   107.000000000000        1.75049518249653     
   108.000000000000        1.76586456935288     
   109.000000000000        1.78101299608655     
   110.000000000000        1.79596698439677     
   111.000000000000        1.81071313563781     
   112.000000000000        1.82526890668607     
   113.000000000000        1.83960645191886     
   114.000000000000        1.85376300870975     
   115.000000000000        1.86772323035421     
   116.000000000000        1.88149142906005     
   117.000000000000        1.89506746703117     
   118.000000000000        1.90846504552438     
   119.000000000000        1.92165987729899     
   120.000000000000        1.93469959928241     
   121.000000000000        1.94752960368497     
   122.000000000000        1.96019904589322     
   123.000000000000        1.97269567826425     
   124.000000000000        1.98500559960180     
   125.000000000000        1.99715372938754     
   126.000000000000        2.00913728738222     
   127.000000000000        2.02094044324395     
   128.000000000000        2.03259812963876     
   129.000000000000        2.04407849134718     
   130.000000000000        2.05540775286117     
   131.000000000000        2.06658612492771     
   132.000000000000        2.07758321134504     
   133.000000000000        2.08846118247785     
   134.000000000000        2.09917264186645     
   135.000000000000        2.10973519499090     
   136.000000000000        2.12015637470548     
   137.000000000000        2.13043398978178     
   138.000000000000        2.14056843739682     
   139.000000000000        2.15055791539357     
   140.000000000000        2.16042444142967     
   141.000000000000        2.17015032086285     
   142.000000000000        2.17972582420666     
   143.000000000000        2.18920087148099     
   144.000000000000        2.19853071947685     
   145.000000000000        2.20772071522387     
   146.000000000000        2.21681386461924     
   147.000000000000        2.22576184175499     
   148.000000000000        2.23460298637360     
   149.000000000000        2.24331833394706     
   150.000000000000        2.25190503939088     
   151.000000000000        2.26040589785527     
   152.000000000000        2.26876876026554     
   153.000000000000        2.27702071571669     
   154.000000000000        2.28517377678767     
   155.000000000000        2.29322101584636     
   156.000000000000        2.30113931556810     
   157.000000000000        2.30898175447590     
   158.000000000000        2.31668837504856     
   159.000000000000        2.32433301979223     
   160.000000000000        2.33184702301167     
   161.000000000000        2.33927526571198     
   162.000000000000        2.34660248494704     
   163.000000000000        2.35382845375856     
   164.000000000000        2.36098484904160     
   165.000000000000        2.36801139715447     
   166.000000000000        2.37499122427882     
   167.000000000000        2.38184388180063     
   168.000000000000        2.38862859773227     
   169.000000000000        2.39532657506255     
   170.000000000000        2.40192269674713     
   171.000000000000        2.40845231154225     
   172.000000000000        2.41490512796947     
   173.000000000000        2.42125751804794     
   174.000000000000        2.42753936732324     
   175.000000000000        2.43374673644763     
   176.000000000000        2.43986702923508     
   177.000000000000        2.44592848578346     
   178.000000000000        2.45188736258107     
   179.000000000000        2.45780532203827     
   180.000000000000        2.46361944807025     
   181.000000000000        2.46939060332953     
   182.000000000000        2.47507085097952     
   183.000000000000        2.48068782319403     
   184.000000000000        2.48624539717747     
   185.000000000000        2.49173153063016     
   186.000000000000        2.49713642381667     
   187.000000000000        2.50250867013153     
   188.000000000000        2.50778310282007     
   189.000000000000        2.51301979288260     
   190.000000000000        2.51817792835225     
   191.000000000000        2.52328394176604     
   192.000000000000        2.52833109732569     
   193.000000000000        2.53330833621751     
   194.000000000000        2.53825625425763     
   195.000000000000        2.54310194919575     
   196.000000000000        2.54793834965084     
   197.000000000000        2.55267399142539     
   198.000000000000        2.55740009554729     
   199.000000000000        2.56205004164793     
   200.000000000000        2.56662177359314     
   201.000000000000        2.57119085228767     
   202.000000000000        2.57568752587865     
   203.000000000000        2.58012949171023     
   204.000000000000        2.58450392663808     
   205.000000000000        2.58887861554309     
   206.000000000000        2.59316125123973     
   207.000000000000        2.59740368559539     
   208.000000000000        2.60163573390665     
   209.000000000000        2.60575507039987     
   210.000000000000        2.60989569774376     
   211.000000000000        2.61396500073794     
   212.000000000000        2.61797053925553     
   213.000000000000        2.62195857226279     
   214.000000000000        2.62589816588292     
   215.000000000000        2.62980194061889     
   216.000000000000        2.63363780618729     
   217.000000000000        2.63746629020696     
   218.000000000000        2.64124477855397     
   219.000000000000        2.64496358497202     
   220.000000000000        2.64866633679177     
   221.000000000000        2.65232400496507     
   222.000000000000        2.65594360898810     
   223.000000000000        2.65952385195626     
   224.000000000000        2.66306885154169     
   225.000000000000        2.66657427932524     
   226.000000000000        2.67005831358652     
   227.000000000000        2.67350264635547     
   228.000000000000        2.67688370639083     
   229.000000000000        2.68026907323024     
   230.000000000000        2.68359886770717     
   231.000000000000        2.68691076490050     
   232.000000000000        2.69016348001353     
   233.000000000000        2.69343272795844     
   234.000000000000        2.69660837721698     
   235.000000000000        2.69980316392416     
   236.000000000000        2.70293025221077     
   237.000000000000        2.70607100662969     
   238.000000000000        2.70914032862352     
   239.000000000000        2.71218986201454     
   240.000000000000        2.71523580189903     
   241.000000000000        2.71819627847170     
   242.000000000000        2.72120316801806     
   243.000000000000        2.72413709857452     
   244.000000000000        2.72703625047240     
   245.000000000000        2.72994141676540     
   246.000000000000        2.73278105695305     
   247.000000000000        2.73562393399845     
   248.000000000000        2.73845415541638     
   249.000000000000        2.74120644637676     
   250.000000000000        2.74397118221760     
   251.000000000000        2.74671879351385     
   252.000000000000        2.74939471300409     
   253.000000000000        2.75211507579413     
   254.000000000000        2.75476314695978     
   255.000000000000        2.75739326680414     
   256.000000000000        2.76000460314676     
   257.000000000000        2.76260116288249     
   258.000000000000        2.76517097396066     
   259.000000000000        2.76771936449772     
   260.000000000000        2.77023206854296     
   261.000000000000        2.77273126316520     
   262.000000000000        2.77522954995422     
   263.000000000000        2.77768570895852     
   264.000000000000        2.78011993946741     
   265.000000000000        2.78252696740213     
   266.000000000000        2.78495677222404     
   267.000000000000        2.78730353462273     
   268.000000000000        2.78967127445346     
   269.000000000000        2.79202602092115     
   270.000000000000        2.79432307134506     
   271.000000000000        2.79664226101139     
   272.000000000000        2.79890659701655     
   273.000000000000        2.80119652797454     
   274.000000000000        2.80341378364052     
   275.000000000000        2.80567486387473     
   276.000000000000        2.80785560627221     
   277.000000000000        2.81007476676684     
   278.000000000000        2.81221846902832     
   279.000000000000        2.81441391508180     
   280.000000000000        2.81653669665081     
   281.000000000000        2.81866636262179     
   282.000000000000        2.82076244957095     
   283.000000000000        2.82287490183513     
   284.000000000000        2.82494693930945     
   285.000000000000        2.82700182522032     
   286.000000000000        2.82906005606432     
   287.000000000000        2.83108270038624     
   288.000000000000        2.83308785811103     
   289.000000000000        2.83510871378534     
   290.000000000000        2.83709114866063     
   291.000000000000        2.83905969855095     
   292.000000000000        2.84101556579495     
   293.000000000000        2.84296550510414     
   294.000000000000        2.84488299477927     
   295.000000000000        2.84680092486158     
   296.000000000000        2.84871983842989     
   297.000000000000        2.85058811868078     
   298.000000000000        2.85248790830988     
   299.000000000000        2.85432472241270     
   300.000000000000        2.85617383009045     
   301.000000000000        2.85801716654270     
   302.000000000000        2.85985681762435     
   303.000000000000        2.86165395725368     
   304.000000000000        2.86345548474360     
   305.000000000000        2.86522980425559     
   306.000000000000        2.86703336356274     
   307.000000000000        2.86876823285767     
   308.000000000000        2.87053908044794     
   309.000000000000        2.87226408786408     
   310.000000000000        2.87399856808762     
   311.000000000000        2.87570947706990     
   312.000000000000        2.87744763726028     
   313.000000000000        2.87909707296411     
   314.000000000000        2.88081519597828     
   315.000000000000        2.88248056739750     
   316.000000000000        2.88412985179579     
   317.000000000000        2.88579503948685     
   318.000000000000        2.88743548872251     
   319.000000000000        2.88906175306400     
   320.000000000000        2.89069748480914     
   321.000000000000        2.89228857061313     
   322.000000000000        2.89391593732354     
   323.000000000000        2.89548697514379     
   324.000000000000        2.89707687211855     
   325.000000000000        2.89865900657885     
   326.000000000000        2.90021346833707     
   327.000000000000        2.90176250741289     
   328.000000000000        2.90331269208778     
   329.000000000000        2.90485999925558     
   330.000000000000        2.90637984446828     
   331.000000000000        2.90789026820938     
   332.000000000000        2.90942477654982     
   333.000000000000        2.91089581221720     
   334.000000000000        2.91242592729328     
   335.000000000000        2.91384859652442     
   336.000000000000        2.91539746538151     
   337.000000000000        2.91682001032595     
   338.000000000000        2.91827256240078     
   339.000000000000        2.91977683665253     
   340.000000000000        2.92116463806289     
   341.000000000000        2.92264353351258     
   342.000000000000        2.92401972492480     
   343.000000000000        2.92549841503126     
   344.000000000000        2.92688289582545     
   345.000000000000        2.92827897040645     
   346.000000000000        2.92968897050069     
   347.000000000000        2.93109743592448     
   348.000000000000        2.93245205278817     
   349.000000000000        2.93384888930063     
   350.000000000000        2.93519031015992     
   351.000000000000        2.93659283413947     
   352.000000000000        2.93792037541757     
   353.000000000000        2.93926324178513     
   354.000000000000        2.94064677151593     
   355.000000000000        2.94193928015828     
   356.000000000000        2.94327595380633     
   357.000000000000        2.94461891473985     
   358.000000000000        2.94591437654207     
   359.000000000000        2.94722046485644     
   360.000000000000        2.94854051110665     
   361.000000000000        2.94985739615188     
   362.000000000000        2.95109120905316     
   363.000000000000        2.95241713730614     
   364.000000000000        2.95369070303556     
   365.000000000000        2.95493643935358     
   366.000000000000        2.95624738295458     
   367.000000000000        2.95747266330428     
   368.000000000000        2.95875705008153     
   369.000000000000        2.95999764201127     
   370.000000000000        2.96120537902426     
   371.000000000000        2.96250559344150     
   372.000000000000        2.96368323416192     
   373.000000000000        2.96495629734080     
   374.000000000000        2.96613485940387     
   375.000000000000        2.96738765574635     
   376.000000000000        2.96857943813078     
   377.000000000000        2.96980473469179     
   378.000000000000        2.97097319981210     
   379.000000000000        2.97221061702744     
   380.000000000000        2.97338228658289     
   381.000000000000        2.97455281864492     
   382.000000000000        2.97575757277732     
   383.000000000000        2.97691120184928     
   384.000000000000        2.97812147863380     
   385.000000000000        2.97924660552511     
   386.000000000000        2.98042280884292     
   387.000000000000        2.98158592423172     
   388.000000000000        2.98273611380459     
   389.000000000000        2.98388089690637     
   390.000000000000        2.98504788949958     
   391.000000000000        2.98614455473850     
   392.000000000000        2.98731465179711     
   393.000000000000        2.98843157846865     
   394.000000000000        2.98955798875515     
   395.000000000000        2.99067499648323     
   396.000000000000        2.99182343793676     
   397.000000000000        2.99290082522905     
   398.000000000000        2.99400579876312     
   399.000000000000        2.99513881245558     
   400.000000000000        2.99623655574645     
   401.000000000000        2.99732825762336     
   402.000000000000        2.99842606035569     
   403.000000000000        2.99948124896410     
   404.000000000000        3.00061818038923     
   405.000000000000        3.00167902944587     
   406.000000000000        3.00273915439744     
   407.000000000000        3.00381637687477     
   408.000000000000        3.00491656537121     
   409.000000000000        3.00598375845290     
   410.000000000000        3.00701240104510     
   411.000000000000        3.00808350105192     
   412.000000000000        3.00914972685892     
   413.000000000000        3.01020233786942     
   414.000000000000        3.01124033708799     
   415.000000000000        3.01228514235387     
   416.000000000000        3.01334039310562     
   417.000000000000        3.01436694714102     
   418.000000000000        3.01542467011718     
   419.000000000000        3.01640418704356     
   420.000000000000        3.01749238997991     
   421.000000000000        3.01848210652065     
   422.000000000000        3.01953474995377     
   423.000000000000        3.02051154338047     
   424.000000000000        3.02155191755560     
   425.000000000000        3.02257729627120     
   426.000000000000        3.02356245473263     
   427.000000000000        3.02457768787155     
   428.000000000000        3.02558871687803     
   429.000000000000        3.02657252980092     
   430.000000000000        3.02759071069594     
   431.000000000000        3.02855985238545     
   432.000000000000        3.02957902217024     
   433.000000000000        3.03054815035032     
   434.000000000000        3.03156792805914     
   435.000000000000        3.03248375616170     
   436.000000000000        3.03352482201930     
   437.000000000000        3.03448319129490     
   438.000000000000        3.03545789076103     
   439.000000000000        3.03642431165275     
   440.000000000000        3.03739922726965     
   441.000000000000        3.03836024169028     
   442.000000000000        3.03934924223161     
   443.000000000000        3.04028042244247     
   444.000000000000        3.04124834288014     
   445.000000000000        3.04219692322783     
   446.000000000000        3.04317079861916     
   447.000000000000        3.04410872273399     
   448.000000000000        3.04505057538902     
   449.000000000000        3.04602688788026     
   450.000000000000        3.04693958179668     
   451.000000000000        3.04788954550929     
   452.000000000000        3.04884789046793     
   453.000000000000        3.04975242199097     
   454.000000000000        3.05069740613026     
   455.000000000000        3.05163164757637     
   456.000000000000        3.05258358096286     
   457.000000000000        3.05349051716319     
   458.000000000000        3.05439192530763     
   459.000000000000        3.05536606548365     
   460.000000000000        3.05625573393950     
   461.000000000000        3.05717264279590     
   462.000000000000        3.05809716015933     
   463.000000000000        3.05901823802367     
   464.000000000000        3.05991470171929     
   465.000000000000        3.06082424253638     
   466.000000000000        3.06176095350502     
   467.000000000000        3.06262674810853     
   468.000000000000        3.06354524567307     
   469.000000000000        3.06446625328841     
   470.000000000000        3.06534676505734     
   471.000000000000        3.06626048568991     
   472.000000000000        3.06711978496284     
   473.000000000000        3.06806249141341     
   474.000000000000        3.06893047994722     
   475.000000000000        3.06981711418666     
   476.000000000000        3.07068922309448     
   477.000000000000        3.07161259215696     
   478.000000000000        3.07247791393067     
   479.000000000000        3.07334062028008     
   480.000000000000        3.07425142017539     
   481.000000000000        3.07513798146395     
   482.000000000000        3.07599899373171     
   483.000000000000        3.07686445600342     
   484.000000000000        3.07773323078565     
   485.000000000000        3.07860941143356     
   486.000000000000        3.07952075981145     
   487.000000000000        3.08034131405920     
   488.000000000000        3.08120382317103     
   489.000000000000        3.08211000554556     
   490.000000000000        3.08292655019656     
   491.000000000000        3.08384938428589     
   492.000000000000        3.08464666179780     
   493.000000000000        3.08551755485755     
   494.000000000000        3.08638656740562     
   495.000000000000        3.08727254508710     
   496.000000000000        3.08805377070260     
   497.000000000000        3.08897816648122     
   498.000000000000        3.08977627617359     
   499.000000000000        3.09061330110986     
   500.000000000000        3.09154094185190     
   501.000000000000        3.09230809335050     
   502.000000000000        3.09318790262944     
   503.000000000000        3.09403031782550     
   504.000000000000        3.09486520016728     
   505.000000000000        3.09569535961479     
   506.000000000000        3.09652226058946     
   507.000000000000        3.09740217254002     
   508.000000000000        3.09820239510614     
   509.000000000000        3.09903947678199     
   510.000000000000        3.09990135635472     
   511.000000000000        3.10069579688779     
   512.000000000000        3.10154287553667     
   513.000000000000        3.10234045295777     
   514.000000000000        3.10322862456955     
   515.000000000000        3.10400070970943     
   516.000000000000        3.10485133323091     
   517.000000000000        3.10565116132188     
   518.000000000000        3.10652877667052     
   519.000000000000        3.10724916395044     
   520.000000000000        3.10817963356565     
   521.000000000000        3.10890343332583     
   522.000000000000        3.10978900572462     
   523.000000000000        3.11056184469031     
   524.000000000000        3.11139130975347     
   525.000000000000        3.11219272925448     
   526.000000000000        3.11302148102010     
   527.000000000000        3.11382372459591     
   528.000000000000        3.11462795135501     
   529.000000000000        3.11545429303957     
   530.000000000000        3.11620417679369     
   531.000000000000        3.11709104879898     
   532.000000000000        3.11784124867359     
   533.000000000000        3.11865716648736     
   534.000000000000        3.11945559770399     
   535.000000000000        3.12027702466047     
   536.000000000000        3.12104058265255     
   537.000000000000        3.12184906758179     
   538.000000000000        3.12268103188820     
   539.000000000000        3.12344641905616     
   540.000000000000        3.12420769935953     
   541.000000000000        3.12509650861607     
   542.000000000000        3.12579880677859     
   543.000000000000        3.12662762609133     
   544.000000000000        3.12742796754038     
   545.000000000000        3.12818504911507     
   546.000000000000        3.12900937519372     
   547.000000000000        3.12977874764147     
   548.000000000000        3.13055070849466     
   549.000000000000        3.13137432127578     
   550.000000000000        3.13214148628381     
   551.000000000000        3.13289218870896     
   552.000000000000        3.13371443163458     
   553.000000000000        3.13451755872665     
   554.000000000000        3.13523270705233     
   555.000000000000        3.13604993798202     
   556.000000000000        3.13679864371445     
   557.000000000000        3.13762452878052     
   558.000000000000        3.13840146110138     
   559.000000000000        3.13912473939783     
   560.000000000000        3.13992429189657     
   561.000000000000        3.14072938055686     
   562.000000000000        3.14145964862877     
   563.000000000000        3.14223039633578     
   564.000000000000        3.14304193169273     
   565.000000000000        3.14378465004888     
   566.000000000000        3.14453626841291     
   567.000000000000        3.14536739513510     
   568.000000000000        3.14605140964453     
   569.000000000000        3.14689970954524     
   570.000000000000        3.14759137579186     
   571.000000000000        3.14842805488691     
   572.000000000000        3.14912932092951     
   573.000000000000        3.14992987312555     
   574.000000000000        3.15065817152359     
   575.000000000000        3.15147083626830     
   576.000000000000        3.15219097767673     
   577.000000000000        3.15299904111196     
   578.000000000000        3.15368317990808     
   579.000000000000        3.15449470175560     
   580.000000000000        3.15522279481041     
   581.000000000000        3.15602252022977     
   582.000000000000        3.15674808972436     
   583.000000000000        3.15748898971217     
   584.000000000000        3.15827851821905     
   585.000000000000        3.15903797745219     
   586.000000000000        3.15971821202506     
   587.000000000000        3.16057424471950     
   588.000000000000        3.16123370990544     
   589.000000000000        3.16205534220514     
   590.000000000000        3.16277702098591     
   591.000000000000        3.16349252866224     
   592.000000000000        3.16430588238753     
   593.000000000000        3.16499494942115     
   594.000000000000        3.16579831157718     
   595.000000000000        3.16649638129030     
   596.000000000000        3.16725778858224     
   597.000000000000        3.16799582727427     
   598.000000000000        3.16876054437485     
   599.000000000000        3.16949712404919     
   600.000000000000        3.17023630293651     
   601.000000000000        3.17098628936224     
   602.000000000000        3.17173420074060     
   603.000000000000        3.17246055107984     
   604.000000000000        3.17318489121694     
   605.000000000000        3.17396940232410     
   606.000000000000        3.17465072305458     
   607.000000000000        3.17545802185647     
   608.000000000000        3.17614558394038     
   609.000000000000        3.17689718068933     
   610.000000000000        3.17765057148966     
   611.000000000000        3.17835466100167     
   612.000000000000        3.17911510642270     
   613.000000000000        3.17985275604334     
   614.000000000000        3.18057254620677     
   615.000000000000        3.18132431047257     
   616.000000000000        3.18201007850509     
   617.000000000000        3.18281797712537     
   618.000000000000        3.18347482958890     
   619.000000000000        3.18426261808208     
   620.000000000000        3.18497097657176     
   621.000000000000        3.18574220791612     
   622.000000000000        3.18640022489190     
   623.000000000000        3.18714317561014     
   624.000000000000        3.18792433097663     
   625.000000000000        3.18862742349322     
   626.000000000000        3.18935193655093     
   627.000000000000        3.19007093506217     
   628.000000000000        3.19079633703992     
   629.000000000000        3.19155713100405     
   630.000000000000        3.19224631421872     
   631.000000000000        3.19299318266962     
   632.000000000000        3.19367854541946     
   633.000000000000        3.19449030773471     
   634.000000000000        3.19515162911537     
   635.000000000000        3.19583857787147     
   636.000000000000        3.19665272595083     
   637.000000000000        3.19732624634046     
   638.000000000000        3.19801540523816     
   639.000000000000        3.19879630662750     
   640.000000000000        3.19951554560647     
   641.000000000000        3.20019194620509     
   642.000000000000        3.20097454707984     
   643.000000000000        3.20164153161062     
   644.000000000000        3.20237686301428     
   645.000000000000        3.20312515535836     
   646.000000000000        3.20378005976309     
   647.000000000000        3.20457894759822     
   648.000000000000        3.20521265301637     
   649.000000000000        3.20600662612341     
   650.000000000000        3.20670174808043     
   651.000000000000        3.20738029127354     
   652.000000000000        3.20815498373206     
   653.000000000000        3.20884989494208     
   654.000000000000        3.20953009709233     
   655.000000000000        3.21029822667316     
   656.000000000000        3.21098813669478     
   657.000000000000        3.21170248526262     
   658.000000000000        3.21246277667623     
   659.000000000000        3.21308944368499     
   660.000000000000        3.21389043628822     
   661.000000000000        3.21452906183823     
   662.000000000000        3.21531407549593     
   663.000000000000        3.21602227997819     
   664.000000000000        3.21666414778972     
   665.000000000000        3.21744606238578     
   666.000000000000        3.21810779175101     
   667.000000000000        3.21888673427402     
   668.000000000000        3.21952537873721     
   669.000000000000        3.22031055180611     
   670.000000000000        3.22095513501166     
   671.000000000000        3.22170692899819     
   672.000000000000        3.22241395275688     
   673.000000000000        3.22310333591100     
   674.000000000000        3.22386428658445     
   675.000000000000        3.22448744384511     
   676.000000000000        3.22528822840323     
   677.000000000000        3.22596018169979     
   678.000000000000        3.22667131772684     
   679.000000000000        3.22740351764625     
   680.000000000000        3.22808894794320     
   681.000000000000        3.22874769442783     
   682.000000000000        3.22956211809942     
   683.000000000000        3.23018971455648     
   684.000000000000        3.23098085068469     
   685.000000000000        3.23157909386745     
   686.000000000000        3.23239327166754     
   687.000000000000        3.23306984788865     
   688.000000000000        3.23372538183249     
   689.000000000000        3.23449572966058     
   690.000000000000        3.23517077661501     
   691.000000000000        3.23588084809953     
   692.000000000000        3.23662988616377     
   693.000000000000        3.23731138251674     
   694.000000000000        3.23801134895285     
   695.000000000000        3.23868860334700     
   696.000000000000        3.23946909134799     
   697.000000000000        3.24013485462694     
   698.000000000000        3.24086272342532     
   699.000000000000        3.24152458788478     
   700.000000000000        3.24228664903280     
   701.000000000000        3.24295808897129     
   702.000000000000        3.24370547888592     
   703.000000000000        3.24435064569854     
   704.000000000000        3.24510053215455     
   705.000000000000        3.24583181883695     
   706.000000000000        3.24650823024311     
   707.000000000000        3.24720216877467     
   708.000000000000        3.24791184308215     
   709.000000000000        3.24865843864271     
   710.000000000000        3.24934240451821     
   711.000000000000        3.25002883721435     
   712.000000000000        3.25078127695130     
   713.000000000000        3.25144978534500     
   714.000000000000        3.25218645688341     
   715.000000000000        3.25289503152386     
   716.000000000000        3.25356769811796     
   717.000000000000        3.25428765309635     
   718.000000000000        3.25505125972235     
   719.000000000000        3.25565865148637     
   720.000000000000        3.25649051041929     
   721.000000000000        3.25703742590027     
   722.000000000000        3.25792444921110     
   723.000000000000        3.25851035018499     
   724.000000000000        3.25930056767244     
   725.000000000000        3.25992380869153     
   726.000000000000        3.26071681452388     
   727.000000000000        3.26136408340273     
   728.000000000000        3.26208142295682     
   729.000000000000        3.26284946877923     
   730.000000000000        3.26349293070267     
   731.000000000000        3.26424242268352     
   732.000000000000        3.26494415615216     
   733.000000000000        3.26562174287811     
   734.000000000000        3.26639411711965     
   735.000000000000        3.26708099292487     
   736.000000000000        3.26773575412971     
   737.000000000000        3.26849571050962     
   738.000000000000        3.26928356654992     
   739.000000000000        3.26983990620440     
   740.000000000000        3.27066567779131     
   741.000000000000        3.27134157583939     
   742.000000000000        3.27206149839517     
   743.000000000000        3.27279555180741     
   744.000000000000        3.27346342525822     
   745.000000000000        3.27417157570279     
   746.000000000000        3.27495447108296     
   747.000000000000        3.27562071259548     
   748.000000000000        3.27634569848299     
   749.000000000000        3.27709125381798     
   750.000000000000        3.27776631157995     
   751.000000000000        3.27847614259674     
   752.000000000000        3.27918638429998     
   753.000000000000        3.27996828538663     
   754.000000000000        3.28062048520487     
   755.000000000000        3.28138729626601     
   756.000000000000        3.28206495053908     
   757.000000000000        3.28279016878868     
   758.000000000000        3.28354269768782     
   759.000000000000        3.28424270465220     
   760.000000000000        3.28490644692146     
   761.000000000000        3.28571887119844     
   762.000000000000        3.28641912943808     
   763.000000000000        3.28707484711008     
   764.000000000000        3.28791708127986     
   765.000000000000        3.28848774092273     
   766.000000000000        3.28936529682991     
   767.000000000000        3.28995622601105     
   768.000000000000        3.29078857938885     
   769.000000000000        3.29141454390761     
   770.000000000000        3.29225776156340     
   771.000000000000        3.29283790752309     
   772.000000000000        3.29369214346428     
   773.000000000000        3.29437462060136     
   774.000000000000        3.29508337626808     
   775.000000000000        3.29579132677319     
   776.000000000000        3.29660124099937     
   777.000000000000        3.29727212164775     
   778.000000000000        3.29801157072354     
   779.000000000000        3.29877989754194     
   780.000000000000        3.29944658486542     
   781.000000000000        3.30023073392005     
   782.000000000000        3.30093210803803     
   783.000000000000        3.30169216708956     
   784.000000000000        3.30238831035896     
   785.000000000000        3.30316031174042     
   786.000000000000        3.30389594035138     
   787.000000000000        3.30459934358470     
   788.000000000000        3.30540456463734     
   789.000000000000        3.30606686950399     
   790.000000000000        3.30683121374449     
   791.000000000000        3.30758688493542     
   792.000000000000        3.30832532350637     
   793.000000000000        3.30903578406227     
   794.000000000000        3.30983833024915     
   795.000000000000        3.31054646718429     
   796.000000000000        3.31127385774910     
   797.000000000000        3.31202276071911     
   798.000000000000        3.31281916282041     
   799.000000000000        3.31350352317106     
   800.000000000000        3.31427863442170     
   801.000000000000        3.31503882316368     
   802.000000000000        3.31576889669991     
   803.000000000000        3.31651433585385     
   804.000000000000        3.31729478062469     
   805.000000000000        3.31802556745845     
   806.000000000000        3.31879365110724     
   807.000000000000        3.31953160874273     
   808.000000000000        3.32028957113180     
   809.000000000000        3.32105671452475     
   810.000000000000        3.32184623492597     
   811.000000000000        3.32250485982579     
   812.000000000000        3.32337438843382     
   813.000000000000        3.32406682741943     
   814.000000000000        3.32487846274611     
   815.000000000000        3.32558956094678     
   816.000000000000        3.32638057008641     
   817.000000000000        3.32715910192295     
   818.000000000000        3.32792293010350     
   819.000000000000        3.32864990187620     
   820.000000000000        3.32947062904456     
   821.000000000000        3.33022133417159     
   822.000000000000        3.33097730256983     
   823.000000000000        3.33174970112833     
   824.000000000000        3.33257869336169     
   825.000000000000        3.33331070955294     
   826.000000000000        3.33404362276988     
   827.000000000000        3.33486460931916     
   828.000000000000        3.33569347996771     
   829.000000000000        3.33640037943970     
   830.000000000000        3.33720018051183     
   831.000000000000        3.33801915415708     
   832.000000000000        3.33877647079574     
   833.000000000000        3.33951244794981     
   834.000000000000        3.34038251963665     
   835.000000000000        3.34113451626452     
   836.000000000000        3.34189227331037     
   837.000000000000        3.34274403702715     
   838.000000000000        3.34354752887364     
   839.000000000000        3.34426859973036     
   840.000000000000        3.34509081833903     
   841.000000000000        3.34587823667402     
   842.000000000000        3.34675133176973     
   843.000000000000        3.34743711331168     
   844.000000000000        3.34836593477728     
   845.000000000000        3.34902270888616     
   846.000000000000        3.34998708715311     
   847.000000000000        3.35064229416892     
   848.000000000000        3.35156464191902     
   849.000000000000        3.35230320477666     
   850.000000000000        3.35313754403964     
   851.000000000000        3.35399904534852     
   852.000000000000        3.35473359590752     
   853.000000000000        3.35558737793210     
   854.000000000000        3.35639931857173     
   855.000000000000        3.35722011869098     
   856.000000000000        3.35807065034838     
   857.000000000000        3.35884452953964     
   858.000000000000        3.35967828789743     
   859.000000000000        3.36054663037812     
   860.000000000000        3.36133584546638     
   861.000000000000        3.36217362963223     
   862.000000000000        3.36300428082273     
   863.000000000000        3.36382080385865     
   864.000000000000        3.36474689912270     
   865.000000000000        3.36548615636468     
   866.000000000000        3.36631405163289     
   867.000000000000        3.36728245300601     
   868.000000000000        3.36796503821848     
   869.000000000000        3.36892199981221     
   870.000000000000        3.36971003958066     
   871.000000000000        3.37061570589524     
   872.000000000000        3.37143209653881     
   873.000000000000        3.37224148389750     
   874.000000000000        3.37319736203550     
   875.000000000000        3.37398346185082     
   876.000000000000        3.37484537654804     
   877.000000000000        3.37574073787474     
   878.000000000000        3.37656293216644     
   879.000000000000        3.37748272933748     
   880.000000000000        3.37826747550861     
   881.000000000000        3.37924284234023     
   882.000000000000        3.38002344652227     
   883.000000000000        3.38100707031324     
   884.000000000000        3.38176450313293     
   885.000000000000        3.38269432429584     
   886.000000000000        3.38354578540154     
   887.000000000000        3.38448161015203     
   888.000000000000        3.38532216104771     
   889.000000000000        3.38625689423682     
   890.000000000000        3.38714427419641     
   891.000000000000        3.38797212623447     
   892.000000000000        3.38890897770111     
   893.000000000000        3.38979597399309     
   894.000000000000        3.39074891248064     
   895.000000000000        3.39160359963656     
   896.000000000000        3.39250013898494     
   897.000000000000        3.39341445673401     
   898.000000000000        3.39434663394029     
   899.000000000000        3.39523602680391     
   900.000000000000        3.39617978158570     
   901.000000000000        3.39699308667706     
   902.000000000000        3.39808252437467     
   903.000000000000        3.39887568151256     
   904.000000000000        3.39988940429799     
   905.000000000000        3.40073565887207     
   906.000000000000        3.40168562798845     
   907.000000000000        3.40265390507488     
   908.000000000000        3.40356697185138     
   909.000000000000        3.40454992287308     
   910.000000000000        3.40540385350131     
   911.000000000000        3.40638926864177     
   912.000000000000        3.40734152625441     
   913.000000000000        3.40829753948664     
   914.000000000000        3.40923758458088     
   915.000000000000        3.41025062919327     
   916.000000000000        3.41107459051750     
   917.000000000000        3.41213997603839     
   918.000000000000        3.41312019275288     
   919.000000000000        3.41399263399251     
   920.000000000000        3.41509254149295     
   921.000000000000        3.41593543222070     
   922.000000000000        3.41692654293390     
   923.000000000000        3.41797161028259     
   924.000000000000        3.41898344985445     
   925.000000000000        3.41983950956774     
   926.000000000000        3.42091459485435     
   927.000000000000        3.42188383110982     
   928.000000000000        3.42290234974042     
   929.000000000000        3.42388247729271     
   930.000000000000        3.42485928693072     
   931.000000000000        3.42590825039700     
   932.000000000000        3.42682564829451     
   933.000000000000        3.42794887035718     
   934.000000000000        3.42890511054772     
   935.000000000000        3.42991868743138     
   936.000000000000        3.43092405058585     
   937.000000000000        3.43202499020621     
   938.000000000000        3.43298613431730     
   939.000000000000        3.43396942577646     
   940.000000000000        3.43508670369300     
   941.000000000000        3.43613755847851     
   942.000000000000        3.43707343726669     
   943.000000000000        3.43822776342489     
   944.000000000000        3.43918550586326     
   945.000000000000        3.44028053646200     
   946.000000000000        3.44131394247675     
   947.000000000000        3.44241859718843     
   948.000000000000        3.44341032393132     
   949.000000000000        3.44456057564754     
   950.000000000000        3.44554902230252     
   951.000000000000        3.44665010512276     
   952.000000000000        3.44770729312577     
   953.000000000000        3.44880543629557     
   954.000000000000        3.44992663734855     
   955.000000000000        3.45091616745926     
   956.000000000000        3.45208100665044     
   957.000000000000        3.45319418040427     
   958.000000000000        3.45422448195362     
   959.000000000000        3.45536859228613     
   960.000000000000        3.45643494237983     
   961.000000000000        3.45757130640919     
   962.000000000000        3.45868954619665     
   963.000000000000        3.45980263078829     
   964.000000000000        3.46090014171709     
   965.000000000000        3.46206808807556     
   966.000000000000        3.46314749367564     
   967.000000000000        3.46431576426027     
   968.000000000000        3.46545288211543     
   969.000000000000        3.46655091180608     
   970.000000000000        3.46776175598636     
   971.000000000000        3.46884703818545     
   972.000000000000        3.47004799887187     
   973.000000000000        3.47114943834088     
   974.000000000000        3.47240896507790     
   975.000000000000        3.47346617739788     
   976.000000000000        3.47468965288867     
   977.000000000000        3.47591625445995     
   978.000000000000        3.47696896273829     
   979.000000000000        3.47823080499042     
   980.000000000000        3.47940587892047     
   981.000000000000        3.48058405191215     
   982.000000000000        3.48182106654668     
   983.000000000000        3.48294979234828     
   984.000000000000        3.48423843729566     
   985.000000000000        3.48537080253581     
   986.000000000000        3.48663947245033     
   987.000000000000        3.48781553527014     
   988.000000000000        3.48906956907578     
   989.000000000000        3.49029226642381     
   990.000000000000        3.49146214733165     
   991.000000000000        3.49281469184985     
   992.000000000000        3.49400471260551     
   993.000000000000        3.49518466073537     
   994.000000000000        3.49649148936612     
   995.000000000000        3.49778042341515     
   996.000000000000        3.49894377927168     
   997.000000000000        3.50029636431814     
   998.000000000000        3.50150439853844     
   999.000000000000        3.50285627298926     
   1000.00000000000        3.50408224502142     
   1001.00000000000        3.50535504341561     
   1002.00000000000        3.50661526183510     
   1003.00000000000        3.50796043561210     
   1004.00000000000        3.50927961185547     
   1005.00000000000        3.51050212547535     
   1006.00000000000        3.51189135618266     
   1007.00000000000        3.51317029325866     
   1008.00000000000        3.51444756056998     
   1009.00000000000        3.51585129769572     
   1010.00000000000        3.51708171432806     
   1011.00000000000        3.51856170674289     
   1012.00000000000        3.51971235563614     
   1013.00000000000        3.52116768254646     
   1014.00000000000        3.52254778358570     
   1015.00000000000        3.52380582698808     
   1016.00000000000        3.52518303430892     
   1017.00000000000        3.52668801375255     
   1018.00000000000        3.52779855587078     
   1019.00000000000        3.52937251442828     
   1020.00000000000        3.53069197166765     
   1021.00000000000        3.53212584561423     
   1022.00000000000        3.53343424944369     
   1023.00000000000        3.53480478040768     
   1024.00000000000        3.53633446858599     
   1025.00000000000        3.53766653552079     
   1026.00000000000        3.53909703211162     
   1027.00000000000        3.54044311912562     
   1028.00000000000        3.54195453986214     
   1029.00000000000        3.54334264388357     
   1030.00000000000        3.54474622970377     
   1031.00000000000        3.54624892335302     
   1032.00000000000        3.54771439584001     
   1033.00000000000        3.54905044535272     
   1034.00000000000        3.55063106945953     
   1035.00000000000        3.55202633617704     
   1036.00000000000        3.55346804829085     
   1037.00000000000        3.55497876653737     
   1038.00000000000        3.55642408296524     
   1039.00000000000        3.55800594183331     
   1040.00000000000        3.55941565282590     
   1041.00000000000        3.56091993248142     
   1042.00000000000        3.56237266558251     
   1043.00000000000        3.56400479571548     
   1044.00000000000        3.56541912152697     
   1045.00000000000        3.56690866780575     
   1046.00000000000        3.56856127282023     
   1047.00000000000        3.56998137255911     
   1048.00000000000        3.57160154144894     
   1049.00000000000        3.57305957564762     
   1050.00000000000        3.57465006703700     
   1051.00000000000        3.57623426033337     
   1052.00000000000        3.57772403357046     
   1053.00000000000        3.57940648090036     
   1054.00000000000        3.58085214587133     
   1055.00000000000        3.58247368461666     
   1056.00000000000        3.58404620577155     
   1057.00000000000        3.58576092441113     
   1058.00000000000        3.58717803046187     
   1059.00000000000        3.58890042245371     
   1060.00000000000        3.59041918421069     
   1061.00000000000        3.59211501937878     
   1062.00000000000        3.59373593128688     
   1063.00000000000        3.59534777567026     
   1064.00000000000        3.59689591501851     
   1065.00000000000        3.59869382738684     
   1066.00000000000        3.60026411138128     
   1067.00000000000        3.60183388471953     
   1068.00000000000        3.60363689014033     
   1069.00000000000        3.60526365162860     
   1070.00000000000        3.60688425281997     
   1071.00000000000        3.60857102856899     
   1072.00000000000        3.61032417341136     
   1073.00000000000        3.61195543894126     
   1074.00000000000        3.61364730774275     
   1075.00000000000        3.61543190792565     
   1076.00000000000        3.61703622756042     
   1077.00000000000        3.61882933327604     
   1078.00000000000        3.62054379793846     
   1079.00000000000        3.62223771747037     
   1080.00000000000        3.62399858429893     
   1081.00000000000        3.62575357452848     
   1082.00000000000        3.62751437380993     
   1083.00000000000        3.62926930189614     
   1084.00000000000        3.63095391613748     
   1085.00000000000        3.63281134832169     
   1086.00000000000        3.63455746286033     
   1087.00000000000        3.63636230286077     
   1088.00000000000        3.63813196972748     
   1089.00000000000        3.63998112603916     
   1090.00000000000        3.64171857023011     
   1091.00000000000        3.64345896487904     
   1092.00000000000        3.64549147107976     
   1093.00000000000        3.64714948526721     
   1094.00000000000        3.64904680537378     
   1095.00000000000        3.65086457119016     
   1096.00000000000        3.65270325499712     
   1097.00000000000        3.65458070544434     
   1098.00000000000        3.65636353589283     
   1099.00000000000        3.65833952407146     
   1100.00000000000        3.66014363996683     
   1101.00000000000        3.66204017652687     
   1102.00000000000        3.66393411387393     
   1103.00000000000        3.66576882861241     
   1104.00000000000        3.66777981430228     
   1105.00000000000        3.66961824413209     
   1106.00000000000        3.67148387113230     
   1107.00000000000        3.67352931665837     
   1108.00000000000        3.67533895250398     
   1109.00000000000        3.67732864464131     
   1110.00000000000        3.67927095653027     
   1111.00000000000        3.68124381322464     
   1112.00000000000        3.68310008359847     
   1113.00000000000        3.68517927296133     
   1114.00000000000        3.68706361321428     
   1115.00000000000        3.68904782052587     
   1116.00000000000        3.69112312457867     
   1117.00000000000        3.69302419219919     
   1118.00000000000        3.69507679771945     
   1119.00000000000        3.69701831795622     
   1120.00000000000        3.69905121052644     
   1121.00000000000        3.70110000638942     
   1122.00000000000        3.70307077722888     
   1123.00000000000        3.70514840760432     
   1124.00000000000        3.70726941403515     
   1125.00000000000        3.70910867874730     
   1126.00000000000        3.71130130133138     
   1127.00000000000        3.71339147655702     
   1128.00000000000        3.71535760285686     
   1129.00000000000        3.71748914663763     
   1130.00000000000        3.71961863158234     
   1131.00000000000        3.72157798695936     
   1132.00000000000        3.72382248842967     
   1133.00000000000        3.72581412052013     
   1134.00000000000        3.72796278614363     
   1135.00000000000        3.73006344197964     
   1136.00000000000        3.73218963062514     
   1137.00000000000        3.73437521750171     
   1138.00000000000        3.73648815070135     
   1139.00000000000        3.73858979272525     
   1140.00000000000        3.74080948549114     
   1141.00000000000        3.74285467433817     
   1142.00000000000        3.74515379710757     
   1143.00000000000        3.74725355321602     
   1144.00000000000        3.74945942854406     
   1145.00000000000        3.75165105413271     
   1146.00000000000        3.75383459027887     
   1147.00000000000        3.75605030857251     
   1148.00000000000        3.75816802410790     
   1149.00000000000        3.76053829020074     
   1150.00000000000        3.76264287457696     
   1151.00000000000        3.76492890941735     
   1152.00000000000        3.76716654269700     
   1153.00000000000        3.76939303610643     
   1154.00000000000        3.77158653950488     
   1155.00000000000        3.77394045379211     
   1156.00000000000        3.77614286260221     
   1157.00000000000        3.77843408506103     
   1158.00000000000        3.78071110641440     
   1159.00000000000        3.78299268314519     
   1160.00000000000        3.78527883146474     
   1161.00000000000        3.78763544223280     
   1162.00000000000        3.78986176812539     
   1163.00000000000        3.79221200244579     
   1164.00000000000        3.79449147981225     
   1165.00000000000        3.79689203132958     
   1166.00000000000        3.79916824211756     
   1167.00000000000        3.80154051300877     
   1168.00000000000        3.80376925438620     
   1169.00000000000        3.80626470689826     
   1170.00000000000        3.80862924769763     
   1171.00000000000        3.81093531431045     
   1172.00000000000        3.81326192605378     
   1173.00000000000        3.81572006553951     
   1174.00000000000        3.81808486031602     
   1175.00000000000        3.82046084089479     
   1176.00000000000        3.82285439453101     
   1177.00000000000        3.82531645174940     
   1178.00000000000        3.82761802783002     
   1179.00000000000        3.83010275386021     
   1180.00000000000        3.83260850055261     
   1181.00000000000        3.83490876892108     
   1182.00000000000        3.83745972895040     
   1183.00000000000        3.83977937523523     
   1184.00000000000        3.84225420696401     
   1185.00000000000        3.84473093811768     
   1186.00000000000        3.84732173203167     
   1187.00000000000        3.84961315983372     
   1188.00000000000        3.85215335015102     
   1189.00000000000        3.85467629433890     
   1190.00000000000        3.85706298789011     
   1191.00000000000        3.85961879510040     
   1192.00000000000        3.86213480355051     
   1193.00000000000        3.86456256574766     
   1194.00000000000        3.86717930315759     
   1195.00000000000        3.86963678878724     
   1196.00000000000        3.87209942961271     
   1197.00000000000        3.87477099366497     
   1198.00000000000        3.87723445316147     
   1199.00000000000        3.87975493323060     
   1200.00000000000        3.88226773454369     
   1201.00000000000        3.88493508905974     
   1202.00000000000        3.88739039967228     
   1203.00000000000        3.89000693173898     
   1204.00000000000        3.89255737570834     
   1205.00000000000        3.89515226567938     
   1206.00000000000        3.89763204996264     
   1207.00000000000        3.90030951763276     
   1208.00000000000        3.90290120587055     
   1209.00000000000        3.90547876865565     
   1210.00000000000        3.90814025197646     
   1211.00000000000        3.91055866835478     
   1212.00000000000        3.91343420037747     
   1213.00000000000        3.91584048259204     
   1214.00000000000        3.91853077610835     
   1215.00000000000        3.92117094155966     
   1216.00000000000        3.92373457342776     
   1217.00000000000        3.92651084631585     
   1218.00000000000        3.92905930710191     
   1219.00000000000        3.93168899464473     
   1220.00000000000        3.93438363008960     
   1221.00000000000        3.93697842549469     
   1222.00000000000        3.93967123986934     
   1223.00000000000        3.94244909876370     
   1224.00000000000        3.94491866722128     
   1225.00000000000        3.94767495697087     
   1226.00000000000        3.95037085959961     
   1227.00000000000        3.95305264217944     
   1228.00000000000        3.95571363645914     
   1229.00000000000        3.95845009167386     
   1230.00000000000        3.96113590816740     
   1231.00000000000        3.96376098629509     
   1232.00000000000        3.96647164391565     
   1233.00000000000        3.96927475462349     
   1234.00000000000        3.97195716133865     
   1235.00000000000        3.97457196149732     
   1236.00000000000        3.97740619251200     
   1237.00000000000        3.98007269053063     
   1238.00000000000        3.98277843612498     
   1239.00000000000        3.98556035054813     
   1240.00000000000        3.98826450473245     
   1241.00000000000        3.99101812772193     
   1242.00000000000        3.99365019832698     
   1243.00000000000        3.99654664563837     
   1244.00000000000        3.99921402176949     
   1245.00000000000        4.00196461324446     
   1246.00000000000        4.00470099280642     
   1247.00000000000        4.00746018978383     
   1248.00000000000        4.01025237677223     
   1249.00000000000        4.01297639521214     
   1250.00000000000        4.01579081871081     
   1251.00000000000        4.01845588202872     
   1252.00000000000        4.02125538031684     
   1253.00000000000        4.02411177218902     
   1254.00000000000        4.02676430686803     
   1255.00000000000        4.02960244750973     
   1256.00000000000        4.03239248379799     
   1257.00000000000        4.03514788732942     
   1258.00000000000        4.03784818322253     
   1259.00000000000        4.04080619567645     
   1260.00000000000        4.04341656204249     
   1261.00000000000        4.04627128685187     
   1262.00000000000        4.04904361498845     
   1263.00000000000        4.05189032600810     
   1264.00000000000        4.05459985694278     
   1265.00000000000        4.05740771756375     
   1266.00000000000        4.06024573121687     
   1267.00000000000        4.06298730920480     
   1268.00000000000        4.06571444832142     
   1269.00000000000        4.06877341399158     
   1270.00000000000        4.07126253598802     
   1271.00000000000        4.07421756556134     
   1272.00000000000        4.07700036079886     
   1273.00000000000        4.07980312836736     
   1274.00000000000        4.08253641967522     
   1275.00000000000        4.08539987697563     
   1276.00000000000        4.08811799990334     
   1277.00000000000        4.09106998175082     
   1278.00000000000        4.09375223445856     
   1279.00000000000        4.09656844390295     
   1280.00000000000        4.09940479859893     
   1281.00000000000        4.10209521370005     
   1282.00000000000        4.10499612182292     
   1283.00000000000        4.10786882767432     
   1284.00000000000        4.11039756740467     
   1285.00000000000        4.11351201357323     
   1286.00000000000        4.11608775798999     
   1287.00000000000        4.11901721692744     
   1288.00000000000        4.12170961250998     
   1289.00000000000        4.12454749377075     
   1290.00000000000        4.12732556071022     
   1291.00000000000        4.13019715338517     
   1292.00000000000        4.13288671469076     
   1293.00000000000        4.13571173498083     
   1294.00000000000        4.13848722972616     
   1295.00000000000        4.14125157379374     
   1296.00000000000        4.14415531349167     
   1297.00000000000        4.14678175607109     
   1298.00000000000        4.14963176879373     
   1299.00000000000        4.15243211006985     
   1300.00000000000        4.15515456682046     
   1301.00000000000        4.15804502135181     
   1302.00000000000        4.16064654174766     
   1303.00000000000        4.16343021779957     
   1304.00000000000        4.16638590122896     
   1305.00000000000        4.16897451742396     
   1306.00000000000        4.17178098117059     
   1307.00000000000        4.17454447414452     
   1308.00000000000        4.17734618257425     
   1309.00000000000        4.17997752637234     
   1310.00000000000        4.18282391856961     
   1311.00000000000        4.18561664863681     
   1312.00000000000        4.18813581288814     
   1313.00000000000        4.19113642055279     
   1314.00000000000        4.19376040711911     
   1315.00000000000        4.19639063503885     
   1316.00000000000        4.19932935333483     
   1317.00000000000        4.20182289021071     
   1318.00000000000        4.20470708717732     
   1319.00000000000        4.20738411984401     
   1320.00000000000        4.21001757651586     
   1321.00000000000        4.21286791076276     
   1322.00000000000        4.21542483655327     
   1323.00000000000        4.21817383391632     
   1324.00000000000        4.22094363038703     
   1325.00000000000        4.22339775487223     
   1326.00000000000        4.22640967262583     
   1327.00000000000        4.22880463664580     
   1328.00000000000        4.23166127168759     
   1329.00000000000        4.23422655440718     
   1330.00000000000        4.23683761785945     
   1331.00000000000        4.23965999300450     
   1332.00000000000        4.24222270082806     
   1333.00000000000        4.24476646573868     
   1334.00000000000        4.24748948448128     
   1335.00000000000        4.25018295541389     
   1336.00000000000        4.25279627764168     
   1337.00000000000        4.25532204800086     
   1338.00000000000        4.25791913730597     
   1339.00000000000        4.26073603843282     
   1340.00000000000        4.26303103812632     
   1341.00000000000        4.26588269089290     
   1342.00000000000        4.26834587749906     
   1343.00000000000        4.27093499624460     
   1344.00000000000        4.27353775950737     
   1345.00000000000        4.27612512743169     
   1346.00000000000        4.27861342265144     
   1347.00000000000        4.28121715318890     
   1348.00000000000        4.28374354498154     
   1349.00000000000        4.28622158654923     
   1350.00000000000        4.28888826289225     
   1351.00000000000        4.29131326646522     
   1352.00000000000        4.29381386876933     
   1353.00000000000        4.29640120697292     
   1354.00000000000        4.29879744087866     
   1355.00000000000        4.30134628803421     
   1356.00000000000        4.30380994476829     
   1357.00000000000        4.30634588231922     
   1358.00000000000        4.30878915063210     
