  0.000000000000000E+000  -1324859.44209207     
   1.00000000000000       -1324859.44211918     
   2.00000000000000       -1324859.44215473     
   3.00000000000000       -1324859.44219869     
   4.00000000000000       -1324859.44225106     
   5.00000000000000       -1324859.44231178     
   6.00000000000000       -1324859.44238068     
   7.00000000000000       -1324859.44245761     
   8.00000000000000       -1324859.44254279     
   9.00000000000000       -1324859.44263739     
   10.0000000000000       -1324859.44274403     
   11.0000000000000       -1324859.44286704     
   12.0000000000000       -1324859.44301261     
   13.0000000000000       -1324859.44318882     
   14.0000000000000       -1324859.44340564     
   15.0000000000000       -1324859.44367487     
   16.0000000000000       -1324859.44401018     
   17.0000000000000       -1324859.44442704     
   18.0000000000000       -1324859.44494269     
   19.0000000000000       -1324859.44557615     
   20.0000000000000       -1324859.44634807     
   21.0000000000000       -1324859.44728068     
   22.0000000000000       -1324859.44839766     
   23.0000000000000       -1324859.44972402     
   24.0000000000000       -1324859.45128595     
   25.0000000000000       -1324859.45311065     
   26.0000000000000       -1324859.45522619     
   27.0000000000000       -1324859.45766135     
   28.0000000000000       -1324859.46044549     
   29.0000000000000       -1324859.46360838     
   30.0000000000000       -1324859.46718009     
   31.0000000000000       -1324859.47119087     
   32.0000000000000       -1324859.47567104     
   33.0000000000000       -1324859.48065089     
   34.0000000000000       -1324859.48616057     
   35.0000000000000       -1324859.49223010     
   36.0000000000000       -1324859.49888919     
   37.0000000000000       -1324859.50616725     
   38.0000000000000       -1324859.51409334     
   39.0000000000000       -1324859.52269611     
   40.0000000000000       -1324859.53200375     
   41.0000000000000       -1324859.54204400     
   42.0000000000000       -1324859.55284408     
   43.0000000000000       -1324859.56443068     
   44.0000000000000       -1324859.57682999     
   45.0000000000000       -1324859.59006760     
   46.0000000000000       -1324859.60416853     
   47.0000000000000       -1324859.61915725     
   48.0000000000000       -1324859.63505761     
   49.0000000000000       -1324859.65189288     
   50.0000000000000       -1324859.66968571     
   51.0000000000000       -1324859.68845816     
   52.0000000000000       -1324859.70823169     
   53.0000000000000       -1324859.72902711     
   54.0000000000000       -1324859.75086467     
   55.0000000000000       -1324859.77376399     
   56.0000000000000       -1324859.79774409     
   57.0000000000000       -1324859.82282337     
   58.0000000000000       -1324859.84901965     
   59.0000000000000       -1324859.87635017     
   60.0000000000000       -1324859.90483155     
   61.0000000000000       -1324859.93447984     
   62.0000000000000       -1324859.96531051     
   63.0000000000000       -1324859.99733848     
   64.0000000000000       -1324860.03057809     
   65.0000000000000       -1324860.06504312     
   66.0000000000000       -1324860.10074682     
   67.0000000000000       -1324860.13770191     
   68.0000000000000       -1324860.17592055     
   69.0000000000000       -1324860.21541443     
   70.0000000000000       -1324860.25619469     
   71.0000000000000       -1324860.29827198     
   72.0000000000000       -1324860.34165649     
   73.0000000000000       -1324860.38635790     
   74.0000000000000       -1324860.43238544     
   75.0000000000000       -1324860.47974787     
   76.0000000000000       -1324860.52845352     
   77.0000000000000       -1324860.57851027     
   78.0000000000000       -1324860.62992559     
   79.0000000000000       -1324860.68270651     
   80.0000000000000       -1324860.73685969     
   81.0000000000000       -1324860.79239138     
   82.0000000000000       -1324860.84930744     
   83.0000000000000       -1324860.90761336     
   84.0000000000000       -1324860.96731429     
   85.0000000000000       -1324861.02841501     
   86.0000000000000       -1324861.09091996     
   87.0000000000000       -1324861.15483324     
   88.0000000000000       -1324861.22015865     
   89.0000000000000       -1324861.28689967     
   90.0000000000000       -1324861.35505948     
   91.0000000000000       -1324861.42464095     
   92.0000000000000       -1324861.49564668     
   93.0000000000000       -1324861.56807901     
   94.0000000000000       -1324861.64194000     
   95.0000000000000       -1324861.71723144     
   96.0000000000000       -1324861.79395489     
   97.0000000000000       -1324861.87211168     
   98.0000000000000       -1324861.95170288     
   99.0000000000000       -1324862.03272936     
   100.000000000000       -1324862.11519177     
   101.000000000000       -1324862.19909053     
   102.000000000000       -1324862.28442590     
   103.000000000000       -1324862.37119791     
   104.000000000000       -1324862.45940641     
   105.000000000000       -1324862.54905109     
   106.000000000000       -1324862.64013145     
   107.000000000000       -1324862.73264682     
   108.000000000000       -1324862.82659639     
   109.000000000000       -1324862.92197916     
   110.000000000000       -1324863.01879403     
   111.000000000000       -1324863.11703972     
   112.000000000000       -1324863.21671481     
   113.000000000000       -1324863.31781779     
   114.000000000000       -1324863.42034697     
   115.000000000000       -1324863.52430059     
   116.000000000000       -1324863.62967672     
   117.000000000000       -1324863.73647337     
   118.000000000000       -1324863.84468841     
   119.000000000000       -1324863.95431962     
   120.000000000000       -1324864.06536467     
   121.000000000000       -1324864.17782116     
   122.000000000000       -1324864.29168658     
   123.000000000000       -1324864.40695834     
   124.000000000000       -1324864.52363377     
   125.000000000000       -1324864.64171010     
   126.000000000000       -1324864.76118453     
   127.000000000000       -1324864.88205416     
   128.000000000000       -1324865.00431600     
   129.000000000000       -1324865.12796705     
   130.000000000000       -1324865.25300421     
   131.000000000000       -1324865.37942431     
   132.000000000000       -1324865.50722417     
   133.000000000000       -1324865.63640051     
   134.000000000000       -1324865.76695004     
   135.000000000000       -1324865.89886938     
   136.000000000000       -1324866.03215515     
   137.000000000000       -1324866.16680389     
   138.000000000000       -1324866.30281211     
   139.000000000000       -1324866.44017630     
   140.000000000000       -1324866.57889289     
   141.000000000000       -1324866.71895829     
   142.000000000000       -1324866.86036887     
   143.000000000000       -1324867.00312098     
   144.000000000000       -1324867.14721093     
   145.000000000000       -1324867.29263502     
   146.000000000000       -1324867.43938949     
   147.000000000000       -1324867.58747062     
   148.000000000000       -1324867.73687459     
   149.000000000000       -1324867.88759764     
   150.000000000000       -1324868.03963593     
   151.000000000000       -1324868.19298563     
   152.000000000000       -1324868.34764291     
   153.000000000000       -1324868.50360388     
   154.000000000000       -1324868.66086467     
   155.000000000000       -1324868.81942142     
   156.000000000000       -1324868.97927021     
   157.000000000000       -1324869.14040714     
   158.000000000000       -1324869.30282829     
   159.000000000000       -1324869.46652976     
   160.000000000000       -1324869.63150760     
   161.000000000000       -1324869.79775790     
   162.000000000000       -1324869.96527672     
   163.000000000000       -1324870.13406011     
   164.000000000000       -1324870.30410414     
   165.000000000000       -1324870.47540487     
   166.000000000000       -1324870.64795836     
   167.000000000000       -1324870.82176067     
   168.000000000000       -1324870.99680786     
   169.000000000000       -1324871.17309598     
   170.000000000000       -1324871.35062110     
   171.000000000000       -1324871.52937930     
   172.000000000000       -1324871.70936665     
   173.000000000000       -1324871.89057921     
   174.000000000000       -1324872.07301307     
   175.000000000000       -1324872.25666431     
   176.000000000000       -1324872.44152904     
   177.000000000000       -1324872.62760334     
   178.000000000000       -1324872.81488332     
   179.000000000000       -1324873.00336510     
   180.000000000000       -1324873.19304479     
   181.000000000000       -1324873.38391853     
   182.000000000000       -1324873.57598246     
   183.000000000000       -1324873.76923272     
   184.000000000000       -1324873.96366547     
   185.000000000000       -1324874.15927687     
   186.000000000000       -1324874.35606311     
   187.000000000000       -1324874.55402038     
   188.000000000000       -1324874.75314485     
   189.000000000000       -1324874.95343276     
   190.000000000000       -1324875.15488032     
   191.000000000000       -1324875.35748376     
   192.000000000000       -1324875.56123933     
   193.000000000000       -1324875.76614329     
   194.000000000000       -1324875.97219190     
   195.000000000000       -1324876.17938144     
   196.000000000000       -1324876.38770821     
   197.000000000000       -1324876.59716853     
   198.000000000000       -1324876.80775869     
   199.000000000000       -1324877.01947505     
   200.000000000000       -1324877.23231396     
   201.000000000000       -1324877.44627176     
   202.000000000000       -1324877.66134483     
   203.000000000000       -1324877.87752958     
   204.000000000000       -1324878.09482238     
   205.000000000000       -1324878.31321968     
   206.000000000000       -1324878.53271789     
   207.000000000000       -1324878.75331347     
   208.000000000000       -1324878.97500286     
   209.000000000000       -1324879.19778255     
   210.000000000000       -1324879.42164902     
   211.000000000000       -1324879.64659879     
   212.000000000000       -1324879.87262837     
   213.000000000000       -1324880.09973429     
   214.000000000000       -1324880.32791311     
   215.000000000000       -1324880.55716137     
   216.000000000000       -1324880.78747567     
   217.000000000000       -1324881.01885260     
   218.000000000000       -1324881.25128877     
   219.000000000000       -1324881.48478079     
   220.000000000000       -1324881.71932532     
   221.000000000000       -1324881.95491900     
   222.000000000000       -1324882.19155850     
   223.000000000000       -1324882.42924051     
   224.000000000000       -1324882.66796172     
   225.000000000000       -1324882.90771885     
   226.000000000000       -1324883.14850864     
   227.000000000000       -1324883.39032782     
   228.000000000000       -1324883.63317316     
   229.000000000000       -1324883.87704143     
   230.000000000000       -1324884.12192942     
   231.000000000000       -1324884.36783394     
   232.000000000000       -1324884.61475181     
   233.000000000000       -1324884.86267986     
   234.000000000000       -1324885.11161495     
   235.000000000000       -1324885.36155395     
   236.000000000000       -1324885.61249372     
   237.000000000000       -1324885.86443118     
   238.000000000000       -1324886.11736323     
   239.000000000000       -1324886.37128680     
   240.000000000000       -1324886.62619882     
   241.000000000000       -1324886.88209626     
   242.000000000000       -1324887.13897609     
   243.000000000000       -1324887.39683528     
   244.000000000000       -1324887.65567084     
   245.000000000000       -1324887.91547979     
   246.000000000000       -1324888.17625916     
   247.000000000000       -1324888.43800599     
   248.000000000000       -1324888.70071733     
   249.000000000000       -1324888.96439027     
   250.000000000000       -1324889.22902188     
   251.000000000000       -1324889.49460928     
   252.000000000000       -1324889.76114958     
   253.000000000000       -1324890.02863990     
   254.000000000000       -1324890.29707740     
   255.000000000000       -1324890.56645924     
   256.000000000000       -1324890.83678258     
   257.000000000000       -1324891.10804462     
   258.000000000000       -1324891.38024255     
   259.000000000000       -1324891.65337360     
   260.000000000000       -1324891.92743498     
   261.000000000000       -1324892.20242395     
   262.000000000000       -1324892.47833776     
   263.000000000000       -1324892.75517368     
   264.000000000000       -1324893.03292901     
   265.000000000000       -1324893.31160102     
   266.000000000000       -1324893.59118704     
   267.000000000000       -1324893.87168439     
   268.000000000000       -1324894.15309041     
   269.000000000000       -1324894.43540245     
   270.000000000000       -1324894.71861788     
   271.000000000000       -1324895.00273407     
   272.000000000000       -1324895.28774841     
   273.000000000000       -1324895.57365832     
   274.000000000000       -1324895.86046120     
   275.000000000000       -1324896.14815449     
   276.000000000000       -1324896.43673562     
   277.000000000000       -1324896.72620207     
   278.000000000000       -1324897.01655129     
   279.000000000000       -1324897.30778076     
   280.000000000000       -1324897.59988799     
   281.000000000000       -1324897.89287047     
   282.000000000000       -1324898.18672573     
   283.000000000000       -1324898.48145129     
   284.000000000000       -1324898.77704471     
   285.000000000000       -1324899.07350353     
   286.000000000000       -1324899.37082532     
   287.000000000000       -1324899.66900767     
   288.000000000000       -1324899.96804817     
   289.000000000000       -1324900.26794442     
   290.000000000000       -1324900.56869404     
   291.000000000000       -1324900.87029465     
   292.000000000000       -1324901.17274390     
   293.000000000000       -1324901.47603944     
   294.000000000000       -1324901.78017893     
   295.000000000000       -1324902.08516004     
   296.000000000000       -1324902.39098047     
   297.000000000000       -1324902.69763791     
   298.000000000000       -1324903.00513007     
   299.000000000000       -1324903.31345467     
   300.000000000000       -1324903.62260944     
   301.000000000000       -1324903.93259213     
   302.000000000000       -1324904.24340048     
   303.000000000000       -1324904.55503228     
   304.000000000000       -1324904.86748528     
   305.000000000000       -1324905.18075729     
   306.000000000000       -1324905.49484609     
   307.000000000000       -1324905.80974950     
   308.000000000000       -1324906.12546533     
   309.000000000000       -1324906.44199142     
   310.000000000000       -1324906.75932561     
   311.000000000000       -1324907.07746575     
   312.000000000000       -1324907.39640970     
   313.000000000000       -1324907.71615533     
   314.000000000000       -1324908.03670053     
   315.000000000000       -1324908.35804320     
   316.000000000000       -1324908.68018123     
   317.000000000000       -1324909.00311253     
   318.000000000000       -1324909.32683503     
   319.000000000000       -1324909.65134668     
   320.000000000000       -1324909.97664540     
   321.000000000000       -1324910.30272916     
   322.000000000000       -1324910.62959590     
   323.000000000000       -1324910.95724363     
   324.000000000000       -1324911.28567031     
   325.000000000000       -1324911.61487393     
   326.000000000000       -1324911.94485251     
   327.000000000000       -1324912.27560404     
   328.000000000000       -1324912.60712656     
   329.000000000000       -1324912.93941810     
   330.000000000000       -1324913.27247670     
   331.000000000000       -1324913.60630040     
   332.000000000000       -1324913.94088726     
   333.000000000000       -1324914.27623536     
   334.000000000000       -1324914.61234278     
   335.000000000000       -1324914.94920759     
   336.000000000000       -1324915.28682789     
   337.000000000000       -1324915.62520180     
   338.000000000000       -1324915.96432743     
   339.000000000000       -1324916.30420289     
   340.000000000000       -1324916.64482632     
   341.000000000000       -1324916.98619587     
   342.000000000000       -1324917.32830966     
   343.000000000000       -1324917.67116589     
   344.000000000000       -1324918.01476269     
   345.000000000000       -1324918.35909826     
   346.000000000000       -1324918.70417077     
   347.000000000000       -1324919.04997841     
   348.000000000000       -1324919.39651940     
   349.000000000000       -1324919.74379193     
   350.000000000000       -1324920.09179422     
   351.000000000000       -1324920.44052451     
   352.000000000000       -1324920.78998101     
   353.000000000000       -1324921.14016199     
   354.000000000000       -1324921.49106568     
   355.000000000000       -1324921.84269035     
   356.000000000000       -1324922.19503426     
   357.000000000000       -1324922.54809568     
   358.000000000000       -1324922.90187291     
   359.000000000000       -1324923.25636423     
   360.000000000000       -1324923.61156793     
   361.000000000000       -1324923.96748233     
   362.000000000000       -1324924.32410573     
   363.000000000000       -1324924.68143646     
   364.000000000000       -1324925.03947286     
   365.000000000000       -1324925.39821324     
   366.000000000000       -1324925.75765597     
   367.000000000000       -1324926.11779939     
   368.000000000000       -1324926.47864186     
   369.000000000000       -1324926.84018175     
   370.000000000000       -1324927.20241742     
   371.000000000000       -1324927.56534727     
   372.000000000000       -1324927.92896969     
   373.000000000000       -1324928.29328306     
   374.000000000000       -1324928.65828579     
   375.000000000000       -1324929.02397629     
   376.000000000000       -1324929.39035298     
   377.000000000000       -1324929.75741429     
   378.000000000000       -1324930.12515864     
   379.000000000000       -1324930.49358447     
   380.000000000000       -1324930.86269024     
   381.000000000000       -1324931.23247439     
   382.000000000000       -1324931.60293537     
   383.000000000000       -1324931.97407167     
   384.000000000000       -1324932.34588174     
   385.000000000000       -1324932.71836408     
   386.000000000000       -1324933.09151716     
   387.000000000000       -1324933.46533949     
   388.000000000000       -1324933.83982955     
   389.000000000000       -1324934.21498586     
   390.000000000000       -1324934.59080692     
   391.000000000000       -1324934.96729127     
   392.000000000000       -1324935.34443742     
   393.000000000000       -1324935.72224391     
   394.000000000000       -1324936.10070927     
   395.000000000000       -1324936.47983205     
   396.000000000000       -1324936.85961080     
   397.000000000000       -1324937.24004408     
   398.000000000000       -1324937.62113046     
   399.000000000000       -1324938.00286850     
   400.000000000000       -1324938.38525678     
   401.000000000000       -1324938.76829388     
   402.000000000000       -1324939.15197840     
   403.000000000000       -1324939.53630891     
   404.000000000000       -1324939.92128403     
   405.000000000000       -1324940.30690237     
   406.000000000000       -1324940.69316253     
   407.000000000000       -1324941.08006314     
   408.000000000000       -1324941.46760281     
   409.000000000000       -1324941.85578018     
   410.000000000000       -1324942.24459389     
   411.000000000000       -1324942.63404257     
   412.000000000000       -1324943.02412488     
   413.000000000000       -1324943.41483946     
   414.000000000000       -1324943.80618498     
   415.000000000000       -1324944.19816011     
   416.000000000000       -1324944.59076350     
   417.000000000000       -1324944.98399384     
   418.000000000000       -1324945.37784982     
   419.000000000000       -1324945.77233010     
   420.000000000000       -1324946.16743340     
   421.000000000000       -1324946.56315840     
   422.000000000000       -1324946.95950382     
   423.000000000000       -1324947.35646835     
   424.000000000000       -1324947.75405072     
   425.000000000000       -1324948.15224964     
   426.000000000000       -1324948.55106383     
   427.000000000000       -1324948.95049204     
   428.000000000000       -1324949.35053298     
   429.000000000000       -1324949.75118542     
   430.000000000000       -1324950.15244808     
   431.000000000000       -1324950.55431972     
   432.000000000000       -1324950.95679911     
   433.000000000000       -1324951.35988498     
   434.000000000000       -1324951.76357612     
   435.000000000000       -1324952.16787130     
   436.000000000000       -1324952.57276929     
   437.000000000000       -1324952.97826888     
   438.000000000000       -1324953.38436884     
   439.000000000000       -1324953.79106798     
   440.000000000000       -1324954.19836508     
   441.000000000000       -1324954.60625895     
   442.000000000000       -1324955.01474840     
   443.000000000000       -1324955.42383223     
   444.000000000000       -1324955.83350926     
   445.000000000000       -1324956.24377831     
   446.000000000000       -1324956.65463821     
   447.000000000000       -1324957.06608778     
   448.000000000000       -1324957.47812587     
   449.000000000000       -1324957.89075130     
   450.000000000000       -1324958.30396293     
   451.000000000000       -1324958.71775959     
   452.000000000000       -1324959.13214016     
   453.000000000000       -1324959.54710347     
   454.000000000000       -1324959.96264840     
   455.000000000000       -1324960.37877381     
   456.000000000000       -1324960.79547857     
   457.000000000000       -1324961.21276156     
   458.000000000000       -1324961.63062165     
   459.000000000000       -1324962.04905775     
   460.000000000000       -1324962.46806872     
   461.000000000000       -1324962.88765346     
   462.000000000000       -1324963.30781088     
   463.000000000000       -1324963.72853986     
   464.000000000000       -1324964.14983934     
   465.000000000000       -1324964.57170819     
   466.000000000000       -1324964.99414536     
   467.000000000000       -1324965.41714975     
   468.000000000000       -1324965.84072029     
   469.000000000000       -1324966.26485589     
   470.000000000000       -1324966.68955551     
   471.000000000000       -1324967.11481807     
   472.000000000000       -1324967.54064251     
   473.000000000000       -1324967.96702778     
   474.000000000000       -1324968.39397281     
   475.000000000000       -1324968.82147658     
   476.000000000000       -1324969.24953803     
   477.000000000000       -1324969.67815611     
   478.000000000000       -1324970.10732981     
   479.000000000000       -1324970.53705807     
   480.000000000000       -1324970.96733988     
   481.000000000000       -1324971.39817422     
   482.000000000000       -1324971.82956006     
   483.000000000000       -1324972.26149638     
   484.000000000000       -1324972.69398217     
   485.000000000000       -1324973.12701643     
   486.000000000000       -1324973.56059814     
   487.000000000000       -1324973.99472632     
   488.000000000000       -1324974.42939996     
   489.000000000000       -1324974.86461806     
   490.000000000000       -1324975.30037965     
   491.000000000000       -1324975.73668372     
   492.000000000000       -1324976.17352930     
   493.000000000000       -1324976.61091542     
   494.000000000000       -1324977.04884109     
   495.000000000000       -1324977.48730535     
   496.000000000000       -1324977.92630723     
   497.000000000000       -1324978.36584576     
   498.000000000000       -1324978.80591999     
   499.000000000000       -1324979.24652895     
   500.000000000000       -1324979.68767169     
   501.000000000000       -1324980.12934728     
   502.000000000000       -1324980.57155474     
   503.000000000000       -1324981.01429316     
   504.000000000000       -1324981.45756157     
   505.000000000000       -1324981.90135907     
   506.000000000000       -1324982.34568470     
   507.000000000000       -1324982.79053753     
   508.000000000000       -1324983.23591666     
   509.000000000000       -1324983.68182114     
   510.000000000000       -1324984.12825007     
   511.000000000000       -1324984.57520253     
   512.000000000000       -1324985.02267760     
   513.000000000000       -1324985.47067438     
   514.000000000000       -1324985.91919197     
   515.000000000000       -1324986.36822945     
   516.000000000000       -1324986.81778593     
   517.000000000000       -1324987.26786052     
   518.000000000000       -1324987.71845233     
   519.000000000000       -1324988.16956047     
   520.000000000000       -1324988.62118404     
   521.000000000000       -1324989.07332217     
   522.000000000000       -1324989.52597398     
   523.000000000000       -1324989.97913859     
   524.000000000000       -1324990.43281513     
   525.000000000000       -1324990.88700274     
   526.000000000000       -1324991.34170053     
   527.000000000000       -1324991.79690765     
   528.000000000000       -1324992.25262324     
   529.000000000000       -1324992.70884644     
   530.000000000000       -1324993.16557640     
   531.000000000000       -1324993.62281226     
   532.000000000000       -1324994.08055318     
   533.000000000000       -1324994.53879832     
   534.000000000000       -1324994.99754682     
   535.000000000000       -1324995.45679785     
   536.000000000000       -1324995.91655058     
   537.000000000000       -1324996.37680417     
   538.000000000000       -1324996.83755779     
   539.000000000000       -1324997.29881061     
   540.000000000000       -1324997.76056181     
   541.000000000000       -1324998.22281056     
   542.000000000000       -1324998.68555606     
   543.000000000000       -1324999.14879747     
   544.000000000000       -1324999.61253400     
   545.000000000000       -1325000.07676482     
   546.000000000000       -1325000.54148914     
   547.000000000000       -1325001.00670615     
   548.000000000000       -1325001.47241504     
   549.000000000000       -1325001.93861501     
   550.000000000000       -1325002.40530528     
   551.000000000000       -1325002.87248504     
   552.000000000000       -1325003.34015352     
   553.000000000000       -1325003.80830990     
   554.000000000000       -1325004.27695342     
   555.000000000000       -1325004.74608330     
   556.000000000000       -1325005.21569874     
   557.000000000000       -1325005.68579898     
   558.000000000000       -1325006.15638324     
   559.000000000000       -1325006.62745075     
   560.000000000000       -1325007.09900074     
   561.000000000000       -1325007.57103244     
   562.000000000000       -1325008.04354509     
   563.000000000000       -1325008.51653793     
   564.000000000000       -1325008.99001020     
   565.000000000000       -1325009.46396115     
   566.000000000000       -1325009.93839001     
   567.000000000000       -1325010.41329604     
   568.000000000000       -1325010.88867850     
   569.000000000000       -1325011.36453663     
   570.000000000000       -1325011.84086969     
   571.000000000000       -1325012.31767695     
   572.000000000000       -1325012.79495766     
   573.000000000000       -1325013.27271108     
   574.000000000000       -1325013.75093650     
   575.000000000000       -1325014.22963317     
   576.000000000000       -1325014.70880036     
   577.000000000000       -1325015.18843736     
   578.000000000000       -1325015.66854343     
   579.000000000000       -1325016.14911786     
   580.000000000000       -1325016.63015993     
   581.000000000000       -1325017.11166892     
   582.000000000000       -1325017.59364412     
   583.000000000000       -1325018.07608482     
   584.000000000000       -1325018.55899030     
   585.000000000000       -1325019.04235987     
   586.000000000000       -1325019.52619282     
   587.000000000000       -1325020.01048844     
   588.000000000000       -1325020.49524604     
   589.000000000000       -1325020.98046491     
   590.000000000000       -1325021.46614438     
   591.000000000000       -1325021.95228373     
   592.000000000000       -1325022.43888229     
   593.000000000000       -1325022.92593936     
   594.000000000000       -1325023.41345426     
   595.000000000000       -1325023.90142631     
   596.000000000000       -1325024.38985482     
   597.000000000000       -1325024.87873911     
   598.000000000000       -1325025.36807851     
   599.000000000000       -1325025.85787235     
   600.000000000000       -1325026.34811995     
   601.000000000000       -1325026.83882064     
   602.000000000000       -1325027.32997376     
   603.000000000000       -1325027.82157863     
   604.000000000000       -1325028.31363460     
   605.000000000000       -1325028.80614100     
   606.000000000000       -1325029.29909718     
   607.000000000000       -1325029.79250247     
   608.000000000000       -1325030.28635623     
   609.000000000000       -1325030.78065780     
   610.000000000000       -1325031.27540652     
   611.000000000000       -1325031.77060176     
   612.000000000000       -1325032.26624286     
   613.000000000000       -1325032.76232918     
   614.000000000000       -1325033.25886008     
   615.000000000000       -1325033.75583492     
   616.000000000000       -1325034.25325306     
   617.000000000000       -1325034.75111386     
   618.000000000000       -1325035.24941669     
   619.000000000000       -1325035.74816092     
   620.000000000000       -1325036.24734592     
   621.000000000000       -1325036.74697106     
   622.000000000000       -1325037.24703571     
   623.000000000000       -1325037.74753926     
   624.000000000000       -1325038.24848107     
   625.000000000000       -1325038.74986053     
   626.000000000000       -1325039.25167702     
   627.000000000000       -1325039.75392992     
   628.000000000000       -1325040.25661863     
   629.000000000000       -1325040.75974253     
   630.000000000000       -1325041.26330100     
   631.000000000000       -1325041.76729345     
   632.000000000000       -1325042.27171926     
   633.000000000000       -1325042.77657783     
   634.000000000000       -1325043.28186856     
   635.000000000000       -1325043.78759085     
   636.000000000000       -1325044.29374410     
   637.000000000000       -1325044.80032771     
   638.000000000000       -1325045.30734109     
   639.000000000000       -1325045.81478364     
   640.000000000000       -1325046.32265478     
   641.000000000000       -1325046.83095391     
   642.000000000000       -1325047.33968045     
   643.000000000000       -1325047.84883381     
   644.000000000000       -1325048.35841341     
   645.000000000000       -1325048.86841867     
   646.000000000000       -1325049.37884900     
   647.000000000000       -1325049.88970383     
   648.000000000000       -1325050.40098258     
   649.000000000000       -1325050.91268469     
   650.000000000000       -1325051.42480957     
   651.000000000000       -1325051.93735665     
   652.000000000000       -1325052.45032536     
   653.000000000000       -1325052.96371514     
   654.000000000000       -1325053.47752543     
   655.000000000000       -1325053.99175565     
   656.000000000000       -1325054.50640525     
   657.000000000000       -1325055.02147367     
   658.000000000000       -1325055.53696034     
   659.000000000000       -1325056.05286471     
   660.000000000000       -1325056.56918623     
   661.000000000000       -1325057.08592433     
   662.000000000000       -1325057.60307848     
   663.000000000000       -1325058.12064812     
   664.000000000000       -1325058.63863269     
   665.000000000000       -1325059.15703166     
   666.000000000000       -1325059.67584449     
   667.000000000000       -1325060.19507061     
   668.000000000000       -1325060.71470950     
   669.000000000000       -1325061.23476062     
   670.000000000000       -1325061.75522342     
   671.000000000000       -1325062.27609737     
   672.000000000000       -1325062.79738194     
   673.000000000000       -1325063.31907658     
   674.000000000000       -1325063.84118077     
   675.000000000000       -1325064.36369399     
   676.000000000000       -1325064.88661569     
   677.000000000000       -1325065.40994536     
   678.000000000000       -1325065.93368246     
   679.000000000000       -1325066.45782648     
   680.000000000000       -1325066.98237689     
   681.000000000000       -1325067.50733318     
   682.000000000000       -1325068.03269481     
   683.000000000000       -1325068.55846128     
   684.000000000000       -1325069.08463207     
   685.000000000000       -1325069.61120667     
   686.000000000000       -1325070.13818456     
   687.000000000000       -1325070.66556523     
   688.000000000000       -1325071.19334817     
   689.000000000000       -1325071.72153287     
   690.000000000000       -1325072.25011884     
   691.000000000000       -1325072.77910555     
   692.000000000000       -1325073.30849251     
   693.000000000000       -1325073.83827922     
   694.000000000000       -1325074.36846517     
   695.000000000000       -1325074.89904988     
   696.000000000000       -1325075.43003283     
   697.000000000000       -1325075.96141353     
   698.000000000000       -1325076.49319150     
   699.000000000000       -1325077.02536623     
   700.000000000000       -1325077.55793723     
   701.000000000000       -1325078.09090403     
   702.000000000000       -1325078.62426611     
   703.000000000000       -1325079.15802300     
   704.000000000000       -1325079.69217422     
   705.000000000000       -1325080.22671928     
   706.000000000000       -1325080.76165769     
   707.000000000000       -1325081.29698898     
   708.000000000000       -1325081.83271266     
   709.000000000000       -1325082.36882826     
   710.000000000000       -1325082.90533530     
   711.000000000000       -1325083.44223330     
   712.000000000000       -1325083.97952179     
   713.000000000000       -1325084.51720030     
   714.000000000000       -1325085.05526835     
   715.000000000000       -1325085.59372548     
   716.000000000000       -1325086.13257121     
   717.000000000000       -1325086.67180508     
   718.000000000000       -1325087.21142663     
   719.000000000000       -1325087.75143539     
   720.000000000000       -1325088.29183088     
   721.000000000000       -1325088.83261267     
   722.000000000000       -1325089.37378028     
   723.000000000000       -1325089.91533325     
   724.000000000000       -1325090.45727113     
   725.000000000000       -1325090.99959346     
   726.000000000000       -1325091.54229978     
   727.000000000000       -1325092.08538965     
   728.000000000000       -1325092.62886260     
   729.000000000000       -1325093.17271820     
   730.000000000000       -1325093.71695598     
   731.000000000000       -1325094.26157550     
   732.000000000000       -1325094.80657631     
   733.000000000000       -1325095.35195798     
   734.000000000000       -1325095.89772004     
   735.000000000000       -1325096.44386207     
   736.000000000000       -1325096.99038361     
   737.000000000000       -1325097.53728423     
   738.000000000000       -1325098.08456348     
   739.000000000000       -1325098.63222094     
   740.000000000000       -1325099.18025616     
   741.000000000000       -1325099.72866871     
   742.000000000000       -1325100.27745815     
   743.000000000000       -1325100.82662405     
   744.000000000000       -1325101.37616598     
   745.000000000000       -1325101.92608351     
   746.000000000000       -1325102.47637621     
   747.000000000000       -1325103.02704366     
   748.000000000000       -1325103.57808541     
   749.000000000000       -1325104.12950105     
   750.000000000000       -1325104.68129016     
   751.000000000000       -1325105.23345232     
   752.000000000000       -1325105.78598709     
   753.000000000000       -1325106.33889406     
   754.000000000000       -1325106.89217281     
   755.000000000000       -1325107.44582293     
   756.000000000000       -1325107.99984399     
   757.000000000000       -1325108.55423558     
   758.000000000000       -1325109.10899728     
   759.000000000000       -1325109.66412869     
   760.000000000000       -1325110.21962939     
   761.000000000000       -1325110.77549897     
   762.000000000000       -1325111.33173701     
   763.000000000000       -1325111.88834312     
   764.000000000000       -1325112.44531688     
   765.000000000000       -1325113.00265788     
   766.000000000000       -1325113.56036573     
   767.000000000000       -1325114.11844002     
   768.000000000000       -1325114.67688034     
   769.000000000000       -1325115.23568630     
   770.000000000000       -1325115.79485748     
   771.000000000000       -1325116.35439351     
   772.000000000000       -1325116.91429397     
   773.000000000000       -1325117.47455847     
   774.000000000000       -1325118.03518661     
   775.000000000000       -1325118.59617800     
   776.000000000000       -1325119.15753224     
   777.000000000000       -1325119.71924895     
   778.000000000000       -1325120.28132773     
   779.000000000000       -1325120.84376819     
   780.000000000000       -1325121.40656993     
   781.000000000000       -1325121.96973259     
   782.000000000000       -1325122.53325576     
   783.000000000000       -1325123.09713906     
   784.000000000000       -1325123.66138211     
   785.000000000000       -1325124.22598452     
   786.000000000000       -1325124.79094591     
   787.000000000000       -1325125.35626590     
   788.000000000000       -1325125.92194411     
   789.000000000000       -1325126.48798015     
   790.000000000000       -1325127.05437366     
   791.000000000000       -1325127.62112425     
   792.000000000000       -1325128.18823155     
   793.000000000000       -1325128.75569519     
   794.000000000000       -1325129.32351478     
   795.000000000000       -1325129.89168995     
   796.000000000000       -1325130.46022035     
   797.000000000000       -1325131.02910558     
   798.000000000000       -1325131.59834529     
   799.000000000000       -1325132.16793910     
   800.000000000000       -1325132.73788666     
   801.000000000000       -1325133.30818758     
   802.000000000000       -1325133.87884151     
   803.000000000000       -1325134.44984808     
   804.000000000000       -1325135.02120693     
   805.000000000000       -1325135.59291770     
   806.000000000000       -1325136.16498002     
   807.000000000000       -1325136.73739353     
   808.000000000000       -1325137.31015787     
   809.000000000000       -1325137.88327269     
   810.000000000000       -1325138.45673764     
   811.000000000000       -1325139.03055234     
   812.000000000000       -1325139.60471645     
   813.000000000000       -1325140.17922961     
   814.000000000000       -1325140.75409148     
   815.000000000000       -1325141.32930169     
   816.000000000000       -1325141.90485990     
   817.000000000000       -1325142.48076575     
   818.000000000000       -1325143.05701889     
   819.000000000000       -1325143.63361899     
   820.000000000000       -1325144.21056568     
   821.000000000000       -1325144.78785864     
   822.000000000000       -1325145.36549749     
   823.000000000000       -1325145.94348192     
   824.000000000000       -1325146.52181156     
   825.000000000000       -1325147.10048608     
   826.000000000000       -1325147.67950514     
   827.000000000000       -1325148.25886840     
   828.000000000000       -1325148.83857551     
   829.000000000000       -1325149.41862614     
   830.000000000000       -1325149.99901995     
   831.000000000000       -1325150.57975660     
   832.000000000000       -1325151.16083576     
   833.000000000000       -1325151.74225709     
   834.000000000000       -1325152.32402026     
   835.000000000000       -1325152.90612494     
   836.000000000000       -1325153.48857079     
   837.000000000000       -1325154.07135748     
   838.000000000000       -1325154.65448469     
   839.000000000000       -1325155.23795207     
   840.000000000000       -1325155.82175932     
   841.000000000000       -1325156.40590608     
   842.000000000000       -1325156.99039206     
   843.000000000000       -1325157.57521690     
   844.000000000000       -1325158.16038029     
   845.000000000000       -1325158.74588192     
   846.000000000000       -1325159.33172144     
   847.000000000000       -1325159.91789855     
   848.000000000000       -1325160.50441291     
   849.000000000000       -1325161.09126422     
   850.000000000000       -1325161.67845215     
   851.000000000000       -1325162.26597638     
   852.000000000000       -1325162.85383659     
   853.000000000000       -1325163.44203248     
   854.000000000000       -1325164.03056371     
   855.000000000000       -1325164.61942999     
   856.000000000000       -1325165.20863099     
   857.000000000000       -1325165.79816640     
   858.000000000000       -1325166.38803591     
   859.000000000000       -1325166.97823920     
   860.000000000000       -1325167.56877597     
   861.000000000000       -1325168.15964591     
   862.000000000000       -1325168.75084871     
   863.000000000000       -1325169.34238406     
   864.000000000000       -1325169.93425166     
   865.000000000000       -1325170.52645119     
   866.000000000000       -1325171.11898235     
   867.000000000000       -1325171.71184484     
   868.000000000000       -1325172.30503835     
   869.000000000000       -1325172.89856259     
   870.000000000000       -1325173.49241724     
   871.000000000000       -1325174.08660202     
   872.000000000000       -1325174.68111661     
   873.000000000000       -1325175.27596072     
   874.000000000000       -1325175.87113406     
   875.000000000000       -1325176.46663631     
   876.000000000000       -1325177.06246719     
   877.000000000000       -1325177.65862640     
   878.000000000000       -1325178.25511365     
   879.000000000000       -1325178.85192863     
   880.000000000000       -1325179.44907106     
   881.000000000000       -1325180.04654065     
   882.000000000000       -1325180.64433710     
   883.000000000000       -1325181.24246012     
   884.000000000000       -1325181.84090942     
   885.000000000000       -1325182.43968471     
   886.000000000000       -1325183.03878570     
   887.000000000000       -1325183.63821211     
   888.000000000000       -1325184.23796365     
   889.000000000000       -1325184.83804002     
   890.000000000000       -1325185.43844096     
   891.000000000000       -1325186.03916616     
   892.000000000000       -1325186.64021535     
   893.000000000000       -1325187.24158825     
   894.000000000000       -1325187.84328457     
   895.000000000000       -1325188.44530403     
   896.000000000000       -1325189.04764635     
   897.000000000000       -1325189.65031125     
   898.000000000000       -1325190.25329845     
   899.000000000000       -1325190.85660767     
   900.000000000000       -1325191.46023864     
   901.000000000000       -1325192.06419108     
   902.000000000000       -1325192.66846471     
   903.000000000000       -1325193.27305925     
   904.000000000000       -1325193.87797444     
   905.000000000000       -1325194.48321000     
   906.000000000000       -1325195.08876565     
   907.000000000000       -1325195.69464113     
   908.000000000000       -1325196.30083616     
   909.000000000000       -1325196.90735047     
   910.000000000000       -1325197.51418379     
   911.000000000000       -1325198.12133586     
   912.000000000000       -1325198.72880640     
   913.000000000000       -1325199.33659515     
   914.000000000000       -1325199.94470183     
   915.000000000000       -1325200.55312620     
   916.000000000000       -1325201.16186797     
   917.000000000000       -1325201.77092688     
   918.000000000000       -1325202.38030267     
   919.000000000000       -1325202.98999509     
   920.000000000000       -1325203.60000385     
   921.000000000000       -1325204.21032871     
   922.000000000000       -1325204.82096940     
   923.000000000000       -1325205.43192566     
   924.000000000000       -1325206.04319724     
   925.000000000000       -1325206.65478386     
   926.000000000000       -1325207.26668529     
   927.000000000000       -1325207.87890125     
   928.000000000000       -1325208.49143149     
   929.000000000000       -1325209.10427576     
   930.000000000000       -1325209.71743380     
   931.000000000000       -1325210.33090536     
   932.000000000000       -1325210.94469018     
   933.000000000000       -1325211.55878801     
   934.000000000000       -1325212.17319860     
   935.000000000000       -1325212.78792169     
   936.000000000000       -1325213.40295704     
   937.000000000000       -1325214.01830440     
   938.000000000000       -1325214.63396351     
   939.000000000000       -1325215.24993413     
   940.000000000000       -1325215.86621601     
   941.000000000000       -1325216.48280890     
   942.000000000000       -1325217.09971255     
   943.000000000000       -1325217.71692672     
   944.000000000000       -1325218.33445117     
   945.000000000000       -1325218.95228565     
   946.000000000000       -1325219.57042992     
   947.000000000000       -1325220.18888372     
   948.000000000000       -1325220.80764683     
   949.000000000000       -1325221.42671900     
   950.000000000000       -1325222.04609998     
   951.000000000000       -1325222.66578955     
   952.000000000000       -1325223.28578744     
   953.000000000000       -1325223.90609345     
   954.000000000000       -1325224.52670730     
   955.000000000000       -1325225.14762878     
   956.000000000000       -1325225.76885765     
   957.000000000000       -1325226.39039367     
   958.000000000000       -1325227.01223660     
   959.000000000000       -1325227.63438621     
   960.000000000000       -1325228.25684227     
   961.000000000000       -1325228.87960453     
   962.000000000000       -1325229.50267278     
   963.000000000000       -1325230.12604677     
   964.000000000000       -1325230.74972628     
   965.000000000000       -1325231.37371107     
   966.000000000000       -1325231.99800091     
   967.000000000000       -1325232.62259557     
   968.000000000000       -1325233.24749483     
   969.000000000000       -1325233.87269846     
   970.000000000000       -1325234.49820622     
   971.000000000000       -1325235.12401790     
   972.000000000000       -1325235.75013326     
   973.000000000000       -1325236.37655209     
   974.000000000000       -1325237.00327414     
   975.000000000000       -1325237.63029921     
   976.000000000000       -1325238.25762706     
   977.000000000000       -1325238.88525748     
   978.000000000000       -1325239.51319024     
   979.000000000000       -1325240.14142512     
   980.000000000000       -1325240.76996189     
   981.000000000000       -1325241.39880034     
   982.000000000000       -1325242.02794025     
   983.000000000000       -1325242.65738140     
   984.000000000000       -1325243.28712357     
   985.000000000000       -1325243.91716654     
   986.000000000000       -1325244.54751009     
   987.000000000000       -1325245.17815401     
   988.000000000000       -1325245.80909809     
   989.000000000000       -1325246.44034209     
   990.000000000000       -1325247.07188582     
   991.000000000000       -1325247.70372906     
   992.000000000000       -1325248.33587159     
   993.000000000000       -1325248.96831320     
   994.000000000000       -1325249.60105367     
   995.000000000000       -1325250.23409280     
   996.000000000000       -1325250.86743038     
   997.000000000000       -1325251.50106619     
   998.000000000000       -1325252.13500003     
   999.000000000000       -1325252.76923168     
   1000.00000000000       -1325253.40376094     
   1001.00000000000       -1325254.03858760     
   1002.00000000000       -1325254.67371145     
   1003.00000000000       -1325255.30913228     
   1004.00000000000       -1325255.94484989     
   1005.00000000000       -1325256.58086407     
   1006.00000000000       -1325257.21717462     
   1007.00000000000       -1325257.85378133     
   1008.00000000000       -1325258.49068400     
   1009.00000000000       -1325259.12788243     
   1010.00000000000       -1325259.76537641     
   1011.00000000000       -1325260.40316574     
   1012.00000000000       -1325261.04125022     
   1013.00000000000       -1325261.67962965     
   1014.00000000000       -1325262.31830383     
   1015.00000000000       -1325262.95727255     
   1016.00000000000       -1325263.59653563     
   1017.00000000000       -1325264.23609286     
   1018.00000000000       -1325264.87594404     
   1019.00000000000       -1325265.51608897     
   1020.00000000000       -1325266.15652747     
   1021.00000000000       -1325266.79725933     
   1022.00000000000       -1325267.43828436     
   1023.00000000000       -1325268.07960236     
   1024.00000000000       -1325268.72121314     
   1025.00000000000       -1325269.36311650     
   1026.00000000000       -1325270.00531226     
   1027.00000000000       -1325270.64780021     
   1028.00000000000       -1325271.29058018     
   1029.00000000000       -1325271.93365195     
   1030.00000000000       -1325272.57701535     
   1031.00000000000       -1325273.22067019     
   1032.00000000000       -1325273.86461626     
   1033.00000000000       -1325274.50885340     
   1034.00000000000       -1325275.15338140     
   1035.00000000000       -1325275.79820008     
   1036.00000000000       -1325276.44330925     
   1037.00000000000       -1325277.08870872     
   1038.00000000000       -1325277.73439831     
   1039.00000000000       -1325278.38037784     
   1040.00000000000       -1325279.02664711     
   1041.00000000000       -1325279.67320594     
   1042.00000000000       -1325280.32005415     
   1043.00000000000       -1325280.96719156     
   1044.00000000000       -1325281.61461797     
   1045.00000000000       -1325282.26233322     
   1046.00000000000       -1325282.91033711     
   1047.00000000000       -1325283.55862947     
   1048.00000000000       -1325284.20721011     
   1049.00000000000       -1325284.85607886     
   1050.00000000000       -1325285.50523553     
   1051.00000000000       -1325286.15467995     
   1052.00000000000       -1325286.80441194     
   1053.00000000000       -1325287.45443131     
   1054.00000000000       -1325288.10473790     
   1055.00000000000       -1325288.75533153     
   1056.00000000000       -1325289.40621201     
   1057.00000000000       -1325290.05737917     
   1058.00000000000       -1325290.70883285     
   1059.00000000000       -1325291.36057285     
   1060.00000000000       -1325292.01259902     
   1061.00000000000       -1325292.66491117     
   1062.00000000000       -1325293.31750913     
   1063.00000000000       -1325293.97039273     
   1064.00000000000       -1325294.62356180     
   1065.00000000000       -1325295.27701617     
   1066.00000000000       -1325295.93075566     
   1067.00000000000       -1325296.58478011     
   1068.00000000000       -1325297.23908934     
   1069.00000000000       -1325297.89368318     
   1070.00000000000       -1325298.54856147     
   1071.00000000000       -1325299.20372404     
   1072.00000000000       -1325299.85917072     
   1073.00000000000       -1325300.51490135     
   1074.00000000000       -1325301.17091575     
   1075.00000000000       -1325301.82721377     
   1076.00000000000       -1325302.48379522     
   1077.00000000000       -1325303.14065996     
   1078.00000000000       -1325303.79780781     
   1079.00000000000       -1325304.45523861     
   1080.00000000000       -1325305.11295220     
   1081.00000000000       -1325305.77094842     
   1082.00000000000       -1325306.42922710     
   1083.00000000000       -1325307.08778807     
   1084.00000000000       -1325307.74663119     
   1085.00000000000       -1325308.40575628     
   1086.00000000000       -1325309.06516319     
   1087.00000000000       -1325309.72485176     
   1088.00000000000       -1325310.38482183     
   1089.00000000000       -1325311.04507323     
   1090.00000000000       -1325311.70560582     
   1091.00000000000       -1325312.36641943     
   1092.00000000000       -1325313.02751390     
   1093.00000000000       -1325313.68888908     
   1094.00000000000       -1325314.35054482     
   1095.00000000000       -1325315.01248095     
   1096.00000000000       -1325315.67469732     
   1097.00000000000       -1325316.33719378     
   1098.00000000000       -1325316.99997017     
   1099.00000000000       -1325317.66302634     
   1100.00000000000       -1325318.32636213     
   1101.00000000000       -1325318.98997740     
   1102.00000000000       -1325319.65387199     
   1103.00000000000       -1325320.31804574     
   1104.00000000000       -1325320.98249851     
   1105.00000000000       -1325321.64723015     
   1106.00000000000       -1325322.31224050     
   1107.00000000000       -1325322.97752942     
   1108.00000000000       -1325323.64309676     
   1109.00000000000       -1325324.30894236     
   1110.00000000000       -1325324.97506609     
   1111.00000000000       -1325325.64146778     
   1112.00000000000       -1325326.30814730     
   1113.00000000000       -1325326.97510451     
   1114.00000000000       -1325327.64233923     
   1115.00000000000       -1325328.30985135     
   1116.00000000000       -1325328.97764071     
   1117.00000000000       -1325329.64570716     
   1118.00000000000       -1325330.31405057     
   1119.00000000000       -1325330.98267078     
   1120.00000000000       -1325331.65156765     
   1121.00000000000       -1325332.32074105     
   1122.00000000000       -1325332.99019083     
   1123.00000000000       -1325333.65991684     
   1124.00000000000       -1325334.32991895     
   1125.00000000000       -1325335.00019701     
   1126.00000000000       -1325335.67075089     
   1127.00000000000       -1325336.34158044     
   1128.00000000000       -1325337.01268553     
   1129.00000000000       -1325337.68406601     
   1130.00000000000       -1325338.35572175     
   1131.00000000000       -1325339.02765261     
   1132.00000000000       -1325339.69985845     
   1133.00000000000       -1325340.37233914     
   1134.00000000000       -1325341.04509453     
   1135.00000000000       -1325341.71812450     
   1136.00000000000       -1325342.39142890     
   1137.00000000000       -1325343.06500760     
   1138.00000000000       -1325343.73886047     
   1139.00000000000       -1325344.41298737     
   1140.00000000000       -1325345.08738817     
   1141.00000000000       -1325345.76206274     
   1142.00000000000       -1325346.43701094     
   1143.00000000000       -1325347.11223264     
   1144.00000000000       -1325347.78772770     
   1145.00000000000       -1325348.46349601     
   1146.00000000000       -1325349.13953742     
   1147.00000000000       -1325349.81585180     
   1148.00000000000       -1325350.49243903     
   1149.00000000000       -1325351.16929898     
   1150.00000000000       -1325351.84643152     
   1151.00000000000       -1325352.52383651     
   1152.00000000000       -1325353.20151383     
   1153.00000000000       -1325353.87946336     
   1154.00000000000       -1325354.55768496     
   1155.00000000000       -1325355.23617851     
   1156.00000000000       -1325355.91494389     
   1157.00000000000       -1325356.59398096     
   1158.00000000000       -1325357.27328960     
   1159.00000000000       -1325357.95286969     
   1160.00000000000       -1325358.63272110     
   1161.00000000000       -1325359.31284371     
   1162.00000000000       -1325359.99323740     
   1163.00000000000       -1325360.67390203     
   1164.00000000000       -1325361.35483750     
   1165.00000000000       -1325362.03604367     
   1166.00000000000       -1325362.71752043     
   1167.00000000000       -1325363.39926765     
   1168.00000000000       -1325364.08128522     
   1169.00000000000       -1325364.76357301     
   1170.00000000000       -1325365.44613091     
   1171.00000000000       -1325366.12895878     
   1172.00000000000       -1325366.81205653     
   1173.00000000000       -1325367.49542401     
   1174.00000000000       -1325368.17906114     
   1175.00000000000       -1325368.86296777     
   1176.00000000000       -1325369.54714379     
   1177.00000000000       -1325370.23158910     
   1178.00000000000       -1325370.91630356     
   1179.00000000000       -1325371.60128707     
   1180.00000000000       -1325372.28653951     
   1181.00000000000       -1325372.97206076     
   1182.00000000000       -1325373.65785072     
   1183.00000000000       -1325374.34390926     
   1184.00000000000       -1325375.03023628     
   1185.00000000000       -1325375.71683165     
   1186.00000000000       -1325376.40369528     
   1187.00000000000       -1325377.09082704     
   1188.00000000000       -1325377.77822682     
   1189.00000000000       -1325378.46589452     
   1190.00000000000       -1325379.15383002     
   1191.00000000000       -1325379.84203321     
   1192.00000000000       -1325380.53050398     
   1193.00000000000       -1325381.21924222     
   1194.00000000000       -1325381.90824783     
   1195.00000000000       -1325382.59752069     
   1196.00000000000       -1325383.28706069     
   1197.00000000000       -1325383.97686774     
   1198.00000000000       -1325384.66694171     
   1199.00000000000       -1325385.35728251     
   1200.00000000000       -1325386.04789002     
   1201.00000000000       -1325386.73876415     
   1202.00000000000       -1325387.42990478     
   1203.00000000000       -1325388.12131182     
   1204.00000000000       -1325388.81298515     
   1205.00000000000       -1325389.50492467     
   1206.00000000000       -1325390.19713028     
   1207.00000000000       -1325390.88960187     
   1208.00000000000       -1325391.58233935     
   1209.00000000000       -1325392.27534260     
   1210.00000000000       -1325392.96861153     
   1211.00000000000       -1325393.66214604     
   1212.00000000000       -1325394.35594602     
   1213.00000000000       -1325395.05001137     
   1214.00000000000       -1325395.74434200     
   1215.00000000000       -1325396.43893780     
   1216.00000000000       -1325397.13379867     
   1217.00000000000       -1325397.82892452     
   1218.00000000000       -1325398.52431524     
   1219.00000000000       -1325399.21997074     
   1220.00000000000       -1325399.91589092     
   1221.00000000000       -1325400.61207568     
   1222.00000000000       -1325401.30852493     
   1223.00000000000       -1325402.00523856     
   1224.00000000000       -1325402.70221649     
   1225.00000000000       -1325403.39945862     
   1226.00000000000       -1325404.09696484     
   1227.00000000000       -1325404.79473508     
   1228.00000000000       -1325405.49276922     
   1229.00000000000       -1325406.19106719     
   1230.00000000000       -1325406.88962888     
   1231.00000000000       -1325407.58845420     
   1232.00000000000       -1325408.28754307     
   1233.00000000000       -1325408.98689538     
   1234.00000000000       -1325409.68651104     
   1235.00000000000       -1325410.38638997     
   1236.00000000000       -1325411.08653207     
   1237.00000000000       -1325411.78693725     
   1238.00000000000       -1325412.48760543     
   1239.00000000000       -1325413.18853650     
   1240.00000000000       -1325413.88973039     
   1241.00000000000       -1325414.59118701     
   1242.00000000000       -1325415.29290625     
   1243.00000000000       -1325415.99488805     
   1244.00000000000       -1325416.69713231     
   1245.00000000000       -1325417.39963894     
   1246.00000000000       -1325418.10240785     
   1247.00000000000       -1325418.80543896     
   1248.00000000000       -1325419.50873219     
   1249.00000000000       -1325420.21228745     
   1250.00000000000       -1325420.91610464     
   1251.00000000000       -1325421.62018370     
   1252.00000000000       -1325422.32452453     
   1253.00000000000       -1325423.02912705     
   1254.00000000000       -1325423.73399117     
   1255.00000000000       -1325424.43911682     
   1256.00000000000       -1325425.14450391     
   1257.00000000000       -1325425.85015236     
   1258.00000000000       -1325426.55606208     
   1259.00000000000       -1325427.26223300     
   1260.00000000000       -1325427.96866503     
   1261.00000000000       -1325428.67535809     
   1262.00000000000       -1325429.38231211     
   1263.00000000000       -1325430.08952700     
   1264.00000000000       -1325430.79700269     
   1265.00000000000       -1325431.50473909     
   1266.00000000000       -1325432.21273612     
   1267.00000000000       -1325432.92099372     
   1268.00000000000       -1325433.62951180     
   1269.00000000000       -1325434.33829027     
   1270.00000000000       -1325435.04732908     
   1271.00000000000       -1325435.75662813     
   1272.00000000000       -1325436.46618736     
   1273.00000000000       -1325437.17600669     
   1274.00000000000       -1325437.88608604     
   1275.00000000000       -1325438.59642533     
   1276.00000000000       -1325439.30702450     
   1277.00000000000       -1325440.01788347     
   1278.00000000000       -1325440.72900217     
   1279.00000000000       -1325441.44038052     
   1280.00000000000       -1325442.15201844     
   1281.00000000000       -1325442.86391588     
   1282.00000000000       -1325443.57607274     
   1283.00000000000       -1325444.28848898     
   1284.00000000000       -1325445.00116450     
   1285.00000000000       -1325445.71409925     
   1286.00000000000       -1325446.42729315     
   1287.00000000000       -1325447.14074612     
   1288.00000000000       -1325447.85445811     
   1289.00000000000       -1325448.56842904     
   1290.00000000000       -1325449.28265885     
   1291.00000000000       -1325449.99714746     
   1292.00000000000       -1325450.71189480     
   1293.00000000000       -1325451.42690082     
   1294.00000000000       -1325452.14216543     
   1295.00000000000       -1325452.85768859     
   1296.00000000000       -1325453.57347021     
   1297.00000000000       -1325454.28951023     
   1298.00000000000       -1325455.00580859     
   1299.00000000000       -1325455.72236523     
   1300.00000000000       -1325456.43918007     
   1301.00000000000       -1325457.15625305     
   1302.00000000000       -1325457.87358411     
   1303.00000000000       -1325458.59117319     
   1304.00000000000       -1325459.30902022     
   1305.00000000000       -1325460.02712514     
   1306.00000000000       -1325460.74548788     
   1307.00000000000       -1325461.46410840     
   1308.00000000000       -1325462.18298660     
   1309.00000000000       -1325462.90212246     
   1310.00000000000       -1325463.62151590     
   1311.00000000000       -1325464.34116685     
   1312.00000000000       -1325465.06107527     
   1313.00000000000       -1325465.78124109     
   1314.00000000000       -1325466.50166425     
   1315.00000000000       -1325467.22234469     
   1316.00000000000       -1325467.94328236     
   1317.00000000000       -1325468.66447720     
   1318.00000000000       -1325469.38592914     
   1319.00000000000       -1325470.10763813     
   1320.00000000000       -1325470.82960412     
   1321.00000000000       -1325471.55182705     
   1322.00000000000       -1325472.27430686     
   1323.00000000000       -1325472.99704349     
   1324.00000000000       -1325473.72003690     
   1325.00000000000       -1325474.44328702     
   1326.00000000000       -1325475.16679381     
   1327.00000000000       -1325475.89055720     
   1328.00000000000       -1325476.61457715     
   1329.00000000000       -1325477.33885359     
   1330.00000000000       -1325478.06338649     
   1331.00000000000       -1325478.78817578     
   1332.00000000000       -1325479.51322141     
   1333.00000000000       -1325480.23852333     
   1334.00000000000       -1325480.96408150     
   1335.00000000000       -1325481.68989585     
   1336.00000000000       -1325482.41596634     
   1337.00000000000       -1325483.14229292     
   1338.00000000000       -1325483.86887554     
   1339.00000000000       -1325484.59571414     
   1340.00000000000       -1325485.32280869     
   1341.00000000000       -1325486.05015913     
   1342.00000000000       -1325486.77776541     
   1343.00000000000       -1325487.50562749     
   1344.00000000000       -1325488.23374531     
   1345.00000000000       -1325488.96211884     
   1346.00000000000       -1325489.69074802     
   1347.00000000000       -1325490.41963280     
   1348.00000000000       -1325491.14877315     
   1349.00000000000       -1325491.87816902     
   1350.00000000000       -1325492.60782036     
   1351.00000000000       -1325493.33772712     
   1352.00000000000       -1325494.06788927     
   1353.00000000000       -1325494.79830675     
   1354.00000000000       -1325495.52897953     
   1355.00000000000       -1325496.25990756     
   1356.00000000000       -1325496.99109080     
   1357.00000000000       -1325497.72252921     
   1358.00000000000       -1325498.45422274     
