  0.000000000000000E+000  -1324860.94988903     
   1.00000000000000       -1324860.94988903     
   2.00000000000000       -1324860.94988903     
   3.00000000000000       -1324860.94988903     
   4.00000000000000       -1324860.94988903     
   5.00000000000000       -1324860.94988901     
   6.00000000000000       -1324860.94988865     
   7.00000000000000       -1324860.94988644     
   8.00000000000000       -1324860.94987722     
   9.00000000000000       -1324860.94985014     
   10.0000000000000       -1324860.94978685     
   11.0000000000000       -1324860.94966152     
   12.0000000000000       -1324860.94944099     
   13.0000000000000       -1324860.94908533     
   14.0000000000000       -1324860.94854855     
   15.0000000000000       -1324860.94777823     
   16.0000000000000       -1324860.94671637     
   17.0000000000000       -1324860.94529961     
   18.0000000000000       -1324860.94345944     
   19.0000000000000       -1324860.94112307     
   20.0000000000000       -1324860.93821451     
   21.0000000000000       -1324860.93465488     
   22.0000000000000       -1324860.93036411     
   23.0000000000000       -1324860.92526095     
   24.0000000000000       -1324860.91926503     
   25.0000000000000       -1324860.91229634     
   26.0000000000000       -1324860.90427684     
   27.0000000000000       -1324860.89513042     
   28.0000000000000       -1324860.88478374     
   29.0000000000000       -1324860.87316635     
   30.0000000000000       -1324860.86021064     
   31.0000000000000       -1324860.84585264     
   32.0000000000000       -1324860.83003114     
   33.0000000000000       -1324860.81268898     
   34.0000000000000       -1324860.79377147     
   35.0000000000000       -1324860.77322788     
   36.0000000000000       -1324860.75101011     
   37.0000000000000       -1324860.72707338     
   38.0000000000000       -1324860.70137593     
   39.0000000000000       -1324860.67387854     
   40.0000000000000       -1324860.64454542     
   41.0000000000000       -1324860.61334233     
   42.0000000000000       -1324860.58023895     
   43.0000000000000       -1324860.54520644     
   44.0000000000000       -1324860.50821861     
   45.0000000000000       -1324860.46925166     
   46.0000000000000       -1324860.42828427     
   47.0000000000000       -1324860.38529687     
   48.0000000000000       -1324860.34027179     
   49.0000000000000       -1324860.29319425     
   50.0000000000000       -1324860.24405049     
   51.0000000000000       -1324860.19282938     
   52.0000000000000       -1324860.13952067     
   53.0000000000000       -1324860.08411713     
   54.0000000000000       -1324860.02661209     
   55.0000000000000       -1324859.96700144     
   56.0000000000000       -1324859.90528173     
   57.0000000000000       -1324859.84145195     
   58.0000000000000       -1324859.77551187     
   59.0000000000000       -1324859.70746293     
   60.0000000000000       -1324859.63730816     
   61.0000000000000       -1324859.56505110     
   62.0000000000000       -1324859.49069774     
   63.0000000000000       -1324859.41425383     
   64.0000000000000       -1324859.33572744     
   65.0000000000000       -1324859.25512722     
   66.0000000000000       -1324859.17246215     
   67.0000000000000       -1324859.08774333     
   68.0000000000000       -1324859.00098224     
   69.0000000000000       -1324858.91219122     
   70.0000000000000       -1324858.82138275     
   71.0000000000000       -1324858.72857111     
   72.0000000000000       -1324858.63377099     
   73.0000000000000       -1324858.53699700     
   74.0000000000000       -1324858.43826507     
   75.0000000000000       -1324858.33759141     
   76.0000000000000       -1324858.23499257     
   77.0000000000000       -1324858.13048639     
   78.0000000000000       -1324858.02408953     
   79.0000000000000       -1324857.91582062     
   80.0000000000000       -1324857.80569757     
   81.0000000000000       -1324857.69373967     
   82.0000000000000       -1324857.57996507     
   83.0000000000000       -1324857.46439299     
   84.0000000000000       -1324857.34704308     
   85.0000000000000       -1324857.22793458     
   86.0000000000000       -1324857.10708701     
   87.0000000000000       -1324856.98452052     
   88.0000000000000       -1324856.86025448     
   89.0000000000000       -1324856.73430901     
   90.0000000000000       -1324856.60670396     
   91.0000000000000       -1324856.47745965     
   92.0000000000000       -1324856.34659563     
   93.0000000000000       -1324856.21413197     
   94.0000000000000       -1324856.08008829     
   95.0000000000000       -1324855.94448541     
   96.0000000000000       -1324855.80734168     
   97.0000000000000       -1324855.66867854     
   98.0000000000000       -1324855.52851435     
   99.0000000000000       -1324855.38686877     
   100.000000000000       -1324855.24376169     
   101.000000000000       -1324855.09921223     
   102.000000000000       -1324854.95323922     
   103.000000000000       -1324854.80586218     
   104.000000000000       -1324854.65709948     
   105.000000000000       -1324854.50697028     
   106.000000000000       -1324854.35549239     
   107.000000000000       -1324854.20268493     
   108.000000000000       -1324854.04856554     
   109.000000000000       -1324853.89315251     
   110.000000000000       -1324853.73646302     
   111.000000000000       -1324853.57851577     
   112.000000000000       -1324853.41932694     
   113.000000000000       -1324853.25891457     
   114.000000000000       -1324853.09729545     
   115.000000000000       -1324852.93448618     
   116.000000000000       -1324852.77050326     
   117.000000000000       -1324852.60536335     
   118.000000000000       -1324852.43908245     
   119.000000000000       -1324852.27167632     
   120.000000000000       -1324852.10316131     
   121.000000000000       -1324851.93355260     
   122.000000000000       -1324851.76286510     
   123.000000000000       -1324851.59111412     
   124.000000000000       -1324851.41831556     
   125.000000000000       -1324851.24448235     
   126.000000000000       -1324851.06963029     
   127.000000000000       -1324850.89377296     
   128.000000000000       -1324850.71692481     
   129.000000000000       -1324850.53909978     
   130.000000000000       -1324850.36031087     
   131.000000000000       -1324850.18057229     
   132.000000000000       -1324849.99989675     
   133.000000000000       -1324849.81829736     
   134.000000000000       -1324849.63578718     
   135.000000000000       -1324849.45237909     
   136.000000000000       -1324849.26808452     
   137.000000000000       -1324849.08291694     
   138.000000000000       -1324848.89688771     
   139.000000000000       -1324848.71000852     
   140.000000000000       -1324848.52229236     
   141.000000000000       -1324848.33374910     
   142.000000000000       -1324848.14439079     
   143.000000000000       -1324847.95422833     
   144.000000000000       -1324847.76327367     
   145.000000000000       -1324847.57153700     
   146.000000000000       -1324847.37902779     
   147.000000000000       -1324847.18575818     
   148.000000000000       -1324846.99173765     
   149.000000000000       -1324846.79697720     
   150.000000000000       -1324846.60148493     
   151.000000000000       -1324846.40527233     
   152.000000000000       -1324846.20834831     
   153.000000000000       -1324846.01072249     
   154.000000000000       -1324845.81240484     
   155.000000000000       -1324845.61340352     
   156.000000000000       -1324845.41372804     
   157.000000000000       -1324845.21338724     
   158.000000000000       -1324845.01239000     
   159.000000000000       -1324844.81074467     
   160.000000000000       -1324844.60845989     
   161.000000000000       -1324844.40554377     
   162.000000000000       -1324844.20200497     
   163.000000000000       -1324843.99785094     
   164.000000000000       -1324843.79309038     
   165.000000000000       -1324843.58772935     
   166.000000000000       -1324843.38177824     
   167.000000000000       -1324843.17524256     
   168.000000000000       -1324842.96813030     
   169.000000000000       -1324842.76044845     
   170.000000000000       -1324842.55220483     
   171.000000000000       -1324842.34340631     
   172.000000000000       -1324842.13405935     
   173.000000000000       -1324841.92417118     
   174.000000000000       -1324841.71374885     
   175.000000000000       -1324841.50279860     
   176.000000000000       -1324841.29132642     
   177.000000000000       -1324841.07934020     
   178.000000000000       -1324840.86684450     
   179.000000000000       -1324840.65384625     
   180.000000000000       -1324840.44035264     
   181.000000000000       -1324840.22636793     
   182.000000000000       -1324840.01189891     
   183.000000000000       -1324839.79695083     
   184.000000000000       -1324839.58153109     
   185.000000000000       -1324839.36564330     
   186.000000000000       -1324839.14929330     
   187.000000000000       -1324838.93248810     
   188.000000000000       -1324838.71523115     
   189.000000000000       -1324838.49752887     
   190.000000000000       -1324838.27938675     
   191.000000000000       -1324838.06080829     
   192.000000000000       -1324837.84180002     
   193.000000000000       -1324837.62236680     
   194.000000000000       -1324837.40251323     
   195.000000000000       -1324837.18224314     
   196.000000000000       -1324836.96156216     
   197.000000000000       -1324836.74047627     
   198.000000000000       -1324836.51898787     
   199.000000000000       -1324836.29710157     
   200.000000000000       -1324836.07482369     
   201.000000000000       -1324835.85215750     
   202.000000000000       -1324835.62910599     
   203.000000000000       -1324835.40567596     
   204.000000000000       -1324835.18186981     
   205.000000000000       -1324834.95769200     
   206.000000000000       -1324834.73314651     
   207.000000000000       -1324834.50823808     
   208.000000000000       -1324834.28296894     
   209.000000000000       -1324834.05734611     
   210.000000000000       -1324833.83136887     
   211.000000000000       -1324833.60504494     
   212.000000000000       -1324833.37837694     
   213.000000000000       -1324833.15136660     
   214.000000000000       -1324832.92401953     
   215.000000000000       -1324832.69633844     
   216.000000000000       -1324832.46832757     
   217.000000000000       -1324832.23998939     
   218.000000000000       -1324832.01132765     
   219.000000000000       -1324831.78234612     
   220.000000000000       -1324831.55304699     
   221.000000000000       -1324831.32343455     
   222.000000000000       -1324831.09351129     
   223.000000000000       -1324830.86328024     
   224.000000000000       -1324830.63274513     
   225.000000000000       -1324830.40190858     
   226.000000000000       -1324830.17077451     
   227.000000000000       -1324829.93934254     
   228.000000000000       -1324829.70762071     
   229.000000000000       -1324829.47560790     
   230.000000000000       -1324829.24330810     
   231.000000000000       -1324829.01072380     
   232.000000000000       -1324828.77785945     
   233.000000000000       -1324828.54471496     
   234.000000000000       -1324828.31129465     
   235.000000000000       -1324828.07760227     
   236.000000000000       -1324827.84363766     
   237.000000000000       -1324827.60940475     
   238.000000000000       -1324827.37490573     
   239.000000000000       -1324827.14014473     
   240.000000000000       -1324826.90512175     
   241.000000000000       -1324826.66984000     
   242.000000000000       -1324826.43430220     
   243.000000000000       -1324826.19851099     
   244.000000000000       -1324825.96246855     
   245.000000000000       -1324825.72617533     
   246.000000000000       -1324825.48963570     
   247.000000000000       -1324825.25285228     
   248.000000000000       -1324825.01582468     
   249.000000000000       -1324824.77855674     
   250.000000000000       -1324824.54105032     
   251.000000000000       -1324824.30330823     
   252.000000000000       -1324824.06533107     
   253.000000000000       -1324823.82712108     
   254.000000000000       -1324823.58868158     
   255.000000000000       -1324823.35001361     
   256.000000000000       -1324823.11111978     
   257.000000000000       -1324822.87199989     
   258.000000000000       -1324822.63265729     
   259.000000000000       -1324822.39309565     
   260.000000000000       -1324822.15331385     
   261.000000000000       -1324821.91331483     
   262.000000000000       -1324821.67310015     
   263.000000000000       -1324821.43267230     
   264.000000000000       -1324821.19203281     
   265.000000000000       -1324820.95118258     
   266.000000000000       -1324820.71012354     
   267.000000000000       -1324820.46885878     
   268.000000000000       -1324820.22738761     
   269.000000000000       -1324819.98571329     
   270.000000000000       -1324819.74383667     
   271.000000000000       -1324819.50175993     
   272.000000000000       -1324819.25948446     
   273.000000000000       -1324819.01701149     
   274.000000000000       -1324818.77434131     
   275.000000000000       -1324818.53147875     
   276.000000000000       -1324818.28842287     
   277.000000000000       -1324818.04517518     
   278.000000000000       -1324817.80173638     
   279.000000000000       -1324817.55811053     
   280.000000000000       -1324817.31429717     
   281.000000000000       -1324817.07029810     
   282.000000000000       -1324816.82611326     
   283.000000000000       -1324816.58174694     
   284.000000000000       -1324816.33719782     
   285.000000000000       -1324816.09246843     
   286.000000000000       -1324815.84755960     
   287.000000000000       -1324815.60247218     
   288.000000000000       -1324815.35720980     
   289.000000000000       -1324815.11177125     
   290.000000000000       -1324814.86615766     
   291.000000000000       -1324814.62037137     
   292.000000000000       -1324814.37441427     
   293.000000000000       -1324814.12828474     
   294.000000000000       -1324813.88198673     
   295.000000000000       -1324813.63552003     
   296.000000000000       -1324813.38888524     
   297.000000000000       -1324813.14208649     
   298.000000000000       -1324812.89512070     
   299.000000000000       -1324812.64799155     
   300.000000000000       -1324812.40069982     
   301.000000000000       -1324812.15324515     
   302.000000000000       -1324811.90563121     
   303.000000000000       -1324811.65785678     
   304.000000000000       -1324811.40992272     
   305.000000000000       -1324811.16183220     
   306.000000000000       -1324810.91358403     
   307.000000000000       -1324810.66518103     
   308.000000000000       -1324810.41662322     
   309.000000000000       -1324810.16790971     
   310.000000000000       -1324809.91904526     
   311.000000000000       -1324809.67002769     
   312.000000000000       -1324809.42085932     
   313.000000000000       -1324809.17154073     
   314.000000000000       -1324808.92207324     
   315.000000000000       -1324808.67245677     
   316.000000000000       -1324808.42269257     
   317.000000000000       -1324808.17278323     
   318.000000000000       -1324807.92272663     
   319.000000000000       -1324807.67252485     
   320.000000000000       -1324807.42217954     
   321.000000000000       -1324807.17169132     
   322.000000000000       -1324806.92105956     
   323.000000000000       -1324806.67028757     
   324.000000000000       -1324806.41937257     
   325.000000000000       -1324806.16831833     
   326.000000000000       -1324805.91712585     
   327.000000000000       -1324805.66579274     
   328.000000000000       -1324805.41432257     
   329.000000000000       -1324805.16271563     
   330.000000000000       -1324804.91097242     
   331.000000000000       -1324804.65909206     
   332.000000000000       -1324804.40707884     
   333.000000000000       -1324804.15492922     
   334.000000000000       -1324803.90264658     
   335.000000000000       -1324803.65023125     
   336.000000000000       -1324803.39768519     
   337.000000000000       -1324803.14500470     
   338.000000000000       -1324802.89219604     
   339.000000000000       -1324802.63925483     
   340.000000000000       -1324802.38618455     
   341.000000000000       -1324802.13298600     
   342.000000000000       -1324801.87966030     
   343.000000000000       -1324801.62620356     
   344.000000000000       -1324801.37262177     
   345.000000000000       -1324801.11891403     
   346.000000000000       -1324800.86507949     
   347.000000000000       -1324800.61111855     
   348.000000000000       -1324800.35703538     
   349.000000000000       -1324800.10282605     
   350.000000000000       -1324799.84849396     
   351.000000000000       -1324799.59403713     
   352.000000000000       -1324799.33946074     
   353.000000000000       -1324799.08476037     
   354.000000000000       -1324798.82993927     
   355.000000000000       -1324798.57499675     
   356.000000000000       -1324798.31993537     
   357.000000000000       -1324798.06475263     
   358.000000000000       -1324797.80945055     
   359.000000000000       -1324797.55403098     
   360.000000000000       -1324797.29849192     
   361.000000000000       -1324797.04283473     
   362.000000000000       -1324796.78706223     
   363.000000000000       -1324796.53117019     
   364.000000000000       -1324796.27516441     
   365.000000000000       -1324796.01904096     
   366.000000000000       -1324795.76280298     
   367.000000000000       -1324795.50644908     
   368.000000000000       -1324795.24998249     
   369.000000000000       -1324794.99339920     
   370.000000000000       -1324794.73670521     
   371.000000000000       -1324794.47989655     
   372.000000000000       -1324794.22297463     
   373.000000000000       -1324793.96594076     
   374.000000000000       -1324793.70879573     
   375.000000000000       -1324793.45153872     
   376.000000000000       -1324793.19416985     
   377.000000000000       -1324792.93669272     
   378.000000000000       -1324792.67910198     
   379.000000000000       -1324792.42140426     
   380.000000000000       -1324792.16359520     
   381.000000000000       -1324791.90567808     
   382.000000000000       -1324791.64765165     
   383.000000000000       -1324791.38951810     
   384.000000000000       -1324791.13127426     
   385.000000000000       -1324790.87292576     
   386.000000000000       -1324790.61446724     
   387.000000000000       -1324790.35590324     
   388.000000000000       -1324790.09723201     
   389.000000000000       -1324789.83845671     
   390.000000000000       -1324789.57957211     
   391.000000000000       -1324789.32058572     
   392.000000000000       -1324789.06149103     
   393.000000000000       -1324788.80229300     
   394.000000000000       -1324788.54299090     
   395.000000000000       -1324788.28358355     
   396.000000000000       -1324788.02407218     
   397.000000000000       -1324787.76445943     
   398.000000000000       -1324787.50473977     
   399.000000000000       -1324787.24492173     
   400.000000000000       -1324786.98499721     
   401.000000000000       -1324786.72497102     
   402.000000000000       -1324786.46484505     
   403.000000000000       -1324786.20461551     
   404.000000000000       -1324785.94428435     
   405.000000000000       -1324785.68385286     
   406.000000000000       -1324785.42331933     
   407.000000000000       -1324785.16268680     
   408.000000000000       -1324784.90195275     
   409.000000000000       -1324784.64112002     
   410.000000000000       -1324784.38018518     
   411.000000000000       -1324784.11915189     
   412.000000000000       -1324783.85802079     
   413.000000000000       -1324783.59678749     
   414.000000000000       -1324783.33545805     
   415.000000000000       -1324783.07403014     
   416.000000000000       -1324782.81250143     
   417.000000000000       -1324782.55087815     
   418.000000000000       -1324782.28915376     
   419.000000000000       -1324782.02733350     
   420.000000000000       -1324781.76541650     
   421.000000000000       -1324781.50340022     
   422.000000000000       -1324781.24128902     
   423.000000000000       -1324780.97907911     
   424.000000000000       -1324780.71677526     
   425.000000000000       -1324780.45437511     
   426.000000000000       -1324780.19187590     
   427.000000000000       -1324779.92928343     
   428.000000000000       -1324779.66659570     
   429.000000000000       -1324779.40381017     
   430.000000000000       -1324779.14093155     
   431.000000000000       -1324778.87795737     
   432.000000000000       -1324778.61488732     
   433.000000000000       -1324778.35172409     
   434.000000000000       -1324778.08846665     
   435.000000000000       -1324777.82511335     
   436.000000000000       -1324777.56166825     
   437.000000000000       -1324777.29812744     
   438.000000000000       -1324777.03449213     
   439.000000000000       -1324776.77076609     
   440.000000000000       -1324776.50694553     
   441.000000000000       -1324776.24302998     
   442.000000000000       -1324775.97902545     
   443.000000000000       -1324775.71492324     
   444.000000000000       -1324775.45073264     
   445.000000000000       -1324775.18644673     
   446.000000000000       -1324774.92207027     
   447.000000000000       -1324774.65759991     
   448.000000000000       -1324774.39303863     
   449.000000000000       -1324774.12838523     
   450.000000000000       -1324773.86364132     
   451.000000000000       -1324773.59880367     
   452.000000000000       -1324773.33387522     
   453.000000000000       -1324773.06885671     
   454.000000000000       -1324772.80374675     
   455.000000000000       -1324772.53854415     
   456.000000000000       -1324772.27325085     
   457.000000000000       -1324772.00786947     
   458.000000000000       -1324771.74239577     
   459.000000000000       -1324771.47683138     
   460.000000000000       -1324771.21117501     
   461.000000000000       -1324770.94543169     
   462.000000000000       -1324770.67959678     
   463.000000000000       -1324770.41367228     
   464.000000000000       -1324770.14765773     
   465.000000000000       -1324769.88155338     
   466.000000000000       -1324769.61535807     
   467.000000000000       -1324769.34907496     
   468.000000000000       -1324769.08270190     
   469.000000000000       -1324768.81624028     
   470.000000000000       -1324768.54968901     
   471.000000000000       -1324768.28304783     
   472.000000000000       -1324768.01631822     
   473.000000000000       -1324767.74949904     
   474.000000000000       -1324767.48259351     
   475.000000000000       -1324767.21559517     
   476.000000000000       -1324766.94851330     
   477.000000000000       -1324766.68133928     
   478.000000000000       -1324766.41407731     
   479.000000000000       -1324766.14672982     
   480.000000000000       -1324765.87929043     
   481.000000000000       -1324765.61176422     
   482.000000000000       -1324765.34415092     
   483.000000000000       -1324765.07644855     
   484.000000000000       -1324764.80865872     
   485.000000000000       -1324764.54077941     
   486.000000000000       -1324764.27281526     
   487.000000000000       -1324764.00476380     
   488.000000000000       -1324763.73662194     
   489.000000000000       -1324763.46839374     
   490.000000000000       -1324763.20007779     
   491.000000000000       -1324762.93167428     
   492.000000000000       -1324762.66318521     
   493.000000000000       -1324762.39460809     
   494.000000000000       -1324762.12594182     
   495.000000000000       -1324761.85719159     
   496.000000000000       -1324761.58835199     
   497.000000000000       -1324761.31942705     
   498.000000000000       -1324761.05041528     
   499.000000000000       -1324760.78131351     
   500.000000000000       -1324760.51212960     
   501.000000000000       -1324760.24285502     
   502.000000000000       -1324759.97349531     
   503.000000000000       -1324759.70404911     
   504.000000000000       -1324759.43451799     
   505.000000000000       -1324759.16489565     
   506.000000000000       -1324758.89519079     
   507.000000000000       -1324758.62539896     
   508.000000000000       -1324758.35551992     
   509.000000000000       -1324758.08555389     
   510.000000000000       -1324757.81550452     
   511.000000000000       -1324757.54536514     
   512.000000000000       -1324757.27514058     
   513.000000000000       -1324757.00483029     
   514.000000000000       -1324756.73443447     
   515.000000000000       -1324756.46395161     
   516.000000000000       -1324756.19338498     
   517.000000000000       -1324755.92272849     
   518.000000000000       -1324755.65198767     
   519.000000000000       -1324755.38116085     
   520.000000000000       -1324755.11024671     
   521.000000000000       -1324754.83925031     
   522.000000000000       -1324754.56816558     
   523.000000000000       -1324754.29699369     
   524.000000000000       -1324754.02573789     
   525.000000000000       -1324753.75439459     
   526.000000000000       -1324753.48296752     
   527.000000000000       -1324753.21145295     
   528.000000000000       -1324752.93985398     
   529.000000000000       -1324752.66816843     
   530.000000000000       -1324752.39639646     
   531.000000000000       -1324752.12454006     
   532.000000000000       -1324751.85259626     
   533.000000000000       -1324751.58056878     
   534.000000000000       -1324751.30845289     
   535.000000000000       -1324751.03625454     
   536.000000000000       -1324750.76396649     
   537.000000000000       -1324750.49159693     
   538.000000000000       -1324750.21914093     
   539.000000000000       -1324749.94659732     
   540.000000000000       -1324749.67396717     
   541.000000000000       -1324749.40125491     
   542.000000000000       -1324749.12845468     
   543.000000000000       -1324748.85556904     
   544.000000000000       -1324748.58259663     
   545.000000000000       -1324748.30954151     
   546.000000000000       -1324748.03639824     
   547.000000000000       -1324747.76317217     
   548.000000000000       -1324747.48985603     
   549.000000000000       -1324747.21645745     
   550.000000000000       -1324746.94297092     
   551.000000000000       -1324746.66940153     
   552.000000000000       -1324746.39574436     
   553.000000000000       -1324746.12200015     
   554.000000000000       -1324745.84817358     
   555.000000000000       -1324745.57426125     
   556.000000000000       -1324745.30025973     
   557.000000000000       -1324745.02617424     
   558.000000000000       -1324744.75200508     
   559.000000000000       -1324744.47774697     
   560.000000000000       -1324744.20340278     
   561.000000000000       -1324743.92897631     
   562.000000000000       -1324743.65445922     
   563.000000000000       -1324743.37986210     
   564.000000000000       -1324743.10517394     
   565.000000000000       -1324742.83040234     
   566.000000000000       -1324742.55554387     
   567.000000000000       -1324742.28059979     
   568.000000000000       -1324742.00556970     
   569.000000000000       -1324741.73045432     
   570.000000000000       -1324741.45525097     
   571.000000000000       -1324741.17996515     
   572.000000000000       -1324740.90458950     
   573.000000000000       -1324740.62912925     
   574.000000000000       -1324740.35358245     
   575.000000000000       -1324740.07795023     
   576.000000000000       -1324739.80223262     
   577.000000000000       -1324739.52642429     
   578.000000000000       -1324739.25053612     
   579.000000000000       -1324738.97455725     
   580.000000000000       -1324738.69849442     
   581.000000000000       -1324738.42234102     
   582.000000000000       -1324738.14610743     
   583.000000000000       -1324737.86978203     
   584.000000000000       -1324737.59337467     
   585.000000000000       -1324737.31687610     
   586.000000000000       -1324737.04029457     
   587.000000000000       -1324736.76362584     
   588.000000000000       -1324736.48686806     
   589.000000000000       -1324736.21002610     
   590.000000000000       -1324735.93309622     
   591.000000000000       -1324735.65607997     
   592.000000000000       -1324735.37897771     
   593.000000000000       -1324735.10178755     
   594.000000000000       -1324734.82451148     
   595.000000000000       -1324734.54714608     
   596.000000000000       -1324734.26969609     
   597.000000000000       -1324733.99215836     
   598.000000000000       -1324733.71453470     
   599.000000000000       -1324733.43682125     
   600.000000000000       -1324733.15902176     
   601.000000000000       -1324732.88113415     
   602.000000000000       -1324732.60316177     
   603.000000000000       -1324732.32510265     
   604.000000000000       -1324732.04694990     
   605.000000000000       -1324731.76871641     
   606.000000000000       -1324731.49039344     
   607.000000000000       -1324731.21198180     
   608.000000000000       -1324730.93348229     
   609.000000000000       -1324730.65489485     
   610.000000000000       -1324730.37622184     
   611.000000000000       -1324730.09746023     
   612.000000000000       -1324729.81860994     
   613.000000000000       -1324729.53967132     
   614.000000000000       -1324729.26064716     
   615.000000000000       -1324728.98153364     
   616.000000000000       -1324728.70233039     
   617.000000000000       -1324728.42304089     
   618.000000000000       -1324728.14366160     
   619.000000000000       -1324727.86419526     
   620.000000000000       -1324727.58464077     
   621.000000000000       -1324727.30499844     
   622.000000000000       -1324727.02526523     
   623.000000000000       -1324726.74544651     
   624.000000000000       -1324726.46553520     
   625.000000000000       -1324726.18553853     
   626.000000000000       -1324725.90545170     
   627.000000000000       -1324725.62527616     
   628.000000000000       -1324725.34501189     
   629.000000000000       -1324725.06465827     
   630.000000000000       -1324724.78421689     
   631.000000000000       -1324724.50368507     
   632.000000000000       -1324724.22306570     
   633.000000000000       -1324723.94235359     
   634.000000000000       -1324723.66155648     
   635.000000000000       -1324723.38066622     
   636.000000000000       -1324723.09968907     
   637.000000000000       -1324722.81862335     
   638.000000000000       -1324722.53746394     
   639.000000000000       -1324722.25621685     
   640.000000000000       -1324721.97488034     
   641.000000000000       -1324721.69345328     
   642.000000000000       -1324721.41193916     
   643.000000000000       -1324721.13032906     
   644.000000000000       -1324720.84863528     
   645.000000000000       -1324720.56684617     
   646.000000000000       -1324720.28497167     
   647.000000000000       -1324720.00300248     
   648.000000000000       -1324719.72094358     
   649.000000000000       -1324719.43879695     
   650.000000000000       -1324719.15655626     
   651.000000000000       -1324718.87422952     
   652.000000000000       -1324718.59180644     
   653.000000000000       -1324718.30929656     
   654.000000000000       -1324718.02669198     
   655.000000000000       -1324717.74399981     
   656.000000000000       -1324717.46121578     
   657.000000000000       -1324717.17834047     
   658.000000000000       -1324716.89537354     
   659.000000000000       -1324716.61231587     
   660.000000000000       -1324716.32916573     
   661.000000000000       -1324716.04592400     
   662.000000000000       -1324715.76259262     
   663.000000000000       -1324715.47916475     
   664.000000000000       -1324715.19565006     
   665.000000000000       -1324714.91204337     
   666.000000000000       -1324714.62834184     
   667.000000000000       -1324714.34454863     
   668.000000000000       -1324714.06066552     
   669.000000000000       -1324713.77668637     
   670.000000000000       -1324713.49261839     
   671.000000000000       -1324713.20845714     
   672.000000000000       -1324712.92420110     
   673.000000000000       -1324712.63985641     
   674.000000000000       -1324712.35541687     
   675.000000000000       -1324712.07088077     
   676.000000000000       -1324711.78625712     
   677.000000000000       -1324711.50153949     
   678.000000000000       -1324711.21672775     
   679.000000000000       -1324710.93182146     
   680.000000000000       -1324710.64682267     
   681.000000000000       -1324710.36173221     
   682.000000000000       -1324710.07654547     
   683.000000000000       -1324709.79126627     
   684.000000000000       -1324709.50589541     
   685.000000000000       -1324709.22042667     
   686.000000000000       -1324708.93486785     
   687.000000000000       -1324708.64921192     
   688.000000000000       -1324708.36346381     
   689.000000000000       -1324708.07761966     
   690.000000000000       -1324707.79168312     
   691.000000000000       -1324707.50565193     
   692.000000000000       -1324707.21952346     
   693.000000000000       -1324706.93330477     
   694.000000000000       -1324706.64698726     
   695.000000000000       -1324706.36057653     
   696.000000000000       -1324706.07406881     
   697.000000000000       -1324705.78747198     
   698.000000000000       -1324705.50077251     
   699.000000000000       -1324705.21398074     
   700.000000000000       -1324704.92709398     
   701.000000000000       -1324704.64011331     
   702.000000000000       -1324704.35303294     
   703.000000000000       -1324704.06586077     
   704.000000000000       -1324703.77858807     
   705.000000000000       -1324703.49122538     
   706.000000000000       -1324703.20376145     
   707.000000000000       -1324702.91620390     
   708.000000000000       -1324702.62854834     
   709.000000000000       -1324702.34079995     
   710.000000000000       -1324702.05294888     
   711.000000000000       -1324701.76500838     
   712.000000000000       -1324701.47696295     
   713.000000000000       -1324701.18882803     
   714.000000000000       -1324700.90059272     
   715.000000000000       -1324700.61226187     
   716.000000000000       -1324700.32383084     
   717.000000000000       -1324700.03530448     
   718.000000000000       -1324699.74668198     
   719.000000000000       -1324699.45795702     
   720.000000000000       -1324699.16914148     
   721.000000000000       -1324698.88022097     
   722.000000000000       -1324698.59120789     
   723.000000000000       -1324698.30209302     
   724.000000000000       -1324698.01288273     
   725.000000000000       -1324697.72357148     
   726.000000000000       -1324697.43416346     
   727.000000000000       -1324697.14465798     
   728.000000000000       -1324696.85505215     
   729.000000000000       -1324696.56534730     
   730.000000000000       -1324696.27554493     
   731.000000000000       -1324695.98564349     
   732.000000000000       -1324695.69564073     
   733.000000000000       -1324695.40553883     
   734.000000000000       -1324695.11534149     
   735.000000000000       -1324694.82503946     
   736.000000000000       -1324694.53464209     
   737.000000000000       -1324694.24414351     
   738.000000000000       -1324693.95354451     
   739.000000000000       -1324693.66284246     
   740.000000000000       -1324693.37204745     
   741.000000000000       -1324693.08114426     
   742.000000000000       -1324692.79014728     
   743.000000000000       -1324692.49904612     
   744.000000000000       -1324692.20784395     
   745.000000000000       -1324691.91654538     
   746.000000000000       -1324691.62513871     
   747.000000000000       -1324691.33363738     
   748.000000000000       -1324691.04203210     
   749.000000000000       -1324690.75032677     
   750.000000000000       -1324690.45851537     
   751.000000000000       -1324690.16660843     
   752.000000000000       -1324689.87459765     
   753.000000000000       -1324689.58248641     
   754.000000000000       -1324689.29027144     
   755.000000000000       -1324688.99795105     
   756.000000000000       -1324688.70553583     
   757.000000000000       -1324688.41301248     
   758.000000000000       -1324688.12038930     
   759.000000000000       -1324687.82766176     
   760.000000000000       -1324687.53483398     
   761.000000000000       -1324687.24189979     
   762.000000000000       -1324686.94886543     
   763.000000000000       -1324686.65572827     
   764.000000000000       -1324686.36248728     
   765.000000000000       -1324686.06914089     
   766.000000000000       -1324685.77569071     
   767.000000000000       -1324685.48213891     
   768.000000000000       -1324685.18848496     
   769.000000000000       -1324684.89472460     
   770.000000000000       -1324684.60085909     
   771.000000000000       -1324684.30688931     
   772.000000000000       -1324684.01281888     
   773.000000000000       -1324683.71864150     
   774.000000000000       -1324683.42435609     
   775.000000000000       -1324683.12997308     
   776.000000000000       -1324682.83547860     
   777.000000000000       -1324682.54088309     
   778.000000000000       -1324682.24618076     
   779.000000000000       -1324681.95137375     
   780.000000000000       -1324681.65646115     
   781.000000000000       -1324681.36144347     
   782.000000000000       -1324681.06631705     
   783.000000000000       -1324680.77108878     
   784.000000000000       -1324680.47574968     
   785.000000000000       -1324680.18030849     
   786.000000000000       -1324679.88476151     
   787.000000000000       -1324679.58910302     
   788.000000000000       -1324679.29334214     
   789.000000000000       -1324678.99747478     
   790.000000000000       -1324678.70149925     
   791.000000000000       -1324678.40541345     
   792.000000000000       -1324678.10922544     
   793.000000000000       -1324677.81292851     
   794.000000000000       -1324677.51652501     
   795.000000000000       -1324677.22001191     
   796.000000000000       -1324676.92339025     
   797.000000000000       -1324676.62666402     
   798.000000000000       -1324676.32982649     
   799.000000000000       -1324676.03287979     
   800.000000000000       -1324675.73583184     
   801.000000000000       -1324675.43866580     
   802.000000000000       -1324675.14139966     
   803.000000000000       -1324674.84402103     
   804.000000000000       -1324674.54653110     
   805.000000000000       -1324674.24893277     
   806.000000000000       -1324673.95123026     
   807.000000000000       -1324673.65341447     
   808.000000000000       -1324673.35548677     
   809.000000000000       -1324673.05745610     
   810.000000000000       -1324672.75930691     
   811.000000000000       -1324672.46105642     
   812.000000000000       -1324672.16268885     
   813.000000000000       -1324671.86421636     
   814.000000000000       -1324671.56562730     
   815.000000000000       -1324671.26693554     
   816.000000000000       -1324670.96812562     
   817.000000000000       -1324670.66920762     
   818.000000000000       -1324670.37018183     
   819.000000000000       -1324670.07103933     
   820.000000000000       -1324669.77179009     
   821.000000000000       -1324669.47242633     
   822.000000000000       -1324669.17294963     
   823.000000000000       -1324668.87336423     
   824.000000000000       -1324668.57366693     
   825.000000000000       -1324668.27385834     
   826.000000000000       -1324667.97393312     
   827.000000000000       -1324667.67389725     
   828.000000000000       -1324667.37375250     
   829.000000000000       -1324667.07349081     
   830.000000000000       -1324666.77311682     
   831.000000000000       -1324666.47262883     
   832.000000000000       -1324666.17203130     
   833.000000000000       -1324665.87131942     
   834.000000000000       -1324665.57048970     
   835.000000000000       -1324665.26955128     
   836.000000000000       -1324664.96849853     
   837.000000000000       -1324664.66733011     
   838.000000000000       -1324664.36604679     
   839.000000000000       -1324664.06464760     
   840.000000000000       -1324663.76314035     
   841.000000000000       -1324663.46151390     
   842.000000000000       -1324663.15977432     
   843.000000000000       -1324662.85791825     
   844.000000000000       -1324662.55594766     
   845.000000000000       -1324662.25386293     
   846.000000000000       -1324661.95166266     
   847.000000000000       -1324661.64934585     
   848.000000000000       -1324661.34691209     
   849.000000000000       -1324661.04436293     
   850.000000000000       -1324660.74170013     
   851.000000000000       -1324660.43892189     
   852.000000000000       -1324660.13602223     
   853.000000000000       -1324659.83300746     
   854.000000000000       -1324659.52988252     
   855.000000000000       -1324659.22663227     
   856.000000000000       -1324658.92326600     
   857.000000000000       -1324658.61978748     
   858.000000000000       -1324658.31618927     
   859.000000000000       -1324658.01247254     
   860.000000000000       -1324657.70864203     
   861.000000000000       -1324657.40468508     
   862.000000000000       -1324657.10061946     
   863.000000000000       -1324656.79643129     
   864.000000000000       -1324656.49212633     
   865.000000000000       -1324656.18770010     
   866.000000000000       -1324655.88315918     
   867.000000000000       -1324655.57849443     
   868.000000000000       -1324655.27371587     
   869.000000000000       -1324654.96881455     
   870.000000000000       -1324654.66379525     
   871.000000000000       -1324654.35865669     
   872.000000000000       -1324654.05340019     
   873.000000000000       -1324653.74802042     
   874.000000000000       -1324653.44252440     
   875.000000000000       -1324653.13690533     
   876.000000000000       -1324652.83116334     
   877.000000000000       -1324652.52530974     
   878.000000000000       -1324652.21932772     
   879.000000000000       -1324651.91322863     
   880.000000000000       -1324651.60700542     
   881.000000000000       -1324651.30066330     
   882.000000000000       -1324650.99419850     
   883.000000000000       -1324650.68761605     
   884.000000000000       -1324650.38091009     
   885.000000000000       -1324650.07407948     
   886.000000000000       -1324649.76712865     
   887.000000000000       -1324649.46005501     
   888.000000000000       -1324649.15286258     
   889.000000000000       -1324648.84554545     
   890.000000000000       -1324648.53810456     
   891.000000000000       -1324648.23054246     
   892.000000000000       -1324647.92285573     
   893.000000000000       -1324647.61504671     
   894.000000000000       -1324647.30711510     
   895.000000000000       -1324646.99905992     
   896.000000000000       -1324646.69087750     
   897.000000000000       -1324646.38257835     
   898.000000000000       -1324646.07414876     
   899.000000000000       -1324645.76559884     
   900.000000000000       -1324645.45692447     
   901.000000000000       -1324645.14812175     
   902.000000000000       -1324644.83919828     
   903.000000000000       -1324644.53014952     
   904.000000000000       -1324644.22097321     
   905.000000000000       -1324643.91167635     
   906.000000000000       -1324643.60224934     
   907.000000000000       -1324643.29270000     
   908.000000000000       -1324642.98302335     
   909.000000000000       -1324642.67322048     
   910.000000000000       -1324642.36329208     
   911.000000000000       -1324642.05323715     
   912.000000000000       -1324641.74305870     
   913.000000000000       -1324641.43275062     
   914.000000000000       -1324641.12231507     
   915.000000000000       -1324640.81175806     
   916.000000000000       -1324640.50106686     
   917.000000000000       -1324640.19025407     
   918.000000000000       -1324639.87930864     
   919.000000000000       -1324639.56824085     
   920.000000000000       -1324639.25704005     
   921.000000000000       -1324638.94571932     
   922.000000000000       -1324638.63426326     
   923.000000000000       -1324638.32267770     
   924.000000000000       -1324638.01097189     
   925.000000000000       -1324637.69913124     
   926.000000000000       -1324637.38715964     
   927.000000000000       -1324637.07506723     
   928.000000000000       -1324636.76283981     
   929.000000000000       -1324636.45048236     
   930.000000000000       -1324636.13799964     
   931.000000000000       -1324635.82538734     
   932.000000000000       -1324635.51263745     
   933.000000000000       -1324635.19976712     
   934.000000000000       -1324634.88676203     
   935.000000000000       -1324634.57362521     
   936.000000000000       -1324634.26036039     
   937.000000000000       -1324633.94696646     
   938.000000000000       -1324633.63343885     
   939.000000000000       -1324633.31977625     
   940.000000000000       -1324633.00598980     
   941.000000000000       -1324632.69207205     
   942.000000000000       -1324632.37801447     
   943.000000000000       -1324632.06383304     
   944.000000000000       -1324631.74951897     
   945.000000000000       -1324631.43506809     
   946.000000000000       -1324631.12048697     
   947.000000000000       -1324630.80577361     
   948.000000000000       -1324630.49093108     
   949.000000000000       -1324630.17594813     
   950.000000000000       -1324629.86084105     
   951.000000000000       -1324629.54559680     
   952.000000000000       -1324629.23021578     
   953.000000000000       -1324628.91470351     
   954.000000000000       -1324628.59905996     
   955.000000000000       -1324628.28328201     
   956.000000000000       -1324627.96736738     
   957.000000000000       -1324627.65132072     
   958.000000000000       -1324627.33513911     
   959.000000000000       -1324627.01882383     
   960.000000000000       -1324626.70237085     
   961.000000000000       -1324626.38578704     
   962.000000000000       -1324626.06906118     
   963.000000000000       -1324625.75220844     
   964.000000000000       -1324625.43521647     
   965.000000000000       -1324625.11808836     
   966.000000000000       -1324624.80082585     
   967.000000000000       -1324624.48342394     
   968.000000000000       -1324624.16588957     
   969.000000000000       -1324623.84821863     
   970.000000000000       -1324623.53040722     
   971.000000000000       -1324623.21246387     
   972.000000000000       -1324622.89438287     
   973.000000000000       -1324622.57616417     
   974.000000000000       -1324622.25780566     
   975.000000000000       -1324621.93931113     
   976.000000000000       -1324621.62067984     
   977.000000000000       -1324621.30191104     
   978.000000000000       -1324620.98300694     
   979.000000000000       -1324620.66395905     
   980.000000000000       -1324620.34477230     
   981.000000000000       -1324620.02545301     
   982.000000000000       -1324619.70599358     
   983.000000000000       -1324619.38639142     
   984.000000000000       -1324619.06665490     
   985.000000000000       -1324618.74677595     
   986.000000000000       -1324618.42675767     
   987.000000000000       -1324618.10660069     
   988.000000000000       -1324617.78630446     
   989.000000000000       -1324617.46586774     
   990.000000000000       -1324617.14529275     
   991.000000000000       -1324616.82457433     
   992.000000000000       -1324616.50371885     
   993.000000000000       -1324616.18271514     
   994.000000000000       -1324615.86158043     
   995.000000000000       -1324615.54030237     
   996.000000000000       -1324615.21887786     
   997.000000000000       -1324614.89731652     
   998.000000000000       -1324614.57561130     
   999.000000000000       -1324614.25376721     
   1000.00000000000       -1324613.93177903     
   1001.00000000000       -1324613.60965039     
   1002.00000000000       -1324613.28737930     
   1003.00000000000       -1324612.96496264     
   1004.00000000000       -1324612.64240590     
   1005.00000000000       -1324612.31970568     
   1006.00000000000       -1324611.99686400     
   1007.00000000000       -1324611.67388143     
   1008.00000000000       -1324611.35074850     
   1009.00000000000       -1324611.02747586     
   1010.00000000000       -1324610.70406153     
   1011.00000000000       -1324610.38050092     
   1012.00000000000       -1324610.05679509     
   1013.00000000000       -1324609.73294555     
   1014.00000000000       -1324609.40895715     
   1015.00000000000       -1324609.08481536     
   1016.00000000000       -1324608.76053870     
   1017.00000000000       -1324608.43610484     
   1018.00000000000       -1324608.11153895     
   1019.00000000000       -1324607.78682008     
   1020.00000000000       -1324607.46195519     
   1021.00000000000       -1324607.13694509     
   1022.00000000000       -1324606.81179631     
   1023.00000000000       -1324606.48649325     
   1024.00000000000       -1324606.16104554     
   1025.00000000000       -1324605.83545350     
   1026.00000000000       -1324605.50971413     
   1027.00000000000       -1324605.18382849     
   1028.00000000000       -1324604.85779595     
   1029.00000000000       -1324604.53161804     
   1030.00000000000       -1324604.20528623     
   1031.00000000000       -1324603.87881308     
   1032.00000000000       -1324603.55219075     
   1033.00000000000       -1324603.22542559     
   1034.00000000000       -1324602.89850373     
   1035.00000000000       -1324602.57143536     
   1036.00000000000       -1324602.24422250     
   1037.00000000000       -1324601.91686282     
   1038.00000000000       -1324601.58934676     
   1039.00000000000       -1324601.26168935     
   1040.00000000000       -1324600.93387739     
   1041.00000000000       -1324600.60592137     
   1042.00000000000       -1324600.27781215     
   1043.00000000000       -1324599.94955758     
   1044.00000000000       -1324599.62114558     
   1045.00000000000       -1324599.29259203     
   1046.00000000000       -1324598.96388483     
   1047.00000000000       -1324598.63502577     
   1048.00000000000       -1324598.30602101     
   1049.00000000000       -1324597.97685793     
   1050.00000000000       -1324597.64755466     
   1051.00000000000       -1324597.31808978     
   1052.00000000000       -1324596.98848045     
   1053.00000000000       -1324596.65871623     
   1054.00000000000       -1324596.32880208     
   1055.00000000000       -1324595.99874051     
   1056.00000000000       -1324595.66851710     
   1057.00000000000       -1324595.33815009     
   1058.00000000000       -1324595.00762896     
   1059.00000000000       -1324594.67695747     
   1060.00000000000       -1324594.34612853     
   1061.00000000000       -1324594.01514687     
   1062.00000000000       -1324593.68401996     
   1063.00000000000       -1324593.35273179     
   1064.00000000000       -1324593.02129107     
   1065.00000000000       -1324592.68970353     
   1066.00000000000       -1324592.35795363     
   1067.00000000000       -1324592.02605504     
   1068.00000000000       -1324591.69400708     
   1069.00000000000       -1324591.36179290     
   1070.00000000000       -1324591.02943565     
   1071.00000000000       -1324590.69692196     
   1072.00000000000       -1324590.36424863     
   1073.00000000000       -1324590.03142092     
   1074.00000000000       -1324589.69844287     
   1075.00000000000       -1324589.36530729     
   1076.00000000000       -1324589.03201771     
   1077.00000000000       -1324588.69857267     
   1078.00000000000       -1324588.36496718     
   1079.00000000000       -1324588.03121183     
   1080.00000000000       -1324587.69729333     
   1081.00000000000       -1324587.36323056     
   1082.00000000000       -1324587.02900119     
   1083.00000000000       -1324586.69461606     
   1084.00000000000       -1324586.36007973     
   1085.00000000000       -1324586.02538442     
   1086.00000000000       -1324585.69052636     
   1087.00000000000       -1324585.35552101     
   1088.00000000000       -1324585.02034966     
   1089.00000000000       -1324584.68502399     
   1090.00000000000       -1324584.34954275     
   1091.00000000000       -1324584.01390470     
   1092.00000000000       -1324583.67809946     
   1093.00000000000       -1324583.34214380     
   1094.00000000000       -1324583.00603267     
   1095.00000000000       -1324582.66975641     
   1096.00000000000       -1324582.33332014     
   1097.00000000000       -1324581.99673176     
   1098.00000000000       -1324581.65997778     
   1099.00000000000       -1324581.32306766     
   1100.00000000000       -1324580.98600141     
   1101.00000000000       -1324580.64876932     
   1102.00000000000       -1324580.31138421     
   1103.00000000000       -1324579.97383070     
   1104.00000000000       -1324579.63612471     
   1105.00000000000       -1324579.29825572     
   1106.00000000000       -1324578.96022632     
   1107.00000000000       -1324578.62203289     
   1108.00000000000       -1324578.28368549     
   1109.00000000000       -1324577.94517279     
   1110.00000000000       -1324577.60650304     
   1111.00000000000       -1324577.26766592     
   1112.00000000000       -1324576.92866814     
   1113.00000000000       -1324576.58951514     
   1114.00000000000       -1324576.25019423     
   1115.00000000000       -1324575.91071525     
   1116.00000000000       -1324575.57107276     
   1117.00000000000       -1324575.23126961     
   1118.00000000000       -1324574.89129773     
   1119.00000000000       -1324574.55117273     
   1120.00000000000       -1324574.21087664     
   1121.00000000000       -1324573.87042273     
   1122.00000000000       -1324573.52980396     
   1123.00000000000       -1324573.18901849     
   1124.00000000000       -1324572.84807963     
   1125.00000000000       -1324572.50697012     
   1126.00000000000       -1324572.16569595     
   1127.00000000000       -1324571.82426053     
   1128.00000000000       -1324571.48265859     
   1129.00000000000       -1324571.14089457     
   1130.00000000000       -1324570.79896663     
   1131.00000000000       -1324570.45687632     
   1132.00000000000       -1324570.11461521     
   1133.00000000000       -1324569.77219380     
   1134.00000000000       -1324569.42960708     
   1135.00000000000       -1324569.08685607     
   1136.00000000000       -1324568.74393521     
   1137.00000000000       -1324568.40085081     
   1138.00000000000       -1324568.05760285     
   1139.00000000000       -1324567.71418734     
   1140.00000000000       -1324567.37060849     
   1141.00000000000       -1324567.02686336     
   1142.00000000000       -1324566.68294448     
   1143.00000000000       -1324566.33887122     
   1144.00000000000       -1324565.99462095     
   1145.00000000000       -1324565.65021040     
   1146.00000000000       -1324565.30563102     
   1147.00000000000       -1324564.96088545     
   1148.00000000000       -1324564.61596964     
   1149.00000000000       -1324564.27088811     
   1150.00000000000       -1324563.92564268     
   1151.00000000000       -1324563.58022021     
   1152.00000000000       -1324563.23464423     
   1153.00000000000       -1324562.88888442     
   1154.00000000000       -1324562.54297320     
   1155.00000000000       -1324562.19687750     
   1156.00000000000       -1324561.85062334     
   1157.00000000000       -1324561.50420102     
   1158.00000000000       -1324561.15760374     
   1159.00000000000       -1324560.81084198     
   1160.00000000000       -1324560.46391110     
   1161.00000000000       -1324560.11680810     
   1162.00000000000       -1324559.76953941     
   1163.00000000000       -1324559.42209741     
   1164.00000000000       -1324559.07449044     
   1165.00000000000       -1324558.72671278     
   1166.00000000000       -1324558.37876410     
   1167.00000000000       -1324558.03064299     
   1168.00000000000       -1324557.68235346     
   1169.00000000000       -1324557.33389467     
   1170.00000000000       -1324556.98526219     
   1171.00000000000       -1324556.63646850     
   1172.00000000000       -1324556.28749231     
   1173.00000000000       -1324555.93834662     
   1174.00000000000       -1324555.58904067     
   1175.00000000000       -1324555.23955147     
   1176.00000000000       -1324554.88989479     
   1177.00000000000       -1324554.54007005     
   1178.00000000000       -1324554.19006842     
   1179.00000000000       -1324553.83989915     
   1180.00000000000       -1324553.48955588     
   1181.00000000000       -1324553.13904513     
   1182.00000000000       -1324552.78835393     
   1183.00000000000       -1324552.43749293     
   1184.00000000000       -1324552.08646179     
   1185.00000000000       -1324551.73525908     
   1186.00000000000       -1324551.38387866     
   1187.00000000000       -1324551.03233095     
   1188.00000000000       -1324550.68060621     
   1189.00000000000       -1324550.32870797     
   1190.00000000000       -1324549.97664225     
   1191.00000000000       -1324549.62439486     
   1192.00000000000       -1324549.27198013     
   1193.00000000000       -1324548.91938829     
   1194.00000000000       -1324548.56662564     
   1195.00000000000       -1324548.21368100     
   1196.00000000000       -1324547.86057626     
   1197.00000000000       -1324547.50728464     
   1198.00000000000       -1324547.15381886     
   1199.00000000000       -1324546.80019167     
   1200.00000000000       -1324546.44637426     
   1201.00000000000       -1324546.09239084     
   1202.00000000000       -1324545.73823156     
   1203.00000000000       -1324545.38389326     
   1204.00000000000       -1324545.02938060     
   1205.00000000000       -1324544.67469520     
   1206.00000000000       -1324544.31983445     
   1207.00000000000       -1324543.96479995     
   1208.00000000000       -1324543.60958262     
   1209.00000000000       -1324543.25419532     
   1210.00000000000       -1324542.89862923     
   1211.00000000000       -1324542.54288426     
   1212.00000000000       -1324542.18697302     
   1213.00000000000       -1324541.83087399     
   1214.00000000000       -1324541.47461049     
   1215.00000000000       -1324541.11815392     
   1216.00000000000       -1324540.76153979     
   1217.00000000000       -1324540.40473323     
   1218.00000000000       -1324540.04775622     
   1219.00000000000       -1324539.69059903     
   1220.00000000000       -1324539.33327123     
   1221.00000000000       -1324538.97575766     
   1222.00000000000       -1324538.61807215     
   1223.00000000000       -1324538.26020723     
   1224.00000000000       -1324537.90216335     
   1225.00000000000       -1324537.54394527     
   1226.00000000000       -1324537.18554290     
   1227.00000000000       -1324536.82696900     
   1228.00000000000       -1324536.46821375     
   1229.00000000000       -1324536.10928363     
   1230.00000000000       -1324535.75016967     
   1231.00000000000       -1324535.39087491     
   1232.00000000000       -1324535.03141358     
   1233.00000000000       -1324534.67175921     
   1234.00000000000       -1324534.31193406     
   1235.00000000000       -1324533.95193142     
   1236.00000000000       -1324533.59174230     
   1237.00000000000       -1324533.23138181     
   1238.00000000000       -1324532.87083547     
   1239.00000000000       -1324532.51011325     
   1240.00000000000       -1324532.14921043     
   1241.00000000000       -1324531.78812516     
   1242.00000000000       -1324531.42686370     
   1243.00000000000       -1324531.06542333     
   1244.00000000000       -1324530.70379845     
   1245.00000000000       -1324530.34199792     
   1246.00000000000       -1324529.98001178     
   1247.00000000000       -1324529.61784947     
   1248.00000000000       -1324529.25550306     
   1249.00000000000       -1324528.89298667     
   1250.00000000000       -1324528.53027314     
   1251.00000000000       -1324528.16739145     
   1252.00000000000       -1324527.80431936     
   1253.00000000000       -1324527.44107452     
   1254.00000000000       -1324527.07764399     
   1255.00000000000       -1324526.71403465     
   1256.00000000000       -1324526.35024463     
   1257.00000000000       -1324525.98626768     
   1258.00000000000       -1324525.62211186     
   1259.00000000000       -1324525.25777765     
   1260.00000000000       -1324524.89325817     
   1261.00000000000       -1324524.52855859     
   1262.00000000000       -1324524.16367966     
   1263.00000000000       -1324523.79861098     
   1264.00000000000       -1324523.43336478     
   1265.00000000000       -1324523.06793562     
   1266.00000000000       -1324522.70232516     
   1267.00000000000       -1324522.33653297     
   1268.00000000000       -1324521.97055391     
   1269.00000000000       -1324521.60439406     
   1270.00000000000       -1324521.23805830     
   1271.00000000000       -1324520.87153232     
   1272.00000000000       -1324520.50482043     
   1273.00000000000       -1324520.13793701     
   1274.00000000000       -1324519.77085584     
   1275.00000000000       -1324519.40360705     
   1276.00000000000       -1324519.03616231     
   1277.00000000000       -1324518.66854317     
   1278.00000000000       -1324518.30073047     
   1279.00000000000       -1324517.93274282     
   1280.00000000000       -1324517.56457146     
   1281.00000000000       -1324517.19620998     
   1282.00000000000       -1324516.82767407     
   1283.00000000000       -1324516.45894179     
   1284.00000000000       -1324516.09003780     
   1285.00000000000       -1324515.72094433     
   1286.00000000000       -1324515.35166303     
   1287.00000000000       -1324514.98220245     
   1288.00000000000       -1324514.61256035     
   1289.00000000000       -1324514.24272880     
   1290.00000000000       -1324513.87270736     
   1291.00000000000       -1324513.50251538     
   1292.00000000000       -1324513.13212872     
   1293.00000000000       -1324512.76155894     
   1294.00000000000       -1324512.39080410     
   1295.00000000000       -1324512.01986646     
   1296.00000000000       -1324511.64874558     
   1297.00000000000       -1324511.27743528     
   1298.00000000000       -1324510.90594357     
   1299.00000000000       -1324510.53425761     
   1300.00000000000       -1324510.16240294     
   1301.00000000000       -1324509.79034949     
   1302.00000000000       -1324509.41811223     
   1303.00000000000       -1324509.04569344     
   1304.00000000000       -1324508.67309389     
   1305.00000000000       -1324508.30029521     
   1306.00000000000       -1324507.92732185     
   1307.00000000000       -1324507.55415908     
   1308.00000000000       -1324507.18080705     
   1309.00000000000       -1324506.80727595     
   1310.00000000000       -1324506.43355802     
   1311.00000000000       -1324506.05964793     
   1312.00000000000       -1324505.68555680     
   1313.00000000000       -1324505.31128113     
   1314.00000000000       -1324504.93680823     
   1315.00000000000       -1324504.56216639     
   1316.00000000000       -1324504.18732301     
   1317.00000000000       -1324503.81230428     
   1318.00000000000       -1324503.43708828     
   1319.00000000000       -1324503.06170122     
   1320.00000000000       -1324502.68610858     
   1321.00000000000       -1324502.31034398     
   1322.00000000000       -1324501.93438790     
   1323.00000000000       -1324501.55824325     
   1324.00000000000       -1324501.18191543     
   1325.00000000000       -1324500.80539501     
   1326.00000000000       -1324500.42869449     
   1327.00000000000       -1324500.05180290     
   1328.00000000000       -1324499.67472688     
   1329.00000000000       -1324499.29745946     
   1330.00000000000       -1324498.92001161     
   1331.00000000000       -1324498.54236646     
   1332.00000000000       -1324498.16455048     
   1333.00000000000       -1324497.78652972     
   1334.00000000000       -1324497.40833441     
   1335.00000000000       -1324497.02994329     
   1336.00000000000       -1324496.65136611     
   1337.00000000000       -1324496.27260551     
   1338.00000000000       -1324495.89366103     
   1339.00000000000       -1324495.51451567     
   1340.00000000000       -1324495.13519980     
   1341.00000000000       -1324494.75567678     
   1342.00000000000       -1324494.37598168     
   1343.00000000000       -1324493.99609436     
   1344.00000000000       -1324493.61601934     
   1345.00000000000       -1324493.23575676     
   1346.00000000000       -1324492.85530425     
   1347.00000000000       -1324492.47466665     
   1348.00000000000       -1324492.09383972     
   1349.00000000000       -1324491.71282455     
   1350.00000000000       -1324491.33161968     
   1351.00000000000       -1324490.95023219     
   1352.00000000000       -1324490.56864964     
   1353.00000000000       -1324490.18688632     
   1354.00000000000       -1324489.80493576     
   1355.00000000000       -1324489.42278708     
   1356.00000000000       -1324489.04046059     
   1357.00000000000       -1324488.65793939     
   1358.00000000000       -1324488.27523498     
