  0.000000000000000E+000  -1324860.21282502     
   1.00000000000000       -1324860.21282502     
   2.00000000000000       -1324860.21281990     
   3.00000000000000       -1324860.21280968     
   4.00000000000000       -1324860.21279429     
   5.00000000000000       -1324860.21277384     
   6.00000000000000       -1324860.21274782     
   7.00000000000000       -1324860.21271453     
   8.00000000000000       -1324860.21266894     
   9.00000000000000       -1324860.21260019     
   10.0000000000000       -1324860.21249044     
   11.0000000000000       -1324860.21231422     
   12.0000000000000       -1324860.21203958     
   13.0000000000000       -1324860.21162750     
   14.0000000000000       -1324860.21103392     
   15.0000000000000       -1324860.21020896     
   16.0000000000000       -1324860.20909742     
   17.0000000000000       -1324860.20763947     
   18.0000000000000       -1324860.20577052     
   19.0000000000000       -1324860.20342155     
   20.0000000000000       -1324860.20052085     
   21.0000000000000       -1324860.19699324     
   22.0000000000000       -1324860.19276236     
   23.0000000000000       -1324860.18775024     
   24.0000000000000       -1324860.18187897     
   25.0000000000000       -1324860.17507099     
   26.0000000000000       -1324860.16725044     
   27.0000000000000       -1324860.15834198     
   28.0000000000000       -1324860.14827355     
   29.0000000000000       -1324860.13697513     
   30.0000000000000       -1324860.12437913     
   31.0000000000000       -1324860.11042159     
   32.0000000000000       -1324860.09504113     
   33.0000000000000       -1324860.07817948     
   34.0000000000000       -1324860.05978166     
   35.0000000000000       -1324860.03979576     
   36.0000000000000       -1324860.01817295     
   37.0000000000000       -1324859.99486745     
   38.0000000000000       -1324859.96983647     
   39.0000000000000       -1324859.94303938     
   40.0000000000000       -1324859.91443939     
   41.0000000000000       -1324859.88400171     
   42.0000000000000       -1324859.85169422     
   43.0000000000000       -1324859.81748792     
   44.0000000000000       -1324859.78135456     
   45.0000000000000       -1324859.74327030     
   46.0000000000000       -1324859.70321200     
   47.0000000000000       -1324859.66115995     
   48.0000000000000       -1324859.61709482     
   49.0000000000000       -1324859.57100147     
   50.0000000000000       -1324859.52286519     
   51.0000000000000       -1324859.47267380     
   52.0000000000000       -1324859.42041679     
   53.0000000000000       -1324859.36608499     
   54.0000000000000       -1324859.30967222     
   55.0000000000000       -1324859.25117255     
   56.0000000000000       -1324859.19058278     
   57.0000000000000       -1324859.12789997     
   58.0000000000000       -1324859.06312444     
   59.0000000000000       -1324858.99625583     
   60.0000000000000       -1324858.92729744     
   61.0000000000000       -1324858.85625163     
   62.0000000000000       -1324858.78312347     
   63.0000000000000       -1324858.70791815     
   64.0000000000000       -1324858.63064398     
   65.0000000000000       -1324858.55130726     
   66.0000000000000       -1324858.46991860     
   67.0000000000000       -1324858.38648687     
   68.0000000000000       -1324858.30102281     
   69.0000000000000       -1324858.21353909     
   70.0000000000000       -1324858.12404784     
   71.0000000000000       -1324858.03256156     
   72.0000000000000       -1324857.93909557     
   73.0000000000000       -1324857.84366316     
   74.0000000000000       -1324857.74628040     
   75.0000000000000       -1324857.64696258     
   76.0000000000000       -1324857.54572660     
   77.0000000000000       -1324857.44258764     
   78.0000000000000       -1324857.33756540     
   79.0000000000000       -1324857.23067455     
   80.0000000000000       -1324857.12193553     
   81.0000000000000       -1324857.01136476     
   82.0000000000000       -1324856.89898181     
   83.0000000000000       -1324856.78480454     
   84.0000000000000       -1324856.66885291     
   85.0000000000000       -1324856.55114546     
   86.0000000000000       -1324856.43170140     
   87.0000000000000       -1324856.31054032     
   88.0000000000000       -1324856.18768197     
   89.0000000000000       -1324856.06314523     
   90.0000000000000       -1324855.93695103     
   91.0000000000000       -1324855.80911869     
   92.0000000000000       -1324855.67966657     
   93.0000000000000       -1324855.54861540     
   94.0000000000000       -1324855.41598606     
   95.0000000000000       -1324855.28179663     
   96.0000000000000       -1324855.14606663     
   97.0000000000000       -1324855.00881608     
   98.0000000000000       -1324854.87006550     
   99.0000000000000       -1324854.72983220     
   100.000000000000       -1324854.58813656     
   101.000000000000       -1324854.44499794     
   102.000000000000       -1324854.30043503     
   103.000000000000       -1324854.15446655     
   104.000000000000       -1324854.00711198     
   105.000000000000       -1324853.85838799     
   106.000000000000       -1324853.70831520     
   107.000000000000       -1324853.55691100     
   108.000000000000       -1324853.40419216     
   109.000000000000       -1324853.25017997     
   110.000000000000       -1324853.09488833     
   111.000000000000       -1324852.93833601     
   112.000000000000       -1324852.78054199     
   113.000000000000       -1324852.62152093     
   114.000000000000       -1324852.46129237     
   115.000000000000       -1324852.29987104     
   116.000000000000       -1324852.13727314     
   117.000000000000       -1324851.97351703     
   118.000000000000       -1324851.80861709     
   119.000000000000       -1324851.64259029     
   120.000000000000       -1324851.47545168     
   121.000000000000       -1324851.30721755     
   122.000000000000       -1324851.13790159     
   123.000000000000       -1324850.96752115     
   124.000000000000       -1324850.79608954     
   125.000000000000       -1324850.62362146     
   126.000000000000       -1324850.45013190     
   127.000000000000       -1324850.27563495     
   128.000000000000       -1324850.10014463     
   129.000000000000       -1324849.92367617     
   130.000000000000       -1324849.74623974     
   131.000000000000       -1324849.56785202     
   132.000000000000       -1324849.38852471     
   133.000000000000       -1324849.20827281     
   134.000000000000       -1324849.02710576     
   135.000000000000       -1324848.84503993     
   136.000000000000       -1324848.66208513     
   137.000000000000       -1324848.47825419     
   138.000000000000       -1324848.29356042     
   139.000000000000       -1324848.10801481     
   140.000000000000       -1324847.92162779     
   141.000000000000       -1324847.73441458     
   142.000000000000       -1324847.54638280     
   143.000000000000       -1324847.35754395     
   144.000000000000       -1324847.16791312     
   145.000000000000       -1324846.97749495     
   146.000000000000       -1324846.78630592     
   147.000000000000       -1324846.59435304     
   148.000000000000       -1324846.40164665     
   149.000000000000       -1324846.20819843     
   150.000000000000       -1324846.01401751     
   151.000000000000       -1324845.81911458     
   152.000000000000       -1324845.62349760     
   153.000000000000       -1324845.42717815     
   154.000000000000       -1324845.23016366     
   155.000000000000       -1324845.03246524     
   156.000000000000       -1324844.83409007     
   157.000000000000       -1324844.63504879     
   158.000000000000       -1324844.43534948     
   159.000000000000       -1324844.23500032     
   160.000000000000       -1324844.03401057     
   161.000000000000       -1324843.83238694     
   162.000000000000       -1324843.63014114     
   163.000000000000       -1324843.42727731     
   164.000000000000       -1324843.22380660     
   165.000000000000       -1324843.01973391     
   166.000000000000       -1324842.81506923     
   167.000000000000       -1324842.60981908     
   168.000000000000       -1324842.40399206     
   169.000000000000       -1324842.19759390     
   170.000000000000       -1324841.99063343     
   171.000000000000       -1324841.78311552     
   172.000000000000       -1324841.57505017     
   173.000000000000       -1324841.36644114     
   174.000000000000       -1324841.15729769     
   175.000000000000       -1324840.94762512     
   176.000000000000       -1324840.73743198     
   177.000000000000       -1324840.52672063     
   178.000000000000       -1324840.31550070     
   179.000000000000       -1324840.10377748     
   180.000000000000       -1324839.89155909     
   181.000000000000       -1324839.67884835     
   182.000000000000       -1324839.46565135     
   183.000000000000       -1324839.25197778     
   184.000000000000       -1324839.03782947     
   185.000000000000       -1324838.82321276     
   186.000000000000       -1324838.60813581     
   187.000000000000       -1324838.39260079     
   188.000000000000       -1324838.17661519     
   189.000000000000       -1324837.96018300     
   190.000000000000       -1324837.74331179     
   191.000000000000       -1324837.52600238     
   192.000000000000       -1324837.30826526     
   193.000000000000       -1324837.09010108     
   194.000000000000       -1324836.87151683     
   195.000000000000       -1324836.65251644     
   196.000000000000       -1324836.43310549     
   197.000000000000       -1324836.21328966     
   198.000000000000       -1324835.99306923     
   199.000000000000       -1324835.77245424     
   200.000000000000       -1324835.55144617     
   201.000000000000       -1324835.33004900     
   202.000000000000       -1324835.10826808     
   203.000000000000       -1324834.88610857     
   204.000000000000       -1324834.66357232     
   205.000000000000       -1324834.44066626     
   206.000000000000       -1324834.21739169     
   207.000000000000       -1324833.99375504     
   208.000000000000       -1324833.76975842     
   209.000000000000       -1324833.54540743     
   210.000000000000       -1324833.32070317     
   211.000000000000       -1324833.09565387     
   212.000000000000       -1324832.87025680     
   213.000000000000       -1324832.64452350     
   214.000000000000       -1324832.41845092     
   215.000000000000       -1324832.19204482     
   216.000000000000       -1324831.96531060     
   217.000000000000       -1324831.73824992     
   218.000000000000       -1324831.51086614     
   219.000000000000       -1324831.28316252     
   220.000000000000       -1324831.05514339     
   221.000000000000       -1324830.82680987     
   222.000000000000       -1324830.59816884     
   223.000000000000       -1324830.36921780     
   224.000000000000       -1324830.13996707     
   225.000000000000       -1324829.91041330     
   226.000000000000       -1324829.68056397     
   227.000000000000       -1324829.45041818     
   228.000000000000       -1324829.21998257     
   229.000000000000       -1324828.98925713     
   230.000000000000       -1324828.75824523     
   231.000000000000       -1324828.52695269     
   232.000000000000       -1324828.29537872     
   233.000000000000       -1324828.06352534     
   234.000000000000       -1324827.83139921     
   235.000000000000       -1324827.59900155     
   236.000000000000       -1324827.36633249     
   237.000000000000       -1324827.13339613     
   238.000000000000       -1324826.90019783     
   239.000000000000       -1324826.66673329     
   240.000000000000       -1324826.43301316     
   241.000000000000       -1324826.19903329     
   242.000000000000       -1324825.96480049     
   243.000000000000       -1324825.73031389     
   244.000000000000       -1324825.49557704     
   245.000000000000       -1324825.26059445     
   246.000000000000       -1324825.02536357     
   247.000000000000       -1324824.78988994     
   248.000000000000       -1324824.55417728     
   249.000000000000       -1324824.31822355     
   250.000000000000       -1324824.08203438     
   251.000000000000       -1324823.84560825     
   252.000000000000       -1324823.60895097     
   253.000000000000       -1324823.37206330     
   254.000000000000       -1324823.13494618     
   255.000000000000       -1324822.89760358     
   256.000000000000       -1324822.66003356     
   257.000000000000       -1324822.42224524     
   258.000000000000       -1324822.18423163     
   259.000000000000       -1324821.94600223     
   260.000000000000       -1324821.70755398     
   261.000000000000       -1324821.46889135     
   262.000000000000       -1324821.23001425     
   263.000000000000       -1324820.99092611     
   264.000000000000       -1324820.75162809     
   265.000000000000       -1324820.51212239     
   266.000000000000       -1324820.27240823     
   267.000000000000       -1324820.03249175     
   268.000000000000       -1324819.79237013     
   269.000000000000       -1324819.55204905     
   270.000000000000       -1324819.31152640     
   271.000000000000       -1324819.07080533     
   272.000000000000       -1324818.82988778     
   273.000000000000       -1324818.58877621     
   274.000000000000       -1324818.34747066     
   275.000000000000       -1324818.10597300     
   276.000000000000       -1324817.86428266     
   277.000000000000       -1324817.62240547     
   278.000000000000       -1324817.38034084     
   279.000000000000       -1324817.13808805     
   280.000000000000       -1324816.89565235     
   281.000000000000       -1324816.65303047     
   282.000000000000       -1324816.41023023     
   283.000000000000       -1324816.16724674     
   284.000000000000       -1324815.92408457     
   285.000000000000       -1324815.68074576     
   286.000000000000       -1324815.43722789     
   287.000000000000       -1324815.19353586     
   288.000000000000       -1324814.94966847     
   289.000000000000       -1324814.70563029     
   290.000000000000       -1324814.46141893     
   291.000000000000       -1324814.21703896     
   292.000000000000       -1324813.97248659     
   293.000000000000       -1324813.72776833     
   294.000000000000       -1324813.48288505     
   295.000000000000       -1324813.23783196     
   296.000000000000       -1324812.99261868     
   297.000000000000       -1324812.74723846     
   298.000000000000       -1324812.50169711     
   299.000000000000       -1324812.25599559     
   300.000000000000       -1324812.01013330     
   301.000000000000       -1324811.76411082     
   302.000000000000       -1324811.51793285     
   303.000000000000       -1324811.27159805     
   304.000000000000       -1324811.02510550     
   305.000000000000       -1324810.77845953     
   306.000000000000       -1324810.53165897     
   307.000000000000       -1324810.28470554     
   308.000000000000       -1324810.03760290     
   309.000000000000       -1324809.79034557     
   310.000000000000       -1324809.54294109     
   311.000000000000       -1324809.29538714     
   312.000000000000       -1324809.04768472     
   313.000000000000       -1324808.79983606     
   314.000000000000       -1324808.55184030     
   315.000000000000       -1324808.30370165     
   316.000000000000       -1324808.05541617     
   317.000000000000       -1324807.80698833     
   318.000000000000       -1324807.55841762     
   319.000000000000       -1324807.30970567     
   320.000000000000       -1324807.06085347     
   321.000000000000       -1324806.81186088     
   322.000000000000       -1324806.56273002     
   323.000000000000       -1324806.31345724     
   324.000000000000       -1324806.06405121     
   325.000000000000       -1324805.81450617     
   326.000000000000       -1324805.56482761     
   327.000000000000       -1324805.31501058     
   328.000000000000       -1324805.06506328     
   329.000000000000       -1324804.81497760     
   330.000000000000       -1324804.56476212     
   331.000000000000       -1324804.31441630     
   332.000000000000       -1324804.06393548     
   333.000000000000       -1324803.81332467     
   334.000000000000       -1324803.56258740     
   335.000000000000       -1324803.31171634     
   336.000000000000       -1324803.06071917     
   337.000000000000       -1324802.80959641     
   338.000000000000       -1324802.55834205     
   339.000000000000       -1324802.30696407     
   340.000000000000       -1324802.05545959     
   341.000000000000       -1324801.80382878     
   342.000000000000       -1324801.55207804     
   343.000000000000       -1324801.30019897     
   344.000000000000       -1324801.04819803     
   345.000000000000       -1324800.79607623     
   346.000000000000       -1324800.54383006     
   347.000000000000       -1324800.29146332     
   348.000000000000       -1324800.03897846     
   349.000000000000       -1324799.78637010     
   350.000000000000       -1324799.53364505     
   351.000000000000       -1324799.28079839     
   352.000000000000       -1324799.02783563     
   353.000000000000       -1324798.77475439     
   354.000000000000       -1324798.52155768     
   355.000000000000       -1324798.26824160     
   356.000000000000       -1324798.01481100     
   357.000000000000       -1324797.76126346     
   358.000000000000       -1324797.50760476     
   359.000000000000       -1324797.25382976     
   360.000000000000       -1324796.99993801     
   361.000000000000       -1324796.74593591     
   362.000000000000       -1324796.49182150     
   363.000000000000       -1324796.23759375     
   364.000000000000       -1324795.98325432     
   365.000000000000       -1324795.72880214     
   366.000000000000       -1324795.47424190     
   367.000000000000       -1324795.21956906     
   368.000000000000       -1324794.96478803     
   369.000000000000       -1324794.70989815     
   370.000000000000       -1324794.45489702     
   371.000000000000       -1324794.19978934     
   372.000000000000       -1324793.94457222     
   373.000000000000       -1324793.68925061     
   374.000000000000       -1324793.43381887     
   375.000000000000       -1324793.17828114     
   376.000000000000       -1324792.92263895     
   377.000000000000       -1324792.66688950     
   378.000000000000       -1324792.41103552     
   379.000000000000       -1324792.15507635     
   380.000000000000       -1324791.89901220     
   381.000000000000       -1324791.64284513     
   382.000000000000       -1324791.38657477     
   383.000000000000       -1324791.13019950     
   384.000000000000       -1324790.87372220     
   385.000000000000       -1324790.61714369     
   386.000000000000       -1324790.36046228     
   387.000000000000       -1324790.10367920     
   388.000000000000       -1324789.84679538     
   389.000000000000       -1324789.58980996     
   390.000000000000       -1324789.33272583     
   391.000000000000       -1324789.07553944     
   392.000000000000       -1324788.81825383     
   393.000000000000       -1324788.56086905     
   394.000000000000       -1324788.30338438     
   395.000000000000       -1324788.04580522     
   396.000000000000       -1324787.78812420     
   397.000000000000       -1324787.53034551     
   398.000000000000       -1324787.27246824     
   399.000000000000       -1324787.01449667     
   400.000000000000       -1324786.75642643     
   401.000000000000       -1324786.49826093     
   402.000000000000       -1324786.23999535     
   403.000000000000       -1324785.98163861     
   404.000000000000       -1324785.72318547     
   405.000000000000       -1324785.46463404     
   406.000000000000       -1324785.20598888     
   407.000000000000       -1324784.94725034     
   408.000000000000       -1324784.68841949     
   409.000000000000       -1324784.42948923     
   410.000000000000       -1324784.17046751     
   411.000000000000       -1324783.91135537     
   412.000000000000       -1324783.65214694     
   413.000000000000       -1324783.39284377     
   414.000000000000       -1324783.13345385     
   415.000000000000       -1324782.87396603     
   416.000000000000       -1324782.61438981     
   417.000000000000       -1324782.35472092     
   418.000000000000       -1324782.09495911     
   419.000000000000       -1324781.83510770     
   420.000000000000       -1324781.57516719     
   421.000000000000       -1324781.31513163     
   422.000000000000       -1324781.05500879     
   423.000000000000       -1324780.79479473     
   424.000000000000       -1324780.53449145     
   425.000000000000       -1324780.27410026     
   426.000000000000       -1324780.01361573     
   427.000000000000       -1324779.75304348     
   428.000000000000       -1324779.49238419     
   429.000000000000       -1324779.23163713     
   430.000000000000       -1324778.97079705     
   431.000000000000       -1324778.70987387     
   432.000000000000       -1324778.44885788     
   433.000000000000       -1324778.18776042     
   434.000000000000       -1324777.92656931     
   435.000000000000       -1324777.66529538     
   436.000000000000       -1324777.40393262     
   437.000000000000       -1324777.14248290     
   438.000000000000       -1324776.88094755     
   439.000000000000       -1324776.61932546     
   440.000000000000       -1324776.35761793     
   441.000000000000       -1324776.09582342     
   442.000000000000       -1324775.83394505     
   443.000000000000       -1324775.57197845     
   444.000000000000       -1324775.30992984     
   445.000000000000       -1324775.04779386     
   446.000000000000       -1324774.78557341     
   447.000000000000       -1324774.52326973     
   448.000000000000       -1324774.26088092     
   449.000000000000       -1324773.99840526     
   450.000000000000       -1324773.73584887     
   451.000000000000       -1324773.47320958     
   452.000000000000       -1324773.21048312     
   453.000000000000       -1324772.94767443     
   454.000000000000       -1324772.68478403     
   455.000000000000       -1324772.42180905     
   456.000000000000       -1324772.15875222     
   457.000000000000       -1324771.89560933     
   458.000000000000       -1324771.63238820     
   459.000000000000       -1324771.36908237     
   460.000000000000       -1324771.10569377     
   461.000000000000       -1324770.84222668     
   462.000000000000       -1324770.57867328     
   463.000000000000       -1324770.31504031     
   464.000000000000       -1324770.05132741     
   465.000000000000       -1324769.78752816     
   466.000000000000       -1324769.52365365     
   467.000000000000       -1324769.25969394     
   468.000000000000       -1324768.99565491     
   469.000000000000       -1324768.73153484     
   470.000000000000       -1324768.46733536     
   471.000000000000       -1324768.20305098     
   472.000000000000       -1324767.93869448     
   473.000000000000       -1324767.67424972     
   474.000000000000       -1324767.40972969     
   475.000000000000       -1324767.14512731     
   476.000000000000       -1324766.88044689     
   477.000000000000       -1324766.61568680     
   478.000000000000       -1324766.35084483     
   479.000000000000       -1324766.08592809     
   480.000000000000       -1324765.82093011     
   481.000000000000       -1324765.55585008     
   482.000000000000       -1324765.29069700     
   483.000000000000       -1324765.02546020     
   484.000000000000       -1324764.76014690     
   485.000000000000       -1324764.49475591     
   486.000000000000       -1324764.22928487     
   487.000000000000       -1324763.96373698     
   488.000000000000       -1324763.69811041     
   489.000000000000       -1324763.43240506     
   490.000000000000       -1324763.16662351     
   491.000000000000       -1324762.90076243     
   492.000000000000       -1324762.63482554     
   493.000000000000       -1324762.36880971     
   494.000000000000       -1324762.10271900     
   495.000000000000       -1324761.83654863     
   496.000000000000       -1324761.57030056     
   497.000000000000       -1324761.30397875     
   498.000000000000       -1324761.03757489     
   499.000000000000       -1324760.77110147     
   500.000000000000       -1324760.50454467     
   501.000000000000       -1324760.23791366     
   502.000000000000       -1324759.97120734     
   503.000000000000       -1324759.70442451     
   504.000000000000       -1324759.43756394     
   505.000000000000       -1324759.17062919     
   506.000000000000       -1324758.90361619     
   507.000000000000       -1324758.63652710     
   508.000000000000       -1324758.36936534     
   509.000000000000       -1324758.10212526     
   510.000000000000       -1324757.83480922     
   511.000000000000       -1324757.56742042     
   512.000000000000       -1324757.29995420     
   513.000000000000       -1324757.03241208     
   514.000000000000       -1324756.76479305     
   515.000000000000       -1324756.49710412     
   516.000000000000       -1324756.22933613     
   517.000000000000       -1324755.96149477     
   518.000000000000       -1324755.69357804     
   519.000000000000       -1324755.42558788     
   520.000000000000       -1324755.15751986     
   521.000000000000       -1324754.88937652     
   522.000000000000       -1324754.62116417     
   523.000000000000       -1324754.35287308     
   524.000000000000       -1324754.08450884     
   525.000000000000       -1324753.81607154     
   526.000000000000       -1324753.54755650     
   527.000000000000       -1324753.27896845     
   528.000000000000       -1324753.01030868     
   529.000000000000       -1324752.74157454     
   530.000000000000       -1324752.47276475     
   531.000000000000       -1324752.20388204     
   532.000000000000       -1324751.93492497     
   533.000000000000       -1324751.66589504     
   534.000000000000       -1324751.39679141     
   535.000000000000       -1324751.12761382     
   536.000000000000       -1324750.85836128     
   537.000000000000       -1324750.58903664     
   538.000000000000       -1324750.31964100     
   539.000000000000       -1324750.05017035     
   540.000000000000       -1324749.78062588     
   541.000000000000       -1324749.51100654     
   542.000000000000       -1324749.24131857     
   543.000000000000       -1324748.97155359     
   544.000000000000       -1324748.70171821     
   545.000000000000       -1324748.43181008     
   546.000000000000       -1324748.16182644     
   547.000000000000       -1324747.89177151     
   548.000000000000       -1324747.62164519     
   549.000000000000       -1324747.35144430     
   550.000000000000       -1324747.08117255     
   551.000000000000       -1324746.81082814     
   552.000000000000       -1324746.54040913     
   553.000000000000       -1324746.26991898     
   554.000000000000       -1324745.99935700     
   555.000000000000       -1324745.72872459     
   556.000000000000       -1324745.45801485     
   557.000000000000       -1324745.18723884     
   558.000000000000       -1324744.91638655     
   559.000000000000       -1324744.64546360     
   560.000000000000       -1324744.37446888     
   561.000000000000       -1324744.10339943     
   562.000000000000       -1324743.83226234     
   563.000000000000       -1324743.56105203     
   564.000000000000       -1324743.28976694     
   565.000000000000       -1324743.01841456     
   566.000000000000       -1324742.74698702     
   567.000000000000       -1324742.47549050     
   568.000000000000       -1324742.20392171     
   569.000000000000       -1324741.93227876     
   570.000000000000       -1324741.66056707     
   571.000000000000       -1324741.38878210     
   572.000000000000       -1324741.11692979     
   573.000000000000       -1324740.84499825     
   574.000000000000       -1324740.57300302     
   575.000000000000       -1324740.30093283     
   576.000000000000       -1324740.02879444     
   577.000000000000       -1324739.75657919     
   578.000000000000       -1324739.48429613     
   579.000000000000       -1324739.21194382     
   580.000000000000       -1324738.93951611     
   581.000000000000       -1324738.66702166     
   582.000000000000       -1324738.39445294     
   583.000000000000       -1324738.12181266     
   584.000000000000       -1324737.84910436     
   585.000000000000       -1324737.57632411     
   586.000000000000       -1324737.30347244     
   587.000000000000       -1324737.03055141     
   588.000000000000       -1324736.75755674     
   589.000000000000       -1324736.48449308     
   590.000000000000       -1324736.21135983     
   591.000000000000       -1324735.93815314     
   592.000000000000       -1324735.66487789     
   593.000000000000       -1324735.39152976     
   594.000000000000       -1324735.11811354     
   595.000000000000       -1324734.84462583     
   596.000000000000       -1324734.57106630     
   597.000000000000       -1324734.29743625     
   598.000000000000       -1324734.02373864     
   599.000000000000       -1324733.74996923     
   600.000000000000       -1324733.47612708     
   601.000000000000       -1324733.20221557     
   602.000000000000       -1324732.92823612     
   603.000000000000       -1324732.65418485     
   604.000000000000       -1324732.38006051     
   605.000000000000       -1324732.10586914     
   606.000000000000       -1324731.83160766     
   607.000000000000       -1324731.55727283     
   608.000000000000       -1324731.28287042     
   609.000000000000       -1324731.00839533     
   610.000000000000       -1324730.73385448     
   611.000000000000       -1324730.45923948     
   612.000000000000       -1324730.18455626     
   613.000000000000       -1324729.90979979     
   614.000000000000       -1324729.63498231     
   615.000000000000       -1324729.36007990     
   616.000000000000       -1324729.08512112     
   617.000000000000       -1324728.81008385     
   618.000000000000       -1324728.53497977     
   619.000000000000       -1324728.25980637     
   620.000000000000       -1324727.98456243     
   621.000000000000       -1324727.70924641     
   622.000000000000       -1324727.43386371     
   623.000000000000       -1324727.15840772     
   624.000000000000       -1324726.88288572     
   625.000000000000       -1324726.60729006     
   626.000000000000       -1324726.33162644     
   627.000000000000       -1324726.05589356     
   628.000000000000       -1324725.78008884     
   629.000000000000       -1324725.50421547     
   630.000000000000       -1324725.22827173     
   631.000000000000       -1324724.95226098     
   632.000000000000       -1324724.67617545     
   633.000000000000       -1324724.40002333     
   634.000000000000       -1324724.12380405     
   635.000000000000       -1324723.84750637     
   636.000000000000       -1324723.57114887     
   637.000000000000       -1324723.29471643     
   638.000000000000       -1324723.01821465     
   639.000000000000       -1324722.74164556     
   640.000000000000       -1324722.46500109     
   641.000000000000       -1324722.18829442     
   642.000000000000       -1324721.91151090     
   643.000000000000       -1324721.63466390     
   644.000000000000       -1324721.35774302     
   645.000000000000       -1324721.08075554     
   646.000000000000       -1324720.80369642     
   647.000000000000       -1324720.52656858     
   648.000000000000       -1324720.24937284     
   649.000000000000       -1324719.97210036     
   650.000000000000       -1324719.69476747     
   651.000000000000       -1324719.41736110     
   652.000000000000       -1324719.13988293     
   653.000000000000       -1324718.86233740     
   654.000000000000       -1324718.58472545     
   655.000000000000       -1324718.30703813     
   656.000000000000       -1324718.02928277     
   657.000000000000       -1324717.75146229     
   658.000000000000       -1324717.47356294     
   659.000000000000       -1324717.19560600     
   660.000000000000       -1324716.91757278     
   661.000000000000       -1324716.63947032     
   662.000000000000       -1324716.36130063     
   663.000000000000       -1324716.08305721     
   664.000000000000       -1324715.80474591     
   665.000000000000       -1324715.52636917     
   666.000000000000       -1324715.24792079     
   667.000000000000       -1324714.96939980     
   668.000000000000       -1324714.69081064     
   669.000000000000       -1324714.41215376     
   670.000000000000       -1324714.13342801     
   671.000000000000       -1324713.85462976     
   672.000000000000       -1324713.57576723     
   673.000000000000       -1324713.29682690     
   674.000000000000       -1324713.01782405     
   675.000000000000       -1324712.73874936     
   676.000000000000       -1324712.45960621     
   677.000000000000       -1324712.18039169     
   678.000000000000       -1324711.90110948     
   679.000000000000       -1324711.62175668     
   680.000000000000       -1324711.34233585     
   681.000000000000       -1324711.06284565     
   682.000000000000       -1324710.78328390     
   683.000000000000       -1324710.50365304     
   684.000000000000       -1324710.22395502     
   685.000000000000       -1324709.94418271     
   686.000000000000       -1324709.66434923     
   687.000000000000       -1324709.38443849     
   688.000000000000       -1324709.10446187     
   689.000000000000       -1324708.82441426     
   690.000000000000       -1324708.54430147     
   691.000000000000       -1324708.26411162     
   692.000000000000       -1324707.98385806     
   693.000000000000       -1324707.70353180     
   694.000000000000       -1324707.42314139     
   695.000000000000       -1324707.14267422     
   696.000000000000       -1324706.86214500     
   697.000000000000       -1324706.58154192     
   698.000000000000       -1324706.30086526     
   699.000000000000       -1324706.02013012     
   700.000000000000       -1324705.73931715     
   701.000000000000       -1324705.45843671     
   702.000000000000       -1324705.17748650     
   703.000000000000       -1324704.89646649     
   704.000000000000       -1324704.61537827     
   705.000000000000       -1324704.33422082     
   706.000000000000       -1324704.05299344     
   707.000000000000       -1324703.77169476     
   708.000000000000       -1324703.49032900     
   709.000000000000       -1324703.20889117     
   710.000000000000       -1324702.92738599     
   711.000000000000       -1324702.64581173     
   712.000000000000       -1324702.36416700     
   713.000000000000       -1324702.08245323     
   714.000000000000       -1324701.80066751     
   715.000000000000       -1324701.51881407     
   716.000000000000       -1324701.23689284     
   717.000000000000       -1324700.95489705     
   718.000000000000       -1324700.67283595     
   719.000000000000       -1324700.39070728     
   720.000000000000       -1324700.10850240     
   721.000000000000       -1324699.82623158     
   722.000000000000       -1324699.54389406     
   723.000000000000       -1324699.26148350     
   724.000000000000       -1324698.97900449     
   725.000000000000       -1324698.69645203     
   726.000000000000       -1324698.41383221     
   727.000000000000       -1324698.13114764     
   728.000000000000       -1324697.84839055     
   729.000000000000       -1324697.56555862     
   730.000000000000       -1324697.28266119     
   731.000000000000       -1324696.99969794     
   732.000000000000       -1324696.71665684     
   733.000000000000       -1324696.43355356     
   734.000000000000       -1324696.15037721     
   735.000000000000       -1324695.86713069     
   736.000000000000       -1324695.58381435     
   737.000000000000       -1324695.30043317     
   738.000000000000       -1324695.01697275     
   739.000000000000       -1324694.73345230     
   740.000000000000       -1324694.44985704     
   741.000000000000       -1324694.16619212     
   742.000000000000       -1324693.88245735     
   743.000000000000       -1324693.59865737     
   744.000000000000       -1324693.31477956     
   745.000000000000       -1324693.03083651     
   746.000000000000       -1324692.74682700     
   747.000000000000       -1324692.46274317     
   748.000000000000       -1324692.17859021     
   749.000000000000       -1324691.89436894     
   750.000000000000       -1324691.61007620     
   751.000000000000       -1324691.32571489     
   752.000000000000       -1324691.04128009     
   753.000000000000       -1324690.75678135     
   754.000000000000       -1324690.47220848     
   755.000000000000       -1324690.18756806     
   756.000000000000       -1324689.90285443     
   757.000000000000       -1324689.61807383     
   758.000000000000       -1324689.33322481     
   759.000000000000       -1324689.04829918     
   760.000000000000       -1324688.76331752     
   761.000000000000       -1324688.47824757     
   762.000000000000       -1324688.19311881     
   763.000000000000       -1324687.90791947     
   764.000000000000       -1324687.62264465     
   765.000000000000       -1324687.33730814     
   766.000000000000       -1324687.05189738     
   767.000000000000       -1324686.76641601     
   768.000000000000       -1324686.48086429     
   769.000000000000       -1324686.19524461     
   770.000000000000       -1324685.90955240     
   771.000000000000       -1324685.62378951     
   772.000000000000       -1324685.33796354     
   773.000000000000       -1324685.05205822     
   774.000000000000       -1324684.76609140     
   775.000000000000       -1324684.48004477     
   776.000000000000       -1324684.19393713     
   777.000000000000       -1324683.90775392     
   778.000000000000       -1324683.62150151     
   779.000000000000       -1324683.33518120     
   780.000000000000       -1324683.04879032     
   781.000000000000       -1324682.76232347     
   782.000000000000       -1324682.47579684     
   783.000000000000       -1324682.18918866     
   784.000000000000       -1324681.90252297     
   785.000000000000       -1324681.61577411     
   786.000000000000       -1324681.32896309     
   787.000000000000       -1324681.04207786     
   788.000000000000       -1324680.75512613     
   789.000000000000       -1324680.46810058     
   790.000000000000       -1324680.18100784     
   791.000000000000       -1324679.89384240     
   792.000000000000       -1324679.60661016     
   793.000000000000       -1324679.31929877     
   794.000000000000       -1324679.03192889     
   795.000000000000       -1324678.74448022     
   796.000000000000       -1324678.45696290     
   797.000000000000       -1324678.16937990     
   798.000000000000       -1324677.88172120     
   799.000000000000       -1324677.59399198     
   800.000000000000       -1324677.30619427     
   801.000000000000       -1324677.01832768     
   802.000000000000       -1324676.73038734     
   803.000000000000       -1324676.44238163     
   804.000000000000       -1324676.15429837     
   805.000000000000       -1324675.86615081     
   806.000000000000       -1324675.57792919     
   807.000000000000       -1324675.28963571     
   808.000000000000       -1324675.00127673     
   809.000000000000       -1324674.71284318     
   810.000000000000       -1324674.42433934     
   811.000000000000       -1324674.13576648     
   812.000000000000       -1324673.84712570     
   813.000000000000       -1324673.55840939     
   814.000000000000       -1324673.26962126     
   815.000000000000       -1324672.98076770     
   816.000000000000       -1324672.69184222     
   817.000000000000       -1324672.40284739     
   818.000000000000       -1324672.11377576     
   819.000000000000       -1324671.82463960     
   820.000000000000       -1324671.53542914     
   821.000000000000       -1324671.24614888     
   822.000000000000       -1324670.95680086     
   823.000000000000       -1324670.66737887     
   824.000000000000       -1324670.37788493     
   825.000000000000       -1324670.08832509     
   826.000000000000       -1324669.79869218     
   827.000000000000       -1324669.50898687     
   828.000000000000       -1324669.21921099     
   829.000000000000       -1324668.92936753     
   830.000000000000       -1324668.63945099     
   831.000000000000       -1324668.34945838     
   832.000000000000       -1324668.05940428     
   833.000000000000       -1324667.76927795     
   834.000000000000       -1324667.47907484     
   835.000000000000       -1324667.18880121     
   836.000000000000       -1324666.89846279     
   837.000000000000       -1324666.60804994     
   838.000000000000       -1324666.31756625     
   839.000000000000       -1324666.02701217     
   840.000000000000       -1324665.73638622     
   841.000000000000       -1324665.44568885     
   842.000000000000       -1324665.15492053     
   843.000000000000       -1324664.86408661     
   844.000000000000       -1324664.57317560     
   845.000000000000       -1324664.28219068     
   846.000000000000       -1324663.99114312     
   847.000000000000       -1324663.70001821     
   848.000000000000       -1324663.40882667     
   849.000000000000       -1324663.11756478     
   850.000000000000       -1324662.82622470     
   851.000000000000       -1324662.53481874     
   852.000000000000       -1324662.24334416     
   853.000000000000       -1324661.95179092     
   854.000000000000       -1324661.66017113     
   855.000000000000       -1324661.36847850     
   856.000000000000       -1324661.07672121     
   857.000000000000       -1324660.78488338     
   858.000000000000       -1324660.49297878     
   859.000000000000       -1324660.20100684     
   860.000000000000       -1324659.90895422     
   861.000000000000       -1324659.61683733     
   862.000000000000       -1324659.32464859     
   863.000000000000       -1324659.03238782     
   864.000000000000       -1324658.74005464     
   865.000000000000       -1324658.44765088     
   866.000000000000       -1324658.15517473     
   867.000000000000       -1324657.86263085     
   868.000000000000       -1324657.57001259     
   869.000000000000       -1324657.27732278     
   870.000000000000       -1324656.98456204     
   871.000000000000       -1324656.69173077     
   872.000000000000       -1324656.39883000     
   873.000000000000       -1324656.10585485     
   874.000000000000       -1324655.81280837     
   875.000000000000       -1324655.51968954     
   876.000000000000       -1324655.22650343     
   877.000000000000       -1324654.93324250     
   878.000000000000       -1324654.63991225     
   879.000000000000       -1324654.34650756     
   880.000000000000       -1324654.05303332     
   881.000000000000       -1324653.75948911     
   882.000000000000       -1324653.46587224     
   883.000000000000       -1324653.17218002     
   884.000000000000       -1324652.87842332     
   885.000000000000       -1324652.58458709     
   886.000000000000       -1324652.29068655     
   887.000000000000       -1324651.99671075     
   888.000000000000       -1324651.70266502     
   889.000000000000       -1324651.40854560     
   890.000000000000       -1324651.11435701     
   891.000000000000       -1324650.82009239     
   892.000000000000       -1324650.52576307     
   893.000000000000       -1324650.23136117     
   894.000000000000       -1324649.93688058     
   895.000000000000       -1324649.64233250     
   896.000000000000       -1324649.34771147     
   897.000000000000       -1324649.05302202     
   898.000000000000       -1324648.75825785     
   899.000000000000       -1324648.46342768     
   900.000000000000       -1324648.16851575     
   901.000000000000       -1324647.87354003     
   902.000000000000       -1324647.57848996     
   903.000000000000       -1324647.28336970     
   904.000000000000       -1324646.98817601     
   905.000000000000       -1324646.69290716     
   906.000000000000       -1324646.39757465     
   907.000000000000       -1324646.10216514     
   908.000000000000       -1324645.80668637     
   909.000000000000       -1324645.51112938     
   910.000000000000       -1324645.21550826     
   911.000000000000       -1324644.91981025     
   912.000000000000       -1324644.62404437     
   913.000000000000       -1324644.32820567     
   914.000000000000       -1324644.03229108     
   915.000000000000       -1324643.73631456     
   916.000000000000       -1324643.44024919     
   917.000000000000       -1324643.14412728     
   918.000000000000       -1324642.84793104     
   919.000000000000       -1324642.55165844     
   920.000000000000       -1324642.25531388     
   921.000000000000       -1324641.95889555     
   922.000000000000       -1324641.66241557     
   923.000000000000       -1324641.36585346     
   924.000000000000       -1324641.06922350     
   925.000000000000       -1324640.77252021     
   926.000000000000       -1324640.47574715     
   927.000000000000       -1324640.17889754     
   928.000000000000       -1324639.88197966     
   929.000000000000       -1324639.58499147     
   930.000000000000       -1324639.28792875     
   931.000000000000       -1324638.99079203     
   932.000000000000       -1324638.69358877     
   933.000000000000       -1324638.39630346     
   934.000000000000       -1324638.09895616     
   935.000000000000       -1324637.80153676     
   936.000000000000       -1324637.50403796     
   937.000000000000       -1324637.20647312     
   938.000000000000       -1324636.90883144     
   939.000000000000       -1324636.61112043     
   940.000000000000       -1324636.31333754     
   941.000000000000       -1324636.01548286     
   942.000000000000       -1324635.71755561     
   943.000000000000       -1324635.41955609     
   944.000000000000       -1324635.12148282     
   945.000000000000       -1324634.82334425     
   946.000000000000       -1324634.52512089     
   947.000000000000       -1324634.22683611     
   948.000000000000       -1324633.92847637     
   949.000000000000       -1324633.63004082     
   950.000000000000       -1324633.33153839     
   951.000000000000       -1324633.03295963     
   952.000000000000       -1324632.73431413     
   953.000000000000       -1324632.43559177     
   954.000000000000       -1324632.13679459     
   955.000000000000       -1324631.83792999     
   956.000000000000       -1324631.53899315     
   957.000000000000       -1324631.23998212     
   958.000000000000       -1324630.94090252     
   959.000000000000       -1324630.64174484     
   960.000000000000       -1324630.34251513     
   961.000000000000       -1324630.04322196     
   962.000000000000       -1324629.74384614     
   963.000000000000       -1324629.44440294     
   964.000000000000       -1324629.14488905     
   965.000000000000       -1324628.84529981     
   966.000000000000       -1324628.54563615     
   967.000000000000       -1324628.24590870     
   968.000000000000       -1324627.94610039     
   969.000000000000       -1324627.64622433     
   970.000000000000       -1324627.34627357     
   971.000000000000       -1324627.04624859     
   972.000000000000       -1324626.74615847     
   973.000000000000       -1324626.44598991     
   974.000000000000       -1324626.14575290     
   975.000000000000       -1324625.84544226     
   976.000000000000       -1324625.54505190     
   977.000000000000       -1324625.24460091     
   978.000000000000       -1324624.94407137     
   979.000000000000       -1324624.64347127     
   980.000000000000       -1324624.34279791     
   981.000000000000       -1324624.04205496     
   982.000000000000       -1324623.74123101     
   983.000000000000       -1324623.44034461     
   984.000000000000       -1324623.13938434     
   985.000000000000       -1324622.83834632     
   986.000000000000       -1324622.53723767     
   987.000000000000       -1324622.23606139     
   988.000000000000       -1324621.93480762     
   989.000000000000       -1324621.63348488     
   990.000000000000       -1324621.33208374     
   991.000000000000       -1324621.03061849     
   992.000000000000       -1324620.72907693     
   993.000000000000       -1324620.42746321     
   994.000000000000       -1324620.12577434     
   995.000000000000       -1324619.82402048     
   996.000000000000       -1324619.52217920     
   997.000000000000       -1324619.22028687     
   998.000000000000       -1324618.91830708     
   999.000000000000       -1324618.61625886     
   1000.00000000000       -1324618.31413803     
   1001.00000000000       -1324618.01194061     
   1002.00000000000       -1324617.70968176     
   1003.00000000000       -1324617.40733885     
   1004.00000000000       -1324617.10492936     
   1005.00000000000       -1324616.80245096     
   1006.00000000000       -1324616.49989218     
   1007.00000000000       -1324616.19726470     
   1008.00000000000       -1324615.89456522     
   1009.00000000000       -1324615.59179304     
   1010.00000000000       -1324615.28894790     
   1011.00000000000       -1324614.98602978     
   1012.00000000000       -1324614.68304125     
   1013.00000000000       -1324614.37997923     
   1014.00000000000       -1324614.07684487     
   1015.00000000000       -1324613.77363791     
   1016.00000000000       -1324613.47035856     
   1017.00000000000       -1324613.16700940     
   1018.00000000000       -1324612.86358094     
   1019.00000000000       -1324612.56009019     
   1020.00000000000       -1324612.25651461     
   1021.00000000000       -1324611.95287813     
   1022.00000000000       -1324611.64916433     
   1023.00000000000       -1324611.34537508     
   1024.00000000000       -1324611.04152247     
   1025.00000000000       -1324610.73758790     
   1026.00000000000       -1324610.43358466     
   1027.00000000000       -1324610.12950915     
   1028.00000000000       -1324609.82535965     
   1029.00000000000       -1324609.52114473     
   1030.00000000000       -1324609.21684663     
   1031.00000000000       -1324608.91248470     
   1032.00000000000       -1324608.60804741     
   1033.00000000000       -1324608.30353469     
   1034.00000000000       -1324607.99895779     
   1035.00000000000       -1324607.69429526     
   1036.00000000000       -1324607.38957833     
   1037.00000000000       -1324607.08477251     
   1038.00000000000       -1324606.77990136     
   1039.00000000000       -1324606.47496316     
   1040.00000000000       -1324606.16993729     
   1041.00000000000       -1324605.86485684     
   1042.00000000000       -1324605.55969827     
   1043.00000000000       -1324605.25445861     
   1044.00000000000       -1324604.94915427     
   1045.00000000000       -1324604.64377770     
   1046.00000000000       -1324604.33832734     
   1047.00000000000       -1324604.03280413     
   1048.00000000000       -1324603.72721090     
   1049.00000000000       -1324603.42154467     
   1050.00000000000       -1324603.11580366     
   1051.00000000000       -1324602.80999586     
   1052.00000000000       -1324602.50410775     
   1053.00000000000       -1324602.19815149     
   1054.00000000000       -1324601.89212701     
   1055.00000000000       -1324601.58602295     
   1056.00000000000       -1324601.27985422     
   1057.00000000000       -1324600.97360894     
   1058.00000000000       -1324600.66728924     
   1059.00000000000       -1324600.36090069     
   1060.00000000000       -1324600.05444127     
   1061.00000000000       -1324599.74790569     
   1062.00000000000       -1324599.44130202     
   1063.00000000000       -1324599.13462079     
   1064.00000000000       -1324598.82787452     
   1065.00000000000       -1324598.52104952     
   1066.00000000000       -1324598.21415559     
   1067.00000000000       -1324597.90718844     
   1068.00000000000       -1324597.60015517     
   1069.00000000000       -1324597.29303508     
   1070.00000000000       -1324596.98585888     
   1071.00000000000       -1324596.67860312     
   1072.00000000000       -1324596.37127814     
   1073.00000000000       -1324596.06387037     
   1074.00000000000       -1324595.75640644     
   1075.00000000000       -1324595.44886376     
   1076.00000000000       -1324595.14124172     
   1077.00000000000       -1324594.83356100     
   1078.00000000000       -1324594.52580221     
   1079.00000000000       -1324594.21796724     
   1080.00000000000       -1324593.91006502     
   1081.00000000000       -1324593.60208942     
   1082.00000000000       -1324593.29404260     
   1083.00000000000       -1324592.98592369     
   1084.00000000000       -1324592.67773282     
   1085.00000000000       -1324592.36946611     
   1086.00000000000       -1324592.06113607     
   1087.00000000000       -1324591.75273349     
   1088.00000000000       -1324591.44424484     
   1089.00000000000       -1324591.13569887     
   1090.00000000000       -1324590.82707620     
   1091.00000000000       -1324590.51838230     
   1092.00000000000       -1324590.20961755     
   1093.00000000000       -1324589.90077624     
   1094.00000000000       -1324589.59187198     
   1095.00000000000       -1324589.28288226     
   1096.00000000000       -1324588.97383929     
   1097.00000000000       -1324588.66470318     
   1098.00000000000       -1324588.35551693     
   1099.00000000000       -1324588.04623955     
   1100.00000000000       -1324587.73690925     
   1101.00000000000       -1324587.42749239     
   1102.00000000000       -1324587.11800829     
   1103.00000000000       -1324586.80845272     
   1104.00000000000       -1324586.49882786     
   1105.00000000000       -1324586.18912896     
   1106.00000000000       -1324585.87936255     
   1107.00000000000       -1324585.56951333     
   1108.00000000000       -1324585.25960664     
   1109.00000000000       -1324584.94961761     
   1110.00000000000       -1324584.63956545     
   1111.00000000000       -1324584.32943684     
   1112.00000000000       -1324584.01923784     
   1113.00000000000       -1324583.70896729     
   1114.00000000000       -1324583.39862658     
   1115.00000000000       -1324583.08821194     
   1116.00000000000       -1324582.77773127     
   1117.00000000000       -1324582.46716858     
   1118.00000000000       -1324582.15654425     
   1119.00000000000       -1324581.84584669     
   1120.00000000000       -1324581.53507783     
   1121.00000000000       -1324581.22422996     
   1122.00000000000       -1324580.91332222     
   1123.00000000000       -1324580.60233907     
   1124.00000000000       -1324580.29128218     
   1125.00000000000       -1324579.98015399     
   1126.00000000000       -1324579.66895960     
   1127.00000000000       -1324579.35768862     
   1128.00000000000       -1324579.04635112     
   1129.00000000000       -1324578.73494091     
   1130.00000000000       -1324578.42345729     
   1131.00000000000       -1324578.11190142     
   1132.00000000000       -1324577.80028051     
   1133.00000000000       -1324577.48858490     
   1134.00000000000       -1324577.17681970     
   1135.00000000000       -1324576.86498475     
   1136.00000000000       -1324576.55307169     
   1137.00000000000       -1324576.24109357     
   1138.00000000000       -1324575.92904730     
   1139.00000000000       -1324575.61692133     
   1140.00000000000       -1324575.30473536     
   1141.00000000000       -1324574.99246986     
   1142.00000000000       -1324574.68013793     
   1143.00000000000       -1324574.36773540     
   1144.00000000000       -1324574.05525864     
   1145.00000000000       -1324573.74271546     
   1146.00000000000       -1324573.43009316     
   1147.00000000000       -1324573.11741288     
   1148.00000000000       -1324572.80465231     
   1149.00000000000       -1324572.49182915     
   1150.00000000000       -1324572.17892692     
   1151.00000000000       -1324571.86595719     
   1152.00000000000       -1324571.55292273     
   1153.00000000000       -1324571.23980782     
   1154.00000000000       -1324570.92662970     
   1155.00000000000       -1324570.61337583     
   1156.00000000000       -1324570.30005676     
   1157.00000000000       -1324569.98666614     
   1158.00000000000       -1324569.67320673     
   1159.00000000000       -1324569.35966917     
   1160.00000000000       -1324569.04606918     
   1161.00000000000       -1324568.73240009     
   1162.00000000000       -1324568.41865333     
   1163.00000000000       -1324568.10483816     
   1164.00000000000       -1324567.79096116     
   1165.00000000000       -1324567.47700209     
   1166.00000000000       -1324567.16298107     
   1167.00000000000       -1324566.84889004     
   1168.00000000000       -1324566.53472174     
   1169.00000000000       -1324566.22049444     
   1170.00000000000       -1324565.90618728     
   1171.00000000000       -1324565.59181419     
   1172.00000000000       -1324565.27737499     
   1173.00000000000       -1324564.96285582     
   1174.00000000000       -1324564.64828022     
   1175.00000000000       -1324564.33362095     
   1176.00000000000       -1324564.01890349     
   1177.00000000000       -1324563.70411286     
   1178.00000000000       -1324563.38924995     
   1179.00000000000       -1324563.07431727     
   1180.00000000000       -1324562.75931847     
   1181.00000000000       -1324562.44424700     
   1182.00000000000       -1324562.12911063     
   1183.00000000000       -1324561.81389952     
   1184.00000000000       -1324561.49862032     
   1185.00000000000       -1324561.18327199     
   1186.00000000000       -1324560.86785652     
   1187.00000000000       -1324560.55236790     
   1188.00000000000       -1324560.23681502     
   1189.00000000000       -1324559.92118578     
   1190.00000000000       -1324559.60549764     
   1191.00000000000       -1324559.28973269     
   1192.00000000000       -1324558.97389844     
   1193.00000000000       -1324558.65799299     
   1194.00000000000       -1324558.34203169     
   1195.00000000000       -1324558.02598235     
   1196.00000000000       -1324557.70988283     
   1197.00000000000       -1324557.39370090     
   1198.00000000000       -1324557.07745360     
   1199.00000000000       -1324556.76114238     
   1200.00000000000       -1324556.44475499     
   1201.00000000000       -1324556.12830546     
   1202.00000000000       -1324555.81178460     
   1203.00000000000       -1324555.49518967     
   1204.00000000000       -1324555.17853805     
   1205.00000000000       -1324554.86180879     
   1206.00000000000       -1324554.54501033     
   1207.00000000000       -1324554.22814834     
   1208.00000000000       -1324553.91121695     
   1209.00000000000       -1324553.59421565     
   1210.00000000000       -1324553.27714757     
   1211.00000000000       -1324552.96001077     
   1212.00000000000       -1324552.64280559     
   1213.00000000000       -1324552.32552725     
   1214.00000000000       -1324552.00818963     
   1215.00000000000       -1324551.69078006     
   1216.00000000000       -1324551.37329772     
   1217.00000000000       -1324551.05575735     
   1218.00000000000       -1324550.73814287     
   1219.00000000000       -1324550.42046110     
   1220.00000000000       -1324550.10270838     
   1221.00000000000       -1324549.78489837     
   1222.00000000000       -1324549.46700498     
   1223.00000000000       -1324549.14905636     
   1224.00000000000       -1324548.83103579     
   1225.00000000000       -1324548.51294526     
   1226.00000000000       -1324548.19479051     
   1227.00000000000       -1324547.87656959     
   1228.00000000000       -1324547.55828051     
   1229.00000000000       -1324547.23991815     
   1230.00000000000       -1324546.92149427     
   1231.00000000000       -1324546.60300347     
   1232.00000000000       -1324546.28444490     
   1233.00000000000       -1324545.96581887     
   1234.00000000000       -1324545.64712398     
   1235.00000000000       -1324545.32836198     
   1236.00000000000       -1324545.00953258     
   1237.00000000000       -1324544.69063985     
   1238.00000000000       -1324544.37167776     
   1239.00000000000       -1324544.05265037     
   1240.00000000000       -1324543.73355626     
   1241.00000000000       -1324543.41439082     
   1242.00000000000       -1324543.09516505     
   1243.00000000000       -1324542.77586770     
   1244.00000000000       -1324542.45650774     
   1245.00000000000       -1324542.13707826     
   1246.00000000000       -1324541.81758187     
   1247.00000000000       -1324541.49802787     
   1248.00000000000       -1324541.17839161     
   1249.00000000000       -1324540.85870242     
   1250.00000000000       -1324540.53894494     
   1251.00000000000       -1324540.21911101     
   1252.00000000000       -1324539.89922715     
   1253.00000000000       -1324539.57926598     
   1254.00000000000       -1324539.25924326     
   1255.00000000000       -1324538.93915170     
   1256.00000000000       -1324538.61899774     
   1257.00000000000       -1324538.29877554     
   1258.00000000000       -1324537.97848834     
   1259.00000000000       -1324537.65813319     
   1260.00000000000       -1324537.33771628     
   1261.00000000000       -1324537.01723790     
   1262.00000000000       -1324536.69668045     
   1263.00000000000       -1324536.37607506     
   1264.00000000000       -1324536.05538501     
   1265.00000000000       -1324535.73464647     
   1266.00000000000       -1324535.41383502     
   1267.00000000000       -1324535.09296186     
   1268.00000000000       -1324534.77201813     
   1269.00000000000       -1324534.45101300     
   1270.00000000000       -1324534.12994351     
   1271.00000000000       -1324533.80880671     
   1272.00000000000       -1324533.48760791     
   1273.00000000000       -1324533.16634240     
   1274.00000000000       -1324532.84501519     
   1275.00000000000       -1324532.52362036     
   1276.00000000000       -1324532.20215939     
   1277.00000000000       -1324531.88064564     
   1278.00000000000       -1324531.55904791     
   1279.00000000000       -1324531.23740128     
   1280.00000000000       -1324530.91568492     
   1281.00000000000       -1324530.59390388     
   1282.00000000000       -1324530.27206561     
   1283.00000000000       -1324529.95015341     
   1284.00000000000       -1324529.62818278     
   1285.00000000000       -1324529.30614356     
   1286.00000000000       -1324528.98404980     
   1287.00000000000       -1324528.66188444     
   1288.00000000000       -1324528.33965704     
   1289.00000000000       -1324528.01736969     
   1290.00000000000       -1324527.69500980     
   1291.00000000000       -1324527.37260105     
   1292.00000000000       -1324527.05011221     
   1293.00000000000       -1324526.72757331     
   1294.00000000000       -1324526.40496660     
   1295.00000000000       -1324526.08229477     
   1296.00000000000       -1324525.75956565     
   1297.00000000000       -1324525.43676806     
   1298.00000000000       -1324525.11390592     
   1299.00000000000       -1324524.79098796     
   1300.00000000000       -1324524.46800177     
   1301.00000000000       -1324524.14495794     
   1302.00000000000       -1324523.82184766     
   1303.00000000000       -1324523.49867607     
   1304.00000000000       -1324523.17543708     
   1305.00000000000       -1324522.85215009     
   1306.00000000000       -1324522.52878413     
   1307.00000000000       -1324522.20536437     
   1308.00000000000       -1324521.88188321     
   1309.00000000000       -1324521.55833637     
   1310.00000000000       -1324521.23473447     
   1311.00000000000       -1324520.91105983     
   1312.00000000000       -1324520.58733194     
   1313.00000000000       -1324520.26354467     
   1314.00000000000       -1324519.93968732     
   1315.00000000000       -1324519.61577116     
   1316.00000000000       -1324519.29180259     
   1317.00000000000       -1324518.96775466     
   1318.00000000000       -1324518.64366348     
   1319.00000000000       -1324518.31949654     
   1320.00000000000       -1324517.99528233     
   1321.00000000000       -1324517.67100027     
   1322.00000000000       -1324517.34665155     
   1323.00000000000       -1324517.02225675     
   1324.00000000000       -1324516.69778969     
   1325.00000000000       -1324516.37326387     
   1326.00000000000       -1324516.04867959     
   1327.00000000000       -1324515.72402971     
   1328.00000000000       -1324515.39933367     
   1329.00000000000       -1324515.07456331     
   1330.00000000000       -1324514.74973776     
   1331.00000000000       -1324514.42485143     
   1332.00000000000       -1324514.09990274     
   1333.00000000000       -1324513.77490436     
   1334.00000000000       -1324513.44983300     
   1335.00000000000       -1324513.12470972     
   1336.00000000000       -1324512.79952518     
   1337.00000000000       -1324512.47427747     
   1338.00000000000       -1324512.14897558     
   1339.00000000000       -1324511.82361636     
   1340.00000000000       -1324511.49819261     
   1341.00000000000       -1324511.17270959     
   1342.00000000000       -1324510.84717694     
   1343.00000000000       -1324510.52157402     
   1344.00000000000       -1324510.19591389     
   1345.00000000000       -1324509.87019998     
   1346.00000000000       -1324509.54442409     
   1347.00000000000       -1324509.21859215     
   1348.00000000000       -1324508.89270222     
   1349.00000000000       -1324508.56674895     
   1350.00000000000       -1324508.24074263     
   1351.00000000000       -1324507.91467602     
   1352.00000000000       -1324507.58854968     
   1353.00000000000       -1324507.26237460     
   1354.00000000000       -1324506.93612681     
   1355.00000000000       -1324506.60983113     
   1356.00000000000       -1324506.28348407     
   1357.00000000000       -1324505.95706476     
   1358.00000000000       -1324505.63059588     
