  0.000000000000000E+000  0.000000000000000E+000
   1.00000000000000      -5.061405361611954E-002
   2.00000000000000      -4.899660986368914E-002
   3.00000000000000      -4.727599937255043E-002
   4.00000000000000      -4.557271987127393E-002
   5.00000000000000      -4.386997350341115E-002
   6.00000000000000      -4.214566520694876E-002
   7.00000000000000      -4.039014814252617E-002
   8.00000000000000      -3.860360250206536E-002
   9.00000000000000      -3.674988088475618E-002
   10.0000000000000      -3.481170421488127E-002
   11.0000000000000      -3.277421838098147E-002
   12.0000000000000      -3.059804887019461E-002
   13.0000000000000      -2.823205830063300E-002
   14.0000000000000      -2.560794311760313E-002
   15.0000000000000      -2.269011388572444E-002
   16.0000000000000      -1.940878368700580E-002
   17.0000000000000      -1.569959843177265E-002
   18.0000000000000      -5.754745274728299E-003
   19.0000000000000      -1.251495594228708E-002
   20.0000000000000      -7.125181162341774E-004
   21.0000000000000       2.284003350515097E-003
   22.0000000000000       1.282004390494784E-002
   23.0000000000000       1.866876777963201E-002
   24.0000000000000       2.684160487681461E-002
   25.0000000000000       3.578933225973914E-002
   26.0000000000000       4.553945197638673E-002
   27.0000000000000       5.611073364711355E-002
   28.0000000000000       6.750412816707498E-002
   29.0000000000000       7.970134816432210E-002
   30.0000000000000       9.272721673174199E-002
   31.0000000000000       0.106565090401526     
   32.0000000000000       0.121200248832021     
   33.0000000000000       0.136644122836121     
   34.0000000000000       0.152859958834432     
   35.0000000000000       0.169828581821257     
   36.0000000000000       0.187550189740363     
   37.0000000000000       0.205989778739779     
   38.0000000000000       0.225131644674867     
   39.0000000000000       0.244958537550621     
   40.0000000000000       0.265436896227187     
   41.0000000000000       0.286552331371233     
   42.0000000000000       0.308266939612969     
   43.0000000000000       0.330573099441526     
   44.0000000000000       0.353429823740767     
   45.0000000000000       0.376819854695876     
   46.0000000000000       0.400706302050086     
   47.0000000000000       0.425067885831263     
   48.0000000000000       0.449881776719721     
   49.0000000000000       0.475124543262196     
   50.0000000000000       0.500740712925906     
   51.0000000000000       0.526746646332818     
   52.0000000000000       0.553069160759458     
   53.0000000000000       0.579715438936412     
   54.0000000000000       0.606666252936621     
   55.0000000000000       0.633857206421445     
   56.0000000000000       0.661296650495010     
   57.0000000000000       0.688946767575682     
   58.0000000000000       0.716768256449722     
   59.0000000000000       0.744797267778238     
   60.0000000000000       0.772922925527600     
   61.0000000000000       0.801194339592394     
   62.0000000000000       0.829563916572941     
   63.0000000000000       0.858008935387507     
   64.0000000000000       0.886509472927477     
   65.0000000000000       0.915055177490527     
   66.0000000000000       0.943630090595661     
   67.0000000000000       0.972190566880861     
   68.0000000000000        1.00074278193022     
   69.0000000000000        1.02929902366213     
   70.0000000000000        1.05775255431625     
   71.0000000000000        1.08620109339362     
   72.0000000000000        1.11456322335983     
   73.0000000000000        1.14282957845623     
   74.0000000000000        1.17100788512136     
   75.0000000000000        1.19909794928031     
   76.0000000000000        1.22703103595534     
   77.0000000000000        1.25485577376019     
   78.0000000000000        1.28257071496089     
   79.0000000000000        1.31007564853726     
   80.0000000000000        1.33746738644109     
   81.0000000000000        1.36471521995806     
   82.0000000000000        1.39176033052137     
   83.0000000000000        1.41862708769994     
   84.0000000000000        1.44534235278914     
   85.0000000000000        1.47185452243512     
   86.0000000000000        1.49815979150973     
   87.0000000000000        1.52428501542751     
   88.0000000000000        1.55021722960532     
   89.0000000000000        1.57592858450373     
   90.0000000000000        1.60145778143168     
   91.0000000000000        1.62673986897890     
   92.0000000000000        1.65183836876910     
   93.0000000000000        1.67671270441881     
   94.0000000000000        1.70134860051959     
   95.0000000000000        1.72582298744569     
   96.0000000000000        1.75004411060458     
   97.0000000000000        1.77402153414313     
   98.0000000000000        1.79781330281139     
   99.0000000000000        1.82139273387935     
   100.000000000000        1.84469406530001     
   101.000000000000        1.86786563929572     
   102.000000000000        1.89069100519681     
   103.000000000000        1.91342194581957     
   104.000000000000        1.93587303006047     
   105.000000000000        1.95808583175557     
   106.000000000000        1.98009147914759     
   107.000000000000        2.00193640504458     
   108.000000000000        2.02346363988126     
   109.000000000000        2.04487385206162     
   110.000000000000        2.06599561576818     
   111.000000000000        2.08698200726112     
   112.000000000000        2.10763822298093     
   113.000000000000        2.12823126950399     
   114.000000000000        2.14849498830928     
   115.000000000000        2.16860994049047     
   116.000000000000        2.18853455742425     
   117.000000000000        2.20821292056072     
   118.000000000000        2.22773290380523     
   119.000000000000        2.24700934677283     
   120.000000000000        2.26614825733498     
   121.000000000000        2.28503445674939     
   122.000000000000        2.30376559092397     
   123.000000000000        2.32226405583457     
   124.000000000000        2.34063986665812     
   125.000000000000        2.35879763904827     
   126.000000000000        2.37674390160350     
   127.000000000000        2.39454998597214     
   128.000000000000        2.41221563968417     
   129.000000000000        2.42955530639024     
   130.000000000000        2.44690658636308     
   131.000000000000        2.46396716889822     
   132.000000000000        2.48081623345889     
   133.000000000000        2.49766458268331     
   134.000000000000        2.51417312916850     
   135.000000000000        2.53070847526855     
   136.000000000000        2.54689888232921     
   137.000000000000        2.56297592749636     
   138.000000000000        2.57896394639940     
   139.000000000000        2.59472974963790     
   140.000000000000        2.61042847466150     
   141.000000000000        2.62586477744369     
   142.000000000000        2.64123698110677     
   143.000000000000        2.65640538385081     
   144.000000000000        2.67147386062869     
   145.000000000000        2.68639567234337     
   146.000000000000        2.70117048673299     
   147.000000000000        2.71577636288580     
   148.000000000000        2.73033199745320     
   149.000000000000        2.74460747013381     
   150.000000000000        2.75892791974429     
   151.000000000000        2.77292726581468     
   152.000000000000        2.78698848320124     
   153.000000000000        2.80080402308606     
   154.000000000000        2.81451074561048     
   155.000000000000        2.82821722812657     
   156.000000000000        2.84156658654552     
   157.000000000000        2.85504193022802     
   158.000000000000        2.86820101972254     
   159.000000000000        2.88134796247499     
   160.000000000000        2.89436457765659     
   161.000000000000        2.90732384668186     
   162.000000000000        2.92008849256603     
   163.000000000000        2.93279922512862     
   164.000000000000        2.94534124497757     
   165.000000000000        2.95786619152018     
   166.000000000000        2.97021416715445     
   167.000000000000        2.98248809040799     
   168.000000000000        2.99467749485591     
   169.000000000000        3.00672640806624     
   170.000000000000        3.01867486339792     
   171.000000000000        3.03062318800210     
   172.000000000000        3.04237139505193     
   173.000000000000        3.05404820190059     
   174.000000000000        3.06568431579925     
   175.000000000000        3.07719348225147     
   176.000000000000        3.08857850701655     
   177.000000000000        3.09994882887719     
   178.000000000000        3.11116028565857     
   179.000000000000        3.12239066374330     
   180.000000000000        3.13342142973732     
   181.000000000000        3.14443346540819     
   182.000000000000        3.15531475193552     
   183.000000000000        3.16622349966363     
   184.000000000000        3.17694835988328     
   185.000000000000        3.18762894496875     
   186.000000000000        3.19826854608309     
   187.000000000000        3.20874653202439     
   188.000000000000        3.21918185818919     
   189.000000000000        3.22966680644997     
   190.000000000000        3.23990894147331     
   191.000000000000        3.25014184209178     
   192.000000000000        3.26032883036314     
   193.000000000000        3.27041515012584     
   194.000000000000        3.28051911653058     
   195.000000000000        3.29043769254184     
   196.000000000000        3.30032302562522     
   197.000000000000        3.31021803955455     
   198.000000000000        3.31995930672797     
   199.000000000000        3.32970504261368     
   200.000000000000        3.33930600066509     
   201.000000000000        3.34886840988624     
   202.000000000000        3.35849621904452     
   203.000000000000        3.36791622426581     
   204.000000000000        3.37730863006955     
   205.000000000000        3.38669588082153     
   206.000000000000        3.39603643150343     
   207.000000000000        3.40524414128580     
   208.000000000000        3.41438077408376     
   209.000000000000        3.42359013138557     
   210.000000000000        3.43264535798381     
   211.000000000000        3.44165659974533     
   212.000000000000        3.45062139342197     
   213.000000000000        3.45958077194017     
   214.000000000000        3.46850201171825     
   215.000000000000        3.47720031385060     
   216.000000000000        3.48606294768583     
   217.000000000000        3.49479687364080     
   218.000000000000        3.50348433448552     
   219.000000000000        3.51209657748654     
   220.000000000000        3.52070148485123     
   221.000000000000        3.52924501579605     
   222.000000000000        3.53771063895606     
   223.000000000000        3.54619924359259     
   224.000000000000        3.55459748913855     
   225.000000000000        3.56296263212295     
   226.000000000000        3.57134817192314     
   227.000000000000        3.57952466516066     
   228.000000000000        3.58786031054352     
   229.000000000000        3.59603178790957     
   230.000000000000        3.60416337824680     
   231.000000000000        3.61231514120268     
   232.000000000000        3.62041267371249     
   233.000000000000        3.62841801280208     
   234.000000000000        3.63645012711466     
   235.000000000000        3.64441581459726     
   236.000000000000        3.65239426040246     
   237.000000000000        3.66025440871393     
   238.000000000000        3.66807562088955     
   239.000000000000        3.67594281326526     
   240.000000000000        3.68375315085840     
   241.000000000000        3.69155606678348     
   242.000000000000        3.69914519385745     
   243.000000000000        3.70693475460394     
   244.000000000000        3.71459821089423     
   245.000000000000        3.72216551718705     
   246.000000000000        3.72981741827947     
   247.000000000000        3.73729627985509     
   248.000000000000        3.74491486404507     
   249.000000000000        3.75238153205176     
   250.000000000000        3.75979063428738     
   251.000000000000        3.76731743860598     
   252.000000000000        3.77473437864192     
   253.000000000000        3.78208897319690     
   254.000000000000        3.78938848614979     
   255.000000000000        3.79673762711858     
   256.000000000000        3.80410747884624     
   257.000000000000        3.81123351765973     
   258.000000000000        3.81857944341675     
   259.000000000000        3.82578101124050     
   260.000000000000        3.83297112196337     
   261.000000000000        3.84013560641849     
   262.000000000000        3.84725869601912     
   263.000000000000        3.85430491796039     
   264.000000000000        3.86150389774849     
   265.000000000000        3.86851915728818     
   266.000000000000        3.87555056337530     
   267.000000000000        3.88258353507700     
   268.000000000000        3.88951021211901     
   269.000000000000        3.89653808680257     
   270.000000000000        3.90341127626595     
   271.000000000000        3.91038142759554     
   272.000000000000        3.91725762629938     
   273.000000000000        3.92413063477624     
   274.000000000000        3.93096620073091     
   275.000000000000        3.93786332703545     
   276.000000000000        3.94463464125533     
   277.000000000000        3.95140918277297     
   278.000000000000        3.95819132527300     
   279.000000000000        3.96489169796844     
   280.000000000000        3.97165808605933     
   281.000000000000        3.97837200975015     
   282.000000000000        3.98505095019004     
   283.000000000000        3.99171956785315     
   284.000000000000        3.99830323838950     
   285.000000000000        4.00495020178388     
   286.000000000000        4.01159932215083     
   287.000000000000        4.01818923784103     
   288.000000000000        4.02477100245147     
   289.000000000000        4.03126463444531     
   290.000000000000        4.03781679419993     
   291.000000000000        4.04432288814240     
   292.000000000000        4.05083056828119     
   293.000000000000        4.05735471114782     
   294.000000000000        4.06380827796268     
   295.000000000000        4.07019482640544     
   296.000000000000        4.07670274369357     
   297.000000000000        4.08309084958643     
   298.000000000000        4.08953532615442     
   299.000000000000        4.09580901374516     
   300.000000000000        4.10228549598706     
   301.000000000000        4.10857702457852     
   302.000000000000        4.11492525446984     
   303.000000000000        4.12124030875013     
   304.000000000000        4.12762569070417     
   305.000000000000        4.13377875896259     
   306.000000000000        4.14009675841203     
   307.000000000000        4.14646234739832     
   308.000000000000        4.15259607560382     
   309.000000000000        4.15894318399999     
   310.000000000000        4.16499949013936     
   311.000000000000        4.17132312714491     
   312.000000000000        4.17751015886648     
   313.000000000000        4.18366855081808     
   314.000000000000        4.18982287989104     
   315.000000000000        4.19604010545136     
   316.000000000000        4.20209805221640     
   317.000000000000        4.20826374117615     
   318.000000000000        4.21439928616406     
   319.000000000000        4.22052615491306     
   320.000000000000        4.22653011527182     
   321.000000000000        4.23267570549557     
   322.000000000000        4.23871087394819     
   323.000000000000        4.24477917062910     
   324.000000000000        4.25085777179962     
   325.000000000000        4.25682483611805     
   326.000000000000        4.26288730032306     
   327.000000000000        4.26886557205965     
   328.000000000000        4.27489399223640     
   329.000000000000        4.28086745964958     
   330.000000000000        4.28685520663216     
   331.000000000000        4.29281957567829     
   332.000000000000        4.29878111081910     
   333.000000000000        4.30468920115599     
   334.000000000000        4.31069466826984     
   335.000000000000        4.31661764038945     
   336.000000000000        4.32242944757050     
   337.000000000000        4.32835021924186     
   338.000000000000        4.33441378541962     
   339.000000000000        4.34018568439515     
   340.000000000000        4.34603343710120     
   341.000000000000        4.35188984854307     
   342.000000000000        4.35784760627990     
   343.000000000000        4.36356335542236     
   344.000000000000        4.36954598161286     
   345.000000000000        4.37529199656870     
   346.000000000000        4.38112389233662     
   347.000000000000        4.38691422785696     
   348.000000000000        4.39278397645951     
   349.000000000000        4.39855645819695     
   350.000000000000        4.40433729587118     
   351.000000000000        4.41009147851597     
   352.000000000000        4.41590216118529     
   353.000000000000        4.42171809669262     
   354.000000000000        4.42734973007652     
   355.000000000000        4.43313407574081     
   356.000000000000        4.43893285632570     
   357.000000000000        4.44464731217450     
   358.000000000000        4.45033357662797     
   359.000000000000        4.45612245578319     
   360.000000000000        4.46173590945243     
   361.000000000000        4.46750290935011     
   362.000000000000        4.47319366029861     
   363.000000000000        4.47882707528067     
   364.000000000000        4.48455347992854     
   365.000000000000        4.49022850583600     
   366.000000000000        4.49590344283975     
   367.000000000000        4.50164621709548     
   368.000000000000        4.50711429085498     
   369.000000000000        4.51290981632143     
   370.000000000000        4.51849554970581     
   371.000000000000        4.52412440707883     
   372.000000000000        4.52980441288955     
   373.000000000000        4.53536093603633     
   374.000000000000        4.54108199096544     
   375.000000000000        4.54659032737403     
   376.000000000000        4.55225317830990     
   377.000000000000        4.55785635841497     
   378.000000000000        4.56334782684113     
   379.000000000000        4.56900546042669     
   380.000000000000        4.57462869514819     
   381.000000000000        4.58021183184576     
   382.000000000000        4.58569560261415     
   383.000000000000        4.59128073497088     
   384.000000000000        4.59683359391959     
   385.000000000000        4.60252338849883     
   386.000000000000        4.60793685314339     
   387.000000000000        4.61347219163221     
   388.000000000000        4.61915172589554     
   389.000000000000        4.62457140858093     
   390.000000000000        4.63009808889266     
   391.000000000000        4.63568777004909     
   392.000000000000        4.64109362325495     
   393.000000000000        4.64665928821160     
   394.000000000000        4.65217002654247     
   395.000000000000        4.65775733400030     
   396.000000000000        4.66318044419944     
   397.000000000000        4.66875397772494     
   398.000000000000        4.67411698526910     
   399.000000000000        4.67973811657979     
   400.000000000000        4.68511985849520     
   401.000000000000        4.69064421226104     
   402.000000000000        4.69608399746172     
   403.000000000000        4.70164130468268     
   404.000000000000        4.70700074713001     
   405.000000000000        4.71253427422941     
   406.000000000000        4.71798548231027     
   407.000000000000        4.72342561838894     
   408.000000000000        4.72899867149532     
   409.000000000000        4.73415112722794     
   410.000000000000        4.73977005248976     
   411.000000000000        4.74522923404952     
   412.000000000000        4.75063095509335     
   413.000000000000        4.75605889346091     
   414.000000000000        4.76159700624150     
   415.000000000000        4.76682126835345     
   416.000000000000        4.77237753612233     
   417.000000000000        4.77775122231257     
   418.000000000000        4.78319381440016     
   419.000000000000        4.78860711704060     
   420.000000000000        4.79397507675883     
   421.000000000000        4.79941121426280     
   422.000000000000        4.80482779708913     
   423.000000000000        4.81004688882519     
   424.000000000000        4.81562653102154     
   425.000000000000        4.82105076807920     
   426.000000000000        4.82623163743499     
   427.000000000000        4.83191011076710     
   428.000000000000        4.83710356846569     
   429.000000000000        4.84251479528925     
   430.000000000000        4.84786873864502     
   431.000000000000        4.85323857677383     
   432.000000000000        4.85872662974172     
   433.000000000000        4.86389023879046     
   434.000000000000        4.86934273115688     
   435.000000000000        4.87477672135735     
   436.000000000000        4.88014357714548     
   437.000000000000        4.88533037774037     
   438.000000000000        4.89087586362610     
   439.000000000000        4.89615831810727     
   440.000000000000        4.90155672434613     
   441.000000000000        4.90660747663477     
   442.000000000000        4.91229088087198     
   443.000000000000        4.91757332249732     
   444.000000000000        4.92279267605616     
   445.000000000000        4.92818948340619     
   446.000000000000        4.93356109155603     
   447.000000000000        4.93881538335344     
   448.000000000000        4.94429619465315     
   449.000000000000        4.94947001767568     
   450.000000000000        4.95477667591975     
   451.000000000000        4.96024288356542     
   452.000000000000        4.96549339433671     
   453.000000000000        4.97077470353202     
   454.000000000000        4.97619026250515     
   455.000000000000        4.98130904900504     
   456.000000000000        4.98675114998745     
   457.000000000000        4.99204029117696     
   458.000000000000        4.99721447634232     
   459.000000000000        5.00275381869467     
   460.000000000000        5.00796528824908     
   461.000000000000        5.01321456327960     
   462.000000000000        5.01855006292474     
   463.000000000000        5.02379541368042     
   464.000000000000        5.02924586853694     
   465.000000000000        5.03430853550408     
   466.000000000000        5.03973606087586     
   467.000000000000        5.04497517686698     
   468.000000000000        5.05046403350295     
   469.000000000000        5.05541220387907     
   470.000000000000        5.06093029245268     
   471.000000000000        5.06613293425985     
   472.000000000000        5.07126423581169     
   473.000000000000        5.07676576123176     
   474.000000000000        5.08193201650833     
   475.000000000000        5.08712845881869     
   476.000000000000        5.09257023747938     
   477.000000000000        5.09777863720391     
   478.000000000000        5.10311861569125     
   479.000000000000        5.10830121053791     
   480.000000000000        5.11344539272411     
   481.000000000000        5.11886012496580     
   482.000000000000        5.12399316289124     
   483.000000000000        5.12945332125246     
   484.000000000000        5.13436070975269     
   485.000000000000        5.13987091902125     
   486.000000000000        5.14525897991999     
   487.000000000000        5.15019705372246     
   488.000000000000        5.15565442573958     
   489.000000000000        5.16070989436017     
   490.000000000000        5.16627175069263     
   491.000000000000        5.17123286040720     
   492.000000000000        5.17656935732220     
   493.000000000000        5.18184032316434     
   494.000000000000        5.18692788477922     
   495.000000000000        5.19241836305322     
   496.000000000000        5.19727624433315     
   497.000000000000        5.20292953840208     
   498.000000000000        5.20771300657242     
   499.000000000000        5.21328125641124     
   500.000000000000        5.21850444791234     
   501.000000000000        5.22355048250211     
   502.000000000000        5.22889454131379     
   503.000000000000        5.23421106268242     
   504.000000000000        5.23907249512413     
   505.000000000000        5.24463221521093     
   506.000000000000        5.24982935995369     
   507.000000000000        5.25485116615047     
   508.000000000000        5.26006110233203     
   509.000000000000        5.26536613940451     
   510.000000000000        5.27082370955560     
   511.000000000000        5.27553739124858     
   512.000000000000        5.28101233303660     
   513.000000000000        5.28627156288197     
   514.000000000000        5.29103690087192     
   515.000000000000        5.29693415662040     
   516.000000000000        5.30173135746735     
   517.000000000000        5.30669565307894     
   518.000000000000        5.31225465425795     
   519.000000000000        5.31747577097722     
   520.000000000000        5.32260978590410     
   521.000000000000        5.32780567460164     
   522.000000000000        5.33288551685329     
   523.000000000000        5.33815581305403     
   524.000000000000        5.34311279421160     
   525.000000000000        5.34850414610748     
   526.000000000000        5.35369075956994     
   527.000000000000        5.35891910266042     
   528.000000000000        5.36380468296477     
   529.000000000000        5.36923726997295     
   530.000000000000        5.37434975235773     
   531.000000000000        5.37934950399677     
   532.000000000000        5.38471614231488     
   533.000000000000        5.38975444010373     
   534.000000000000        5.39499512464909     
   535.000000000000        5.40010126619890     
   536.000000000000        5.40527959927664     
   537.000000000000        5.41066180353704     
   538.000000000000        5.41541100866352     
   539.000000000000        5.42086577214266     
   540.000000000000        5.42591710216462     
   541.000000000000        5.43080063025768     
   542.000000000000        5.43638023296570     
   543.000000000000        5.44130667341181     
   544.000000000000        5.44655730278045     
   545.000000000000        5.45147921156239     
   546.000000000000        5.45669240366577     
   547.000000000000        5.46178933028476     
   548.000000000000        5.46698749640500     
   549.000000000000        5.47220455798580     
   550.000000000000        5.47714544927842     
   551.000000000000        5.48235234357020     
   552.000000000000        5.48746734920872     
   553.000000000000        5.49263403519632     
   554.000000000000        5.49771418308986     
   555.000000000000        5.50266653695815     
   556.000000000000        5.50794682304695     
   557.000000000000        5.51290450088072     
   558.000000000000        5.51845231742947     
   559.000000000000        5.52311797580981     
   560.000000000000        5.52809521722177     
   561.000000000000        5.53352440526511     
   562.000000000000        5.53854230617144     
   563.000000000000        5.54326874208192     
   564.000000000000        5.54900525189646     
   565.000000000000        5.55345933281958     
   566.000000000000        5.55895708315628     
   567.000000000000        5.56374307976551     
   568.000000000000        5.56910587528612     
   569.000000000000        5.57377381657967     
   570.000000000000        5.57924796496882     
   571.000000000000        5.58422055951112     
   572.000000000000        5.58911051650860     
   573.000000000000        5.59401126111731     
   574.000000000000        5.59958219138309     
   575.000000000000        5.60435155072002     
   576.000000000000        5.60939366537246     
   577.000000000000        5.61438935826791     
   578.000000000000        5.61950704135496     
   579.000000000000        5.62447126211613     
   580.000000000000        5.62931550254882     
   581.000000000000        5.63479635556436     
   582.000000000000        5.63915453945028     
   583.000000000000        5.64519425044543     
   584.000000000000        5.64955753127898     
   585.000000000000        5.65441374855646     
   586.000000000000        5.65955324792696     
   587.000000000000        5.66463780312252     
   588.000000000000        5.66968686748605     
   589.000000000000        5.67473180880141     
   590.000000000000        5.67931440222181     
   591.000000000000        5.68474919081442     
   592.000000000000        5.68982601744261     
   593.000000000000        5.69403644748208     
   594.000000000000        5.69986972873761     
   595.000000000000        5.70430095257225     
   596.000000000000        5.70969902516463     
   597.000000000000        5.71448449946779     
   598.000000000000        5.71934403949993     
   599.000000000000        5.72457993014272     
   600.000000000000        5.72914678579444     
   601.000000000000        5.73436833036350     
   602.000000000000        5.73872018905670     
   603.000000000000        5.74450984020173     
   604.000000000000        5.74899414149827     
   605.000000000000        5.75378842560911     
   606.000000000000        5.75900923037330     
   607.000000000000        5.76389289886344     
   608.000000000000        5.76899737211565     
   609.000000000000        5.77315327451018     
   610.000000000000        5.77853766439416     
   611.000000000000        5.78313861324411     
   612.000000000000        5.78862168031931     
   613.000000000000        5.79311508452653     
   614.000000000000        5.79808774145829     
   615.000000000000        5.80255338072258     
   616.000000000000        5.80817332078644     
   617.000000000000        5.81232467528888     
   618.000000000000        5.81750510242159     
   619.000000000000        5.82228896940786     
   620.000000000000        5.82731110897344     
   621.000000000000        5.83191480684763     
   622.000000000000        5.83680727856978     
   623.000000000000        5.84168899237612     
   624.000000000000        5.84645597043164     
   625.000000000000        5.85117214920796     
   626.000000000000        5.85578775483354     
   627.000000000000        5.86123561232570     
   628.000000000000        5.86548405832169     
   629.000000000000        5.87072699172119     
   630.000000000000        5.87516631799941     
   631.000000000000        5.88011145857843     
   632.000000000000        5.88454334752417     
   633.000000000000        5.88982893405338     
   634.000000000000        5.89417459180388     
   635.000000000000        5.89914660355033     
   636.000000000000        5.90370741726030     
   637.000000000000        5.90853489108952     
   638.000000000000        5.91330539023757     
   639.000000000000        5.91778077129596     
   640.000000000000        5.92262128835763     
   641.000000000000        5.92770143969460     
   642.000000000000        5.93206004572242     
   643.000000000000        5.93669651220291     
   644.000000000000        5.94144634936470     
   645.000000000000        5.94622161947570     
   646.000000000000        5.95037629553700     
   647.000000000000        5.95571343226604     
   648.000000000000        5.96025227540820     
   649.000000000000        5.96423995063647     
   650.000000000000        5.96892303848491     
   651.000000000000        5.97481552781377     
   652.000000000000        5.97828513871586     
   653.000000000000        5.98272874565233     
   654.000000000000        5.98900877229209     
   655.000000000000        5.99219646783432     
   656.000000000000        5.99687977360574     
   657.000000000000        6.00159524975881     
   658.000000000000        6.00603699877690     
   659.000000000000        6.01092363589419     
   660.000000000000        6.01454637670740     
   661.000000000000        6.02049227523900     
   662.000000000000        6.02385634006043     
   663.000000000000        6.02884195951077     
   664.000000000000        6.03342793566940     
   665.000000000000        6.03777457488331     
   666.000000000000        6.04258189534936     
   667.000000000000        6.04645480130559     
   668.000000000000        6.05210053519293     
   669.000000000000        6.05570641628531     
   670.000000000000        6.05970152464158     
   671.000000000000        6.06458816764049     
   672.000000000000        6.06938199231292     
   673.000000000000        6.07366890368938     
   674.000000000000        6.07717686029149     
   675.000000000000        6.08352220158669     
   676.000000000000        6.08699752021806     
   677.000000000000        6.09039521435986     
   678.000000000000        6.09541398824130     
   679.000000000000        6.09974953374529     
   680.000000000000        6.10446471831255     
   681.000000000000        6.10872800498838     
   682.000000000000        6.11256532257301     
   683.000000000000        6.11819650716717     
   684.000000000000        6.12126921223604     
   685.000000000000        6.12566743740898     
   686.000000000000        6.12979681548596     
   687.000000000000        6.13555667428973     
   688.000000000000        6.13855565447605     
   689.000000000000        6.14246019610876     
   690.000000000000        6.14746215539971     
   691.000000000000        6.15121407165817     
   692.000000000000        6.15572856163927     
   693.000000000000        6.16031276560424     
   694.000000000000        6.16400788024519     
   695.000000000000        6.16822688293061     
   696.000000000000        6.17259370254474     
   697.000000000000        6.17662992159299     
   698.000000000000        6.18043805031441     
   699.000000000000        6.18520644683258     
   700.000000000000        6.18896097693153     
   701.000000000000        6.19399596966253     
   702.000000000000        6.19700832492078     
   703.000000000000        6.20150437639455     
   704.000000000000        6.20482605206869     
   705.000000000000        6.20969810614881     
   706.000000000000        6.21297841354865     
   707.000000000000        6.21809232981865     
   708.000000000000        6.22130572989268     
   709.000000000000        6.22540595992187     
   710.000000000000        6.23003989774638     
   711.000000000000        6.23286771930928     
   712.000000000000        6.23878560773402     
   713.000000000000        6.24104066801821     
   714.000000000000        6.24526418853891     
   715.000000000000        6.24951233572378     
   716.000000000000        6.25333753116384     
   717.000000000000        6.25732030854147     
   718.000000000000        6.26092352695157     
   719.000000000000        6.26481116418311     
   720.000000000000        6.26927910543652     
   721.000000000000        6.27277427873253     
   722.000000000000        6.27655112319811     
   723.000000000000        6.27993377422350     
   724.000000000000        6.28428679471653     
   725.000000000000        6.28746317824688     
   726.000000000000        6.29248936927855     
   727.000000000000        6.29518525828564     
   728.000000000000        6.29885289465919     
   729.000000000000        6.30313131694100     
   730.000000000000        6.30652228585153     
   731.000000000000        6.30991697143156     
   732.000000000000        6.31427543465023     
   733.000000000000        6.31789615430053     
   734.000000000000        6.32074391905043     
   735.000000000000        6.32476686123442     
   736.000000000000        6.32791243030744     
   737.000000000000        6.33246592876194     
   738.000000000000        6.33560453833502     
   739.000000000000        6.33973099822154     
   740.000000000000        6.34244517059867     
   741.000000000000        6.34630559299581     
   742.000000000000        6.35002434081968     
   743.000000000000        6.35365974825985     
   744.000000000000        6.35705126230483     
   745.000000000000        6.35958327393686     
   746.000000000000        6.36394216785725     
   747.000000000000        6.36728073530642     
   748.000000000000        6.37076274392729     
   749.000000000000        6.37312201218714     
   750.000000000000        6.37803496367713     
   751.000000000000        6.38081514315128     
   752.000000000000        6.38381195512985     
   753.000000000000        6.38735598771582     
   754.000000000000        6.39061353260070     
   755.000000000000        6.39362674387124     
   756.000000000000        6.39819075647109     
   757.000000000000        6.39989392414881     
   758.000000000000        6.40339544189726     
   759.000000000000        6.40766860628154     
   760.000000000000        6.41002716079314     
   761.000000000000        6.41307522426066     
   762.000000000000        6.41721872814890     
   763.000000000000        6.41926582274023     
   764.000000000000        6.42205013179920     
   765.000000000000        6.42671389193830     
   766.000000000000        6.42915411030144     
   767.000000000000        6.43097271371320     
   768.000000000000        6.43546091216830     
   769.000000000000        6.43877795414996     
   770.000000000000        6.44096671917792     
   771.000000000000        6.44328193223038     
   772.000000000000        6.44771767414530     
   773.000000000000        6.44914659528105     
   774.000000000000        6.45317874898011     
   775.000000000000        6.45679762421629     
   776.000000000000        6.45717533105884     
   777.000000000000        6.46284853064072     
   778.000000000000        6.46389011436831     
   779.000000000000        6.46645358600137     
   780.000000000000        6.47006330663671     
   781.000000000000        6.47345350122003     
   782.000000000000        6.47658900835681     
   783.000000000000        6.47835068747319     
   784.000000000000        6.48144603921234     
   785.000000000000        6.48149229127183     
   786.000000000000        6.48763393720467     
   787.000000000000        6.48766509923896     
   788.000000000000        6.49176420477773     
   789.000000000000        6.49661291861619     
   790.000000000000        6.49710471489099     
   791.000000000000        6.49775548805141     
   792.000000000000        6.50379227362783     
   793.000000000000        6.50343741381794     
   794.000000000000        6.50801347581921     
   795.000000000000        6.50981673068313     
   796.000000000000        6.51116747562338     
   797.000000000000        6.51416198020019     
   798.000000000000        6.51849914077132     
   799.000000000000        6.51846445145180     
   800.000000000000        6.52130090125163     
   801.000000000000        6.52415013027504     
   802.000000000000        6.52603892338974     
   803.000000000000        6.52848006479263     
   804.000000000000        6.53359976662732     
   805.000000000000        6.53187226474571     
   806.000000000000        6.53567396184782     
   807.000000000000        6.53757763348918     
   808.000000000000        6.53819571720004     
   809.000000000000        6.54257210238301     
   810.000000000000        6.54645914307269     
   811.000000000000        6.54522856008349     
   812.000000000000        6.54796544974031     
   813.000000000000        6.55085645566589     
   814.000000000000        6.55226450941066     
   815.000000000000        6.55454472722698     
   816.000000000000        6.55664971515449     
   817.000000000000        6.55783541364528     
   818.000000000000        6.56064728910983     
   819.000000000000        6.56301799462356     
   820.000000000000        6.56494136810076     
   821.000000000000        6.56529187148891     
   822.000000000000        6.56816213792936     
   823.000000000000        6.56953533021440     
   824.000000000000        6.57150521973174     
   825.000000000000        6.57464934359879     
   826.000000000000        6.57489952952551     
   827.000000000000        6.57668581612570     
   828.000000000000        6.57993286387610     
   829.000000000000        6.57938049171254     
   830.000000000000        6.58194918511732     
   831.000000000000        6.58469349114372     
   832.000000000000        6.58427200121561     
   833.000000000000        6.58786356133988     
   834.000000000000        6.58774604572651     
   835.000000000000        6.59048759984818     
   836.000000000000        6.59131538361269     
   837.000000000000        6.59237584106900     
   838.000000000000        6.59651720733965     
   839.000000000000        6.59475465803846     
   840.000000000000        6.59739710712750     
   841.000000000000        6.59684226180162     
   842.000000000000        6.60015240770712     
   843.000000000000        6.60334610085064     
   844.000000000000        6.60291787784165     
   845.000000000000        6.60286261484487     
   846.000000000000        6.60477441202175     
   847.000000000000        6.60725641843741     
   848.000000000000        6.60609668979408     
   849.000000000000        6.60887797369550     
   850.000000000000        6.60998132197977     
   851.000000000000        6.61032091304527     
   852.000000000000        6.61068636897471     
   853.000000000000        6.61353204553567     
   854.000000000000        6.61677418020596     
   855.000000000000        6.61433185534747     
   856.000000000000        6.61657331202326     
   857.000000000000        6.61723757765100     
   858.000000000000        6.61668240850247     
   859.000000000000        6.61844751669766     
   860.000000000000        6.61972123313776     
   861.000000000000        6.62165374111819     
   862.000000000000        6.62207091158069     
   863.000000000000        6.62102625789234     
   864.000000000000        6.62158870697166     
   865.000000000000        6.62591386406726     
   866.000000000000        6.62290874039126     
   867.000000000000        6.62486090357293     
   868.000000000000        6.62631332291901     
   869.000000000000        6.62668349532828     
   870.000000000000        6.62763972013095     
   871.000000000000        6.62611661064057     
   872.000000000000        6.62895333432475     
   873.000000000000        6.62763334146718     
   874.000000000000        6.63089943849348     
   875.000000000000        6.62760508350739     
   876.000000000000        6.62911425199164     
   877.000000000000        6.63108835760534     
   878.000000000000        6.63365164290265     
   879.000000000000        6.62773095291416     
   880.000000000000        6.63069001213165     
   881.000000000000        6.63320841405742     
   882.000000000000        6.63210095742756     
   883.000000000000        6.63312832323624     
   884.000000000000        6.62947793544249     
   885.000000000000        6.63485792610158     
   886.000000000000        6.63030157647779     
   887.000000000000        6.63279909268515     
   888.000000000000        6.63229184018498     
   889.000000000000        6.63320122522624     
   890.000000000000        6.63431415664954     
   891.000000000000        6.63300332714719     
   892.000000000000        6.63250092664821     
   893.000000000000        6.63269969289526     
   894.000000000000        6.63253982196101     
   895.000000000000        6.63314345288207     
   896.000000000000        6.63228373823668     
   897.000000000000        6.63188925512307     
   898.000000000000        6.63112684572169     
   899.000000000000        6.63199770825016     
   900.000000000000        6.63285972781007     
   901.000000000000        6.63055556723255     
   902.000000000000        6.63227900169670     
   903.000000000000        6.62971515097095     
   904.000000000000        6.62921010080862     
   905.000000000000        6.63045909752220     
   906.000000000000        6.62803552725710     
   907.000000000000        6.62804399954294     
   908.000000000000        6.62993729927940     
   909.000000000000        6.62577798334070     
   910.000000000000        6.62862499946221     
   911.000000000000        6.62598438210033     
   912.000000000000        6.62794824937750     
   913.000000000000        6.62353440377905     
   914.000000000000        6.62705466665645     
   915.000000000000        6.62385032442196     
   916.000000000000        6.62408114312382     
   917.000000000000        6.62372487410907     
   918.000000000000        6.62060386916635     
   919.000000000000        6.61996936856614     
   920.000000000000        6.62078133866259     
   921.000000000000        6.61629405205018     
   922.000000000000        6.61931502479167     
   923.000000000000        6.61842466285679     
   924.000000000000        6.61548213458491     
   925.000000000000        6.61640862726131     
   926.000000000000        6.61273788047762     
   927.000000000000        6.61407616652317     
   928.000000000000        6.61398694497467     
   929.000000000000        6.61053378409322     
   930.000000000000        6.60849758141437     
   931.000000000000        6.61010040480103     
   932.000000000000        6.60707767365861     
   933.000000000000        6.60530876358197     
   934.000000000000        6.60494290742387     
   935.000000000000        6.60448514384587     
   936.000000000000        6.60331885582347     
   937.000000000000        6.59878207845046     
   938.000000000000        6.59871213261296     
   939.000000000000        6.59982606046652     
   940.000000000000        6.59891758544601     
   941.000000000000        6.59334403084166     
   942.000000000000        6.59588663645868     
   943.000000000000        6.59059155553734     
   944.000000000000        6.59194592034779     
   945.000000000000        6.58600423798668     
   946.000000000000        6.58911094813332     
   947.000000000000        6.58745713286068     
   948.000000000000        6.58380606491051     
   949.000000000000        6.58217940173060     
   950.000000000000        6.57880149154833     
   951.000000000000        6.57912926918903     
   952.000000000000        6.57722087864643     
   953.000000000000        6.57670382994891     
   954.000000000000        6.57482887415441     
   955.000000000000        6.57039357085346     
   956.000000000000        6.56760004195089     
   957.000000000000        6.57018023655407     
   958.000000000000        6.56719310670423     
   959.000000000000        6.56071790878834     
   960.000000000000        6.55999203440920     
   961.000000000000        6.56091289337611     
   962.000000000000        6.56066143642440     
   963.000000000000        6.55245866246896     
   964.000000000000        6.55585757387051     
   965.000000000000        6.55295713277314     
   966.000000000000        6.54275902344763     
   967.000000000000        6.55064878624534     
   968.000000000000        6.54430720477323     
   969.000000000000        6.53976829011993     
   970.000000000000        6.53672951120343     
   971.000000000000        6.54173366996507     
   972.000000000000        6.53465064417261     
   973.000000000000        6.52901710149289     
   974.000000000000        6.53077239941910     
   975.000000000000        6.52962503403313     
   976.000000000000        6.52560277362666     
   977.000000000000        6.52163029224661     
   978.000000000000        6.51921112041262     
   979.000000000000        6.51852795324602     
   980.000000000000        6.51627175895912     
   981.000000000000        6.51125875763373     
   982.000000000000        6.51053736229508     
   983.000000000000        6.50436015509125     
   984.000000000000        6.50745014946391     
   985.000000000000        6.50016313817170     
   986.000000000000        6.49427548374844     
   987.000000000000        6.49878650491164     
   988.000000000000        6.49258946723542     
   989.000000000000        6.48694611411553     
   990.000000000000        6.49016643617075     
   991.000000000000        6.48096717026416     
   992.000000000000        6.48378481265687     
   993.000000000000        6.47965027948723     
   994.000000000000        6.47655856365394     
   995.000000000000        6.47026577507382     
   996.000000000000        6.47107357899493     
   997.000000000000        6.46147215726062     
   998.000000000000        6.46332399380979     
   999.000000000000        6.45851864991412     
   1000.00000000000        6.45677891465636     
   1001.00000000000        6.45473256420217     
   1002.00000000000        6.44778836107130     
   1003.00000000000        6.44779634982638     
   1004.00000000000        6.44243649022352     
   1005.00000000000        6.44081879927726     
   1006.00000000000        6.43611226545979     
   1007.00000000000        6.43408061822437     
   1008.00000000000        6.43060078569584     
   1009.00000000000        6.42561840626111     
   1010.00000000000        6.42339770950479     
   1011.00000000000        6.42132563600569     
   1012.00000000000        6.41555740072446     
   1013.00000000000        6.40959400175549     
   1014.00000000000        6.41155712441677     
   1015.00000000000        6.40420216231657     
   1016.00000000000        6.40027384840260     
   1017.00000000000        6.40087215456430     
   1018.00000000000        6.39210873432072     
   1019.00000000000        6.39398236920109     
   1020.00000000000        6.38471953965071     
   1021.00000000000        6.38473986382566     
   1022.00000000000        6.37782725710100     
   1023.00000000000        6.37724160489136     
   1024.00000000000        6.37092227638400     
   1025.00000000000        6.36632314666184     
   1026.00000000000        6.36401212961767     
   1027.00000000000        6.35807582207149     
   1028.00000000000        6.35806352852399     
   1029.00000000000        6.35406260771495     
   1030.00000000000        6.34467882649019     
   1031.00000000000        6.34413522363067     
   1032.00000000000        6.34266605205043     
   1033.00000000000        6.33251499725613     
   1034.00000000000        6.33567695971910     
   1035.00000000000        6.32230119268360     
   1036.00000000000        6.32487668484398     
   1037.00000000000        6.31666050706801     
   1038.00000000000        6.32013410517094     
   1039.00000000000        6.30814901411362     
   1040.00000000000        6.30935244326436     
   1041.00000000000        6.30047368494606     
   1042.00000000000        6.29730781163906     
   1043.00000000000        6.29395606516768     
   1044.00000000000        6.29035455936235     
   1045.00000000000        6.28157636274671     
   1046.00000000000        6.28370119143132     
   1047.00000000000        6.27850001229939     
   1048.00000000000        6.27009071732230     
   1049.00000000000        6.26537163446483     
   1050.00000000000        6.26329372695636     
   1051.00000000000        6.26151433456329     
   1052.00000000000        6.24996452167518     
   1053.00000000000        6.24994790295194     
   1054.00000000000        6.24129825593503     
   1055.00000000000        6.23802933407639     
   1056.00000000000        6.24012336267019     
   1057.00000000000        6.22728358086512     
   1058.00000000000        6.22527051618520     
   1059.00000000000        6.22149376201201     
   1060.00000000000        6.21711424133958     
   1061.00000000000        6.20983870994773     
   1062.00000000000        6.20509481489785     
   1063.00000000000        6.20077734787685     
   1064.00000000000        6.20163682706893     
   1065.00000000000        6.19222403664208     
   1066.00000000000        6.18716689755923     
   1067.00000000000        6.18079767975543     
   1068.00000000000        6.17695544233448     
   1069.00000000000        6.17373144822709     
   1070.00000000000        6.16677575025724     
   1071.00000000000        6.15774924693227     
   1072.00000000000        6.16077037052249     
   1073.00000000000        6.15179150119254     
   1074.00000000000        6.14779147866443     
   1075.00000000000        6.13688206690730     
   1076.00000000000        6.14345644540118     
   1077.00000000000        6.12866015662831     
   1078.00000000000        6.12632525160772     
   1079.00000000000        6.12237729648184     
   1080.00000000000        6.11429617071543     
   1081.00000000000        6.11088582334565     
   1082.00000000000        6.10781151330260     
   1083.00000000000        6.10209295705407     
   1084.00000000000        6.08993512390462     
   1085.00000000000        6.09054102012943     
   1086.00000000000        6.08689979088515     
   1087.00000000000        6.08049472076354     
   1088.00000000000        6.07078858841472     
   1089.00000000000        6.06055924291636     
   1090.00000000000        6.06818070994626     
   1091.00000000000        6.06213743443032     
   1092.00000000000        6.04906012090360     
   1093.00000000000        6.04597577782599     
   1094.00000000000        6.04363707558879     
   1095.00000000000        6.02796708755319     
   1096.00000000000        6.03388723408229     
   1097.00000000000        6.02149319272932     
   1098.00000000000        6.02229885119941     
   1099.00000000000        6.00889484369776     
   1100.00000000000        6.00701038983924     
   1101.00000000000        6.00414286947176     
   1102.00000000000        5.99109840017768     
   1103.00000000000        5.99084160286325     
   1104.00000000000        5.98207541593176     
   1105.00000000000        5.98279538238706     
   1106.00000000000        5.96885583892045     
   1107.00000000000        5.96823444634332     
   1108.00000000000        5.96266806058742     
   1109.00000000000        5.95945305678683     
   1110.00000000000        5.94514463135425     
   1111.00000000000        5.94797639188527     
   1112.00000000000        5.92618755674958     
   1113.00000000000        5.93797345446484     
   1114.00000000000        5.92848189104828     
   1115.00000000000        5.91724950561289     
   1116.00000000000        5.91764950519871     
   1117.00000000000        5.90227207122692     
   1118.00000000000        5.90439254167586     
   1119.00000000000        5.89668593727773     
   1120.00000000000        5.88952078108350     
   1121.00000000000        5.88855278795322     
   1122.00000000000        5.87391739700106     
   1123.00000000000        5.86730326306399     
   1124.00000000000        5.86617619885673     
   1125.00000000000        5.85872244251063     
   1126.00000000000        5.85209572081019     
   1127.00000000000        5.85028591590070     
   1128.00000000000        5.83743274761946     
   1129.00000000000        5.83950181361035     
   1130.00000000000        5.82611359713295     
   1131.00000000000        5.81621144843936     
   1132.00000000000        5.82004558505746     
   1133.00000000000        5.80991420619603     
   1134.00000000000        5.80354096639971     
   1135.00000000000        5.79562413895469     
   1136.00000000000        5.78680327187492     
   1137.00000000000        5.78423572833244     
   1138.00000000000        5.78068268812144     
   1139.00000000000        5.76906855406297     
   1140.00000000000        5.76797661978490     
   1141.00000000000        5.75807243478105     
   1142.00000000000        5.75234034474019     
   1143.00000000000        5.74473229133591     
   1144.00000000000        5.74077763035138     
   1145.00000000000        5.72743406528613     
   1146.00000000000        5.72381840275395     
   1147.00000000000        5.71801202581354     
   1148.00000000000        5.72213031072332     
   1149.00000000000        5.70345971454593     
   1150.00000000000        5.70205082980458     
   1151.00000000000        5.68943193096908     
   1152.00000000000        5.69146755767617     
   1153.00000000000        5.67246820019943     
   1154.00000000000        5.67293878180924     
   1155.00000000000        5.66435223024710     
   1156.00000000000        5.66498590565247     
   1157.00000000000        5.64702187422237     
   1158.00000000000        5.65248571585268     
   1159.00000000000        5.63993381950817     
   1160.00000000000        5.62729080954761     
   1161.00000000000        5.62393546026032     
   1162.00000000000        5.62833503776692     
   1163.00000000000        5.61057834550412     
   1164.00000000000        5.60318008913030     
   1165.00000000000        5.60042789711293     
   1166.00000000000        5.59326855436765     
   1167.00000000000        5.57464884927252     
   1168.00000000000        5.59188060988520     
   1169.00000000000        5.56447561485082     
   1170.00000000000        5.56022269887701     
   1171.00000000000        5.55747586409788     
   1172.00000000000        5.56086170092202     
   1173.00000000000        5.53496473009428     
   1174.00000000000        5.54324231433122     
   1175.00000000000        5.52831570522915     
   1176.00000000000        5.51745505369333     
   1177.00000000000        5.51201442388643     
   1178.00000000000        5.50919160786780     
   1179.00000000000        5.51139380083443     
   1180.00000000000        5.48706964494131     
   1181.00000000000        5.48822913522226     
   1182.00000000000        5.48603880511249     
   1183.00000000000        5.46543149508546     
   1184.00000000000        5.46798776274865     
   1185.00000000000        5.45900869991850     
   1186.00000000000        5.45750581740419     
   1187.00000000000        5.43557130808460     
   1188.00000000000        5.43978376000657     
   1189.00000000000        5.42832800126256     
   1190.00000000000        5.42507450850879     
   1191.00000000000        5.41815042569672     
   1192.00000000000        5.40324625841958     
   1193.00000000000        5.40013608064911     
   1194.00000000000        5.39954524969379     
   1195.00000000000        5.38911507293207     
   1196.00000000000        5.37758851005551     
   1197.00000000000        5.37116179132137     
   1198.00000000000        5.36163912814037     
   1199.00000000000        5.35889214275378     
   1200.00000000000        5.35008567693778     
   1201.00000000000        5.33800048005154     
   1202.00000000000        5.33838505210108     
   1203.00000000000        5.32262229838729     
   1204.00000000000        5.32127346861399     
   1205.00000000000        5.31741414370342     
   1206.00000000000        5.30547409817648     
   1207.00000000000        5.29584600518181     
   1208.00000000000        5.29803503649411     
   1209.00000000000        5.27916523777764     
   1210.00000000000        5.27878334628620     
   1211.00000000000        5.26241803274260     
   1212.00000000000        5.26290665421853     
   1213.00000000000        5.25196386056280     
   1214.00000000000        5.24415576469839     
   1215.00000000000        5.24199197069258     
   1216.00000000000        5.23671745713908     
   1217.00000000000        5.22147052319852     
   1218.00000000000        5.20934779798636     
   1219.00000000000        5.21067097899428     
   1220.00000000000        5.20178243256107     
   1221.00000000000        5.18925563960039     
   1222.00000000000        5.18717243722216     
   1223.00000000000        5.17537255333609     
   1224.00000000000        5.16998854585294     
   1225.00000000000        5.16006455330262     
   1226.00000000000        5.15475024702623     
   1227.00000000000        5.14767164077563     
   1228.00000000000        5.13441661209831     
   1229.00000000000        5.13376136866808     
   1230.00000000000        5.12524905098407     
   1231.00000000000        5.11118413863647     
   1232.00000000000        5.11724323103795     
   1233.00000000000        5.09166060376004     
   1234.00000000000        5.09521241263689     
   1235.00000000000        5.08573282483734     
   1236.00000000000        5.07574477666984     
   1237.00000000000        5.06676438306931     
   1238.00000000000        5.05870006784426     
   1239.00000000000        5.05617066013316     
   1240.00000000000        5.04500351844495     
   1241.00000000000        5.03849201787349     
   1242.00000000000        5.03163947487023     
   1243.00000000000        5.01833054778390     
   1244.00000000000        5.01604964770598     
   1245.00000000000        5.00598295574222     
   1246.00000000000        4.99182090427929     
   1247.00000000000        4.99796523628182     
   1248.00000000000        4.97770915733366     
   1249.00000000000        4.98124027293994     
   1250.00000000000        4.96218612572364     
   1251.00000000000        4.95436170701489     
   1252.00000000000        4.94896599527541     
   1253.00000000000        4.94160955424069     
   1254.00000000000        4.93341422531932     
   1255.00000000000        4.92921489938399     
   1256.00000000000        4.92217013749120     
   1257.00000000000        4.90179516115394     
   1258.00000000000        4.91196149420446     
   1259.00000000000        4.88884431528383     
   1260.00000000000        4.88326564998830     
   1261.00000000000        4.88228132789769     
   1262.00000000000        4.87356851599437     
   1263.00000000000        4.85513533778216     
   1264.00000000000        4.85794752505122     
   1265.00000000000        4.83867019970479     
   1266.00000000000        4.84354682207875     
   1267.00000000000        4.81907092410914     
   1268.00000000000        4.82713477501205     
   1269.00000000000        4.81036786598647     
   1270.00000000000        4.80570443115437     
   1271.00000000000        4.79375360075471     
   1272.00000000000        4.79073020777725     
   1273.00000000000        4.78425605859982     
   1274.00000000000        4.76650674116145     
   1275.00000000000        4.76267816184745     
   1276.00000000000        4.74911945383989     
   1277.00000000000        4.75419110002041     
   1278.00000000000        4.73064018755378     
   1279.00000000000        4.73070172176323     
   1280.00000000000        4.72764743852694     
   1281.00000000000        4.71134073297961     
   1282.00000000000        4.70490498777497     
   1283.00000000000        4.70010757515664     
   1284.00000000000        4.67830469389434     
   1285.00000000000        4.69406650452726     
   1286.00000000000        4.66967826518649     
   1287.00000000000        4.65523240454936     
   1288.00000000000        4.65662498032451     
   1289.00000000000        4.65152503210854     
   1290.00000000000        4.63294088370271     
   1291.00000000000        4.62555084434241     
   1292.00000000000        4.61596909825728     
   1293.00000000000        4.62141489729217     
   1294.00000000000        4.59359348377883     
   1295.00000000000        4.60994983984945     
   1296.00000000000        4.57888148841463     
   1297.00000000000        4.58312579317737     
   1298.00000000000        4.56482551871285     
   1299.00000000000        4.56621285088100     
   1300.00000000000        4.54721720817041     
   1301.00000000000        4.54363538323905     
   1302.00000000000        4.53659120776049     
   1303.00000000000        4.52927956705188     
   1304.00000000000        4.50895455706724     
   1305.00000000000        4.51104149702461     
   1306.00000000000        4.50623021987125     
   1307.00000000000        4.49963459597661     
   1308.00000000000        4.47815328036190     
   1309.00000000000        4.46995618555174     
   1310.00000000000        4.47654634599950     
   1311.00000000000        4.45250298462455     
   1312.00000000000        4.44540978081487     
   1313.00000000000        4.44482162981557     
   1314.00000000000        4.43614731001577     
   1315.00000000000        4.41534764407242     
   1316.00000000000        4.41459192208189     
   1317.00000000000        4.40592305415706     
   1318.00000000000        4.40331554406799     
   1319.00000000000        4.37897163972012     
   1320.00000000000        4.38024406750394     
   1321.00000000000        4.37137660668782     
   1322.00000000000        4.37084203254835     
   1323.00000000000        4.34692143274554     
   1324.00000000000        4.33967109035494     
   1325.00000000000        4.33629277279427     
   1326.00000000000        4.32464227942307     
   1327.00000000000        4.31587188811401     
   1328.00000000000        4.30975144568630     
   1329.00000000000        4.30278676551969     
   1330.00000000000        4.29522848194061     
   1331.00000000000        4.27342883287429     
   1332.00000000000        4.27094174586365     
   1333.00000000000        4.27624088085328     
   1334.00000000000        4.24427407984362     
   1335.00000000000        4.24504742096168     
   1336.00000000000        4.24232016629177     
   1337.00000000000        4.22897501083444     
   1338.00000000000        4.20969960792918     
   1339.00000000000        4.20678997572964     
   1340.00000000000        4.20476418574810     
   1341.00000000000        4.19038548158692     
   1342.00000000000        4.18616874560774     
   1343.00000000000        4.17419621507007     
   1344.00000000000        4.16207417262189     
   1345.00000000000        4.16276957747517     
   1346.00000000000        4.13535644109221     
   1347.00000000000        4.14246715142052     
   1348.00000000000        4.12096554958663     
   1349.00000000000        4.11639923362015     
   1350.00000000000        4.11703211078278     
   1351.00000000000        4.10082359546955     
   1352.00000000000        4.08457062190887     
   1353.00000000000        4.08109306171580     
   1354.00000000000        4.06966066348990     
   1355.00000000000        4.07506735256159     
   1356.00000000000        4.05072659904373     
   1357.00000000000        4.04104745353747     
   1358.00000000000        4.03286992179400     
