  0.000000000000000E+000   14.9579007253234     
   1.00000000000000        14.9578780974230     
   2.00000000000000        14.9578556380416     
   3.00000000000000        14.9578335642028     
   4.00000000000000        14.9578118751286     
   5.00000000000000        14.9577905698277     
   6.00000000000000        14.9577696488041     
   7.00000000000000        14.9577491156162     
   8.00000000000000        14.9577289807163     
   9.00000000000000        14.9577092666611     
   10.0000000000000        14.9576900098698     
   11.0000000000000        14.9576712620175     
   12.0000000000000        14.9576530917312     
   13.0000000000000        14.9576355820995     
   14.0000000000000        14.9576188305684     
   15.0000000000000        14.9576029481482     
   16.0000000000000        14.9575880577820     
   17.0000000000000        14.9575742928764     
   18.0000000000000        14.9575617959814     
   19.0000000000000        14.9575507178454     
   20.0000000000000        14.9575412150434     
   21.0000000000000        14.9575334488908     
   22.0000000000000        14.9575275828213     
   23.0000000000000        14.9575237822418     
   24.0000000000000        14.9575229970742     
   25.0000000000000        14.9575234096212     
   26.0000000000000        14.9575264186943     
   27.0000000000000        14.9575325159366     
   28.0000000000000        14.9575414845164     
   29.0000000000000        14.9575534753391     
   30.0000000000000        14.9575686359202     
   31.0000000000000        14.9575871088943     
   32.0000000000000        14.9576090313725     
   33.0000000000000        14.9576345361539     
   34.0000000000000        14.9576637512844     
   35.0000000000000        14.9576967995180     
   36.0000000000000        14.9577337987020     
   37.0000000000000        14.9577748619425     
   38.0000000000000        14.9578200975119     
   39.0000000000000        14.9578696088702     
   40.0000000000000        14.9579234946422     
   41.0000000000000        14.9579818484497     
   42.0000000000000        14.9580447596159     
   43.0000000000000        14.9581123126293     
   44.0000000000000        14.9581845875738     
   45.0000000000000        14.9582616590327     
   46.0000000000000        14.9583435981542     
   47.0000000000000        14.9584304707312     
   48.0000000000000        14.9585223384015     
   49.0000000000000        14.9586192577861     
   50.0000000000000        14.9587212817262     
   51.0000000000000        14.9588284585943     
   52.0000000000000        14.9589408313327     
   53.0000000000000        14.9590584396915     
   54.0000000000000        14.9591813188656     
   55.0000000000000        14.9593095002050     
   56.0000000000000        14.9594430099206     
   57.0000000000000        14.9595818714992     
   58.0000000000000        14.9597261035234     
   59.0000000000000        14.9598757222729     
   60.0000000000000        14.9600307383014     
   61.0000000000000        14.9601911592856     
   62.0000000000000        14.9603569908557     
   63.0000000000000        14.9605282335115     
   64.0000000000000        14.9607048855988     
   65.0000000000000        14.9608869417210     
   66.0000000000000        14.9610743943702     
   67.0000000000000        14.9612672320979     
   68.0000000000000        14.9614654414355     
   69.0000000000000        14.9616690061405     
   70.0000000000000        14.9618779081386     
   71.0000000000000        14.9620921258562     
   72.0000000000000        14.9623116367649     
   73.0000000000000        14.9625364159729     
   74.0000000000000        14.9627664344414     
   75.0000000000000        14.9630016657452     
   76.0000000000000        14.9632420777550     
   77.0000000000000        14.9634876385248     
   78.0000000000000        14.9637383147546     
   79.0000000000000        14.9639940701150     
   80.0000000000000        14.9642548703910     
   81.0000000000000        14.9645206757645     
   82.0000000000000        14.9647914492384     
   83.0000000000000        14.9650671495665     
   84.0000000000000        14.9653477380428     
   85.0000000000000        14.9656331730058     
   86.0000000000000        14.9659234109756     
   87.0000000000000        14.9662184109588     
   88.0000000000000        14.9665181282861     
   89.0000000000000        14.9668225205180     
   90.0000000000000        14.9671315431843     
   91.0000000000000        14.9674451510972     
   92.0000000000000        14.9677632992081     
   93.0000000000000        14.9680859432918     
   94.0000000000000        14.9684130375616     
   95.0000000000000        14.9687445375550     
   96.0000000000000        14.9690803954303     
   97.0000000000000        14.9694205678114     
   98.0000000000000        14.9697650088217     
   99.0000000000000        14.9701136710880     
   100.000000000000        14.9704665115931     
   101.000000000000        14.9708234817593     
   102.000000000000        14.9711845415933     
   103.000000000000        14.9715496405377     
   104.000000000000        14.9719187359119     
   105.000000000000        14.9722917836733     
   106.000000000000        14.9726687393915     
   107.000000000000        14.9730495560465     
   108.000000000000        14.9734341945640     
   109.000000000000        14.9738226080201     
   110.000000000000        14.9742147542017     
   111.000000000000        14.9746105903328     
   112.000000000000        14.9750100746646     
   113.000000000000        14.9754131643683     
   114.000000000000        14.9758198176039     
   115.000000000000        14.9762299916822     
   116.000000000000        14.9766436495742     
   117.000000000000        14.9770607467744     
   118.000000000000        14.9774812462176     
   119.000000000000        14.9779051073927     
   120.000000000000        14.9783322888473     
   121.000000000000        14.9787627555914     
   122.000000000000        14.9791964675012     
   123.000000000000        14.9796333856206     
   124.000000000000        14.9800734741741     
   125.000000000000        14.9805166967691     
   126.000000000000        14.9809630158250     
   127.000000000000        14.9814123955979     
   128.000000000000        14.9818647996573     
   129.000000000000        14.9823201946226     
   130.000000000000        14.9827785451129     
   131.000000000000        14.9832398172285     
   132.000000000000        14.9837039762817     
   133.000000000000        14.9841709899178     
   134.000000000000        14.9846408264379     
   135.000000000000        14.9851134508751     
   136.000000000000        14.9855888330667     
   137.000000000000        14.9860669412670     
   138.000000000000        14.9865477448085     
   139.000000000000        14.9870312122618     
   140.000000000000        14.9875173148705     
   141.000000000000        14.9880060210722     
   142.000000000000        14.9884973033194     
   143.000000000000        14.9889911309728     
   144.000000000000        14.9894874788612     
   145.000000000000        14.9899863165826     
   146.000000000000        14.9904876142496     
   147.000000000000        14.9909913497362     
   148.000000000000        14.9914974932505     
   149.000000000000        14.9920060187810     
   150.000000000000        14.9925169006973     
   151.000000000000        14.9930301120159     
   152.000000000000        14.9935456299865     
   153.000000000000        14.9940634269572     
   154.000000000000        14.9945834804875     
   155.000000000000        14.9951057665908     
   156.000000000000        14.9956302604974     
   157.000000000000        14.9961569373156     
   158.000000000000        14.9966857786494     
   159.000000000000        14.9972167566608     
   160.000000000000        14.9977498521901     
   161.000000000000        14.9982850427346     
   162.000000000000        14.9988223056986     
   163.000000000000        14.9993616202936     
   164.000000000000        14.9999029656570     
   165.000000000000        15.0004463202294     
   166.000000000000        15.0009916647136     
   167.000000000000        15.0015389793116     
   168.000000000000        15.0020882423622     
   169.000000000000        15.0026394353661     
   170.000000000000        15.0031925407872     
   171.000000000000        15.0037475367556     
   172.000000000000        15.0043044068453     
   173.000000000000        15.0048631311235     
   174.000000000000        15.0054236927101     
   175.000000000000        15.0059860737389     
   176.000000000000        15.0065502561829     
   177.000000000000        15.0071162233001     
   178.000000000000        15.0076839576146     
   179.000000000000        15.0082534427787     
   180.000000000000        15.0088246611327     
   181.000000000000        15.0093975999138     
   182.000000000000        15.0099722388923     
   183.000000000000        15.0105485645439     
   184.000000000000        15.0111265609515     
   185.000000000000        15.0117062115155     
   186.000000000000        15.0122875047054     
   187.000000000000        15.0128704215871     
   188.000000000000        15.0134549503506     
   189.000000000000        15.0140410754829     
   190.000000000000        15.0146287829008     
   191.000000000000        15.0152180564172     
   192.000000000000        15.0158088889004     
   193.000000000000        15.0164012588943     
   194.000000000000        15.0169951576919     
   195.000000000000        15.0175905721027     
   196.000000000000        15.0181874857882     
   197.000000000000        15.0187858879367     
   198.000000000000        15.0193857677841     
   199.000000000000        15.0199871126707     
   200.000000000000        15.0205899063696     
   201.000000000000        15.0211941404464     
   202.000000000000        15.0217998004002     
   203.000000000000        15.0224068778073     
   204.000000000000        15.0230153587338     
   205.000000000000        15.0236252334804     
   206.000000000000        15.0242364886154     
   207.000000000000        15.0248491157307     
   208.000000000000        15.0254631012803     
   209.000000000000        15.0260784363312     
   210.000000000000        15.0266951087458     
   211.000000000000        15.0273131089630     
   212.000000000000        15.0279324284223     
   213.000000000000        15.0285530532107     
   214.000000000000        15.0291749760515     
   215.000000000000        15.0297981863633     
   216.000000000000        15.0304226763495     
   217.000000000000        15.0310484335492     
   218.000000000000        15.0316754486625     
   219.000000000000        15.0323037127933     
   220.000000000000        15.0329332177350     
   221.000000000000        15.0335639532666     
   222.000000000000        15.0341959123911     
   223.000000000000        15.0348290863819     
   224.000000000000        15.0354634608764     
   225.000000000000        15.0360990349365     
   226.000000000000        15.0367357953922     
   227.000000000000        15.0373737341979     
   228.000000000000        15.0380128464023     
   229.000000000000        15.0386531204816     
   230.000000000000        15.0392945507585     
   231.000000000000        15.0399371267341     
   232.000000000000        15.0405808389718     
   233.000000000000        15.0412256875559     
   234.000000000000        15.0418716581506     
   235.000000000000        15.0425187445635     
   236.000000000000        15.0431669425363     
   237.000000000000        15.0438162388962     
   238.000000000000        15.0444666347275     
   239.000000000000        15.0451181141988     
   240.000000000000        15.0457706772839     
   241.000000000000        15.0464243088053     
   242.000000000000        15.0470790101844     
   243.000000000000        15.0477347741536     
   244.000000000000        15.0483915888069     
   245.000000000000        15.0490494506188     
   246.000000000000        15.0497083550640     
   247.000000000000        15.0503682919351     
   248.000000000000        15.0510292573277     
   249.000000000000        15.0516912417518     
   250.000000000000        15.0523542441484     
   251.000000000000        15.0530182554293     
   252.000000000000        15.0536832701525     
   253.000000000000        15.0543492827659     
   254.000000000000        15.0550162861083     
   255.000000000000        15.0556842766809     
   256.000000000000        15.0563532474394     
   257.000000000000        15.0570231926685     
   258.000000000000        15.0576941062476     
   259.000000000000        15.0583659854557     
   260.000000000000        15.0590388220000     
   261.000000000000        15.0597126109412     
   262.000000000000        15.0603873481750     
   263.000000000000        15.0610630295839     
   264.000000000000        15.0617396459756     
   265.000000000000        15.0624171939968     
   266.000000000000        15.0630956729052     
   267.000000000000        15.0637750711354     
   268.000000000000        15.0644553905544     
   269.000000000000        15.0651366203062     
   270.000000000000        15.0658187564532     
   271.000000000000        15.0665017984795     
   272.000000000000        15.0671857365016     
   273.000000000000        15.0678705728997     
   274.000000000000        15.0685562979883     
   275.000000000000        15.0692429039248     
   276.000000000000        15.0699303954879     
   277.000000000000        15.0706187626548     
   278.000000000000        15.0713080004938     
   279.000000000000        15.0719981066546     
   280.000000000000        15.0726890765166     
   281.000000000000        15.0733809078134     
   282.000000000000        15.0740735928096     
   283.000000000000        15.0747671294526     
   284.000000000000        15.0754615158567     
   285.000000000000        15.0761567421475     
   286.000000000000        15.0768528108310     
   287.000000000000        15.0775497152237     
   288.000000000000        15.0782474483891     
   289.000000000000        15.0789460133720     
   290.000000000000        15.0796453992252     
   291.000000000000        15.0803456106528     
   292.000000000000        15.0810466367749     
   293.000000000000        15.0817484755681     
   294.000000000000        15.0824511258110     
   295.000000000000        15.0831545818299     
   296.000000000000        15.0838588442551     
   297.000000000000        15.0845639051609     
   298.000000000000        15.0852697588081     
   299.000000000000        15.0859764099814     
   300.000000000000        15.0866838490455     
   301.000000000000        15.0873920758409     
   302.000000000000        15.0881010844916     
   303.000000000000        15.0888108755138     
   304.000000000000        15.0895214430450     
   305.000000000000        15.0902327839640     
   306.000000000000        15.0909448975164     
   307.000000000000        15.0916577790146     
   308.000000000000        15.0923714206792     
   309.000000000000        15.0930858314865     
   310.000000000000        15.0938009974838     
   311.000000000000        15.0945169214098     
   312.000000000000        15.0952335981894     
   313.000000000000        15.0959510251337     
   314.000000000000        15.0966691995111     
   315.000000000000        15.0973881213530     
   316.000000000000        15.0981077839107     
   317.000000000000        15.0988281860432     
   318.000000000000        15.0995493279119     
   319.000000000000        15.1002712010855     
   320.000000000000        15.1009938083361     
   321.000000000000        15.1017171444735     
   322.000000000000        15.1024412063298     
   323.000000000000        15.1031659947927     
   324.000000000000        15.1038915055644     
   325.000000000000        15.1046177363804     
   326.000000000000        15.1053446827654     
   327.000000000000        15.1060723447215     
   328.000000000000        15.1068007179257     
   329.000000000000        15.1075298044585     
   330.000000000000        15.1082595963570     
   331.000000000000        15.1089900936534     
   332.000000000000        15.1097212970107     
   333.000000000000        15.1104532019160     
   334.000000000000        15.1111858028642     
   335.000000000000        15.1119191045619     
   336.000000000000        15.1126530988487     
   337.000000000000        15.1133877870709     
   338.000000000000        15.1141231658996     
   339.000000000000        15.1148592314428     
   340.000000000000        15.1155959864855     
   341.000000000000        15.1163334248044     
   342.000000000000        15.1170715484079     
   343.000000000000        15.1178103499816     
   344.000000000000        15.1185498310824     
   345.000000000000        15.1192899889557     
   346.000000000000        15.1200308229960     
   347.000000000000        15.1207723309357     
   348.000000000000        15.1215145101798     
   349.000000000000        15.1222573585082     
   350.000000000000        15.1230008755941     
   351.000000000000        15.1237450592024     
   352.000000000000        15.1244899098902     
   353.000000000000        15.1252354199616     
   354.000000000000        15.1259815907217     
   355.000000000000        15.1267284220220     
   356.000000000000        15.1274759111390     
   357.000000000000        15.1282240594249     
   358.000000000000        15.1289728593679     
   359.000000000000        15.1297223119093     
   360.000000000000        15.1304724185876     
   361.000000000000        15.1312231747549     
   362.000000000000        15.1319745797913     
   363.000000000000        15.1327266308428     
   364.000000000000        15.1334793275229     
   365.000000000000        15.1342326681810     
   366.000000000000        15.1349866558518     
   367.000000000000        15.1357412813728     
   368.000000000000        15.1364965474416     
   369.000000000000        15.1372524500185     
   370.000000000000        15.1380089927445     
   371.000000000000        15.1387661710611     
   372.000000000000        15.1395239821279     
   373.000000000000        15.1402824277522     
   374.000000000000        15.1410415064191     
   375.000000000000        15.1418012153677     
   376.000000000000        15.1425615543400     
   377.000000000000        15.1433225235410     
   378.000000000000        15.1440841129332     
   379.000000000000        15.1448463369162     
   380.000000000000        15.1456091809468     
   381.000000000000        15.1463726484397     
   382.000000000000        15.1471367403368     
   383.000000000000        15.1479014536346     
   384.000000000000        15.1486667863824     
   385.000000000000        15.1494327405805     
   386.000000000000        15.1501993129829     
   387.000000000000        15.1509665019370     
   388.000000000000        15.1517343048330     
   389.000000000000        15.1525027266674     
   390.000000000000        15.1532717577954     
   391.000000000000        15.1540414045138     
   392.000000000000        15.1548116663232     
   393.000000000000        15.1555825375550     
   394.000000000000        15.1563540196576     
   395.000000000000        15.1571261115858     
   396.000000000000        15.1578988112392     
   397.000000000000        15.1586721176651     
   398.000000000000        15.1594460317944     
   399.000000000000        15.1602205530060     
   400.000000000000        15.1609956796749     
   401.000000000000        15.1617714077916     
   402.000000000000        15.1625477423563     
   403.000000000000        15.1633246818137     
   404.000000000000        15.1641022178485     
   405.000000000000        15.1648803571180     
   406.000000000000        15.1656590988051     
   407.000000000000        15.1664384387250     
   408.000000000000        15.1672183789025     
   409.000000000000        15.1679989182347     
   410.000000000000        15.1687800534066     
   411.000000000000        15.1695617850078     
   412.000000000000        15.1703441141513     
   413.000000000000        15.1711270376089     
   414.000000000000        15.1719105607103     
   415.000000000000        15.1726946760344     
   416.000000000000        15.1734793833719     
   417.000000000000        15.1742646867369     
   418.000000000000        15.1750505824865     
   419.000000000000        15.1758370668857     
   420.000000000000        15.1766241486639     
   421.000000000000        15.1774118166880     
   422.000000000000        15.1782000788618     
   423.000000000000        15.1789889281529     
   424.000000000000        15.1797783692472     
   425.000000000000        15.1805683983093     
   426.000000000000        15.1813590194001     
   427.000000000000        15.1821502278863     
   428.000000000000        15.1829420198726     
   429.000000000000        15.1837344019700     
   430.000000000000        15.1845273705667     
   431.000000000000        15.1853209250678     
   432.000000000000        15.1861150699319     
   433.000000000000        15.1869098003112     
   434.000000000000        15.1877051121365     
   435.000000000000        15.1885010120663     
   436.000000000000        15.1892974924315     
   437.000000000000        15.1900945621696     
   438.000000000000        15.1908922135848     
   439.000000000000        15.1916904521286     
   440.000000000000        15.1924892708970     
   441.000000000000        15.1932886746752     
   442.000000000000        15.1940886608176     
   443.000000000000        15.1948892297147     
   444.000000000000        15.1956903803284     
   445.000000000000        15.1964921152906     
   446.000000000000        15.1972944334486     
   447.000000000000        15.1980973316495     
   448.000000000000        15.1989008105207     
   449.000000000000        15.1997048731514     
   450.000000000000        15.2005095173256     
   451.000000000000        15.2013147422520     
   452.000000000000        15.2021205463063     
   453.000000000000        15.2029269363122     
   454.000000000000        15.2037339017999     
   455.000000000000        15.2045414531023     
   456.000000000000        15.2053495822734     
   457.000000000000        15.2061582901766     
   458.000000000000        15.2069675841274     
   459.000000000000        15.2077774547609     
   460.000000000000        15.2085879067485     
   461.000000000000        15.2093989374459     
   462.000000000000        15.2102105495885     
   463.000000000000        15.2110227446042     
   464.000000000000        15.2118355195081     
   465.000000000000        15.2126488735263     
   466.000000000000        15.2134628087857     
   467.000000000000        15.2142773233375     
   468.000000000000        15.2150924186662     
   469.000000000000        15.2159080950081     
   470.000000000000        15.2167243541638     
   471.000000000000        15.2175411903134     
   472.000000000000        15.2183586066815     
   473.000000000000        15.2191766088290     
   474.000000000000        15.2199951877553     
   475.000000000000        15.2208143507290     
   476.000000000000        15.2216340915435     
   477.000000000000        15.2224544181793     
   478.000000000000        15.2232753249440     
   479.000000000000        15.2240968102614     
   480.000000000000        15.2249188786468     
   481.000000000000        15.2257415346628     
   482.000000000000        15.2265647649175     
   483.000000000000        15.2273885832141     
   484.000000000000        15.2282129797970     
   485.000000000000        15.2290379642204     
   486.000000000000        15.2298635265530     
   487.000000000000        15.2306896742425     
   488.000000000000        15.2315164110179     
   489.000000000000        15.2323437254598     
   490.000000000000        15.2331716271992     
   491.000000000000        15.2340001101503     
   492.000000000000        15.2348291769721     
   493.000000000000        15.2356588355209     
   494.000000000000        15.2364890725070     
   495.000000000000        15.2373199000620     
   496.000000000000        15.2381513129085     
   497.000000000000        15.2389833080786     
   498.000000000000        15.2398158969239     
   499.000000000000        15.2406490669249     
   500.000000000000        15.2414828262245     
   501.000000000000        15.2423171786705     
   502.000000000000        15.2431521101876     
   503.000000000000        15.2439876351146     
   504.000000000000        15.2448237509518     
   505.000000000000        15.2456604555028     
   506.000000000000        15.2464977473115     
   507.000000000000        15.2473356323780     
   508.000000000000        15.2481741063612     
   509.000000000000        15.2490131734616     
   510.000000000000        15.2498528317065     
   511.000000000000        15.2506930824991     
   512.000000000000        15.2515339261330     
   513.000000000000        15.2523753616165     
   514.000000000000        15.2532173888551     
   515.000000000000        15.2540600160851     
   516.000000000000        15.2549032421019     
   517.000000000000        15.2557470540283     
   518.000000000000        15.2565914677489     
   519.000000000000        15.2574364736065     
   520.000000000000        15.2582820775308     
   521.000000000000        15.2591282806569     
   522.000000000000        15.2599750827858     
   523.000000000000        15.2608224844386     
   524.000000000000        15.2616704848502     
   525.000000000000        15.2625190824993     
   526.000000000000        15.2633682859124     
   527.000000000000        15.2642180890037     
   528.000000000000        15.2650684929419     
   529.000000000000        15.2659194994641     
   530.000000000000        15.2667711123241     
   531.000000000000        15.2676233244404     
   532.000000000000        15.2684761458804     
   533.000000000000        15.2693295735854     
   534.000000000000        15.2701836028342     
   535.000000000000        15.2710382395666     
   536.000000000000        15.2718934877785     
   537.000000000000        15.2727493413989     
   538.000000000000        15.2736058057626     
   539.000000000000        15.2744628797188     
   540.000000000000        15.2753205610452     
   541.000000000000        15.2761788594996     
   542.000000000000        15.2770377664400     
   543.000000000000        15.2778972862978     
   544.000000000000        15.2787574201988     
   545.000000000000        15.2796181709544     
   546.000000000000        15.2804795359183     
   547.000000000000        15.2813415157196     
   548.000000000000        15.2822041127565     
   549.000000000000        15.2830673307696     
   550.000000000000        15.2839311665477     
   551.000000000000        15.2847956189124     
   552.000000000000        15.2856606938955     
   553.000000000000        15.2865263903082     
   554.000000000000        15.2873927078418     
   555.000000000000        15.2882596540163     
   556.000000000000        15.2891272145205     
   557.000000000000        15.2899954066627     
   558.000000000000        15.2908642191262     
   559.000000000000        15.2917336661009     
   560.000000000000        15.2926037339811     
   561.000000000000        15.2934744355618     
   562.000000000000        15.2943457640048     
   563.000000000000        15.2952177271934     
   564.000000000000        15.2960903189771     
   565.000000000000        15.2969635403667     
   566.000000000000        15.2978373990740     
   567.000000000000        15.2987118904251     
   568.000000000000        15.2995870179729     
   569.000000000000        15.3004627860390     
   570.000000000000        15.3013391892874     
   571.000000000000        15.3022162303677     
   572.000000000000        15.3030939128598     
   573.000000000000        15.3039722300454     
   574.000000000000        15.3048511973570     
   575.000000000000        15.3057308027311     
   576.000000000000        15.3066110528737     
   577.000000000000        15.3074919500506     
   578.000000000000        15.3083734905926     
   579.000000000000        15.3092556806563     
   580.000000000000        15.3101385174027     
   581.000000000000        15.3110220089396     
   582.000000000000        15.3119061449371     
   583.000000000000        15.3127909329479     
   584.000000000000        15.3136763751038     
   585.000000000000        15.3145624762223     
   586.000000000000        15.3154492265598     
   587.000000000000        15.3163366339014     
   588.000000000000        15.3172247037987     
   589.000000000000        15.3181134283442     
   590.000000000000        15.3190028096142     
   591.000000000000        15.3198928607762     
   592.000000000000        15.3207835667082     
   593.000000000000        15.3216749397296     
   594.000000000000        15.3225669778825     
   595.000000000000        15.3234596809649     
   596.000000000000        15.3243530518503     
   597.000000000000        15.3252470933997     
   598.000000000000        15.3261418050654     
   599.000000000000        15.3270371798880     
   600.000000000000        15.3279332382154     
   601.000000000000        15.3288299658832     
   602.000000000000        15.3297273689182     
   603.000000000000        15.3306254502282     
   604.000000000000        15.3315242029737     
   605.000000000000        15.3324236357778     
   606.000000000000        15.3333237577484     
   607.000000000000        15.3342245515068     
   608.000000000000        15.3351260345728     
   609.000000000000        15.3360281971394     
   610.000000000000        15.3369310471399     
   611.000000000000        15.3378345855872     
   612.000000000000        15.3387388149250     
   613.000000000000        15.3396437309929     
   614.000000000000        15.3405493360322     
   615.000000000000        15.3414556376763     
   616.000000000000        15.3423626327155     
   617.000000000000        15.3432703267157     
   618.000000000000        15.3441787068509     
   619.000000000000        15.3450877930483     
   620.000000000000        15.3459975769065     
   621.000000000000        15.3469080613215     
   622.000000000000        15.3478192554888     
   623.000000000000        15.3487311465077     
   624.000000000000        15.3496437443761     
   625.000000000000        15.3505570480726     
   626.000000000000        15.3514710621399     
   627.000000000000        15.3523857879426     
   628.000000000000        15.3533012224907     
   629.000000000000        15.3542173755724     
   630.000000000000        15.3551342358560     
   631.000000000000        15.3560518174026     
   632.000000000000        15.3569701159244     
   633.000000000000        15.3578891294736     
   634.000000000000        15.3588088651206     
   635.000000000000        15.3597293274550     
   636.000000000000        15.3606505076761     
   637.000000000000        15.3615724193766     
   638.000000000000        15.3624950551998     
   639.000000000000        15.3634184174821     
   640.000000000000        15.3643425130023     
   641.000000000000        15.3652673377023     
   642.000000000000        15.3661929007697     
   643.000000000000        15.3671191961803     
   644.000000000000        15.3680462286507     
   645.000000000000        15.3689739962477     
   646.000000000000        15.3699025057786     
   647.000000000000        15.3708317593929     
   648.000000000000        15.3717617496962     
   649.000000000000        15.3726924897228     
   650.000000000000        15.3736239778170     
   651.000000000000        15.3745562082986     
   652.000000000000        15.3754891916723     
   653.000000000000        15.3764229269887     
   654.000000000000        15.3773574149116     
   655.000000000000        15.3782926585036     
   656.000000000000        15.3792286598811     
   657.000000000000        15.3801654157815     
   658.000000000000        15.3811029326181     
   659.000000000000        15.3820412120543     
   660.000000000000        15.3829802559312     
   661.000000000000        15.3839200683361     
   662.000000000000        15.3848606438044     
   663.000000000000        15.3858019845723     
   664.000000000000        15.3867440990452     
   665.000000000000        15.3876869883373     
   666.000000000000        15.3886306463449     
   667.000000000000        15.3895750823659     
   668.000000000000        15.3905202940720     
   669.000000000000        15.3914662892490     
   670.000000000000        15.3924130623609     
   671.000000000000        15.3933606222569     
   672.000000000000        15.3943089639441     
   673.000000000000        15.3952580914877     
   674.000000000000        15.3962080095864     
   675.000000000000        15.3971587166725     
   676.000000000000        15.3981102144803     
   677.000000000000        15.3990625109195     
   678.000000000000        15.4000155988871     
   679.000000000000        15.4009694789159     
   680.000000000000        15.4019241683926     
   681.000000000000        15.4028796566163     
   682.000000000000        15.4038359472902     
   683.000000000000        15.4047930413956     
   684.000000000000        15.4057509441260     
   685.000000000000        15.4067096552485     
   686.000000000000        15.4076691778853     
   687.000000000000        15.4086295114893     
   688.000000000000        15.4095906600172     
   689.000000000000        15.4105526240564     
   690.000000000000        15.4115154052393     
   691.000000000000        15.4124790098297     
   692.000000000000        15.4134434355810     
   693.000000000000        15.4144086865002     
   694.000000000000        15.4153747634909     
   695.000000000000        15.4163416695346     
   696.000000000000        15.4173094035197     
   697.000000000000        15.4182779628528     
   698.000000000000        15.4192473627242     
   699.000000000000        15.4202175977721     
   700.000000000000        15.4211886744759     
   701.000000000000        15.4221605872637     
   702.000000000000        15.4231333433565     
   703.000000000000        15.4241069393989     
   704.000000000000        15.4250813808669     
   705.000000000000        15.4260566770750     
   706.000000000000        15.4270328143521     
   707.000000000000        15.4280098095765     
   708.000000000000        15.4289876562141     
   709.000000000000        15.4299663566622     
   710.000000000000        15.4309459195689     
   711.000000000000        15.4319263375279     
   712.000000000000        15.4329076169838     
   713.000000000000        15.4338897613757     
   714.000000000000        15.4348727707219     
   715.000000000000        15.4358566535335     
   716.000000000000        15.4368414004217     
   717.000000000000        15.4378270249563     
   718.000000000000        15.4388135195615     
   719.000000000000        15.4398008819010     
   720.000000000000        15.4407891387376     
   721.000000000000        15.4417782607048     
   722.000000000000        15.4427682740951     
   723.000000000000        15.4437591696355     
   724.000000000000        15.4447509513199     
   725.000000000000        15.4457436204326     
   726.000000000000        15.4467371851740     
   727.000000000000        15.4477316397040     
   728.000000000000        15.4487269858709     
   729.000000000000        15.4497232297189     
   730.000000000000        15.4507203791362     
   731.000000000000        15.4517184228302     
   732.000000000000        15.4527173641097     
   733.000000000000        15.4537172180919     
   734.000000000000        15.4547179762730     
   735.000000000000        15.4557196495534     
   736.000000000000        15.4567222360081     
   737.000000000000        15.4577257256538     
   738.000000000000        15.4587301404566     
   739.000000000000        15.4597354753788     
   740.000000000000        15.4607417157436     
   741.000000000000        15.4617488834047     
   742.000000000000        15.4627569821226     
   743.000000000000        15.4637660030335     
   744.000000000000        15.4647759563242     
   745.000000000000        15.4657868377276     
   746.000000000000        15.4667986487003     
   747.000000000000        15.4678113975736     
   748.000000000000        15.4688250776708     
   749.000000000000        15.4698397091305     
   750.000000000000        15.4708552753252     
   751.000000000000        15.4718717846905     
   752.000000000000        15.4728892392094     
   753.000000000000        15.4739076445535     
   754.000000000000        15.4749269998446     
   755.000000000000        15.4759473057169     
   756.000000000000        15.4769685656018     
   757.000000000000        15.4779907792133     
   758.000000000000        15.4790139567405     
   759.000000000000        15.4800380862063     
   760.000000000000        15.4810631857164     
   761.000000000000        15.4820892546273     
   762.000000000000        15.4831162837248     
   763.000000000000        15.4841442789188     
   764.000000000000        15.4851732541663     
   765.000000000000        15.4862032042061     
   766.000000000000        15.4872341274321     
   767.000000000000        15.4882660226100     
   768.000000000000        15.4892989022274     
   769.000000000000        15.4903327611579     
   770.000000000000        15.4913676165113     
   771.000000000000        15.4924034468333     
   772.000000000000        15.4934402658262     
   773.000000000000        15.4944780815205     
   774.000000000000        15.4955168900137     
   775.000000000000        15.4965566896920     
   776.000000000000        15.4975974984685     
   777.000000000000        15.4986392903734     
   778.000000000000        15.4996820929381     
   779.000000000000        15.5007258994762     
   780.000000000000        15.5017707077430     
   781.000000000000        15.5028165285802     
   782.000000000000        15.5038633579578     
   783.000000000000        15.5049112030934     
   784.000000000000        15.5059600642035     
   785.000000000000        15.5070099365348     
   786.000000000000        15.5080608321870     
   787.000000000000        15.5091127441716     
   788.000000000000        15.5101656809363     
   789.000000000000        15.5112196462613     
   790.000000000000        15.5122746342959     
   791.000000000000        15.5133306581435     
   792.000000000000        15.5143877124342     
   793.000000000000        15.5154457960073     
   794.000000000000        15.5165049202391     
   795.000000000000        15.5175650807708     
   796.000000000000        15.5186262821269     
   797.000000000000        15.5196885312179     
   798.000000000000        15.5207518207922     
   799.000000000000        15.5218161462188     
   800.000000000000        15.5228815401646     
   801.000000000000        15.5239479770522     
   802.000000000000        15.5250154629124     
   803.000000000000        15.5260840047498     
   804.000000000000        15.5271536041583     
   805.000000000000        15.5282242595059     
   806.000000000000        15.5292959835701     
   807.000000000000        15.5303687683167     
   808.000000000000        15.5314426179153     
   809.000000000000        15.5325175320376     
   810.000000000000        15.5335935282932     
   811.000000000000        15.5346705806872     
   812.000000000000        15.5357487109335     
   813.000000000000        15.5368279234109     
   814.000000000000        15.5379082060301     
   815.000000000000        15.5389895741065     
   816.000000000000        15.5400720195936     
   817.000000000000        15.5411555522723     
   818.000000000000        15.5422401686082     
   819.000000000000        15.5433258793953     
   820.000000000000        15.5444126718184     
   821.000000000000        15.5455005609355     
   822.000000000000        15.5465895390773     
   823.000000000000        15.5476796130207     
   824.000000000000        15.5487707848868     
   825.000000000000        15.5498630588703     
   826.000000000000        15.5509564335202     
   827.000000000000        15.5520509111327     
   828.000000000000        15.5531464996950     
   829.000000000000        15.5542431884379     
   830.000000000000        15.5553409825439     
   831.000000000000        15.5564398996903     
   832.000000000000        15.5575399340514     
   833.000000000000        15.5586410655566     
   834.000000000000        15.5597433237787     
   835.000000000000        15.5608466923640     
   836.000000000000        15.5619511990748     
   837.000000000000        15.5630568139951     
   838.000000000000        15.5641635612516     
   839.000000000000        15.5652714249755     
   840.000000000000        15.5663804232540     
   841.000000000000        15.5674905542581     
   842.000000000000        15.5686018073648     
   843.000000000000        15.5697142002711     
   844.000000000000        15.5708277265056     
   845.000000000000        15.5719423845839     
   846.000000000000        15.5730581893271     
   847.000000000000        15.5741751293821     
   848.000000000000        15.5752932134187     
   849.000000000000        15.5764124425224     
   850.000000000000        15.5775328208516     
   851.000000000000        15.5786543376541     
   852.000000000000        15.5797770082124     
   853.000000000000        15.5809008295623     
   854.000000000000        15.5820257959860     
   855.000000000000        15.5831519182172     
   856.000000000000        15.5842792001351     
   857.000000000000        15.5854076395408     
   858.000000000000        15.5865372321196     
   859.000000000000        15.5876679863695     
   860.000000000000        15.5887999089227     
   861.000000000000        15.5899329844017     
   862.000000000000        15.5910672317614     
   863.000000000000        15.5922026403499     
   864.000000000000        15.5933392176198     
   865.000000000000        15.5944769642869     
   866.000000000000        15.5956158787039     
   867.000000000000        15.5967559692105     
   868.000000000000        15.5978972316311     
   869.000000000000        15.5990396705458     
   870.000000000000        15.6001832828865     
   871.000000000000        15.6013280706330     
   872.000000000000        15.6024740388344     
   873.000000000000        15.6036211891612     
   874.000000000000        15.6047695195850     
   875.000000000000        15.6059190356476     
   876.000000000000        15.6070697343980     
   877.000000000000        15.6082216118687     
   878.000000000000        15.6093746820861     
   879.000000000000        15.6105289389158     
   880.000000000000        15.6116843877009     
   881.000000000000        15.6128410184801     
   882.000000000000        15.6139988472240     
   883.000000000000        15.6151578594258     
   884.000000000000        15.6163180669248     
   885.000000000000        15.6174794741881     
   886.000000000000        15.6186420734419     
   887.000000000000        15.6198058780215     
   888.000000000000        15.6209708699652     
   889.000000000000        15.6221370621164     
   890.000000000000        15.6233044483495     
   891.000000000000        15.6244730405637     
   892.000000000000        15.6256428377405     
   893.000000000000        15.6268138357271     
   894.000000000000        15.6279860274149     
   895.000000000000        15.6291594322941     
   896.000000000000        15.6303340382461     
   897.000000000000        15.6315098511554     
   898.000000000000        15.6326868672056     
   899.000000000000        15.6338650938050     
   900.000000000000        15.6350445264165     
   901.000000000000        15.6362251641870     
   902.000000000000        15.6374070122557     
   903.000000000000        15.6385900664166     
   904.000000000000        15.6397743381355     
   905.000000000000        15.6409598206069     
   906.000000000000        15.6421465074926     
   907.000000000000        15.6433344043082     
   908.000000000000        15.6445235165298     
   909.000000000000        15.6457138423531     
   910.000000000000        15.6469053751550     
   911.000000000000        15.6480981292679     
   912.000000000000        15.6492920932499     
   913.000000000000        15.6504872699275     
   914.000000000000        15.6516836605434     
   915.000000000000        15.6528812680715     
   916.000000000000        15.6540800904138     
   917.000000000000        15.6552801188824     
   918.000000000000        15.6564813714992     
   919.000000000000        15.6576838321976     
   920.000000000000        15.6588875176007     
   921.000000000000        15.6600924150028     
   922.000000000000        15.6612985201313     
   923.000000000000        15.6625058480552     
   924.000000000000        15.6637143841841     
   925.000000000000        15.6649241428731     
   926.000000000000        15.6661351114025     
   927.000000000000        15.6673472930934     
   928.000000000000        15.6685606928942     
   929.000000000000        15.6697753095211     
   930.000000000000        15.6709911294205     
   931.000000000000        15.6722081646185     
   932.000000000000        15.6734264228708     
   933.000000000000        15.6746458748213     
   934.000000000000        15.6758665664263     
   935.000000000000        15.6770884517593     
   936.000000000000        15.6783115503307     
   937.000000000000        15.6795358618080     
   938.000000000000        15.6807613799331     
   939.000000000000        15.6819881061483     
   940.000000000000        15.6832160452089     
   941.000000000000        15.6844451869906     
   942.000000000000        15.6856755442726     
   943.000000000000        15.6869071020414     
   944.000000000000        15.6881398563763     
   945.000000000000        15.6893738293608     
   946.000000000000        15.6906090008780     
   947.000000000000        15.6918453807113     
   948.000000000000        15.6930829511377     
   949.000000000000        15.6943217242904     
   950.000000000000        15.6955616990459     
   951.000000000000        15.6968028743940     
   952.000000000000        15.6980452374300     
   953.000000000000        15.6992887963164     
   954.000000000000        15.7005335581246     
   955.000000000000        15.7017795085356     
   956.000000000000        15.7030266452664     
   957.000000000000        15.7042749722150     
   958.000000000000        15.7055244962264     
   959.000000000000        15.7067751989157     
   960.000000000000        15.7080270957098     
   961.000000000000        15.7092801645422     
   962.000000000000        15.7105344150307     
   963.000000000000        15.7117898439778     
   964.000000000000        15.7130464614619     
   965.000000000000        15.7143042454505     
   966.000000000000        15.7155632024054     
   967.000000000000        15.7168233340981     
   968.000000000000        15.7180846435494     
   969.000000000000        15.7193471055110     
   970.000000000000        15.7206107401112     
   971.000000000000        15.7218755366314     
   972.000000000000        15.7231414907671     
   973.000000000000        15.7244086040023     
   974.000000000000        15.7256768820914     
   975.000000000000        15.7269463109355     
   976.000000000000        15.7282168872711     
   977.000000000000        15.7294886066152     
   978.000000000000        15.7307614773951     
   979.000000000000        15.7320354911906     
   980.000000000000        15.7333106411146     
   981.000000000000        15.7345869300679     
   982.000000000000        15.7358643656449     
   983.000000000000        15.7371429232855     
   984.000000000000        15.7384225999984     
   985.000000000000        15.7397034025177     
   986.000000000000        15.7409853475922     
   987.000000000000        15.7422683836784     
   988.000000000000        15.7435525547184     
   989.000000000000        15.7448378269256     
   990.000000000000        15.7461242110206     
   991.000000000000        15.7474117094189     
   992.000000000000        15.7487003074358     
   993.000000000000        15.7499899960952     
   994.000000000000        15.7512807692420     
   995.000000000000        15.7525726640091     
   996.000000000000        15.7538656200155     
   997.000000000000        15.7551596707019     
   998.000000000000        15.7564547890188     
   999.000000000000        15.7577509892013     
   1000.00000000000        15.7590482637012     
   1001.00000000000        15.7603465920716     
   1002.00000000000        15.7616459915818     
   1003.00000000000        15.7629464573515     
   1004.00000000000        15.7642479570064     
   1005.00000000000        15.7655505215304     
   1006.00000000000        15.7668541216831     
   1007.00000000000        15.7681587719600     
   1008.00000000000        15.7694644458796     
   1009.00000000000        15.7707711604768     
   1010.00000000000        15.7720788938238     
   1011.00000000000        15.7733876464543     
   1012.00000000000        15.7746974276935     
   1013.00000000000        15.7760082095639     
   1014.00000000000        15.7773199929966     
   1015.00000000000        15.7786327864795     
   1016.00000000000        15.7799465610908     
   1017.00000000000        15.7812613290752     
   1018.00000000000        15.7825770942417     
   1019.00000000000        15.7838938301032     
   1020.00000000000        15.7852115319748     
   1021.00000000000        15.7865302222790     
   1022.00000000000        15.7878498433041     
   1023.00000000000        15.7891704360238     
   1024.00000000000        15.7904919836456     
   1025.00000000000        15.7918144667270     
   1026.00000000000        15.7931378884310     
   1027.00000000000        15.7944622465110     
   1028.00000000000        15.7957875244421     
   1029.00000000000        15.7971137201141     
   1030.00000000000        15.7984408216130     
   1031.00000000000        15.7997688363732     
   1032.00000000000        15.8010977544713     
   1033.00000000000        15.8024275643546     
   1034.00000000000        15.8037582527989     
   1035.00000000000        15.8050898241390     
   1036.00000000000        15.8064222554724     
   1037.00000000000        15.8077555703858     
   1038.00000000000        15.8090897278656     
   1039.00000000000        15.8104247392324     
   1040.00000000000        15.8117605996891     
   1041.00000000000        15.8130973005481     
   1042.00000000000        15.8144348065091     
   1043.00000000000        15.8157731590263     
   1044.00000000000        15.8171123002749     
   1045.00000000000        15.8184522614515     
   1046.00000000000        15.8197930101221     
   1047.00000000000        15.8211345687116     
   1048.00000000000        15.8224768854772     
   1049.00000000000        15.8238199778875     
   1050.00000000000        15.8251638436348     
   1051.00000000000        15.8265084589725     
   1052.00000000000        15.8278538283021     
   1053.00000000000        15.8291999353921     
   1054.00000000000        15.8305467782604     
   1055.00000000000        15.8318943315130     
   1056.00000000000        15.8332425988624     
   1057.00000000000        15.8345915796375     
   1058.00000000000        15.8359412467768     
   1059.00000000000        15.8372916075691     
   1060.00000000000        15.8386426456352     
   1061.00000000000        15.8399943569972     
   1062.00000000000        15.8413467201881     
   1063.00000000000        15.8426997305206     
   1064.00000000000        15.8440533830879     
   1065.00000000000        15.8454076676327     
   1066.00000000000        15.8467625663792     
   1067.00000000000        15.8481180815474     
   1068.00000000000        15.8494741974214     
   1069.00000000000        15.8508308933213     
   1070.00000000000        15.8521881924301     
   1071.00000000000        15.8535460440819     
   1072.00000000000        15.8549044722809     
   1073.00000000000        15.8562634228827     
   1074.00000000000        15.8576229274342     
   1075.00000000000        15.8589829739916     
   1076.00000000000        15.8603435328872     
   1077.00000000000        15.8617045806536     
   1078.00000000000        15.8630661367094     
   1079.00000000000        15.8644281806708     
   1080.00000000000        15.8657906859262     
   1081.00000000000        15.8671536659567     
   1082.00000000000        15.8685171030273     
   1083.00000000000        15.8698809690775     
   1084.00000000000        15.8712452676807     
   1085.00000000000        15.8726099840126     
   1086.00000000000        15.8739751203465     
   1087.00000000000        15.8753406237381     
   1088.00000000000        15.8767065262920     
   1089.00000000000        15.8780727907635     
   1090.00000000000        15.8794394315569     
   1091.00000000000        15.8808063963749     
   1092.00000000000        15.8821737054671     
   1093.00000000000        15.8835413288948     
   1094.00000000000        15.8849092693839     
   1095.00000000000        15.8862775114248     
   1096.00000000000        15.8876460315118     
   1097.00000000000        15.8890148217426     
   1098.00000000000        15.8903838684903     
   1099.00000000000        15.8917531461976     
   1100.00000000000        15.8931226866967     
   1101.00000000000        15.8944924141473     
   1102.00000000000        15.8958623763148     
   1103.00000000000        15.8972325139974     
   1104.00000000000        15.8986028297711     
   1105.00000000000        15.8999733204020     
   1106.00000000000        15.9013439583297     
   1107.00000000000        15.9027147495929     
   1108.00000000000        15.9040856528964     
   1109.00000000000        15.9054566587761     
   1110.00000000000        15.9068277747711     
   1111.00000000000        15.9081989745231     
   1112.00000000000        15.9095702465039     
   1113.00000000000        15.9109415554699     
   1114.00000000000        15.9123129130217     
   1115.00000000000        15.9136842905937     
   1116.00000000000        15.9150557037784     
   1117.00000000000        15.9164270810009     
   1118.00000000000        15.9177984614806     
   1119.00000000000        15.9191698061674     
   1120.00000000000        15.9205410876034     
   1121.00000000000        15.9219123231755     
   1122.00000000000        15.9232834749683     
   1123.00000000000        15.9246545346331     
   1124.00000000000        15.9260254945786     
   1125.00000000000        15.9273963220140     
   1126.00000000000        15.9287670171430     
   1127.00000000000        15.9301375707434     
   1128.00000000000        15.9315079210046     
   1129.00000000000        15.9328781016470     
   1130.00000000000        15.9342480917719     
   1131.00000000000        15.9356178454549     
   1132.00000000000        15.9369873890767     
   1133.00000000000        15.9383566673276     
   1134.00000000000        15.9397256921301     
   1135.00000000000        15.9410944345239     
   1136.00000000000        15.9424628629297     
   1137.00000000000        15.9438309905965     
   1138.00000000000        15.9451987988381     
   1139.00000000000        15.9465662429303     
   1140.00000000000        15.9479333425610     
   1141.00000000000        15.9493000271077     
   1142.00000000000        15.9506663758166     
   1143.00000000000        15.9520322621982     
   1144.00000000000        15.9533977397667     
   1145.00000000000        15.9547627522545     
   1146.00000000000        15.9561273182626     
   1147.00000000000        15.9574914077160     
   1148.00000000000        15.9588549950020     
   1149.00000000000        15.9602180510743     
   1150.00000000000        15.9615806108519     
   1151.00000000000        15.9629425814417     
   1152.00000000000        15.9643040000472     
   1153.00000000000        15.9656648425584     
   1154.00000000000        15.9670250941638     
   1155.00000000000        15.9683847112677     
   1156.00000000000        15.9697436882429     
   1157.00000000000        15.9711020174941     
   1158.00000000000        15.9724596705992     
   1159.00000000000        15.9738166280878     
   1160.00000000000        15.9751728806214     
   1161.00000000000        15.9765284099373     
   1162.00000000000        15.9778832173702     
   1163.00000000000        15.9792372280617     
   1164.00000000000        15.9805904802430     
   1165.00000000000        15.9819429460530     
   1166.00000000000        15.9832945684464     
   1167.00000000000        15.9846453826277     
   1168.00000000000        15.9859953151587     
   1169.00000000000        15.9873443937199     
   1170.00000000000        15.9886925803986     
   1171.00000000000        15.9900398891104     
   1172.00000000000        15.9913862208821     
   1173.00000000000        15.9927316345013     
   1174.00000000000        15.9940760838252     
   1175.00000000000        15.9954195474423     
   1176.00000000000        15.9967620243031     
   1177.00000000000        15.9981034747200     
   1178.00000000000        15.9994438800790     
   1179.00000000000        16.0007832230830     
   1180.00000000000        16.0021215264843     
   1181.00000000000        16.0034587098891     
   1182.00000000000        16.0047947848874     
   1183.00000000000        16.0061297381920     
   1184.00000000000        16.0074635365896     
   1185.00000000000        16.0087961561034     
   1186.00000000000        16.0101276014468     
   1187.00000000000        16.0114578282048     
   1188.00000000000        16.0127868341945     
   1189.00000000000        16.0141146128007     
   1190.00000000000        16.0154410971785     
   1191.00000000000        16.0167663197128     
   1192.00000000000        16.0180902547215     
   1193.00000000000        16.0194128534602     
   1194.00000000000        16.0207340871181     
   1195.00000000000        16.0220540044100     
   1196.00000000000        16.0233725268866     
   1197.00000000000        16.0246896705630     
   1198.00000000000        16.0260053617513     
   1199.00000000000        16.0273196503040     
   1200.00000000000        16.0286324716977     
   1201.00000000000        16.0299438004809     
   1202.00000000000        16.0312536768549     
   1203.00000000000        16.0325620334279     
   1204.00000000000        16.0338688562271     
   1205.00000000000        16.0351740949124     
   1206.00000000000        16.0364778361987     
   1207.00000000000        16.0377799489021     
   1208.00000000000        16.0390804603257     
   1209.00000000000        16.0403793468810     
   1210.00000000000        16.0416765967801     
   1211.00000000000        16.0429721827480     
   1212.00000000000        16.0442660898190     
   1213.00000000000        16.0455582813430     
   1214.00000000000        16.0468487737420     
   1215.00000000000        16.0481375139533     
   1216.00000000000        16.0494244958942     
   1217.00000000000        16.0507097034251     
   1218.00000000000        16.0519931296431     
   1219.00000000000        16.0532747118308     
   1220.00000000000        16.0545545303337     
   1221.00000000000        16.0558324360191     
   1222.00000000000        16.0571085082896     
   1223.00000000000        16.0583826464071     
   1224.00000000000        16.0596549191935     
   1225.00000000000        16.0609252426889     
   1226.00000000000        16.0621936486538     
   1227.00000000000        16.0634600529630     
   1228.00000000000        16.0647244916740     
   1229.00000000000        16.0659869529352     
   1230.00000000000        16.0672473826733     
   1231.00000000000        16.0685057793535     
   1232.00000000000        16.0697621154005     
   1233.00000000000        16.0710164091012     
   1234.00000000000        16.0722685838758     
   1235.00000000000        16.0735186496111     
   1236.00000000000        16.0747665882301     
   1237.00000000000        16.0760124237824     
   1238.00000000000        16.0772560455668     
   1239.00000000000        16.0784974973445     
   1240.00000000000        16.0797367761611     
   1241.00000000000        16.0809738171195     
   1242.00000000000        16.0822086342094     
   1243.00000000000        16.0834412166599     
   1244.00000000000        16.0846715030628     
   1245.00000000000        16.0858995015688     
   1246.00000000000        16.0871252205163     
   1247.00000000000        16.0883486332420     
   1248.00000000000        16.0895696798177     
   1249.00000000000        16.0907883628776     
   1250.00000000000        16.0920047044401     
   1251.00000000000        16.0932186242384     
   1252.00000000000        16.0944301722626     
   1253.00000000000        16.0956393046140     
   1254.00000000000        16.0968459804156     
   1255.00000000000        16.0980501925931     
   1256.00000000000        16.0992519448147     
   1257.00000000000        16.1004511852653     
   1258.00000000000        16.1016479426232     
   1259.00000000000        16.1028421783496     
   1260.00000000000        16.1040338872374     
   1261.00000000000        16.1052230262764     
   1262.00000000000        16.1064096206476     
   1263.00000000000        16.1075936136484     
   1264.00000000000        16.1087749846329     
   1265.00000000000        16.1099537711498     
   1266.00000000000        16.1111298998874     
   1267.00000000000        16.1123034020428     
   1268.00000000000        16.1134742116105     
   1269.00000000000        16.1146424083346     
   1270.00000000000        16.1158078481207     
   1271.00000000000        16.1169706028820     
   1272.00000000000        16.1181306275811     
   1273.00000000000        16.1192879281183     
   1274.00000000000        16.1204424778606     
   1275.00000000000        16.1215942286002     
   1276.00000000000        16.1227432141089     
   1277.00000000000        16.1238894208311     
   1278.00000000000        16.1250328036994     
   1279.00000000000        16.1261733547764     
   1280.00000000000        16.1273110585694     
   1281.00000000000        16.1284459315211     
   1282.00000000000        16.1295779337738     
   1283.00000000000        16.1307070753638     
   1284.00000000000        16.1318332985332     
   1285.00000000000        16.1329566093561     
   1286.00000000000        16.1340770034669     
   1287.00000000000        16.1351945037891     
   1288.00000000000        16.1363089884829     
   1289.00000000000        16.1374205513021     
   1290.00000000000        16.1385291410493     
   1291.00000000000        16.1396347457814     
   1292.00000000000        16.1407373493110     
   1293.00000000000        16.1418369193556     
   1294.00000000000        16.1429335390572     
   1295.00000000000        16.1440270523730     
   1296.00000000000        16.1451175562068     
   1297.00000000000        16.1462049996527     
   1298.00000000000        16.1472893661609     
   1299.00000000000        16.1483706396871     
   1300.00000000000        16.1494488180445     
   1301.00000000000        16.1505238942787     
   1302.00000000000        16.1515958818424     
   1303.00000000000        16.1526647254463     
   1304.00000000000        16.1537303937107     
   1305.00000000000        16.1547929763400     
   1306.00000000000        16.1558523753285     
   1307.00000000000        16.1569086217758     
   1308.00000000000        16.1579616483936     
   1309.00000000000        16.1590115103041     
   1310.00000000000        16.1600581571011     
   1311.00000000000        16.1611016173898     
   1312.00000000000        16.1621418225149     
   1313.00000000000        16.1631788584822     
   1314.00000000000        16.1642126047967     
   1315.00000000000        16.1652430979520     
   1316.00000000000        16.1662703564845     
   1317.00000000000        16.1672943640183     
   1318.00000000000        16.1683150585353     
   1319.00000000000        16.1693324721766     
   1320.00000000000        16.1703466035726     
   1321.00000000000        16.1713574362494     
   1322.00000000000        16.1723649515185     
   1323.00000000000        16.1733691711107     
   1324.00000000000        16.1743700649205     
   1325.00000000000        16.1753675712549     
   1326.00000000000        16.1763617894937     
   1327.00000000000        16.1773526011736     
   1328.00000000000        16.1783401290192     
   1329.00000000000        16.1793242105943     
   1330.00000000000        16.1803049840641     
   1331.00000000000        16.1812823543968     
   1332.00000000000        16.1822563732076     
   1333.00000000000        16.1832269518626     
   1334.00000000000        16.1841941771415     
   1335.00000000000        16.1851579626212     
   1336.00000000000        16.1861183387821     
   1337.00000000000        16.1870752893275     
   1338.00000000000        16.1880288203094     
   1339.00000000000        16.1889789137191     
   1340.00000000000        16.1899255970423     
   1341.00000000000        16.1908688562130     
   1342.00000000000        16.1918086467717     
   1343.00000000000        16.1927449665585     
   1344.00000000000        16.1936778530350     
   1345.00000000000        16.1946072179237     
   1346.00000000000        16.1955331950874     
   1347.00000000000        16.1964556552996     
   1348.00000000000        16.1973746869832     
   1349.00000000000        16.1982901551102     
   1350.00000000000        16.1992021838199     
   1351.00000000000        16.2001107539246     
   1352.00000000000        16.2010158161710     
   1353.00000000000        16.2019173333164     
   1354.00000000000        16.2028153874682     
   1355.00000000000        16.2037099601149     
   1356.00000000000        16.2046009971755     
   1357.00000000000        16.2054884977025     
   1358.00000000000        16.2063725201535     
