  0.000000000000000E+000  -1324859.59046684     
   1.00000000000000       -1324859.59057027     
   2.00000000000000       -1324859.59067793     
   3.00000000000000       -1324859.59078982     
   4.00000000000000       -1324859.59090592     
   5.00000000000000       -1324859.59102624     
   6.00000000000000       -1324859.59115082     
   7.00000000000000       -1324859.59127981     
   8.00000000000000       -1324859.59141378     
   9.00000000000000       -1324859.59155411     
   10.0000000000000       -1324859.59170338     
   11.0000000000000       -1324859.59186575     
   12.0000000000000       -1324859.59204715     
   13.0000000000000       -1324859.59225550     
   14.0000000000000       -1324859.59250069     
   15.0000000000000       -1324859.59279466     
   16.0000000000000       -1324859.59315140     
   17.0000000000000       -1324859.59358693     
   18.0000000000000       -1324859.59411921     
   19.0000000000000       -1324859.59476809     
   20.0000000000000       -1324859.59555524     
   21.0000000000000       -1324859.59650398     
   22.0000000000000       -1324859.59763911     
   23.0000000000000       -1324859.59898684     
   24.0000000000000       -1324859.60057456     
   25.0000000000000       -1324859.60243066     
   26.0000000000000       -1324859.60458438     
   27.0000000000000       -1324859.60706563     
   28.0000000000000       -1324859.60990485     
   29.0000000000000       -1324859.61313285     
   30.0000000000000       -1324859.61678068     
   31.0000000000000       -1324859.62087946     
   32.0000000000000       -1324859.62546034     
   33.0000000000000       -1324859.63055435     
   34.0000000000000       -1324859.63619233     
   35.0000000000000       -1324859.64240486     
   36.0000000000000       -1324859.64922217     
   37.0000000000000       -1324859.65667411     
   38.0000000000000       -1324859.66479007     
   39.0000000000000       -1324859.67359899     
   40.0000000000000       -1324859.68312926     
   41.0000000000000       -1324859.69340877     
   42.0000000000000       -1324859.70446478     
   43.0000000000000       -1324859.71632402     
   44.0000000000000       -1324859.72901260     
   45.0000000000000       -1324859.74255601     
   46.0000000000000       -1324859.75697911     
   47.0000000000000       -1324859.77230615     
   48.0000000000000       -1324859.78856072     
   49.0000000000000       -1324859.80576579     
   50.0000000000000       -1324859.82394369     
   51.0000000000000       -1324859.84311609     
   52.0000000000000       -1324859.86330406     
   53.0000000000000       -1324859.88452800     
   54.0000000000000       -1324859.90680769     
   55.0000000000000       -1324859.93016228     
   56.0000000000000       -1324859.95461030     
   57.0000000000000       -1324859.98016967     
   58.0000000000000       -1324860.00685767     
   59.0000000000000       -1324860.03469103     
   60.0000000000000       -1324860.06368582     
   61.0000000000000       -1324860.09385757     
   62.0000000000000       -1324860.12522122     
   63.0000000000000       -1324860.15779113     
   64.0000000000000       -1324860.19158109     
   65.0000000000000       -1324860.22660436     
   66.0000000000000       -1324860.26287365     
   67.0000000000000       -1324860.30040112     
   68.0000000000000       -1324860.33919845     
   69.0000000000000       -1324860.37927676     
   70.0000000000000       -1324860.42064670     
   71.0000000000000       -1324860.46331843     
   72.0000000000000       -1324860.50730161     
   73.0000000000000       -1324860.55260544     
   74.0000000000000       -1324860.59923868     
   75.0000000000000       -1324860.64720961     
   76.0000000000000       -1324860.69652611     
   77.0000000000000       -1324860.74719561     
   78.0000000000000       -1324860.79922514     
   79.0000000000000       -1324860.85262131     
   80.0000000000000       -1324860.90739036     
   81.0000000000000       -1324860.96353812     
   82.0000000000000       -1324861.02107008     
   83.0000000000000       -1324861.07999136     
   84.0000000000000       -1324861.14030671     
   85.0000000000000       -1324861.20202056     
   86.0000000000000       -1324861.26513701     
   87.0000000000000       -1324861.32965982     
   88.0000000000000       -1324861.39559246     
   89.0000000000000       -1324861.46293810     
   90.0000000000000       -1324861.53169961     
   91.0000000000000       -1324861.60187957     
   92.0000000000000       -1324861.67348030     
   93.0000000000000       -1324861.74650385     
   94.0000000000000       -1324861.82095202     
   95.0000000000000       -1324861.89682637     
   96.0000000000000       -1324861.97412818     
   97.0000000000000       -1324862.05285857     
   98.0000000000000       -1324862.13301837     
   99.0000000000000       -1324862.21460822     
   100.000000000000       -1324862.29762857     
   101.000000000000       -1324862.38207965     
   102.000000000000       -1324862.46796151     
   103.000000000000       -1324862.55527399     
   104.000000000000       -1324862.64401677     
   105.000000000000       -1324862.73418936     
   106.000000000000       -1324862.82579111     
   107.000000000000       -1324862.91882118     
   108.000000000000       -1324863.01327861     
   109.000000000000       -1324863.10916226     
   110.000000000000       -1324863.20647088     
   111.000000000000       -1324863.30520306     
   112.000000000000       -1324863.40535728     
   113.000000000000       -1324863.50693186     
   114.000000000000       -1324863.60992505     
   115.000000000000       -1324863.71433492     
   116.000000000000       -1324863.82015950     
   117.000000000000       -1324863.92739664     
   118.000000000000       -1324864.03604416     
   119.000000000000       -1324864.14609971     
   120.000000000000       -1324864.25756092     
   121.000000000000       -1324864.37042527     
   122.000000000000       -1324864.48469019     
   123.000000000000       -1324864.60035301     
   124.000000000000       -1324864.71741099     
   125.000000000000       -1324864.83586131     
   126.000000000000       -1324864.95570108     
   127.000000000000       -1324865.07692736     
   128.000000000000       -1324865.19953712     
   129.000000000000       -1324865.32352727     
   130.000000000000       -1324865.44889468     
   131.000000000000       -1324865.57563615     
   132.000000000000       -1324865.70374844     
   133.000000000000       -1324865.83322823     
   134.000000000000       -1324865.96407220     
   135.000000000000       -1324866.09627694     
   136.000000000000       -1324866.22983902     
   137.000000000000       -1324866.36475496     
   138.000000000000       -1324866.50102126     
   139.000000000000       -1324866.63863436     
   140.000000000000       -1324866.77759069     
   141.000000000000       -1324866.91788662     
   142.000000000000       -1324867.05951852     
   143.000000000000       -1324867.20248270     
   144.000000000000       -1324867.34677549     
   145.000000000000       -1324867.49239314     
   146.000000000000       -1324867.63933192     
   147.000000000000       -1324867.78758806     
   148.000000000000       -1324867.93715778     
   149.000000000000       -1324868.08803727     
   150.000000000000       -1324868.24022271     
   151.000000000000       -1324868.39371027     
   152.000000000000       -1324868.54849609     
   153.000000000000       -1324868.70457632     
   154.000000000000       -1324868.86194708     
   155.000000000000       -1324869.02060450     
   156.000000000000       -1324869.18054468     
   157.000000000000       -1324869.34176371     
   158.000000000000       -1324869.50425771     
   159.000000000000       -1324869.66802274     
   160.000000000000       -1324869.83305490     
   161.000000000000       -1324869.99935027     
   162.000000000000       -1324870.16690492     
   163.000000000000       -1324870.33571494     
   164.000000000000       -1324870.50577638     
   165.000000000000       -1324870.67708533     
   166.000000000000       -1324870.84963787     
   167.000000000000       -1324871.02343006     
   168.000000000000       -1324871.19845799     
   169.000000000000       -1324871.37471773     
   170.000000000000       -1324871.55220537     
   171.000000000000       -1324871.73091699     
   172.000000000000       -1324871.91084869     
   173.000000000000       -1324872.09199655     
   174.000000000000       -1324872.27435671     
   175.000000000000       -1324872.45792524     
   176.000000000000       -1324872.64269827     
   177.000000000000       -1324872.82867192     
   178.000000000000       -1324873.01584233     
   179.000000000000       -1324873.20420562     
   180.000000000000       -1324873.39375795     
   181.000000000000       -1324873.58449547     
   182.000000000000       -1324873.77641435     
   183.000000000000       -1324873.96951077     
   184.000000000000       -1324874.16378089     
   185.000000000000       -1324874.35922093     
   186.000000000000       -1324874.55582708     
   187.000000000000       -1324874.75359557     
   188.000000000000       -1324874.95252262     
   189.000000000000       -1324875.15260447     
   190.000000000000       -1324875.35383737     
   191.000000000000       -1324875.55621758     
   192.000000000000       -1324875.75974138     
   193.000000000000       -1324875.96440506     
   194.000000000000       -1324876.17020492     
   195.000000000000       -1324876.37713728     
   196.000000000000       -1324876.58519844     
   197.000000000000       -1324876.79438477     
   198.000000000000       -1324877.00469262     
   199.000000000000       -1324877.21611834     
   200.000000000000       -1324877.42865832     
   201.000000000000       -1324877.64230896     
   202.000000000000       -1324877.85706667     
   203.000000000000       -1324878.07292787     
   204.000000000000       -1324878.28988899     
   205.000000000000       -1324878.50794648     
   206.000000000000       -1324878.72709683     
   207.000000000000       -1324878.94733649     
   208.000000000000       -1324879.16866198     
   209.000000000000       -1324879.39106981     
   210.000000000000       -1324879.61455649     
   211.000000000000       -1324879.83911857     
   212.000000000000       -1324880.06475260     
   213.000000000000       -1324880.29145516     
   214.000000000000       -1324880.51922283     
   215.000000000000       -1324880.74805220     
   216.000000000000       -1324880.97793990     
   217.000000000000       -1324881.20888256     
   218.000000000000       -1324881.44087682     
   219.000000000000       -1324881.67391936     
   220.000000000000       -1324881.90800682     
   221.000000000000       -1324882.14313592     
   222.000000000000       -1324882.37930336     
   223.000000000000       -1324882.61650587     
   224.000000000000       -1324882.85474018     
   225.000000000000       -1324883.09400303     
   226.000000000000       -1324883.33429122     
   227.000000000000       -1324883.57560151     
   228.000000000000       -1324883.81793071     
   229.000000000000       -1324884.06127563     
   230.000000000000       -1324884.30563309     
   231.000000000000       -1324884.55099997     
   232.000000000000       -1324884.79737309     
   233.000000000000       -1324885.04474934     
   234.000000000000       -1324885.29312561     
   235.000000000000       -1324885.54249882     
   236.000000000000       -1324885.79286587     
   237.000000000000       -1324886.04422371     
   238.000000000000       -1324886.29656929     
   239.000000000000       -1324886.54989956     
   240.000000000000       -1324886.80421152     
   241.000000000000       -1324887.05950217     
   242.000000000000       -1324887.31576850     
   243.000000000000       -1324887.57300755     
   244.000000000000       -1324887.83121636     
   245.000000000000       -1324888.09039198     
   246.000000000000       -1324888.35053148     
   247.000000000000       -1324888.61163195     
   248.000000000000       -1324888.87369049     
   249.000000000000       -1324889.13670421     
   250.000000000000       -1324889.40067024     
   251.000000000000       -1324889.66558573     
   252.000000000000       -1324889.93144782     
   253.000000000000       -1324890.19825370     
   254.000000000000       -1324890.46600054     
   255.000000000000       -1324890.73468555     
   256.000000000000       -1324891.00430595     
   257.000000000000       -1324891.27485896     
   258.000000000000       -1324891.54634183     
   259.000000000000       -1324891.81875180     
   260.000000000000       -1324892.09208616     
   261.000000000000       -1324892.36634218     
   262.000000000000       -1324892.64151717     
   263.000000000000       -1324892.91760844     
   264.000000000000       -1324893.19461330     
   265.000000000000       -1324893.47252911     
   266.000000000000       -1324893.75135322     
   267.000000000000       -1324894.03108298     
   268.000000000000       -1324894.31171578     
   269.000000000000       -1324894.59324903     
   270.000000000000       -1324894.87568010     
   271.000000000000       -1324895.15900644     
   272.000000000000       -1324895.44322548     
   273.000000000000       -1324895.72833465     
   274.000000000000       -1324896.01433142     
   275.000000000000       -1324896.30121325     
   276.000000000000       -1324896.58897764     
   277.000000000000       -1324896.87762209     
   278.000000000000       -1324897.16714409     
   279.000000000000       -1324897.45754118     
   280.000000000000       -1324897.74881090     
   281.000000000000       -1324898.04095078     
   282.000000000000       -1324898.33395838     
   283.000000000000       -1324898.62783129     
   284.000000000000       -1324898.92256709     
   285.000000000000       -1324899.21816338     
   286.000000000000       -1324899.51461775     
   287.000000000000       -1324899.81192785     
   288.000000000000       -1324900.11009130     
   289.000000000000       -1324900.40910573     
   290.000000000000       -1324900.70896884     
   291.000000000000       -1324901.00967826     
   292.000000000000       -1324901.31123168     
   293.000000000000       -1324901.61362681     
   294.000000000000       -1324901.91686135     
   295.000000000000       -1324902.22093300     
   296.000000000000       -1324902.52583951     
   297.000000000000       -1324902.83157859     
   298.000000000000       -1324903.13814803     
   299.000000000000       -1324903.44554556     
   300.000000000000       -1324903.75376897     
   301.000000000000       -1324904.06281604     
   302.000000000000       -1324904.37268456     
   303.000000000000       -1324904.68337235     
   304.000000000000       -1324904.99487722     
   305.000000000000       -1324905.30719700     
   306.000000000000       -1324905.62032952     
   307.000000000000       -1324905.93427265     
   308.000000000000       -1324906.24902424     
   309.000000000000       -1324906.56458216     
   310.000000000000       -1324906.88094430     
   311.000000000000       -1324907.19810855     
   312.000000000000       -1324907.51607280     
   313.000000000000       -1324907.83483499     
   314.000000000000       -1324908.15439302     
   315.000000000000       -1324908.47474484     
   316.000000000000       -1324908.79588838     
   317.000000000000       -1324909.11782161     
   318.000000000000       -1324909.44054249     
   319.000000000000       -1324909.76404900     
   320.000000000000       -1324910.08833911     
   321.000000000000       -1324910.41341083     
   322.000000000000       -1324910.73926216     
   323.000000000000       -1324911.06589111     
   324.000000000000       -1324911.39329571     
   325.000000000000       -1324911.72147399     
   326.000000000000       -1324912.05042400     
   327.000000000000       -1324912.38014378     
   328.000000000000       -1324912.71063141     
   329.000000000000       -1324913.04188496     
   330.000000000000       -1324913.37390249     
   331.000000000000       -1324913.70668212     
   332.000000000000       -1324914.04022194     
   333.000000000000       -1324914.37452004     
   334.000000000000       -1324914.70957456     
   335.000000000000       -1324915.04538363     
   336.000000000000       -1324915.38194538     
   337.000000000000       -1324915.71925794     
   338.000000000000       -1324916.05731949     
   339.000000000000       -1324916.39612818     
   340.000000000000       -1324916.73568218     
   341.000000000000       -1324917.07597968     
   342.000000000000       -1324917.41701887     
   343.000000000000       -1324917.75879794     
   344.000000000000       -1324918.10131510     
   345.000000000000       -1324918.44456857     
   346.000000000000       -1324918.78855656     
   347.000000000000       -1324919.13327732     
   348.000000000000       -1324919.47872908     
   349.000000000000       -1324919.82491010     
   350.000000000000       -1324920.17181862     
   351.000000000000       -1324920.51945293     
   352.000000000000       -1324920.86781128     
   353.000000000000       -1324921.21689197     
   354.000000000000       -1324921.56669327     
   355.000000000000       -1324921.91721350     
   356.000000000000       -1324922.26845096     
   357.000000000000       -1324922.62040395     
   358.000000000000       -1324922.97307081     
   359.000000000000       -1324923.32644986     
   360.000000000000       -1324923.68053944     
   361.000000000000       -1324924.03533790     
   362.000000000000       -1324924.39084358     
   363.000000000000       -1324924.74705486     
   364.000000000000       -1324925.10397009     
   365.000000000000       -1324925.46158766     
   366.000000000000       -1324925.81990594     
   367.000000000000       -1324926.17892334     
   368.000000000000       -1324926.53863823     
   369.000000000000       -1324926.89904904     
   370.000000000000       -1324927.26015417     
   371.000000000000       -1324927.62195205     
   372.000000000000       -1324927.98444110     
   373.000000000000       -1324928.34761976     
   374.000000000000       -1324928.71148647     
   375.000000000000       -1324929.07603967     
   376.000000000000       -1324929.44127783     
   377.000000000000       -1324929.80719940     
   378.000000000000       -1324930.17380286     
   379.000000000000       -1324930.54108669     
   380.000000000000       -1324930.90904935     
   381.000000000000       -1324931.27768936     
   382.000000000000       -1324931.64700521     
   383.000000000000       -1324932.01699539     
   384.000000000000       -1324932.38765842     
   385.000000000000       -1324932.75899282     
   386.000000000000       -1324933.13099711     
   387.000000000000       -1324933.50366982     
   388.000000000000       -1324933.87700950     
   389.000000000000       -1324934.25101468     
   390.000000000000       -1324934.62568390     
   391.000000000000       -1324935.00101575     
   392.000000000000       -1324935.37700876     
   393.000000000000       -1324935.75366152     
   394.000000000000       -1324936.13097260     
   395.000000000000       -1324936.50894058     
   396.000000000000       -1324936.88756405     
   397.000000000000       -1324937.26684160     
   398.000000000000       -1324937.64677184     
   399.000000000000       -1324938.02735337     
   400.000000000000       -1324938.40858480     
   401.000000000000       -1324938.79046476     
   402.000000000000       -1324939.17299187     
   403.000000000000       -1324939.55616476     
   404.000000000000       -1324939.93998207     
   405.000000000000       -1324940.32444244     
   406.000000000000       -1324940.70954451     
   407.000000000000       -1324941.09528695     
   408.000000000000       -1324941.48166841     
   409.000000000000       -1324941.86868756     
   410.000000000000       -1324942.25634308     
   411.000000000000       -1324942.64463363     
   412.000000000000       -1324943.03355791     
   413.000000000000       -1324943.42311460     
   414.000000000000       -1324943.81330240     
   415.000000000000       -1324944.20412001     
   416.000000000000       -1324944.59556612     
   417.000000000000       -1324944.98763947     
   418.000000000000       -1324945.38033875     
   419.000000000000       -1324945.77366269     
   420.000000000000       -1324946.16761003     
   421.000000000000       -1324946.56217948     
   422.000000000000       -1324946.95736981     
   423.000000000000       -1324947.35317973     
   424.000000000000       -1324947.74960801     
   425.000000000000       -1324948.14665339     
   426.000000000000       -1324948.54431465     
   427.000000000000       -1324948.94259053     
   428.000000000000       -1324949.34147982     
   429.000000000000       -1324949.74098128     
   430.000000000000       -1324950.14109370     
   431.000000000000       -1324950.54181586     
   432.000000000000       -1324950.94314655     
   433.000000000000       -1324951.34508457     
   434.000000000000       -1324951.74762871     
   435.000000000000       -1324952.15077779     
   436.000000000000       -1324952.55453060     
   437.000000000000       -1324952.95888597     
   438.000000000000       -1324953.36384272     
   439.000000000000       -1324953.76939967     
   440.000000000000       -1324954.17555564     
   441.000000000000       -1324954.58230948     
   442.000000000000       -1324954.98966002     
   443.000000000000       -1324955.39760611     
   444.000000000000       -1324955.80614659     
   445.000000000000       -1324956.21528031     
   446.000000000000       -1324956.62500614     
   447.000000000000       -1324957.03532294     
   448.000000000000       -1324957.44622957     
   449.000000000000       -1324957.85772490     
   450.000000000000       -1324958.26980782     
   451.000000000000       -1324958.68247719     
   452.000000000000       -1324959.09573191     
   453.000000000000       -1324959.50957087     
   454.000000000000       -1324959.92399295     
   455.000000000000       -1324960.33899707     
   456.000000000000       -1324960.75458210     
   457.000000000000       -1324961.17074698     
   458.000000000000       -1324961.58749060     
   459.000000000000       -1324962.00481189     
   460.000000000000       -1324962.42270976     
   461.000000000000       -1324962.84118314     
   462.000000000000       -1324963.26023095     
   463.000000000000       -1324963.67985213     
   464.000000000000       -1324964.10004562     
   465.000000000000       -1324964.52081034     
   466.000000000000       -1324964.94214527     
   467.000000000000       -1324965.36404933     
   468.000000000000       -1324965.78652148     
   469.000000000000       -1324966.20956069     
   470.000000000000       -1324966.63316591     
   471.000000000000       -1324967.05733610     
   472.000000000000       -1324967.48207024     
   473.000000000000       -1324967.90736730     
   474.000000000000       -1324968.33322626     
   475.000000000000       -1324968.75964610     
   476.000000000000       -1324969.18662581     
   477.000000000000       -1324969.61416436     
   478.000000000000       -1324970.04226077     
   479.000000000000       -1324970.47091401     
   480.000000000000       -1324970.90012310     
   481.000000000000       -1324971.32988704     
   482.000000000000       -1324971.76020484     
   483.000000000000       -1324972.19107551     
   484.000000000000       -1324972.62249806     
   485.000000000000       -1324973.05447151     
   486.000000000000       -1324973.48699489     
   487.000000000000       -1324973.92006723     
   488.000000000000       -1324974.35368755     
   489.000000000000       -1324974.78785489     
   490.000000000000       -1324975.22256829     
   491.000000000000       -1324975.65782679     
   492.000000000000       -1324976.09362943     
   493.000000000000       -1324976.52997527     
   494.000000000000       -1324976.96686335     
   495.000000000000       -1324977.40429273     
   496.000000000000       -1324977.84226247     
   497.000000000000       -1324978.28077163     
   498.000000000000       -1324978.71981928     
   499.000000000000       -1324979.15940448     
   500.000000000000       -1324979.59952633     
   501.000000000000       -1324980.04018387     
   502.000000000000       -1324980.48137621     
   503.000000000000       -1324980.92310241     
   504.000000000000       -1324981.36536158     
   505.000000000000       -1324981.80815279     
   506.000000000000       -1324982.25147514     
   507.000000000000       -1324982.69532773     
   508.000000000000       -1324983.13970965     
   509.000000000000       -1324983.58462002     
   510.000000000000       -1324984.03005793     
   511.000000000000       -1324984.47602250     
   512.000000000000       -1324984.92251284     
   513.000000000000       -1324985.36952806     
   514.000000000000       -1324985.81706729     
   515.000000000000       -1324986.26512964     
   516.000000000000       -1324986.71371425     
   517.000000000000       -1324987.16282023     
   518.000000000000       -1324987.61244673     
   519.000000000000       -1324988.06259288     
   520.000000000000       -1324988.51325781     
   521.000000000000       -1324988.96444068     
   522.000000000000       -1324989.41614060     
   523.000000000000       -1324989.86835675     
   524.000000000000       -1324990.32108827     
   525.000000000000       -1324990.77433430     
   526.000000000000       -1324991.22809402     
   527.000000000000       -1324991.68236657     
   528.000000000000       -1324992.13715112     
   529.000000000000       -1324992.59244683     
   530.000000000000       -1324993.04825287     
   531.000000000000       -1324993.50456842     
   532.000000000000       -1324993.96139264     
   533.000000000000       -1324994.41872471     
   534.000000000000       -1324994.87656382     
   535.000000000000       -1324995.33490914     
   536.000000000000       -1324995.79375986     
   537.000000000000       -1324996.25311516     
   538.000000000000       -1324996.71297425     
   539.000000000000       -1324997.17333630     
   540.000000000000       -1324997.63420052     
   541.000000000000       -1324998.09556612     
   542.000000000000       -1324998.55743228     
   543.000000000000       -1324999.01979821     
   544.000000000000       -1324999.48266312     
   545.000000000000       -1324999.94602623     
   546.000000000000       -1325000.40988673     
   547.000000000000       -1325000.87424386     
   548.000000000000       -1325001.33909683     
   549.000000000000       -1325001.80444485     
   550.000000000000       -1325002.27028715     
   551.000000000000       -1325002.73662296     
   552.000000000000       -1325003.20345150     
   553.000000000000       -1325003.67077201     
   554.000000000000       -1325004.13858372     
   555.000000000000       -1325004.60688587     
   556.000000000000       -1325005.07567770     
   557.000000000000       -1325005.54495844     
   558.000000000000       -1325006.01472733     
   559.000000000000       -1325006.48498365     
   560.000000000000       -1325006.95572661     
   561.000000000000       -1325007.42695548     
   562.000000000000       -1325007.89866952     
   563.000000000000       -1325008.37086797     
   564.000000000000       -1325008.84355009     
   565.000000000000       -1325009.31671516     
   566.000000000000       -1325009.79036243     
   567.000000000000       -1325010.26449117     
   568.000000000000       -1325010.73910064     
   569.000000000000       -1325011.21419012     
   570.000000000000       -1325011.68975888     
   571.000000000000       -1325012.16580619     
   572.000000000000       -1325012.64233135     
   573.000000000000       -1325013.11933361     
   574.000000000000       -1325013.59681228     
   575.000000000000       -1325014.07476663     
   576.000000000000       -1325014.55319595     
   577.000000000000       -1325015.03209952     
   578.000000000000       -1325015.51147665     
   579.000000000000       -1325015.99132663     
   580.000000000000       -1325016.47164875     
   581.000000000000       -1325016.95244231     
   582.000000000000       -1325017.43370661     
   583.000000000000       -1325017.91544096     
   584.000000000000       -1325018.39764465     
   585.000000000000       -1325018.88031701     
   586.000000000000       -1325019.36345734     
   587.000000000000       -1325019.84706495     
   588.000000000000       -1325020.33113915     
   589.000000000000       -1325020.81567926     
   590.000000000000       -1325021.30068460     
   591.000000000000       -1325021.78615450     
   592.000000000000       -1325022.27208827     
   593.000000000000       -1325022.75848523     
   594.000000000000       -1325023.24534473     
   595.000000000000       -1325023.73266607     
   596.000000000000       -1325024.22044860     
   597.000000000000       -1325024.70869166     
   598.000000000000       -1325025.19739457     
   599.000000000000       -1325025.68655667     
   600.000000000000       -1325026.17617730     
   601.000000000000       -1325026.66625581     
   602.000000000000       -1325027.15679153     
   603.000000000000       -1325027.64778382     
   604.000000000000       -1325028.13923202     
   605.000000000000       -1325028.63113548     
   606.000000000000       -1325029.12349355     
   607.000000000000       -1325029.61630559     
   608.000000000000       -1325030.10957095     
   609.000000000000       -1325030.60328899     
   610.000000000000       -1325031.09745906     
   611.000000000000       -1325031.59208054     
   612.000000000000       -1325032.08715279     
   613.000000000000       -1325032.58267516     
   614.000000000000       -1325033.07864703     
   615.000000000000       -1325033.57506776     
   616.000000000000       -1325034.07193674     
   617.000000000000       -1325034.56925332     
   618.000000000000       -1325035.06701689     
   619.000000000000       -1325035.56522682     
   620.000000000000       -1325036.06388250     
   621.000000000000       -1325036.56298330     
   622.000000000000       -1325037.06252859     
   623.000000000000       -1325037.56251778     
   624.000000000000       -1325038.06295024     
   625.000000000000       -1325038.56382537     
   626.000000000000       -1325039.06514254     
   627.000000000000       -1325039.56690116     
   628.000000000000       -1325040.06910062     
   629.000000000000       -1325040.57174031     
   630.000000000000       -1325041.07481963     
   631.000000000000       -1325041.57833798     
   632.000000000000       -1325042.08229476     
   633.000000000000       -1325042.58668936     
   634.000000000000       -1325043.09152120     
   635.000000000000       -1325043.59678968     
   636.000000000000       -1325044.10249421     
   637.000000000000       -1325044.60863419     
   638.000000000000       -1325045.11520905     
   639.000000000000       -1325045.62221818     
   640.000000000000       -1325046.12966101     
   641.000000000000       -1325046.63753695     
   642.000000000000       -1325047.14584542     
   643.000000000000       -1325047.65458584     
   644.000000000000       -1325048.16375762     
   645.000000000000       -1325048.67336020     
   646.000000000000       -1325049.18339300     
   647.000000000000       -1325049.69385543     
   648.000000000000       -1325050.20474693     
   649.000000000000       -1325050.71606694     
   650.000000000000       -1325051.22781488     
   651.000000000000       -1325051.73999018     
   652.000000000000       -1325052.25259227     
   653.000000000000       -1325052.76562060     
   654.000000000000       -1325053.27907460     
   655.000000000000       -1325053.79295371     
   656.000000000000       -1325054.30725736     
   657.000000000000       -1325054.82198501     
   658.000000000000       -1325055.33713610     
   659.000000000000       -1325055.85271006     
   660.000000000000       -1325056.36870635     
   661.000000000000       -1325056.88512442     
   662.000000000000       -1325057.40196372     
   663.000000000000       -1325057.91922369     
   664.000000000000       -1325058.43690380     
   665.000000000000       -1325058.95500349     
   666.000000000000       -1325059.47352222     
   667.000000000000       -1325059.99245944     
   668.000000000000       -1325060.51181463     
   669.000000000000       -1325061.03158723     
   670.000000000000       -1325061.55177672     
   671.000000000000       -1325062.07238255     
   672.000000000000       -1325062.59340418     
   673.000000000000       -1325063.11484110     
   674.000000000000       -1325063.63669275     
   675.000000000000       -1325064.15895862     
   676.000000000000       -1325064.68163817     
   677.000000000000       -1325065.20473088     
   678.000000000000       -1325065.72823621     
   679.000000000000       -1325066.25215365     
   680.000000000000       -1325066.77648268     
   681.000000000000       -1325067.30122276     
   682.000000000000       -1325067.82637338     
   683.000000000000       -1325068.35193402     
   684.000000000000       -1325068.87790416     
   685.000000000000       -1325069.40428329     
   686.000000000000       -1325069.93107088     
   687.000000000000       -1325070.45826644     
   688.000000000000       -1325070.98586944     
   689.000000000000       -1325071.51387937     
   690.000000000000       -1325072.04229572     
   691.000000000000       -1325072.57111800     
   692.000000000000       -1325073.10034568     
   693.000000000000       -1325073.62997826     
   694.000000000000       -1325074.16001525     
   695.000000000000       -1325074.69045613     
   696.000000000000       -1325075.22130041     
   697.000000000000       -1325075.75254758     
   698.000000000000       -1325076.28419715     
   699.000000000000       -1325076.81624862     
   700.000000000000       -1325077.34870150     
   701.000000000000       -1325077.88155528     
   702.000000000000       -1325078.41480948     
   703.000000000000       -1325078.94846360     
   704.000000000000       -1325079.48251715     
   705.000000000000       -1325080.01696965     
   706.000000000000       -1325080.55182060     
   707.000000000000       -1325081.08706951     
   708.000000000000       -1325081.62271591     
   709.000000000000       -1325082.15875930     
   710.000000000000       -1325082.69519921     
   711.000000000000       -1325083.23203515     
   712.000000000000       -1325083.76926663     
   713.000000000000       -1325084.30689319     
   714.000000000000       -1325084.84491435     
   715.000000000000       -1325085.38332962     
   716.000000000000       -1325085.92213852     
   717.000000000000       -1325086.46134059     
   718.000000000000       -1325087.00093536     
   719.000000000000       -1325087.54092234     
   720.000000000000       -1325088.08130108     
   721.000000000000       -1325088.62207109     
   722.000000000000       -1325089.16323191     
   723.000000000000       -1325089.70478307     
   724.000000000000       -1325090.24672411     
   725.000000000000       -1325090.78905457     
   726.000000000000       -1325091.33177397     
   727.000000000000       -1325091.87488185     
   728.000000000000       -1325092.41837776     
   729.000000000000       -1325092.96226124     
   730.000000000000       -1325093.50653181     
   731.000000000000       -1325094.05118904     
   732.000000000000       -1325094.59623245     
   733.000000000000       -1325095.14166160     
   734.000000000000       -1325095.68747603     
   735.000000000000       -1325096.23367528     
   736.000000000000       -1325096.78025890     
   737.000000000000       -1325097.32722645     
   738.000000000000       -1325097.87457747     
   739.000000000000       -1325098.42231152     
   740.000000000000       -1325098.97042814     
   741.000000000000       -1325099.51892689     
   742.000000000000       -1325100.06780732     
   743.000000000000       -1325100.61706899     
   744.000000000000       -1325101.16671146     
   745.000000000000       -1325101.71673429     
   746.000000000000       -1325102.26713702     
   747.000000000000       -1325102.81791923     
   748.000000000000       -1325103.36908047     
   749.000000000000       -1325103.92062031     
   750.000000000000       -1325104.47253831     
   751.000000000000       -1325105.02483403     
   752.000000000000       -1325105.57750703     
   753.000000000000       -1325106.13055690     
   754.000000000000       -1325106.68398319     
   755.000000000000       -1325107.23778546     
   756.000000000000       -1325107.79196330     
   757.000000000000       -1325108.34651627     
   758.000000000000       -1325108.90144394     
   759.000000000000       -1325109.45674589     
   760.000000000000       -1325110.01242168     
   761.000000000000       -1325110.56847091     
   762.000000000000       -1325111.12489312     
   763.000000000000       -1325111.68168792     
   764.000000000000       -1325112.23885488     
   765.000000000000       -1325112.79639356     
   766.000000000000       -1325113.35430357     
   767.000000000000       -1325113.91258446     
   768.000000000000       -1325114.47123583     
   769.000000000000       -1325115.03025726     
   770.000000000000       -1325115.58964834     
   771.000000000000       -1325116.14940864     
   772.000000000000       -1325116.70953776     
   773.000000000000       -1325117.27003528     
   774.000000000000       -1325117.83090079     
   775.000000000000       -1325118.39213388     
   776.000000000000       -1325118.95373413     
   777.000000000000       -1325119.51570115     
   778.000000000000       -1325120.07803451     
   779.000000000000       -1325120.64073382     
   780.000000000000       -1325121.20379867     
   781.000000000000       -1325121.76722865     
   782.000000000000       -1325122.33102335     
   783.000000000000       -1325122.89518238     
   784.000000000000       -1325123.45970534     
   785.000000000000       -1325124.02459182     
   786.000000000000       -1325124.58984141     
   787.000000000000       -1325125.15545373     
   788.000000000000       -1325125.72142837     
   789.000000000000       -1325126.28776493     
   790.000000000000       -1325126.85446303     
   791.000000000000       -1325127.42152225     
   792.000000000000       -1325127.98894222     
   793.000000000000       -1325128.55672253     
   794.000000000000       -1325129.12486278     
   795.000000000000       -1325129.69336260     
   796.000000000000       -1325130.26222159     
   797.000000000000       -1325130.83143935     
   798.000000000000       -1325131.40101550     
   799.000000000000       -1325131.97094965     
   800.000000000000       -1325132.54124141     
   801.000000000000       -1325133.11189040     
   802.000000000000       -1325133.68289623     
   803.000000000000       -1325134.25425852     
   804.000000000000       -1325134.82597688     
   805.000000000000       -1325135.39805092     
   806.000000000000       -1325135.97048028     
   807.000000000000       -1325136.54326455     
   808.000000000000       -1325137.11640338     
   809.000000000000       -1325137.68989637     
   810.000000000000       -1325138.26374314     
   811.000000000000       -1325138.83794333     
   812.000000000000       -1325139.41249655     
   813.000000000000       -1325139.98740243     
   814.000000000000       -1325140.56266058     
   815.000000000000       -1325141.13827065     
   816.000000000000       -1325141.71423225     
   817.000000000000       -1325142.29054501     
   818.000000000000       -1325142.86720856     
   819.000000000000       -1325143.44422253     
   820.000000000000       -1325144.02158656     
   821.000000000000       -1325144.59930027     
   822.000000000000       -1325145.17736328     
   823.000000000000       -1325145.75577524     
   824.000000000000       -1325146.33453578     
   825.000000000000       -1325146.91364454     
   826.000000000000       -1325147.49310114     
   827.000000000000       -1325148.07290523     
   828.000000000000       -1325148.65305644     
   829.000000000000       -1325149.23355441     
   830.000000000000       -1325149.81439878     
   831.000000000000       -1325150.39558918     
   832.000000000000       -1325150.97712527     
   833.000000000000       -1325151.55900667     
   834.000000000000       -1325152.14123303     
   835.000000000000       -1325152.72380399     
   836.000000000000       -1325153.30671921     
   837.000000000000       -1325153.88997831     
   838.000000000000       -1325154.47358095     
   839.000000000000       -1325155.05752677     
   840.000000000000       -1325155.64181542     
   841.000000000000       -1325156.22644655     
   842.000000000000       -1325156.81141980     
   843.000000000000       -1325157.39673483     
   844.000000000000       -1325157.98239128     
   845.000000000000       -1325158.56838881     
   846.000000000000       -1325159.15472706     
   847.000000000000       -1325159.74140570     
   848.000000000000       -1325160.32842436     
   849.000000000000       -1325160.91578271     
   850.000000000000       -1325161.50348040     
   851.000000000000       -1325162.09151709     
   852.000000000000       -1325162.67989243     
   853.000000000000       -1325163.26860609     
   854.000000000000       -1325163.85765771     
   855.000000000000       -1325164.44704696     
   856.000000000000       -1325165.03677349     
   857.000000000000       -1325165.62683697     
   858.000000000000       -1325166.21723706     
   859.000000000000       -1325166.80797341     
   860.000000000000       -1325167.39904570     
   861.000000000000       -1325167.99045359     
   862.000000000000       -1325168.58219673     
   863.000000000000       -1325169.17427480     
   864.000000000000       -1325169.76668746     
   865.000000000000       -1325170.35943438     
   866.000000000000       -1325170.95251522     
   867.000000000000       -1325171.54592964     
   868.000000000000       -1325172.13967733     
   869.000000000000       -1325172.73375796     
   870.000000000000       -1325173.32817118     
   871.000000000000       -1325173.92291667     
   872.000000000000       -1325174.51799411     
   873.000000000000       -1325175.11340316     
   874.000000000000       -1325175.70914350     
   875.000000000000       -1325176.30521480     
   876.000000000000       -1325176.90161674     
   877.000000000000       -1325177.49834899     
   878.000000000000       -1325178.09541124     
   879.000000000000       -1325178.69280314     
   880.000000000000       -1325179.29052439     
   881.000000000000       -1325179.88857467     
   882.000000000000       -1325180.48695364     
   883.000000000000       -1325181.08566100     
   884.000000000000       -1325181.68469642     
   885.000000000000       -1325182.28405958     
   886.000000000000       -1325182.88375017     
   887.000000000000       -1325183.48376787     
   888.000000000000       -1325184.08411236     
   889.000000000000       -1325184.68478333     
   890.000000000000       -1325185.28578046     
   891.000000000000       -1325185.88710343     
   892.000000000000       -1325186.48875194     
   893.000000000000       -1325187.09072567     
   894.000000000000       -1325187.69302431     
   895.000000000000       -1325188.29564755     
   896.000000000000       -1325188.89859507     
   897.000000000000       -1325189.50186658     
   898.000000000000       -1325190.10546175     
   899.000000000000       -1325190.70938028     
   900.000000000000       -1325191.31362187     
   901.000000000000       -1325191.91818619     
   902.000000000000       -1325192.52307296     
   903.000000000000       -1325193.12828186     
   904.000000000000       -1325193.73381259     
   905.000000000000       -1325194.33966485     
   906.000000000000       -1325194.94583833     
   907.000000000000       -1325195.55233272     
   908.000000000000       -1325196.15914773     
   909.000000000000       -1325196.76628306     
   910.000000000000       -1325197.37373840     
   911.000000000000       -1325197.98151346     
   912.000000000000       -1325198.58960793     
   913.000000000000       -1325199.19802152     
   914.000000000000       -1325199.80675393     
   915.000000000000       -1325200.41580487     
   916.000000000000       -1325201.02517402     
   917.000000000000       -1325201.63486111     
   918.000000000000       -1325202.24486584     
   919.000000000000       -1325202.85518791     
   920.000000000000       -1325203.46582702     
   921.000000000000       -1325204.07678289     
   922.000000000000       -1325204.68805523     
   923.000000000000       -1325205.29964373     
   924.000000000000       -1325205.91154812     
   925.000000000000       -1325206.52376809     
   926.000000000000       -1325207.13630337     
   927.000000000000       -1325207.74915366     
   928.000000000000       -1325208.36231868     
   929.000000000000       -1325208.97579814     
   930.000000000000       -1325209.58959174     
   931.000000000000       -1325210.20369921     
   932.000000000000       -1325210.81812026     
   933.000000000000       -1325211.43285461     
   934.000000000000       -1325212.04790197     
   935.000000000000       -1325212.66326207     
   936.000000000000       -1325213.27893460     
   937.000000000000       -1325213.89491930     
   938.000000000000       -1325214.51121588     
   939.000000000000       -1325215.12782407     
   940.000000000000       -1325215.74474358     
   941.000000000000       -1325216.36197414     
   942.000000000000       -1325216.97951547     
   943.000000000000       -1325217.59736728     
   944.000000000000       -1325218.21552930     
   945.000000000000       -1325218.83400127     
   946.000000000000       -1325219.45278289     
   947.000000000000       -1325220.07187390     
   948.000000000000       -1325220.69127402     
   949.000000000000       -1325221.31098298     
   950.000000000000       -1325221.93100051     
   951.000000000000       -1325222.55132633     
   952.000000000000       -1325223.17196016     
   953.000000000000       -1325223.79290176     
   954.000000000000       -1325224.41415083     
   955.000000000000       -1325225.03570712     
   956.000000000000       -1325225.65757035     
   957.000000000000       -1325226.27974025     
   958.000000000000       -1325226.90221657     
   959.000000000000       -1325227.52499902     
   960.000000000000       -1325228.14808736     
   961.000000000000       -1325228.77148130     
   962.000000000000       -1325229.39518059     
   963.000000000000       -1325230.01918496     
   964.000000000000       -1325230.64349415     
   965.000000000000       -1325231.26810790     
   966.000000000000       -1325231.89302594     
   967.000000000000       -1325232.51824802     
   968.000000000000       -1325233.14377387     
   969.000000000000       -1325233.76960324     
   970.000000000000       -1325234.39573585     
   971.000000000000       -1325235.02217147     
   972.000000000000       -1325235.64890983     
   973.000000000000       -1325236.27595067     
   974.000000000000       -1325236.90329373     
   975.000000000000       -1325237.53093877     
   976.000000000000       -1325238.15888551     
   977.000000000000       -1325238.78713372     
   978.000000000000       -1325239.41568314     
   979.000000000000       -1325240.04453351     
   980.000000000000       -1325240.67368458     
   981.000000000000       -1325241.30313611     
   982.000000000000       -1325241.93288784     
   983.000000000000       -1325242.56293951     
   984.000000000000       -1325243.19329089     
   985.000000000000       -1325243.82394172     
   986.000000000000       -1325244.45489175     
   987.000000000000       -1325245.08614074     
   988.000000000000       -1325245.71768843     
   989.000000000000       -1325246.34953460     
   990.000000000000       -1325246.98167898     
   991.000000000000       -1325247.61412134     
   992.000000000000       -1325248.24686142     
   993.000000000000       -1325248.87989899     
   994.000000000000       -1325249.51323382     
   995.000000000000       -1325250.14686564     
   996.000000000000       -1325250.78079422     
   997.000000000000       -1325251.41501933     
   998.000000000000       -1325252.04954071     
   999.000000000000       -1325252.68435814     
   1000.00000000000       -1325253.31947138     
   1001.00000000000       -1325253.95488018     
   1002.00000000000       -1325254.59058431     
   1003.00000000000       -1325255.22658353     
   1004.00000000000       -1325255.86287762     
   1005.00000000000       -1325256.49946632     
   1006.00000000000       -1325257.13634942     
   1007.00000000000       -1325257.77352667     
   1008.00000000000       -1325258.41099784     
   1009.00000000000       -1325259.04876271     
   1010.00000000000       -1325259.68682104     
   1011.00000000000       -1325260.32517259     
   1012.00000000000       -1325260.96381715     
   1013.00000000000       -1325261.60275447     
   1014.00000000000       -1325262.24198434     
   1015.00000000000       -1325262.88150653     
   1016.00000000000       -1325263.52132079     
   1017.00000000000       -1325264.16142692     
   1018.00000000000       -1325264.80182469     
   1019.00000000000       -1325265.44251387     
   1020.00000000000       -1325266.08349423     
   1021.00000000000       -1325266.72476555     
   1022.00000000000       -1325267.36632762     
   1023.00000000000       -1325268.00818020     
   1024.00000000000       -1325268.65032308     
   1025.00000000000       -1325269.29275603     
   1026.00000000000       -1325269.93547885     
   1027.00000000000       -1325270.57849130     
   1028.00000000000       -1325271.22179316     
   1029.00000000000       -1325271.86538423     
   1030.00000000000       -1325272.50926429     
   1031.00000000000       -1325273.15343311     
   1032.00000000000       -1325273.79789048     
   1033.00000000000       -1325274.44263619     
   1034.00000000000       -1325275.08767003     
   1035.00000000000       -1325275.73299177     
   1036.00000000000       -1325276.37860122     
   1037.00000000000       -1325277.02449815     
   1038.00000000000       -1325277.67068235     
   1039.00000000000       -1325278.31715362     
   1040.00000000000       -1325278.96391174     
   1041.00000000000       -1325279.61095651     
   1042.00000000000       -1325280.25828772     
   1043.00000000000       -1325280.90590516     
   1044.00000000000       -1325281.55380862     
   1045.00000000000       -1325282.20199790     
   1046.00000000000       -1325282.85047280     
   1047.00000000000       -1325283.49923310     
   1048.00000000000       -1325284.14827861     
   1049.00000000000       -1325284.79760912     
   1050.00000000000       -1325285.44722443     
   1051.00000000000       -1325286.09712434     
   1052.00000000000       -1325286.74730864     
   1053.00000000000       -1325287.39777715     
   1054.00000000000       -1325288.04852966     
   1055.00000000000       -1325288.69956597     
   1056.00000000000       -1325289.35088588     
   1057.00000000000       -1325290.00248920     
   1058.00000000000       -1325290.65437573     
   1059.00000000000       -1325291.30654528     
   1060.00000000000       -1325291.95899764     
   1061.00000000000       -1325292.61173264     
   1062.00000000000       -1325293.26475007     
   1063.00000000000       -1325293.91804974     
   1064.00000000000       -1325294.57163147     
   1065.00000000000       -1325295.22549506     
   1066.00000000000       -1325295.87964032     
   1067.00000000000       -1325296.53406706     
   1068.00000000000       -1325297.18877509     
   1069.00000000000       -1325297.84376424     
   1070.00000000000       -1325298.49903431     
   1071.00000000000       -1325299.15458511     
   1072.00000000000       -1325299.81041646     
   1073.00000000000       -1325300.46652818     
   1074.00000000000       -1325301.12292008     
   1075.00000000000       -1325301.77959199     
   1076.00000000000       -1325302.43654371     
   1077.00000000000       -1325303.09377507     
   1078.00000000000       -1325303.75128589     
   1079.00000000000       -1325304.40907599     
   1080.00000000000       -1325305.06714519     
   1081.00000000000       -1325305.72549332     
   1082.00000000000       -1325306.38412019     
   1083.00000000000       -1325307.04302563     
   1084.00000000000       -1325307.70220947     
   1085.00000000000       -1325308.36167153     
   1086.00000000000       -1325309.02141164     
   1087.00000000000       -1325309.68142962     
   1088.00000000000       -1325310.34172531     
   1089.00000000000       -1325311.00229854     
   1090.00000000000       -1325311.66314913     
   1091.00000000000       -1325312.32427691     
   1092.00000000000       -1325312.98568172     
   1093.00000000000       -1325313.64736339     
   1094.00000000000       -1325314.30932175     
   1095.00000000000       -1325314.97155664     
   1096.00000000000       -1325315.63406789     
   1097.00000000000       -1325316.29685535     
   1098.00000000000       -1325316.95991884     
   1099.00000000000       -1325317.62325820     
   1100.00000000000       -1325318.28687327     
   1101.00000000000       -1325318.95076390     
   1102.00000000000       -1325319.61492992     
   1103.00000000000       -1325320.27937117     
   1104.00000000000       -1325320.94408751     
   1105.00000000000       -1325321.60907876     
   1106.00000000000       -1325322.27434478     
   1107.00000000000       -1325322.93988541     
   1108.00000000000       -1325323.60570049     
   1109.00000000000       -1325324.27178987     
   1110.00000000000       -1325324.93815341     
   1111.00000000000       -1325325.60479095     
   1112.00000000000       -1325326.27170233     
   1113.00000000000       -1325326.93888742     
   1114.00000000000       -1325327.60634606     
   1115.00000000000       -1325328.27407810     
   1116.00000000000       -1325328.94208340     
   1117.00000000000       -1325329.61036181     
   1118.00000000000       -1325330.27891319     
   1119.00000000000       -1325330.94773740     
   1120.00000000000       -1325331.61683428     
   1121.00000000000       -1325332.28620371     
   1122.00000000000       -1325332.95584554     
   1123.00000000000       -1325333.62575962     
   1124.00000000000       -1325334.29594583     
   1125.00000000000       -1325334.96640402     
   1126.00000000000       -1325335.63713406     
   1127.00000000000       -1325336.30813580     
   1128.00000000000       -1325336.97940913     
   1129.00000000000       -1325337.65095390     
   1130.00000000000       -1325338.32276997     
   1131.00000000000       -1325338.99485722     
   1132.00000000000       -1325339.66721553     
   1133.00000000000       -1325340.33984474     
   1134.00000000000       -1325341.01274475     
   1135.00000000000       -1325341.68591542     
   1136.00000000000       -1325342.35935663     
   1137.00000000000       -1325343.03306824     
   1138.00000000000       -1325343.70705014     
   1139.00000000000       -1325344.38130220     
   1140.00000000000       -1325345.05582429     
   1141.00000000000       -1325345.73061631     
   1142.00000000000       -1325346.40567813     
   1143.00000000000       -1325347.08100962     
   1144.00000000000       -1325347.75661067     
   1145.00000000000       -1325348.43248117     
   1146.00000000000       -1325349.10862100     
   1147.00000000000       -1325349.78503004     
   1148.00000000000       -1325350.46170817     
   1149.00000000000       -1325351.13865530     
   1150.00000000000       -1325351.81587130     
   1151.00000000000       -1325352.49335607     
   1152.00000000000       -1325353.17110949     
   1153.00000000000       -1325353.84913146     
   1154.00000000000       -1325354.52742187     
   1155.00000000000       -1325355.20598062     
   1156.00000000000       -1325355.88480760     
   1157.00000000000       -1325356.56390270     
   1158.00000000000       -1325357.24326583     
   1159.00000000000       -1325357.92289689     
   1160.00000000000       -1325358.60279577     
   1161.00000000000       -1325359.28296238     
   1162.00000000000       -1325359.96339661     
   1163.00000000000       -1325360.64409838     
   1164.00000000000       -1325361.32506758     
   1165.00000000000       -1325362.00630413     
   1166.00000000000       -1325362.68780792     
   1167.00000000000       -1325363.36957888     
   1168.00000000000       -1325364.05161690     
   1169.00000000000       -1325364.73392191     
   1170.00000000000       -1325365.41649381     
   1171.00000000000       -1325366.09933251     
   1172.00000000000       -1325366.78243794     
   1173.00000000000       -1325367.46581000     
   1174.00000000000       -1325368.14944862     
   1175.00000000000       -1325368.83335370     
   1176.00000000000       -1325369.51752519     
   1177.00000000000       -1325370.20196298     
   1178.00000000000       -1325370.88666702     
   1179.00000000000       -1325371.57163721     
   1180.00000000000       -1325372.25687350     
   1181.00000000000       -1325372.94237579     
   1182.00000000000       -1325373.62814403     
   1183.00000000000       -1325374.31417814     
   1184.00000000000       -1325375.00047804     
   1185.00000000000       -1325375.68704368     
   1186.00000000000       -1325376.37387499     
   1187.00000000000       -1325377.06097190     
   1188.00000000000       -1325377.74833435     
   1189.00000000000       -1325378.43596227     
   1190.00000000000       -1325379.12385561     
   1191.00000000000       -1325379.81201430     
   1192.00000000000       -1325380.50043829     
   1193.00000000000       -1325381.18912753     
   1194.00000000000       -1325381.87808194     
   1195.00000000000       -1325382.56730149     
   1196.00000000000       -1325383.25678612     
   1197.00000000000       -1325383.94653578     
   1198.00000000000       -1325384.63655041     
   1199.00000000000       -1325385.32682998     
   1200.00000000000       -1325386.01737443     
   1201.00000000000       -1325386.70818373     
   1202.00000000000       -1325387.39925782     
   1203.00000000000       -1325388.09059667     
   1204.00000000000       -1325388.78220024     
   1205.00000000000       -1325389.47406848     
   1206.00000000000       -1325390.16620137     
   1207.00000000000       -1325390.85859886     
   1208.00000000000       -1325391.55126093     
   1209.00000000000       -1325392.24418754     
   1210.00000000000       -1325392.93737865     
   1211.00000000000       -1325393.63083425     
   1212.00000000000       -1325394.32455430     
   1213.00000000000       -1325395.01853878     
   1214.00000000000       -1325395.71278767     
   1215.00000000000       -1325396.40730094     
   1216.00000000000       -1325397.10207856     
   1217.00000000000       -1325397.79712054     
   1218.00000000000       -1325398.49242685     
   1219.00000000000       -1325399.18799746     
   1220.00000000000       -1325399.88383238     
   1221.00000000000       -1325400.57993157     
   1222.00000000000       -1325401.27629506     
   1223.00000000000       -1325401.97292280     
   1224.00000000000       -1325402.66981481     
   1225.00000000000       -1325403.36697108     
   1226.00000000000       -1325404.06439160     
   1227.00000000000       -1325404.76207638     
   1228.00000000000       -1325405.46002542     
   1229.00000000000       -1325406.15823871     
   1230.00000000000       -1325406.85671627     
   1231.00000000000       -1325407.55545810     
   1232.00000000000       -1325408.25446420     
   1233.00000000000       -1325408.95373460     
   1234.00000000000       -1325409.65326930     
   1235.00000000000       -1325410.35306832     
   1236.00000000000       -1325411.05313166     
   1237.00000000000       -1325411.75345936     
   1238.00000000000       -1325412.45405144     
   1239.00000000000       -1325413.15490791     
   1240.00000000000       -1325413.85602880     
   1241.00000000000       -1325414.55741414     
   1242.00000000000       -1325415.25906395     
   1243.00000000000       -1325415.96097826     
   1244.00000000000       -1325416.66315712     
   1245.00000000000       -1325417.36560055     
   1246.00000000000       -1325418.06830859     
   1247.00000000000       -1325418.77128129     
   1248.00000000000       -1325419.47451867     
   1249.00000000000       -1325420.17802079     
   1250.00000000000       -1325420.88178770     
   1251.00000000000       -1325421.58581943     
   1252.00000000000       -1325422.29011605     
   1253.00000000000       -1325422.99467760     
   1254.00000000000       -1325423.69950414     
   1255.00000000000       -1325424.40459572     
   1256.00000000000       -1325425.10995242     
   1257.00000000000       -1325425.81557427     
   1258.00000000000       -1325426.52146137     
   1259.00000000000       -1325427.22761376     
   1260.00000000000       -1325427.93403153     
   1261.00000000000       -1325428.64071473     
   1262.00000000000       -1325429.34766345     
   1263.00000000000       -1325430.05487776     
   1264.00000000000       -1325430.76235774     
   1265.00000000000       -1325431.47010347     
   1266.00000000000       -1325432.17811505     
   1267.00000000000       -1325432.88639254     
   1268.00000000000       -1325433.59493605     
   1269.00000000000       -1325434.30374567     
   1270.00000000000       -1325435.01282149     
   1271.00000000000       -1325435.72216361     
   1272.00000000000       -1325436.43177212     
   1273.00000000000       -1325437.14164714     
   1274.00000000000       -1325437.85178876     
   1275.00000000000       -1325438.56219710     
   1276.00000000000       -1325439.27287226     
   1277.00000000000       -1325439.98381436     
   1278.00000000000       -1325440.69502353     
   1279.00000000000       -1325441.40649987     
   1280.00000000000       -1325442.11824350     
   1281.00000000000       -1325442.83025457     
   1282.00000000000       -1325443.54253319     
   1283.00000000000       -1325444.25507949     
   1284.00000000000       -1325444.96789361     
   1285.00000000000       -1325445.68097569     
   1286.00000000000       -1325446.39432587     
   1287.00000000000       -1325447.10794429     
   1288.00000000000       -1325447.82183110     
   1289.00000000000       -1325448.53598644     
   1290.00000000000       -1325449.25041048     
   1291.00000000000       -1325449.96510337     
   1292.00000000000       -1325450.68006526     
   1293.00000000000       -1325451.39529633     
   1294.00000000000       -1325452.11079674     
   1295.00000000000       -1325452.82656664     
   1296.00000000000       -1325453.54260623     
   1297.00000000000       -1325454.25891568     
   1298.00000000000       -1325454.97549516     
   1299.00000000000       -1325455.69234486     
   1300.00000000000       -1325456.40946497     
   1301.00000000000       -1325457.12685568     
   1302.00000000000       -1325457.84451718     
   1303.00000000000       -1325458.56244967     
   1304.00000000000       -1325459.28065335     
   1305.00000000000       -1325459.99912842     
   1306.00000000000       -1325460.71787510     
   1307.00000000000       -1325461.43689359     
   1308.00000000000       -1325462.15618412     
   1309.00000000000       -1325462.87574690     
   1310.00000000000       -1325463.59558217     
   1311.00000000000       -1325464.31569014     
   1312.00000000000       -1325465.03607104     
   1313.00000000000       -1325465.75672513     
   1314.00000000000       -1325466.47765262     
   1315.00000000000       -1325467.19885378     
   1316.00000000000       -1325467.92032885     
   1317.00000000000       -1325468.64207807     
   1318.00000000000       -1325469.36410172     
   1319.00000000000       -1325470.08640004     
   1320.00000000000       -1325470.80897331     
   1321.00000000000       -1325471.53182180     
   1322.00000000000       -1325472.25494577     
   1323.00000000000       -1325472.97834551     
   1324.00000000000       -1325473.70202131     
   1325.00000000000       -1325474.42597345     
   1326.00000000000       -1325475.15020221     
   1327.00000000000       -1325475.87470792     
   1328.00000000000       -1325476.59949085     
   1329.00000000000       -1325477.32455132     
   1330.00000000000       -1325478.04988965     
   1331.00000000000       -1325478.77550614     
   1332.00000000000       -1325479.50140113     
   1333.00000000000       -1325480.22757493     
   1334.00000000000       -1325480.95402788     
   1335.00000000000       -1325481.68076032     
   1336.00000000000       -1325482.40777258     
   1337.00000000000       -1325483.13506502     
   1338.00000000000       -1325483.86263799     
   1339.00000000000       -1325484.59049185     
   1340.00000000000       -1325485.31862695     
   1341.00000000000       -1325486.04704367     
   1342.00000000000       -1325486.77574239     
   1343.00000000000       -1325487.50472349     
   1344.00000000000       -1325488.23398734     
   1345.00000000000       -1325488.96353434     
   1346.00000000000       -1325489.69336490     
   1347.00000000000       -1325490.42347940     
   1348.00000000000       -1325491.15387827     
   1349.00000000000       -1325491.88456192     
   1350.00000000000       -1325492.61553076     
   1351.00000000000       -1325493.34678523     
   1352.00000000000       -1325494.07832577     
   1353.00000000000       -1325494.81015280     
   1354.00000000000       -1325495.54226678     
   1355.00000000000       -1325496.27466817     
   1356.00000000000       -1325497.00735741     
   1357.00000000000       -1325497.74033499     
   1358.00000000000       -1325498.47360137     
