  0.000000000000000E+000  -1324876.66318177     
   1.00000000000000       -1324876.66434801     
   2.00000000000000       -1324876.66551591     
   3.00000000000000       -1324876.66668553     
   4.00000000000000       -1324876.66785691     
   5.00000000000000       -1324876.66903007     
   6.00000000000000       -1324876.67020507     
   7.00000000000000       -1324876.67138196     
   8.00000000000000       -1324876.67256092     
   9.00000000000000       -1324876.67374236     
   10.0000000000000       -1324876.67492717     
   11.0000000000000       -1324876.67611692     
   12.0000000000000       -1324876.67731406     
   13.0000000000000       -1324876.67852201     
   14.0000000000000       -1324876.67974525     
   15.0000000000000       -1324876.68098937     
   16.0000000000000       -1324876.68226106     
   17.0000000000000       -1324876.68356816     
   18.0000000000000       -1324876.68491961     
   19.0000000000000       -1324876.68632550     
   20.0000000000000       -1324876.68779699     
   21.0000000000000       -1324876.68934636     
   22.0000000000000       -1324876.69098691     
   23.0000000000000       -1324876.69273295     
   24.0000000000000       -1324876.69459976     
   25.0000000000000       -1324876.69660350     
   26.0000000000000       -1324876.69876118     
   27.0000000000000       -1324876.70109057     
   28.0000000000000       -1324876.70361013     
   29.0000000000000       -1324876.70633898     
   30.0000000000000       -1324876.70929676     
   31.0000000000000       -1324876.71250363     
   32.0000000000000       -1324876.71598021     
   33.0000000000000       -1324876.71974747     
   34.0000000000000       -1324876.72382669     
   35.0000000000000       -1324876.72823943     
   36.0000000000000       -1324876.73300745     
   37.0000000000000       -1324876.73815270     
   38.0000000000000       -1324876.74369723     
   39.0000000000000       -1324876.74966317     
   40.0000000000000       -1324876.75607270     
   41.0000000000000       -1324876.76294801     
   42.0000000000000       -1324876.77031125     
   43.0000000000000       -1324876.77818448     
   44.0000000000000       -1324876.78658972     
   45.0000000000000       -1324876.79554883     
   46.0000000000000       -1324876.80508352     
   47.0000000000000       -1324876.81521533     
   48.0000000000000       -1324876.82596561     
   49.0000000000000       -1324876.83735547     
   50.0000000000000       -1324876.84940578     
   51.0000000000000       -1324876.86213715     
   52.0000000000000       -1324876.87556990     
   53.0000000000000       -1324876.88972407     
   54.0000000000000       -1324876.90461935     
   55.0000000000000       -1324876.92027514     
   56.0000000000000       -1324876.93671046     
   57.0000000000000       -1324876.95394400     
   58.0000000000000       -1324876.97199408     
   59.0000000000000       -1324876.99087864     
   60.0000000000000       -1324877.01061523     
   61.0000000000000       -1324877.03122103     
   62.0000000000000       -1324877.05271280     
   63.0000000000000       -1324877.07510691     
   64.0000000000000       -1324877.09841932     
   65.0000000000000       -1324877.12266558     
   66.0000000000000       -1324877.14786083     
   67.0000000000000       -1324877.17401979     
   68.0000000000000       -1324877.20115677     
   69.0000000000000       -1324877.22928567     
   70.0000000000000       -1324877.25841995     
   71.0000000000000       -1324877.28857269     
   72.0000000000000       -1324877.31975655     
   73.0000000000000       -1324877.35198378     
   74.0000000000000       -1324877.38526620     
   75.0000000000000       -1324877.41961527     
   76.0000000000000       -1324877.45504203     
   77.0000000000000       -1324877.49155712     
   78.0000000000000       -1324877.52917081     
   79.0000000000000       -1324877.56789299     
   80.0000000000000       -1324877.60773314     
   81.0000000000000       -1324877.64870041     
   82.0000000000000       -1324877.69080355     
   83.0000000000000       -1324877.73405098     
   84.0000000000000       -1324877.77845074     
   85.0000000000000       -1324877.82401054     
   86.0000000000000       -1324877.87073775     
   87.0000000000000       -1324877.91863941     
   88.0000000000000       -1324877.96772221     
   89.0000000000000       -1324878.01799255     
   90.0000000000000       -1324878.06945652     
   91.0000000000000       -1324878.12211988     
   92.0000000000000       -1324878.17598811     
   93.0000000000000       -1324878.23106639     
   94.0000000000000       -1324878.28735962     
   95.0000000000000       -1324878.34487244     
   96.0000000000000       -1324878.40360920     
   97.0000000000000       -1324878.46357399     
   98.0000000000000       -1324878.52477065     
   99.0000000000000       -1324878.58720277     
   100.000000000000       -1324878.65087370     
   101.000000000000       -1324878.71578656     
   102.000000000000       -1324878.78194421     
   103.000000000000       -1324878.84934932     
   104.000000000000       -1324878.91800435     
   105.000000000000       -1324878.98791153     
   106.000000000000       -1324879.05907289     
   107.000000000000       -1324879.13149026     
   108.000000000000       -1324879.20516528     
   109.000000000000       -1324879.28009943     
   110.000000000000       -1324879.35629397     
   111.000000000000       -1324879.43375000     
   112.000000000000       -1324879.51246846     
   113.000000000000       -1324879.59245012     
   114.000000000000       -1324879.67369561     
   115.000000000000       -1324879.75620536     
   116.000000000000       -1324879.83997970     
   117.000000000000       -1324879.92501880     
   118.000000000000       -1324880.01132268     
   119.000000000000       -1324880.09889123     
   120.000000000000       -1324880.18772423     
   121.000000000000       -1324880.27782131     
   122.000000000000       -1324880.36918200     
   123.000000000000       -1324880.46180570     
   124.000000000000       -1324880.55569170     
   125.000000000000       -1324880.65083918     
   126.000000000000       -1324880.74724722     
   127.000000000000       -1324880.84491480     
   128.000000000000       -1324880.94384079     
   129.000000000000       -1324881.04402398     
   130.000000000000       -1324881.14546308     
   131.000000000000       -1324881.24815668     
   132.000000000000       -1324881.35210330     
   133.000000000000       -1324881.45730140     
   134.000000000000       -1324881.56374934     
   135.000000000000       -1324881.67144541     
   136.000000000000       -1324881.78038784     
   137.000000000000       -1324881.89057477     
   138.000000000000       -1324882.00200428     
   139.000000000000       -1324882.11467441     
   140.000000000000       -1324882.22858311     
   141.000000000000       -1324882.34372827     
   142.000000000000       -1324882.46010776     
   143.000000000000       -1324882.57771936     
   144.000000000000       -1324882.69656082     
   145.000000000000       -1324882.81662981     
   146.000000000000       -1324882.93792400     
   147.000000000000       -1324883.06044097     
   148.000000000000       -1324883.18417828     
   149.000000000000       -1324883.30913345     
   150.000000000000       -1324883.43530395     
   151.000000000000       -1324883.56268722     
   152.000000000000       -1324883.69128067     
   153.000000000000       -1324883.82108165     
   154.000000000000       -1324883.95208752     
   155.000000000000       -1324884.08429556     
   156.000000000000       -1324884.21770305     
   157.000000000000       -1324884.35230725     
   158.000000000000       -1324884.48810537     
   159.000000000000       -1324884.62509461     
   160.000000000000       -1324884.76327214     
   161.000000000000       -1324884.90263511     
   162.000000000000       -1324885.04318065     
   163.000000000000       -1324885.18490587     
   164.000000000000       -1324885.32780785     
   165.000000000000       -1324885.47188367     
   166.000000000000       -1324885.61713040     
   167.000000000000       -1324885.76354505     
   168.000000000000       -1324885.91112467     
   169.000000000000       -1324886.05986626     
   170.000000000000       -1324886.20976682     
   171.000000000000       -1324886.36082335     
   172.000000000000       -1324886.51303281     
   173.000000000000       -1324886.66639218     
   174.000000000000       -1324886.82089842     
   175.000000000000       -1324886.97654847     
   176.000000000000       -1324887.13333929     
   177.000000000000       -1324887.29126781     
   178.000000000000       -1324887.45033095     
   179.000000000000       -1324887.61052565     
   180.000000000000       -1324887.77184882     
   181.000000000000       -1324887.93429739     
   182.000000000000       -1324888.09786826     
   183.000000000000       -1324888.26255835     
   184.000000000000       -1324888.42836457     
   185.000000000000       -1324888.59528382     
   186.000000000000       -1324888.76331302     
   187.000000000000       -1324888.93244906     
   188.000000000000       -1324889.10268886     
   189.000000000000       -1324889.27402932     
   190.000000000000       -1324889.44646736     
   191.000000000000       -1324889.61999987     
   192.000000000000       -1324889.79462377     
   193.000000000000       -1324889.97033598     
   194.000000000000       -1324890.14713341     
   195.000000000000       -1324890.32501298     
   196.000000000000       -1324890.50397162     
   197.000000000000       -1324890.68400625     
   198.000000000000       -1324890.86511380     
   199.000000000000       -1324891.04729121     
   200.000000000000       -1324891.23053542     
   201.000000000000       -1324891.41484337     
   202.000000000000       -1324891.60021203     
   203.000000000000       -1324891.78663833     
   204.000000000000       -1324891.97411925     
   205.000000000000       -1324892.16265176     
   206.000000000000       -1324892.35223282     
   207.000000000000       -1324892.54285943     
   208.000000000000       -1324892.73452857     
   209.000000000000       -1324892.92723724     
   210.000000000000       -1324893.12098244     
   211.000000000000       -1324893.31576119     
   212.000000000000       -1324893.51157049     
   213.000000000000       -1324893.70840739     
   214.000000000000       -1324893.90626892     
   215.000000000000       -1324894.10515211     
   216.000000000000       -1324894.30505403     
   217.000000000000       -1324894.50597172     
   218.000000000000       -1324894.70790227     
   219.000000000000       -1324894.91084276     
   220.000000000000       -1324895.11479025     
   221.000000000000       -1324895.31974187     
   222.000000000000       -1324895.52569470     
   223.000000000000       -1324895.73264587     
   224.000000000000       -1324895.94059249     
   225.000000000000       -1324896.14953172     
   226.000000000000       -1324896.35946068     
   227.000000000000       -1324896.57037654     
   228.000000000000       -1324896.78227644     
   229.000000000000       -1324896.99515759     
   230.000000000000       -1324897.20901715     
   231.000000000000       -1324897.42385231     
   232.000000000000       -1324897.63966029     
   233.000000000000       -1324897.85643829     
   234.000000000000       -1324898.07418354     
   235.000000000000       -1324898.29289328     
   236.000000000000       -1324898.51256475     
   237.000000000000       -1324898.73319521     
   238.000000000000       -1324898.95478192     
   239.000000000000       -1324899.17732217     
   240.000000000000       -1324899.40081322     
   241.000000000000       -1324899.62525240     
   242.000000000000       -1324899.85063700     
   243.000000000000       -1324900.07696434     
   244.000000000000       -1324900.30423175     
   245.000000000000       -1324900.53243658     
   246.000000000000       -1324900.76157618     
   247.000000000000       -1324900.99164790     
   248.000000000000       -1324901.22264912     
   249.000000000000       -1324901.45457723     
   250.000000000000       -1324901.68742961     
   251.000000000000       -1324901.92120368     
   252.000000000000       -1324902.15589685     
   253.000000000000       -1324902.39150654     
   254.000000000000       -1324902.62803020     
   255.000000000000       -1324902.86546527     
   256.000000000000       -1324903.10380920     
   257.000000000000       -1324903.34305948     
   258.000000000000       -1324903.58321358     
   259.000000000000       -1324903.82426900     
   260.000000000000       -1324904.06622322     
   261.000000000000       -1324904.30907378     
   262.000000000000       -1324904.55281818     
   263.000000000000       -1324904.79745398     
   264.000000000000       -1324905.04297870     
   265.000000000000       -1324905.28938990     
   266.000000000000       -1324905.53668516     
   267.000000000000       -1324905.78486205     
   268.000000000000       -1324906.03391816     
   269.000000000000       -1324906.28385107     
   270.000000000000       -1324906.53465841     
   271.000000000000       -1324906.78633780     
   272.000000000000       -1324907.03888685     
   273.000000000000       -1324907.29230322     
   274.000000000000       -1324907.54658455     
   275.000000000000       -1324907.80172850     
   276.000000000000       -1324908.05773275     
   277.000000000000       -1324908.31459497     
   278.000000000000       -1324908.57231286     
   279.000000000000       -1324908.83088412     
   280.000000000000       -1324909.09030647     
   281.000000000000       -1324909.35057762     
   282.000000000000       -1324909.61169531     
   283.000000000000       -1324909.87365729     
   284.000000000000       -1324910.13646130     
   285.000000000000       -1324910.40010511     
   286.000000000000       -1324910.66458649     
   287.000000000000       -1324910.92990324     
   288.000000000000       -1324911.19605313     
   289.000000000000       -1324911.46303398     
   290.000000000000       -1324911.73084359     
   291.000000000000       -1324911.99947979     
   292.000000000000       -1324912.26894041     
   293.000000000000       -1324912.53922331     
   294.000000000000       -1324912.81032632     
   295.000000000000       -1324913.08224731     
   296.000000000000       -1324913.35498416     
   297.000000000000       -1324913.62853474     
   298.000000000000       -1324913.90289695     
   299.000000000000       -1324914.17806868     
   300.000000000000       -1324914.45404785     
   301.000000000000       -1324914.73083238     
   302.000000000000       -1324915.00842020     
   303.000000000000       -1324915.28680924     
   304.000000000000       -1324915.56599745     
   305.000000000000       -1324915.84598279     
   306.000000000000       -1324916.12676324     
   307.000000000000       -1324916.40833675     
   308.000000000000       -1324916.69070132     
   309.000000000000       -1324916.97385493     
   310.000000000000       -1324917.25779561     
   311.000000000000       -1324917.54252135     
   312.000000000000       -1324917.82803017     
   313.000000000000       -1324918.11432011     
   314.000000000000       -1324918.40138921     
   315.000000000000       -1324918.68923552     
   316.000000000000       -1324918.97785708     
   317.000000000000       -1324919.26725197     
   318.000000000000       -1324919.55741826     
   319.000000000000       -1324919.84835403     
   320.000000000000       -1324920.14005737     
   321.000000000000       -1324920.43252639     
   322.000000000000       -1324920.72575920     
   323.000000000000       -1324921.01975390     
   324.000000000000       -1324921.31450863     
   325.000000000000       -1324921.61002152     
   326.000000000000       -1324921.90629072     
   327.000000000000       -1324922.20331436     
   328.000000000000       -1324922.50109062     
   329.000000000000       -1324922.79961766     
   330.000000000000       -1324923.09889366     
   331.000000000000       -1324923.39891680     
   332.000000000000       -1324923.69968526     
   333.000000000000       -1324924.00119726     
   334.000000000000       -1324924.30345100     
   335.000000000000       -1324924.60644469     
   336.000000000000       -1324924.91017657     
   337.000000000000       -1324925.21464485     
   338.000000000000       -1324925.51984779     
   339.000000000000       -1324925.82578363     
   340.000000000000       -1324926.13245062     
   341.000000000000       -1324926.43984703     
   342.000000000000       -1324926.74797113     
   343.000000000000       -1324927.05682121     
   344.000000000000       -1324927.36639553     
   345.000000000000       -1324927.67669240     
   346.000000000000       -1324927.98771013     
   347.000000000000       -1324928.29944701     
   348.000000000000       -1324928.61190137     
   349.000000000000       -1324928.92507153     
   350.000000000000       -1324929.23895582     
   351.000000000000       -1324929.55355257     
   352.000000000000       -1324929.86886014     
   353.000000000000       -1324930.18487689     
   354.000000000000       -1324930.50160116     
   355.000000000000       -1324930.81903133     
   356.000000000000       -1324931.13716577     
   357.000000000000       -1324931.45600286     
   358.000000000000       -1324931.77554100     
   359.000000000000       -1324932.09577858     
   360.000000000000       -1324932.41671399     
   361.000000000000       -1324932.73834566     
   362.000000000000       -1324933.06067200     
   363.000000000000       -1324933.38369143     
   364.000000000000       -1324933.70740238     
   365.000000000000       -1324934.03180330     
   366.000000000000       -1324934.35689261     
   367.000000000000       -1324934.68266879     
   368.000000000000       -1324935.00913027     
   369.000000000000       -1324935.33627554     
   370.000000000000       -1324935.66410306     
   371.000000000000       -1324935.99261130     
   372.000000000000       -1324936.32179875     
   373.000000000000       -1324936.65166390     
   374.000000000000       -1324936.98220525     
   375.000000000000       -1324937.31342131     
   376.000000000000       -1324937.64531057     
   377.000000000000       -1324937.97787156     
   378.000000000000       -1324938.31110281     
   379.000000000000       -1324938.64500284     
   380.000000000000       -1324938.97957017     
   381.000000000000       -1324939.31480336     
   382.000000000000       -1324939.65070097     
   383.000000000000       -1324939.98726152     
   384.000000000000       -1324940.32448359     
   385.000000000000       -1324940.66236575     
   386.000000000000       -1324941.00090656     
   387.000000000000       -1324941.34010462     
   388.000000000000       -1324941.67995848     
   389.000000000000       -1324942.02046676     
   390.000000000000       -1324942.36162804     
   391.000000000000       -1324942.70344092     
   392.000000000000       -1324943.04590402     
   393.000000000000       -1324943.38901595     
   394.000000000000       -1324943.73277532     
   395.000000000000       -1324944.07718077     
   396.000000000000       -1324944.42223092     
   397.000000000000       -1324944.76792440     
   398.000000000000       -1324945.11425988     
   399.000000000000       -1324945.46123598     
   400.000000000000       -1324945.80885136     
   401.000000000000       -1324946.15710469     
   402.000000000000       -1324946.50599462     
   403.000000000000       -1324946.85551983     
   404.000000000000       -1324947.20567900     
   405.000000000000       -1324947.55647080     
   406.000000000000       -1324947.90789392     
   407.000000000000       -1324948.25994705     
   408.000000000000       -1324948.61262889     
   409.000000000000       -1324948.96593815     
   410.000000000000       -1324949.31987353     
   411.000000000000       -1324949.67443374     
   412.000000000000       -1324950.02961750     
   413.000000000000       -1324950.38542353     
   414.000000000000       -1324950.74185058     
   415.000000000000       -1324951.09889736     
   416.000000000000       -1324951.45656262     
   417.000000000000       -1324951.81484510     
   418.000000000000       -1324952.17374356     
   419.000000000000       -1324952.53325674     
   420.000000000000       -1324952.89338340     
   421.000000000000       -1324953.25412232     
   422.000000000000       -1324953.61547225     
   423.000000000000       -1324953.97743198     
   424.000000000000       -1324954.34000029     
   425.000000000000       -1324954.70317595     
   426.000000000000       -1324955.06695776     
   427.000000000000       -1324955.43134451     
   428.000000000000       -1324955.79633499     
   429.000000000000       -1324956.16192803     
   430.000000000000       -1324956.52812241     
   431.000000000000       -1324956.89491695     
   432.000000000000       -1324957.26231047     
   433.000000000000       -1324957.63030180     
   434.000000000000       -1324957.99888976     
   435.000000000000       -1324958.36807318     
   436.000000000000       -1324958.73785090     
   437.000000000000       -1324959.10822176     
   438.000000000000       -1324959.47918461     
   439.000000000000       -1324959.85073829     
   440.000000000000       -1324960.22288165     
   441.000000000000       -1324960.59561357     
   442.000000000000       -1324960.96893290     
   443.000000000000       -1324961.34283850     
   444.000000000000       -1324961.71732925     
   445.000000000000       -1324962.09240404     
   446.000000000000       -1324962.46806173     
   447.000000000000       -1324962.84430122     
   448.000000000000       -1324963.22112139     
   449.000000000000       -1324963.59852114     
   450.000000000000       -1324963.97649936     
   451.000000000000       -1324964.35505496     
   452.000000000000       -1324964.73418685     
   453.000000000000       -1324965.11389393     
   454.000000000000       -1324965.49417512     
   455.000000000000       -1324965.87502934     
   456.000000000000       -1324966.25645552     
   457.000000000000       -1324966.63845257     
   458.000000000000       -1324967.02101943     
   459.000000000000       -1324967.40415505     
   460.000000000000       -1324967.78785835     
   461.000000000000       -1324968.17212828     
   462.000000000000       -1324968.55696379     
   463.000000000000       -1324968.94236384     
   464.000000000000       -1324969.32832736     
   465.000000000000       -1324969.71485333     
   466.000000000000       -1324970.10194071     
   467.000000000000       -1324970.48958847     
   468.000000000000       -1324970.87779557     
   469.000000000000       -1324971.26656100     
   470.000000000000       -1324971.65588373     
   471.000000000000       -1324972.04576274     
   472.000000000000       -1324972.43619702     
   473.000000000000       -1324972.82718557     
   474.000000000000       -1324973.21872737     
   475.000000000000       -1324973.61082143     
   476.000000000000       -1324974.00346674     
   477.000000000000       -1324974.39666231     
   478.000000000000       -1324974.79040715     
   479.000000000000       -1324975.18470028     
   480.000000000000       -1324975.57954070     
   481.000000000000       -1324975.97492744     
   482.000000000000       -1324976.37085952     
   483.000000000000       -1324976.76733597     
   484.000000000000       -1324977.16435583     
   485.000000000000       -1324977.56191811     
   486.000000000000       -1324977.96002187     
   487.000000000000       -1324978.35866615     
   488.000000000000       -1324978.75784998     
   489.000000000000       -1324979.15757242     
   490.000000000000       -1324979.55783252     
   491.000000000000       -1324979.95862933     
   492.000000000000       -1324980.35996191     
   493.000000000000       -1324980.76182933     
   494.000000000000       -1324981.16423065     
   495.000000000000       -1324981.56716494     
   496.000000000000       -1324981.97063126     
   497.000000000000       -1324982.37462871     
   498.000000000000       -1324982.77915635     
   499.000000000000       -1324983.18421328     
   500.000000000000       -1324983.58979856     
   501.000000000000       -1324983.99591130     
   502.000000000000       -1324984.40255058     
   503.000000000000       -1324984.80971550     
   504.000000000000       -1324985.21740516     
   505.000000000000       -1324985.62561866     
   506.000000000000       -1324986.03435511     
   507.000000000000       -1324986.44361360     
   508.000000000000       -1324986.85339327     
   509.000000000000       -1324987.26369321     
   510.000000000000       -1324987.67451254     
   511.000000000000       -1324988.08585040     
   512.000000000000       -1324988.49770589     
   513.000000000000       -1324988.91007815     
   514.000000000000       -1324989.32296632     
   515.000000000000       -1324989.73636951     
   516.000000000000       -1324990.15028687     
   517.000000000000       -1324990.56471753     
   518.000000000000       -1324990.97966064     
   519.000000000000       -1324991.39511535     
   520.000000000000       -1324991.81108080     
   521.000000000000       -1324992.22755613     
   522.000000000000       -1324992.64454052     
   523.000000000000       -1324993.06203310     
   524.000000000000       -1324993.48003305     
   525.000000000000       -1324993.89853953     
   526.000000000000       -1324994.31755169     
   527.000000000000       -1324994.73706872     
   528.000000000000       -1324995.15708977     
   529.000000000000       -1324995.57761403     
   530.000000000000       -1324995.99864068     
   531.000000000000       -1324996.42016888     
   532.000000000000       -1324996.84219784     
   533.000000000000       -1324997.26472671     
   534.000000000000       -1324997.68775472     
   535.000000000000       -1324998.11128103     
   536.000000000000       -1324998.53530484     
   537.000000000000       -1324998.95982535     
   538.000000000000       -1324999.38484176     
   539.000000000000       -1324999.81035328     
   540.000000000000       -1325000.23635910     
   541.000000000000       -1325000.66285844     
   542.000000000000       -1325001.08985049     
   543.000000000000       -1325001.51733449     
   544.000000000000       -1325001.94530963     
   545.000000000000       -1325002.37377515     
   546.000000000000       -1325002.80273026     
   547.000000000000       -1325003.23217418     
   548.000000000000       -1325003.66210614     
   549.000000000000       -1325004.09252538     
   550.000000000000       -1325004.52343110     
   551.000000000000       -1325004.95482257     
   552.000000000000       -1325005.38669900     
   553.000000000000       -1325005.81905964     
   554.000000000000       -1325006.25190373     
   555.000000000000       -1325006.68523052     
   556.000000000000       -1325007.11903924     
   557.000000000000       -1325007.55332915     
   558.000000000000       -1325007.98809950     
   559.000000000000       -1325008.42334955     
   560.000000000000       -1325008.85907855     
   561.000000000000       -1325009.29528575     
   562.000000000000       -1325009.73197042     
   563.000000000000       -1325010.16913183     
   564.000000000000       -1325010.60676924     
   565.000000000000       -1325011.04488191     
   566.000000000000       -1325011.48346912     
   567.000000000000       -1325011.92253015     
   568.000000000000       -1325012.36206426     
   569.000000000000       -1325012.80207073     
   570.000000000000       -1325013.24254885     
   571.000000000000       -1325013.68349790     
   572.000000000000       -1325014.12491716     
   573.000000000000       -1325014.56680592     
   574.000000000000       -1325015.00916347     
   575.000000000000       -1325015.45198911     
   576.000000000000       -1325015.89528211     
   577.000000000000       -1325016.33904179     
   578.000000000000       -1325016.78326744     
   579.000000000000       -1325017.22795836     
   580.000000000000       -1325017.67311386     
   581.000000000000       -1325018.11873323     
   582.000000000000       -1325018.56481580     
   583.000000000000       -1325019.01136086     
   584.000000000000       -1325019.45836773     
   585.000000000000       -1325019.90583572     
   586.000000000000       -1325020.35376416     
   587.000000000000       -1325020.80215235     
   588.000000000000       -1325021.25099962     
   589.000000000000       -1325021.70030529     
   590.000000000000       -1325022.15006870     
   591.000000000000       -1325022.60028915     
   592.000000000000       -1325023.05096599     
   593.000000000000       -1325023.50209855     
   594.000000000000       -1325023.95368616     
   595.000000000000       -1325024.40572815     
   596.000000000000       -1325024.85822386     
   597.000000000000       -1325025.31117263     
   598.000000000000       -1325025.76457381     
   599.000000000000       -1325026.21842674     
   600.000000000000       -1325026.67273077     
   601.000000000000       -1325027.12748523     
   602.000000000000       -1325027.58268949     
   603.000000000000       -1325028.03834289     
   604.000000000000       -1325028.49444479     
   605.000000000000       -1325028.95099455     
   606.000000000000       -1325029.40799152     
   607.000000000000       -1325029.86543506     
   608.000000000000       -1325030.32332454     
   609.000000000000       -1325030.78165932     
   610.000000000000       -1325031.24043877     
   611.000000000000       -1325031.69966224     
   612.000000000000       -1325032.15932913     
   613.000000000000       -1325032.61943878     
   614.000000000000       -1325033.07999059     
   615.000000000000       -1325033.54098392     
   616.000000000000       -1325034.00241816     
   617.000000000000       -1325034.46429268     
   618.000000000000       -1325034.92660686     
   619.000000000000       -1325035.38936009     
   620.000000000000       -1325035.85255176     
   621.000000000000       -1325036.31618124     
   622.000000000000       -1325036.78024793     
   623.000000000000       -1325037.24475123     
   624.000000000000       -1325037.70969051     
   625.000000000000       -1325038.17506519     
   626.000000000000       -1325038.64087465     
   627.000000000000       -1325039.10711829     
   628.000000000000       -1325039.57379551     
   629.000000000000       -1325040.04090572     
   630.000000000000       -1325040.50844831     
   631.000000000000       -1325040.97642270     
   632.000000000000       -1325041.44482829     
   633.000000000000       -1325041.91366449     
   634.000000000000       -1325042.38293070     
   635.000000000000       -1325042.85262636     
   636.000000000000       -1325043.32275086     
   637.000000000000       -1325043.79330362     
   638.000000000000       -1325044.26428407     
   639.000000000000       -1325044.73569162     
   640.000000000000       -1325045.20752568     
   641.000000000000       -1325045.67978570     
   642.000000000000       -1325046.15247109     
   643.000000000000       -1325046.62558127     
   644.000000000000       -1325047.09911567     
   645.000000000000       -1325047.57307374     
   646.000000000000       -1325048.04745489     
   647.000000000000       -1325048.52225856     
   648.000000000000       -1325048.99748418     
   649.000000000000       -1325049.47313120     
   650.000000000000       -1325049.94919904     
   651.000000000000       -1325050.42568716     
   652.000000000000       -1325050.90259498     
   653.000000000000       -1325051.37992197     
   654.000000000000       -1325051.85766755     
   655.000000000000       -1325052.33583117     
   656.000000000000       -1325052.81441230     
   657.000000000000       -1325053.29341036     
   658.000000000000       -1325053.77282482     
   659.000000000000       -1325054.25265513     
   660.000000000000       -1325054.73290074     
   661.000000000000       -1325055.21356111     
   662.000000000000       -1325055.69463569     
   663.000000000000       -1325056.17612395     
   664.000000000000       -1325056.65802535     
   665.000000000000       -1325057.14033935     
   666.000000000000       -1325057.62306541     
   667.000000000000       -1325058.10620300     
   668.000000000000       -1325058.58975158     
   669.000000000000       -1325059.07371063     
   670.000000000000       -1325059.55807962     
   671.000000000000       -1325060.04285801     
   672.000000000000       -1325060.52804527     
   673.000000000000       -1325061.01364090     
   674.000000000000       -1325061.49964435     
   675.000000000000       -1325061.98605511     
   676.000000000000       -1325062.47287266     
   677.000000000000       -1325062.96009648     
   678.000000000000       -1325063.44772604     
   679.000000000000       -1325063.93576084     
   680.000000000000       -1325064.42420036     
   681.000000000000       -1325064.91304409     
   682.000000000000       -1325065.40229151     
   683.000000000000       -1325065.89194211     
   684.000000000000       -1325066.38199539     
   685.000000000000       -1325066.87245083     
   686.000000000000       -1325067.36330794     
   687.000000000000       -1325067.85456620     
   688.000000000000       -1325068.34622511     
   689.000000000000       -1325068.83828418     
   690.000000000000       -1325069.33074290     
   691.000000000000       -1325069.82360076     
   692.000000000000       -1325070.31685728     
   693.000000000000       -1325070.81051196     
   694.000000000000       -1325071.30456431     
   695.000000000000       -1325071.79901382     
   696.000000000000       -1325072.29386001     
   697.000000000000       -1325072.78910239     
   698.000000000000       -1325073.28474047     
   699.000000000000       -1325073.78077376     
   700.000000000000       -1325074.27720177     
   701.000000000000       -1325074.77402402     
   702.000000000000       -1325075.27124002     
   703.000000000000       -1325075.76884930     
   704.000000000000       -1325076.26685137     
   705.000000000000       -1325076.76524575     
   706.000000000000       -1325077.26403196     
   707.000000000000       -1325077.76320953     
   708.000000000000       -1325078.26277798     
   709.000000000000       -1325078.76273684     
   710.000000000000       -1325079.26308563     
   711.000000000000       -1325079.76382388     
   712.000000000000       -1325080.26495113     
   713.000000000000       -1325080.76646689     
   714.000000000000       -1325081.26837071     
   715.000000000000       -1325081.77066211     
   716.000000000000       -1325082.27334064     
   717.000000000000       -1325082.77640583     
   718.000000000000       -1325083.27985720     
   719.000000000000       -1325083.78369432     
   720.000000000000       -1325084.28791671     
   721.000000000000       -1325084.79252391     
   722.000000000000       -1325085.29751547     
   723.000000000000       -1325085.80289093     
   724.000000000000       -1325086.30864983     
   725.000000000000       -1325086.81479173     
   726.000000000000       -1325087.32131617     
   727.000000000000       -1325087.82822269     
   728.000000000000       -1325088.33551085     
   729.000000000000       -1325088.84318020     
   730.000000000000       -1325089.35123029     
   731.000000000000       -1325089.85966067     
   732.000000000000       -1325090.36847090     
   733.000000000000       -1325090.87766054     
   734.000000000000       -1325091.38722914     
   735.000000000000       -1325091.89717626     
   736.000000000000       -1325092.40750146     
   737.000000000000       -1325092.91820430     
   738.000000000000       -1325093.42928434     
   739.000000000000       -1325093.94074114     
   740.000000000000       -1325094.45257428     
   741.000000000000       -1325094.96478331     
   742.000000000000       -1325095.47736780     
   743.000000000000       -1325095.99032733     
   744.000000000000       -1325096.50366145     
   745.000000000000       -1325097.01736974     
   746.000000000000       -1325097.53145177     
   747.000000000000       -1325098.04590711     
   748.000000000000       -1325098.56073534     
   749.000000000000       -1325099.07593603     
   750.000000000000       -1325099.59150875     
   751.000000000000       -1325100.10745309     
   752.000000000000       -1325100.62376862     
   753.000000000000       -1325101.14045492     
   754.000000000000       -1325101.65751157     
   755.000000000000       -1325102.17493816     
   756.000000000000       -1325102.69273426     
   757.000000000000       -1325103.21089946     
   758.000000000000       -1325103.72943335     
   759.000000000000       -1325104.24833550     
   760.000000000000       -1325104.76760551     
   761.000000000000       -1325105.28724297     
   762.000000000000       -1325105.80724746     
   763.000000000000       -1325106.32761857     
   764.000000000000       -1325106.84835591     
   765.000000000000       -1325107.36945905     
   766.000000000000       -1325107.89092760     
   767.000000000000       -1325108.41276114     
   768.000000000000       -1325108.93495927     
   769.000000000000       -1325109.45752160     
   770.000000000000       -1325109.98044771     
   771.000000000000       -1325110.50373721     
   772.000000000000       -1325111.02738970     
   773.000000000000       -1325111.55140477     
   774.000000000000       -1325112.07578204     
   775.000000000000       -1325112.60052110     
   776.000000000000       -1325113.12562155     
   777.000000000000       -1325113.65108301     
   778.000000000000       -1325114.17690508     
   779.000000000000       -1325114.70308737     
   780.000000000000       -1325115.22962948     
   781.000000000000       -1325115.75653102     
   782.000000000000       -1325116.28379161     
   783.000000000000       -1325116.81141086     
   784.000000000000       -1325117.33938837     
   785.000000000000       -1325117.86772377     
   786.000000000000       -1325118.39641666     
   787.000000000000       -1325118.92546667     
   788.000000000000       -1325119.45487341     
   789.000000000000       -1325119.98463649     
   790.000000000000       -1325120.51475554     
   791.000000000000       -1325121.04523017     
   792.000000000000       -1325121.57606001     
   793.000000000000       -1325122.10724467     
   794.000000000000       -1325122.63878378     
   795.000000000000       -1325123.17067697     
   796.000000000000       -1325123.70292385     
   797.000000000000       -1325124.23552406     
   798.000000000000       -1325124.76847722     
   799.000000000000       -1325125.30178295     
   800.000000000000       -1325125.83544089     
   801.000000000000       -1325126.36945066     
   802.000000000000       -1325126.90381189     
   803.000000000000       -1325127.43852423     
   804.000000000000       -1325127.97358729     
   805.000000000000       -1325128.50900071     
   806.000000000000       -1325129.04476412     
   807.000000000000       -1325129.58087717     
   808.000000000000       -1325130.11733949     
   809.000000000000       -1325130.65415071     
   810.000000000000       -1325131.19131047     
   811.000000000000       -1325131.72881841     
   812.000000000000       -1325132.26667417     
   813.000000000000       -1325132.80487739     
   814.000000000000       -1325133.34342771     
   815.000000000000       -1325133.88232478     
   816.000000000000       -1325134.42156824     
   817.000000000000       -1325134.96115773     
   818.000000000000       -1325135.50109290     
   819.000000000000       -1325136.04137339     
   820.000000000000       -1325136.58199886     
   821.000000000000       -1325137.12296894     
   822.000000000000       -1325137.66428330     
   823.000000000000       -1325138.20594157     
   824.000000000000       -1325138.74794342     
   825.000000000000       -1325139.29028848     
   826.000000000000       -1325139.83297642     
   827.000000000000       -1325140.37600688     
   828.000000000000       -1325140.91937953     
   829.000000000000       -1325141.46309401     
   830.000000000000       -1325142.00714999     
   831.000000000000       -1325142.55154712     
   832.000000000000       -1325143.09628505     
   833.000000000000       -1325143.64136346     
   834.000000000000       -1325144.18678199     
   835.000000000000       -1325144.73254030     
   836.000000000000       -1325145.27863807     
   837.000000000000       -1325145.82507494     
   838.000000000000       -1325146.37185059     
   839.000000000000       -1325146.91896468     
   840.000000000000       -1325147.46641687     
   841.000000000000       -1325148.01420682     
   842.000000000000       -1325148.56233422     
   843.000000000000       -1325149.11079871     
   844.000000000000       -1325149.65959997     
   845.000000000000       -1325150.20873768     
   846.000000000000       -1325150.75821150     
   847.000000000000       -1325151.30802109     
   848.000000000000       -1325151.85816614     
   849.000000000000       -1325152.40864632     
   850.000000000000       -1325152.95946129     
   851.000000000000       -1325153.51061073     
   852.000000000000       -1325154.06209432     
   853.000000000000       -1325154.61391173     
   854.000000000000       -1325155.16606265     
   855.000000000000       -1325155.71854674     
   856.000000000000       -1325156.27136369     
   857.000000000000       -1325156.82451317     
   858.000000000000       -1325157.37799487     
   859.000000000000       -1325157.93180846     
   860.000000000000       -1325158.48595363     
   861.000000000000       -1325159.04043006     
   862.000000000000       -1325159.59523743     
   863.000000000000       -1325160.15037543     
   864.000000000000       -1325160.70584374     
   865.000000000000       -1325161.26164205     
   866.000000000000       -1325161.81777004     
   867.000000000000       -1325162.37422740     
   868.000000000000       -1325162.93101383     
   869.000000000000       -1325163.48812899     
   870.000000000000       -1325164.04557260     
   871.000000000000       -1325164.60334434     
   872.000000000000       -1325165.16144389     
   873.000000000000       -1325165.71987095     
   874.000000000000       -1325166.27862522     
   875.000000000000       -1325166.83770638     
   876.000000000000       -1325167.39711414     
   877.000000000000       -1325167.95684818     
   878.000000000000       -1325168.51690821     
   879.000000000000       -1325169.07729391     
   880.000000000000       -1325169.63800499     
   881.000000000000       -1325170.19904115     
   882.000000000000       -1325170.76040208     
   883.000000000000       -1325171.32208749     
   884.000000000000       -1325171.88409706     
   885.000000000000       -1325172.44643052     
   886.000000000000       -1325173.00908755     
   887.000000000000       -1325173.57206786     
   888.000000000000       -1325174.13537115     
   889.000000000000       -1325174.69899713     
   890.000000000000       -1325175.26294551     
   891.000000000000       -1325175.82721598     
   892.000000000000       -1325176.39180826     
   893.000000000000       -1325176.95672205     
   894.000000000000       -1325177.52195707     
   895.000000000000       -1325178.08751301     
   896.000000000000       -1325178.65338959     
   897.000000000000       -1325179.21958652     
   898.000000000000       -1325179.78610351     
   899.000000000000       -1325180.35294028     
   900.000000000000       -1325180.92009653     
   901.000000000000       -1325181.48757197     
   902.000000000000       -1325182.05536633     
   903.000000000000       -1325182.62347931     
   904.000000000000       -1325183.19191064     
   905.000000000000       -1325183.76066002     
   906.000000000000       -1325184.32972718     
   907.000000000000       -1325184.89911183     
   908.000000000000       -1325185.46881370     
   909.000000000000       -1325186.03883249     
   910.000000000000       -1325186.60916793     
   911.000000000000       -1325187.17981974     
   912.000000000000       -1325187.75078765     
   913.000000000000       -1325188.32207136     
   914.000000000000       -1325188.89367062     
   915.000000000000       -1325189.46558513     
   916.000000000000       -1325190.03781462     
   917.000000000000       -1325190.61035882     
   918.000000000000       -1325191.18321746     
   919.000000000000       -1325191.75639025     
   920.000000000000       -1325192.32987693     
   921.000000000000       -1325192.90367723     
   922.000000000000       -1325193.47779086     
   923.000000000000       -1325194.05221757     
   924.000000000000       -1325194.62695707     
   925.000000000000       -1325195.20200911     
   926.000000000000       -1325195.77737341     
   927.000000000000       -1325196.35304971     
   928.000000000000       -1325196.92903773     
   929.000000000000       -1325197.50533720     
   930.000000000000       -1325198.08194787     
   931.000000000000       -1325198.65886947     
   932.000000000000       -1325199.23610173     
   933.000000000000       -1325199.81364439     
   934.000000000000       -1325200.39149718     
   935.000000000000       -1325200.96965985     
   936.000000000000       -1325201.54813213     
   937.000000000000       -1325202.12691375     
   938.000000000000       -1325202.70600446     
   939.000000000000       -1325203.28540400     
   940.000000000000       -1325203.86511211     
   941.000000000000       -1325204.44512852     
   942.000000000000       -1325205.02545298     
   943.000000000000       -1325205.60608524     
   944.000000000000       -1325206.18702504     
   945.000000000000       -1325206.76827212     
   946.000000000000       -1325207.34982622     
   947.000000000000       -1325207.93168709     
   948.000000000000       -1325208.51385448     
   949.000000000000       -1325209.09632813     
   950.000000000000       -1325209.67910779     
   951.000000000000       -1325210.26219321     
   952.000000000000       -1325210.84558414     
   953.000000000000       -1325211.42928032     
   954.000000000000       -1325212.01328150     
   955.000000000000       -1325212.59758745     
   956.000000000000       -1325213.18219790     
   957.000000000000       -1325213.76711260     
   958.000000000000       -1325214.35233132     
   959.000000000000       -1325214.93785381     
   960.000000000000       -1325215.52367981     
   961.000000000000       -1325216.10980908     
   962.000000000000       -1325216.69624138     
   963.000000000000       -1325217.28297646     
   964.000000000000       -1325217.87001408     
   965.000000000000       -1325218.45735400     
   966.000000000000       -1325219.04499597     
   967.000000000000       -1325219.63293975     
   968.000000000000       -1325220.22118510     
   969.000000000000       -1325220.80973179     
   970.000000000000       -1325221.39857956     
   971.000000000000       -1325221.98772818     
   972.000000000000       -1325222.57717742     
   973.000000000000       -1325223.16692703     
   974.000000000000       -1325223.75697677     
   975.000000000000       -1325224.34732642     
   976.000000000000       -1325224.93797573     
   977.000000000000       -1325225.52892447     
   978.000000000000       -1325226.12017240     
   979.000000000000       -1325226.71171929     
   980.000000000000       -1325227.30356490     
   981.000000000000       -1325227.89570901     
   982.000000000000       -1325228.48815137     
   983.000000000000       -1325229.08089177     
   984.000000000000       -1325229.67392996     
   985.000000000000       -1325230.26726572     
   986.000000000000       -1325230.86089881     
   987.000000000000       -1325231.45482901     
   988.000000000000       -1325232.04905609     
   989.000000000000       -1325232.64357982     
   990.000000000000       -1325233.23839997     
   991.000000000000       -1325233.83351632     
   992.000000000000       -1325234.42892864     
   993.000000000000       -1325235.02463670     
   994.000000000000       -1325235.62064027     
   995.000000000000       -1325236.21693915     
   996.000000000000       -1325236.81353309     
   997.000000000000       -1325237.41042188     
   998.000000000000       -1325238.00760529     
   999.000000000000       -1325238.60508311     
   1000.00000000000       -1325239.20285511     
   1001.00000000000       -1325239.80092107     
   1002.00000000000       -1325240.39928076     
   1003.00000000000       -1325240.99793398     
   1004.00000000000       -1325241.59688050     
   1005.00000000000       -1325242.19612010     
   1006.00000000000       -1325242.79565256     
   1007.00000000000       -1325243.39547768     
   1008.00000000000       -1325243.99559522     
   1009.00000000000       -1325244.59600498     
   1010.00000000000       -1325245.19670673     
   1011.00000000000       -1325245.79770027     
   1012.00000000000       -1325246.39898538     
   1013.00000000000       -1325247.00056185     
   1014.00000000000       -1325247.60242946     
   1015.00000000000       -1325248.20458800     
   1016.00000000000       -1325248.80703725     
   1017.00000000000       -1325249.40977702     
   1018.00000000000       -1325250.01280708     
   1019.00000000000       -1325250.61612722     
   1020.00000000000       -1325251.21973724     
   1021.00000000000       -1325251.82363693     
   1022.00000000000       -1325252.42782608     
   1023.00000000000       -1325253.03230448     
   1024.00000000000       -1325253.63707192     
   1025.00000000000       -1325254.24212820     
   1026.00000000000       -1325254.84747310     
   1027.00000000000       -1325255.45310644     
   1028.00000000000       -1325256.05902799     
   1029.00000000000       -1325256.66523755     
   1030.00000000000       -1325257.27173493     
   1031.00000000000       -1325257.87851992     
   1032.00000000000       -1325258.48559231     
   1033.00000000000       -1325259.09295191     
   1034.00000000000       -1325259.70059850     
   1035.00000000000       -1325260.30853190     
   1036.00000000000       -1325260.91675190     
   1037.00000000000       -1325261.52525829     
   1038.00000000000       -1325262.13405089     
   1039.00000000000       -1325262.74312949     
   1040.00000000000       -1325263.35249389     
   1041.00000000000       -1325263.96214390     
   1042.00000000000       -1325264.57207932     
   1043.00000000000       -1325265.18229995     
   1044.00000000000       -1325265.79280560     
   1045.00000000000       -1325266.40359607     
   1046.00000000000       -1325267.01467116     
   1047.00000000000       -1325267.62603069     
   1048.00000000000       -1325268.23767446     
   1049.00000000000       -1325268.84960227     
   1050.00000000000       -1325269.46181393     
   1051.00000000000       -1325270.07430925     
   1052.00000000000       -1325270.68708805     
   1053.00000000000       -1325271.30015012     
   1054.00000000000       -1325271.91349528     
   1055.00000000000       -1325272.52712334     
   1056.00000000000       -1325273.14103411     
   1057.00000000000       -1325273.75522740     
   1058.00000000000       -1325274.36970302     
   1059.00000000000       -1325274.98446078     
   1060.00000000000       -1325275.59950050     
   1061.00000000000       -1325276.21482199     
   1062.00000000000       -1325276.83042507     
   1063.00000000000       -1325277.44630955     
   1064.00000000000       -1325278.06247524     
   1065.00000000000       -1325278.67892197     
   1066.00000000000       -1325279.29564954     
   1067.00000000000       -1325279.91265777     
   1068.00000000000       -1325280.52994649     
   1069.00000000000       -1325281.14751550     
   1070.00000000000       -1325281.76536463     
   1071.00000000000       -1325282.38349370     
   1072.00000000000       -1325283.00190252     
   1073.00000000000       -1325283.62059093     
   1074.00000000000       -1325284.23955872     
   1075.00000000000       -1325284.85880574     
   1076.00000000000       -1325285.47833179     
   1077.00000000000       -1325286.09813671     
   1078.00000000000       -1325286.71822031     
   1079.00000000000       -1325287.33858242     
   1080.00000000000       -1325287.95922286     
   1081.00000000000       -1325288.58014146     
   1082.00000000000       -1325289.20133804     
   1083.00000000000       -1325289.82281243     
   1084.00000000000       -1325290.44456444     
   1085.00000000000       -1325291.06659392     
   1086.00000000000       -1325291.68890069     
   1087.00000000000       -1325292.31148457     
   1088.00000000000       -1325292.93434539     
   1089.00000000000       -1325293.55748298     
   1090.00000000000       -1325294.18089718     
   1091.00000000000       -1325294.80458780     
   1092.00000000000       -1325295.42855469     
   1093.00000000000       -1325296.05279766     
   1094.00000000000       -1325296.67731656     
   1095.00000000000       -1325297.30211121     
   1096.00000000000       -1325297.92718145     
   1097.00000000000       -1325298.55252711     
   1098.00000000000       -1325299.17814803     
   1099.00000000000       -1325299.80404403     
   1100.00000000000       -1325300.43021496     
   1101.00000000000       -1325301.05666064     
   1102.00000000000       -1325301.68338092     
   1103.00000000000       -1325302.31037562     
   1104.00000000000       -1325302.93764460     
   1105.00000000000       -1325303.56518767     
   1106.00000000000       -1325304.19300469     
   1107.00000000000       -1325304.82109548     
   1108.00000000000       -1325305.44945990     
   1109.00000000000       -1325306.07809777     
   1110.00000000000       -1325306.70700894     
   1111.00000000000       -1325307.33619325     
   1112.00000000000       -1325307.96565053     
   1113.00000000000       -1325308.59538064     
   1114.00000000000       -1325309.22538341     
   1115.00000000000       -1325309.85565868     
   1116.00000000000       -1325310.48620631     
   1117.00000000000       -1325311.11702612     
   1118.00000000000       -1325311.74811797     
   1119.00000000000       -1325312.37948170     
   1120.00000000000       -1325313.01111715     
   1121.00000000000       -1325313.64302418     
   1122.00000000000       -1325314.27520262     
   1123.00000000000       -1325314.90765233     
   1124.00000000000       -1325315.54037315     
   1125.00000000000       -1325316.17336492     
   1126.00000000000       -1325316.80662751     
   1127.00000000000       -1325317.44016075     
   1128.00000000000       -1325318.07396449     
   1129.00000000000       -1325318.70803859     
   1130.00000000000       -1325319.34238290     
   1131.00000000000       -1325319.97699726     
   1132.00000000000       -1325320.61188153     
   1133.00000000000       -1325321.24703556     
   1134.00000000000       -1325321.88245920     
   1135.00000000000       -1325322.51815231     
   1136.00000000000       -1325323.15411473     
   1137.00000000000       -1325323.79034633     
   1138.00000000000       -1325324.42684695     
   1139.00000000000       -1325325.06361646     
   1140.00000000000       -1325325.70065470     
   1141.00000000000       -1325326.33796154     
   1142.00000000000       -1325326.97553683     
   1143.00000000000       -1325327.61338042     
   1144.00000000000       -1325328.25149218     
   1145.00000000000       -1325328.88987197     
   1146.00000000000       -1325329.52851963     
   1147.00000000000       -1325330.16743504     
   1148.00000000000       -1325330.80661805     
   1149.00000000000       -1325331.44606851     
   1150.00000000000       -1325332.08578630     
   1151.00000000000       -1325332.72577128     
   1152.00000000000       -1325333.36602329     
   1153.00000000000       -1325334.00654221     
   1154.00000000000       -1325334.64732791     
   1155.00000000000       -1325335.28838023     
   1156.00000000000       -1325335.92969905     
   1157.00000000000       -1325336.57128424     
   1158.00000000000       -1325337.21313565     
   1159.00000000000       -1325337.85525315     
   1160.00000000000       -1325338.49763660     
   1161.00000000000       -1325339.14028588     
   1162.00000000000       -1325339.78320085     
   1163.00000000000       -1325340.42638138     
   1164.00000000000       -1325341.06982734     
   1165.00000000000       -1325341.71353859     
   1166.00000000000       -1325342.35751500     
   1167.00000000000       -1325343.00175644     
   1168.00000000000       -1325343.64626279     
   1169.00000000000       -1325344.29103391     
   1170.00000000000       -1325344.93606967     
   1171.00000000000       -1325345.58136995     
   1172.00000000000       -1325346.22693462     
   1173.00000000000       -1325346.87276354     
   1174.00000000000       -1325347.51885660     
   1175.00000000000       -1325348.16521367     
   1176.00000000000       -1325348.81183462     
   1177.00000000000       -1325349.45871932     
   1178.00000000000       -1325350.10586766     
   1179.00000000000       -1325350.75327949     
   1180.00000000000       -1325351.40095472     
   1181.00000000000       -1325352.04889320     
   1182.00000000000       -1325352.69709481     
   1183.00000000000       -1325353.34555944     
   1184.00000000000       -1325353.99428696     
   1185.00000000000       -1325354.64327726     
   1186.00000000000       -1325355.29253020     
   1187.00000000000       -1325355.94204567     
   1188.00000000000       -1325356.59182355     
   1189.00000000000       -1325357.24186373     
   1190.00000000000       -1325357.89216607     
   1191.00000000000       -1325358.54273047     
   1192.00000000000       -1325359.19355680     
   1193.00000000000       -1325359.84464495     
   1194.00000000000       -1325360.49599480     
   1195.00000000000       -1325361.14760625     
   1196.00000000000       -1325361.79947915     
   1197.00000000000       -1325362.45161342     
   1198.00000000000       -1325363.10400892     
   1199.00000000000       -1325363.75666555     
   1200.00000000000       -1325364.40958319     
   1201.00000000000       -1325365.06276174     
   1202.00000000000       -1325365.71620106     
   1203.00000000000       -1325366.36990107     
   1204.00000000000       -1325367.02386163     
   1205.00000000000       -1325367.67808265     
   1206.00000000000       -1325368.33256401     
   1207.00000000000       -1325368.98730560     
   1208.00000000000       -1325369.64230732     
   1209.00000000000       -1325370.29756904     
   1210.00000000000       -1325370.95309067     
   1211.00000000000       -1325371.60887210     
   1212.00000000000       -1325372.26491322     
   1213.00000000000       -1325372.92121391     
   1214.00000000000       -1325373.57777408     
   1215.00000000000       -1325374.23459363     
   1216.00000000000       -1325374.89167243     
   1217.00000000000       -1325375.54901040     
   1218.00000000000       -1325376.20660742     
   1219.00000000000       -1325376.86446339     
   1220.00000000000       -1325377.52257821     
   1221.00000000000       -1325378.18095177     
   1222.00000000000       -1325378.83958397     
   1223.00000000000       -1325379.49847472     
   1224.00000000000       -1325380.15762390     
   1225.00000000000       -1325380.81703143     
   1226.00000000000       -1325381.47669719     
   1227.00000000000       -1325382.13662109     
   1228.00000000000       -1325382.79680303     
   1229.00000000000       -1325383.45724291     
   1230.00000000000       -1325384.11794063     
   1231.00000000000       -1325384.77889609     
   1232.00000000000       -1325385.44010921     
   1233.00000000000       -1325386.10157987     
   1234.00000000000       -1325386.76330799     
   1235.00000000000       -1325387.42529346     
   1236.00000000000       -1325388.08753620     
   1237.00000000000       -1325388.75003611     
   1238.00000000000       -1325389.41279310     
   1239.00000000000       -1325390.07580706     
   1240.00000000000       -1325390.73907792     
   1241.00000000000       -1325391.40260557     
   1242.00000000000       -1325392.06638992     
   1243.00000000000       -1325392.73043088     
   1244.00000000000       -1325393.39472837     
   1245.00000000000       -1325394.05928228     
   1246.00000000000       -1325394.72409254     
   1247.00000000000       -1325395.38915905     
   1248.00000000000       -1325396.05448172     
   1249.00000000000       -1325396.72006046     
   1250.00000000000       -1325397.38589519     
   1251.00000000000       -1325398.05198582     
   1252.00000000000       -1325398.71833226     
   1253.00000000000       -1325399.38493443     
   1254.00000000000       -1325400.05179223     
   1255.00000000000       -1325400.71890559     
   1256.00000000000       -1325401.38627442     
   1257.00000000000       -1325402.05389863     
   1258.00000000000       -1325402.72177815     
   1259.00000000000       -1325403.38991288     
   1260.00000000000       -1325404.05830275     
   1261.00000000000       -1325404.72694768     
   1262.00000000000       -1325405.39584757     
   1263.00000000000       -1325406.06500236     
   1264.00000000000       -1325406.73441196     
   1265.00000000000       -1325407.40407628     
   1266.00000000000       -1325408.07399526     
   1267.00000000000       -1325408.74416881     
   1268.00000000000       -1325409.41459685     
   1269.00000000000       -1325410.08527931     
   1270.00000000000       -1325410.75621610     
   1271.00000000000       -1325411.42740716     
   1272.00000000000       -1325412.09885240     
   1273.00000000000       -1325412.77055174     
   1274.00000000000       -1325413.44250512     
   1275.00000000000       -1325414.11471246     
   1276.00000000000       -1325414.78717369     
   1277.00000000000       -1325415.45988872     
   1278.00000000000       -1325416.13285749     
   1279.00000000000       -1325416.80607993     
   1280.00000000000       -1325417.47955595     
   1281.00000000000       -1325418.15328550     
   1282.00000000000       -1325418.82726849     
   1283.00000000000       -1325419.50150487     
   1284.00000000000       -1325420.17599455     
   1285.00000000000       -1325420.85073748     
   1286.00000000000       -1325421.52573357     
   1287.00000000000       -1325422.20098276     
   1288.00000000000       -1325422.87648499     
   1289.00000000000       -1325423.55224019     
   1290.00000000000       -1325424.22824828     
   1291.00000000000       -1325424.90450921     
   1292.00000000000       -1325425.58102290     
   1293.00000000000       -1325426.25778930     
   1294.00000000000       -1325426.93480833     
   1295.00000000000       -1325427.61207994     
   1296.00000000000       -1325428.28960405     
   1297.00000000000       -1325428.96738061     
   1298.00000000000       -1325429.64540956     
   1299.00000000000       -1325430.32369082     
   1300.00000000000       -1325431.00222435     
   1301.00000000000       -1325431.68101007     
   1302.00000000000       -1325432.36004794     
   1303.00000000000       -1325433.03933788     
   1304.00000000000       -1325433.71887984     
   1305.00000000000       -1325434.39867376     
   1306.00000000000       -1325435.07871959     
   1307.00000000000       -1325435.75901726     
   1308.00000000000       -1325436.43956671     
   1309.00000000000       -1325437.12036790     
   1310.00000000000       -1325437.80142076     
   1311.00000000000       -1325438.48272523     
   1312.00000000000       -1325439.16428128     
   1313.00000000000       -1325439.84608883     
   1314.00000000000       -1325440.52814783     
   1315.00000000000       -1325441.21045824     
   1316.00000000000       -1325441.89302000     
   1317.00000000000       -1325442.57583305     
   1318.00000000000       -1325443.25889735     
   1319.00000000000       -1325443.94221284     
   1320.00000000000       -1325444.62577947     
   1321.00000000000       -1325445.30959720     
   1322.00000000000       -1325445.99366597     
   1323.00000000000       -1325446.67798573     
   1324.00000000000       -1325447.36255644     
   1325.00000000000       -1325448.04737804     
   1326.00000000000       -1325448.73245050     
   1327.00000000000       -1325449.41777376     
   1328.00000000000       -1325450.10334777     
   1329.00000000000       -1325450.78917250     
   1330.00000000000       -1325451.47524789     
   1331.00000000000       -1325452.16157390     
   1332.00000000000       -1325452.84815049     
   1333.00000000000       -1325453.53497761     
   1334.00000000000       -1325454.22205523     
   1335.00000000000       -1325454.90938329     
   1336.00000000000       -1325455.59696176     
   1337.00000000000       -1325456.28479060     
   1338.00000000000       -1325456.97286975     
   1339.00000000000       -1325457.66119920     
   1340.00000000000       -1325458.34977888     
   1341.00000000000       -1325459.03860877     
   1342.00000000000       -1325459.72768883     
   1343.00000000000       -1325460.41701901     
   1344.00000000000       -1325461.10659929     
   1345.00000000000       -1325461.79642962     
   1346.00000000000       -1325462.48650997     
   1347.00000000000       -1325463.17684031     
   1348.00000000000       -1325463.86742059     
   1349.00000000000       -1325464.55825078     
   1350.00000000000       -1325465.24933085     
   1351.00000000000       -1325465.94066077     
   1352.00000000000       -1325466.63224049     
   1353.00000000000       -1325467.32407000     
   1354.00000000000       -1325468.01614926     
   1355.00000000000       -1325468.70847823     
   1356.00000000000       -1325469.40105689     
   1357.00000000000       -1325470.09388521     
   1358.00000000000       -1325470.78696315     
