  0.000000000000000E+000  -1.00000000000000     
   1.00000000000000       -1.00000000000000     
   2.00000000000000       -1.00000000000000     
   3.00000000000000       -1.00000000000000     
   4.00000000000000       -1.00000000000000     
   5.00000000000000       -1.00000000000000     
   6.00000000000000       -1.00000000000000     
   7.00000000000000       -1.00000000000000     
   8.00000000000000       -1.00000000000000     
   9.00000000000000       -1.00000000000000     
   10.0000000000000       -1.00000000000000     
   11.0000000000000       -1.00000000000000     
   12.0000000000000       -1.00000000000000     
   13.0000000000000       -1.00000000000000     
   14.0000000000000       -1.00000000000000     
   15.0000000000000       -1.00000000000000     
   16.0000000000000       -1.00000000000000     
   17.0000000000000       -1.00000000000000     
   18.0000000000000       -1.00000000000000     
   19.0000000000000       -1.00000000000000     
   20.0000000000000       -1.00000000000000     
   21.0000000000000       -1.00000000000000     
   22.0000000000000       -1.00000000000000     
   23.0000000000000       -1.00000000000000     
   24.0000000000000       -1.00000000000000     
   25.0000000000000       -1.00000000000000     
   26.0000000000000       -1.00000000000000     
   27.0000000000000       -1.00000000000000     
   28.0000000000000       -1.00000000000000     
   29.0000000000000       -1.00000000000000     
   30.0000000000000       -1.00000000000000     
   31.0000000000000       -1.00000000000000     
   32.0000000000000       -1.00000000000000     
   33.0000000000000       -1.00000000000000     
   34.0000000000000       -1.00000000000000     
   35.0000000000000       -1.00000000000000     
   36.0000000000000       -1.00000000000000     
   37.0000000000000       -1.00000000000000     
   38.0000000000000       -1.00000000000000     
   39.0000000000000       -1.00000000000000     
   40.0000000000000       -1.00000000000000     
   41.0000000000000       -1.00000000000000     
   42.0000000000000       -1.00000000000000     
   43.0000000000000       -1.00000000000000     
   44.0000000000000       -1.00000000000000     
   45.0000000000000       -1.00000000000000     
   46.0000000000000       -1.00000000000000     
   47.0000000000000       -1.00000000000000     
   48.0000000000000       -1.00000000000000     
   49.0000000000000       -1.00000000000000     
   50.0000000000000       -1.00000000000000     
   51.0000000000000       -1.00000000000000     
   52.0000000000000       -1.00000000000000     
   53.0000000000000       -1.00000000000000     
   54.0000000000000       -1.00000000000000     
   55.0000000000000       -1.00000000000000     
   56.0000000000000       -1.00000000000000     
   57.0000000000000       -1.00000000000000     
   58.0000000000000       -1.00000000000000     
   59.0000000000000       -1.00000000000000     
   60.0000000000000       -1.00000000000000     
   61.0000000000000       -1.00000000000000     
   62.0000000000000       -1.00000000000000     
   63.0000000000000       -1.00000000000000     
   64.0000000000000       -1.00000000000000     
   65.0000000000000       -1.00000000000000     
   66.0000000000000       -1.00000000000000     
   67.0000000000000       -1.00000000000000     
   68.0000000000000       -1.00000000000000     
   69.0000000000000       -1.00000000000000     
   70.0000000000000       -1.00000000000000     
   71.0000000000000       -1.00000000000000     
   72.0000000000000       -1.00000000000000     
   73.0000000000000       -1.00000000000000     
   74.0000000000000       -1.00000000000000     
   75.0000000000000       -1.00000000000000     
   76.0000000000000       -1.00000000000000     
   77.0000000000000       -1.00000000000000     
   78.0000000000000       -1.00000000000000     
   79.0000000000000       -1.00000000000000     
   80.0000000000000       -1.00000000000000     
   81.0000000000000       -1.00000000000000     
   82.0000000000000       -1.00000000000000     
   83.0000000000000       -1.00000000000000     
   84.0000000000000       -1.00000000000000     
   85.0000000000000       -1.00000000000000     
   86.0000000000000        1.49337304948710     
   87.0000000000000        1.49270177161780     
   88.0000000000000        1.49203953211390     
   89.0000000000000        1.49137160684648     
   90.0000000000000        1.49073480699510     
   91.0000000000000        1.49007923365919     
   92.0000000000000        1.48944620091652     
   93.0000000000000        1.48881348761132     
   94.0000000000000        1.48819819964282     
   95.0000000000000        1.48758180006077     
   96.0000000000000        1.48696295465363     
   97.0000000000000        1.48636514809028     
   98.0000000000000        1.48577505091064     
   99.0000000000000        1.48518880638971     
   100.000000000000        1.48460649929875     
   101.000000000000        1.48402790049473     
   102.000000000000        1.48347196485657     
   103.000000000000        1.48290481658766     
   104.000000000000        1.48235704000278     
   105.000000000000        1.48181424876421     
   106.000000000000        1.48127314618608     
   107.000000000000        1.48074413018402     
   108.000000000000        1.48022979536062     
   109.000000000000        1.47970770457819     
   110.000000000000        1.47921048225350     
   111.000000000000        1.47870565767054     
   112.000000000000        1.47821456671142     
   113.000000000000        1.47773692461389     
   114.000000000000        1.47724450459310     
   115.000000000000        1.47679999247825     
   116.000000000000        1.47631962903355     
   117.000000000000        1.47587493908545     
   118.000000000000        1.47542674339055     
   119.000000000000        1.47499386611989     
   120.000000000000        1.47456405617174     
   121.000000000000        1.47413431755087     
   122.000000000000        1.47373067529621     
   123.000000000000        1.47331655010836     
   124.000000000000        1.47292055277044     
   125.000000000000        1.47252305642703     
   126.000000000000        1.47215242063916     
   127.000000000000        1.47175759069221     
   128.000000000000        1.47139699472145     
   129.000000000000        1.47103877180517     
   130.000000000000        1.47068653769170     
   131.000000000000        1.47033486950501     
   132.000000000000        1.46999422212895     
   133.000000000000        1.46966427743637     
   134.000000000000        1.46934611108139     
   135.000000000000        1.46902106056117     
   136.000000000000        1.46871299450900     
   137.000000000000        1.46841487602621     
   138.000000000000        1.46811611297866     
   139.000000000000        1.46783120268545     
   140.000000000000        1.46754218540846     
   141.000000000000        1.46727949120077     
   142.000000000000        1.46700562744819     
   143.000000000000        1.46675014627670     
   144.000000000000        1.46649666895523     
   145.000000000000        1.46624302536363     
   146.000000000000        1.46600915015740     
   147.000000000000        1.46578009344008     
   148.000000000000        1.46554550263134     
   149.000000000000        1.46533285550145     
   150.000000000000        1.46511500731808     
   151.000000000000        1.46491605516589     
   152.000000000000        1.46470808618567     
   153.000000000000        1.46452179546530     
   154.000000000000        1.46432785277492     
   155.000000000000        1.46415209613316     
   156.000000000000        1.46398153612239     
   157.000000000000        1.46380579335603     
   158.000000000000        1.46364723049536     
   159.000000000000        1.46350050284914     
   160.000000000000        1.46333835510312     
   161.000000000000        1.46319592316545     
   162.000000000000        1.46305907427935     
   163.000000000000        1.46293548047245     
   164.000000000000        1.46280476955288     
   165.000000000000        1.46267881161999     
   166.000000000000        1.46258036832415     
   167.000000000000        1.46245695438400     
   168.000000000000        1.46236156271371     
   169.000000000000        1.46226538808940     
   170.000000000000        1.46217245378461     
   171.000000000000        1.46208923575382     
   172.000000000000        1.46200938600990     
   173.000000000000        1.46192956435237     
   174.000000000000        1.46186310369017     
   175.000000000000        1.46180310580369     
   176.000000000000        1.46173789113102     
   177.000000000000        1.46168954757806     
   178.000000000000        1.46164109722955     
   179.000000000000        1.46158798459188     
   180.000000000000        1.46157309820736     
   181.000000000000        1.46152179704320     
   182.000000000000        1.46150877212565     
   183.000000000000        1.46147004663498     
   184.000000000000        1.46146432968256     
   185.000000000000        1.46144538467892     
   186.000000000000        1.46144703091208     
   187.000000000000        1.46143591450751     
   188.000000000000        1.46143571358582     
   189.000000000000        1.46145073307157     
   190.000000000000        1.46145238069897     
   191.000000000000        1.46147820428172     
   192.000000000000        1.46149364745183     
   193.000000000000        1.46152120616626     
   194.000000000000        1.46155320861229     
   195.000000000000        1.46158468389158     
   196.000000000000        1.46162691190185     
   197.000000000000        1.46166800067470     
   198.000000000000        1.46171744439379     
   199.000000000000        1.46176362982227     
   200.000000000000        1.46183269489695     
   201.000000000000        1.46188767420359     
   202.000000000000        1.46195363698235     
   203.000000000000        1.46202012012664     
   204.000000000000        1.46209432206980     
   205.000000000000        1.46217687710213     
   206.000000000000        1.46225904669289     
   207.000000000000        1.46234813332270     
   208.000000000000        1.46242517096673     
   209.000000000000        1.46253287912074     
   210.000000000000        1.46263265264857     
   211.000000000000        1.46272170628017     
   212.000000000000        1.46283840925474     
   213.000000000000        1.46295015600834     
   214.000000000000        1.46305158488013     
   215.000000000000        1.46319048959669     
   216.000000000000        1.46329786132929     
   217.000000000000        1.46341569379110     
   218.000000000000        1.46355699825096     
   219.000000000000        1.46370002388597     
   220.000000000000        1.46381426858818     
   221.000000000000        1.46397260417534     
   222.000000000000        1.46410571462819     
   223.000000000000        1.46426470316332     
   224.000000000000        1.46440151683220     
   225.000000000000        1.46457486174032     
   226.000000000000        1.46471209547437     
   227.000000000000        1.46489396713872     
   228.000000000000        1.46503740752931     
   229.000000000000        1.46522226806997     
   230.000000000000        1.46539509743738     
   231.000000000000        1.46555621987989     
   232.000000000000        1.46574830257767     
   233.000000000000        1.46592942276124     
   234.000000000000        1.46610497619045     
   235.000000000000        1.46630042795851     
   236.000000000000        1.46649917042865     
   237.000000000000        1.46668831977217     
   238.000000000000        1.46687427932418     
   239.000000000000        1.46710105849928     
   240.000000000000        1.46728271734596     
   241.000000000000        1.46750274058615     
   242.000000000000        1.46771180592876     
   243.000000000000        1.46791977035886     
   244.000000000000        1.46814761928338     
   245.000000000000        1.46835880838624     
   246.000000000000        1.46858948581007     
   247.000000000000        1.46880247188023     
   248.000000000000        1.46904104807521     
   249.000000000000        1.46927544771691     
   250.000000000000        1.46951017983139     
   251.000000000000        1.46973288102464     
   252.000000000000        1.46998905407223     
   253.000000000000        1.47022902107188     
   254.000000000000        1.47046251029854     
   255.000000000000        1.47072416133252     
   256.000000000000        1.47097755478426     
   257.000000000000        1.47122261057029     
   258.000000000000        1.47149394249759     
   259.000000000000        1.47172654877417     
   260.000000000000        1.47202097120746     
   261.000000000000        1.47226217285494     
   262.000000000000        1.47254220609235     
   263.000000000000        1.47279738682849     
   264.000000000000        1.47309282735633     
   265.000000000000        1.47335392368477     
   266.000000000000        1.47363366853774     
   267.000000000000        1.47391142282893     
   268.000000000000        1.47419609955751     
   269.000000000000        1.47448254794751     
   270.000000000000        1.47477158505938     
   271.000000000000        1.47505333705112     
   272.000000000000        1.47536178368036     
   273.000000000000        1.47563920441591     
   274.000000000000        1.47593961127191     
   275.000000000000        1.47624895738760     
   276.000000000000        1.47654743589809     
   277.000000000000        1.47684412217378     
   278.000000000000        1.47714747613510     
   279.000000000000        1.47747379070909     
   280.000000000000        1.47777684001006     
   281.000000000000        1.47808281145313     
   282.000000000000        1.47839926271185     
   283.000000000000        1.47873116584307     
   284.000000000000        1.47902819469014     
   285.000000000000        1.47936078931377     
   286.000000000000        1.47969374996081     
   287.000000000000        1.48000215018736     
   288.000000000000        1.48033487855937     
   289.000000000000        1.48067759088254     
   290.000000000000        1.48099063941211     
   291.000000000000        1.48133951584431     
   292.000000000000        1.48166973205386     
   293.000000000000        1.48201119276356     
   294.000000000000        1.48233937378615     
   295.000000000000        1.48268713849148     
   296.000000000000        1.48304249073731     
   297.000000000000        1.48337282039350     
   298.000000000000        1.48372487973089     
   299.000000000000        1.48407421355265     
   300.000000000000        1.48443276791009     
   301.000000000000        1.48476699263472     
   302.000000000000        1.48514460022462     
   303.000000000000        1.48549009821102     
   304.000000000000        1.48584064628489     
   305.000000000000        1.48621225808513     
   306.000000000000        1.48657647736900     
   307.000000000000        1.48693755414515     
   308.000000000000        1.48729576141324     
   309.000000000000        1.48766859034229     
   310.000000000000        1.48802974148662     
   311.000000000000        1.48840405050949     
   312.000000000000        1.48877605610714     
   313.000000000000        1.48914520785761     
   314.000000000000        1.48953332312234     
   315.000000000000        1.48989503785643     
   316.000000000000        1.49028826716313     
   317.000000000000        1.49064557144795     
   318.000000000000        1.49104101375174     
   319.000000000000        1.49142703973694     
   320.000000000000        1.49180946497067     
   321.000000000000        1.49218222515475     
   322.000000000000        1.49258105242090     
   323.000000000000        1.49296760683412     
   324.000000000000        1.49335980141977     
   325.000000000000        1.49374099118544     
   326.000000000000        1.49413418597417     
   327.000000000000        1.49454448751366     
   328.000000000000        1.49492208838943     
   329.000000000000        1.49533314382257     
   330.000000000000        1.49571071785554     
   331.000000000000        1.49612896450081     
   332.000000000000        1.49651602295081     
   333.000000000000        1.49691888185472     
   334.000000000000        1.49732794072329     
   335.000000000000        1.49772433808087     
   336.000000000000        1.49813881070805     
   337.000000000000        1.49853630141704     
   338.000000000000        1.49895630942410     
   339.000000000000        1.49934674885465     
   340.000000000000        1.49976612481502     
   341.000000000000        1.50017240189403     
   342.000000000000        1.50059775639175     
   343.000000000000        1.50099424073126     
   344.000000000000        1.50141538949127     
   345.000000000000        1.50183108108994     
   346.000000000000        1.50224074293937     
   347.000000000000        1.50265485089300     
   348.000000000000        1.50308886944302     
   349.000000000000        1.50350231419744     
   350.000000000000        1.50390860246744     
   351.000000000000        1.50433798101500     
   352.000000000000        1.50476651862412     
   353.000000000000        1.50518316716567     
   354.000000000000        1.50560194921168     
   355.000000000000        1.50603425087397     
   356.000000000000        1.50645234529153     
   357.000000000000        1.50689030033398     
   358.000000000000        1.50730375974762     
   359.000000000000        1.50773025974682     
   360.000000000000        1.50818036524452     
   361.000000000000        1.50857252289959     
   362.000000000000        1.50903309388042     
   363.000000000000        1.50945565138488     
   364.000000000000        1.50988192341771     
   365.000000000000        1.51031646879818     
   366.000000000000        1.51074901423656     
   367.000000000000        1.51119066393337     
   368.000000000000        1.51160300078393     
   369.000000000000        1.51206477081157     
   370.000000000000        1.51247617142755     
   371.000000000000        1.51292620267419     
   372.000000000000        1.51335733057368     
   373.000000000000        1.51379467888026     
   374.000000000000        1.51423679407800     
   375.000000000000        1.51467187565951     
   376.000000000000        1.51510408164029     
   377.000000000000        1.51555969596821     
   378.000000000000        1.51597081555273     
   379.000000000000        1.51644697233844     
   380.000000000000        1.51686565803722     
   381.000000000000        1.51729691710000     
   382.000000000000        1.51776401472141     
   383.000000000000        1.51818778712056     
   384.000000000000        1.51863959094235     
   385.000000000000        1.51906884065781     
   386.000000000000        1.51952082313529     
   387.000000000000        1.51996969976261     
   388.000000000000        1.52040642364989     
   389.000000000000        1.52083897936207     
   390.000000000000        1.52129663528274     
   391.000000000000        1.52174590832505     
   392.000000000000        1.52216783404487     
   393.000000000000        1.52264628959262     
   394.000000000000        1.52306197196037     
   395.000000000000        1.52352094705743     
   396.000000000000        1.52396502040134     
   397.000000000000        1.52440266578483     
   398.000000000000        1.52485433920104     
   399.000000000000        1.52530100027340     
   400.000000000000        1.52575565563858     
   401.000000000000        1.52618295107284     
   402.000000000000        1.52663100543552     
   403.000000000000        1.52709615536567     
   404.000000000000        1.52753388314348     
   405.000000000000        1.52796990313980     
   406.000000000000        1.52842889341740     
   407.000000000000        1.52886892346486     
   408.000000000000        1.52932068620989     
   409.000000000000        1.52976038141167     
   410.000000000000        1.53021996081656     
   411.000000000000        1.53064306030380     
   412.000000000000        1.53110420341055     
   413.000000000000        1.53155998352845     
   414.000000000000        1.53198523166618     
   415.000000000000        1.53245067105031     
   416.000000000000        1.53288163628489     
   417.000000000000        1.53333574411765     
   418.000000000000        1.53378244685987     
   419.000000000000        1.53422098115038     
   420.000000000000        1.53467218474078     
   421.000000000000        1.53510760428010     
   422.000000000000        1.53556110505175     
   423.000000000000        1.53601448182261     
   424.000000000000        1.53643207556014     
   425.000000000000        1.53689537690915     
   426.000000000000        1.53734236962661     
   427.000000000000        1.53777163176012     
   428.000000000000        1.53823557906998     
   429.000000000000        1.53864758085214     
   430.000000000000        1.53912129871507     
   431.000000000000        1.53954013811649     
   432.000000000000        1.54000187596633     
   433.000000000000        1.54041949856222     
   434.000000000000        1.54088643209486     
   435.000000000000        1.54131548704440     
   436.000000000000        1.54174170228358     
   437.000000000000        1.54220835864379     
   438.000000000000        1.54262853896711     
   439.000000000000        1.54306686251518     
   440.000000000000        1.54352258008240     
   441.000000000000        1.54394538528539     
   442.000000000000        1.54437233008576     
   443.000000000000        1.54483525473942     
   444.000000000000        1.54524857026888     
   445.000000000000        1.54571195419278     
   446.000000000000        1.54610623647918     
   447.000000000000        1.54657227993494     
   448.000000000000        1.54699204049972     
   449.000000000000        1.54743499348259     
   450.000000000000        1.54785734820580     
   451.000000000000        1.54830492738043     
   452.000000000000        1.54872066763192     
   453.000000000000        1.54914791973049     
   454.000000000000        1.54959002095050     
   455.000000000000        1.55000060451138     
   456.000000000000        1.55045734075443     
   457.000000000000        1.55086640910945     
   458.000000000000        1.55128484463165     
   459.000000000000        1.55172837799411     
   460.000000000000        1.55216491465214     
   461.000000000000        1.55255066590227     
   462.000000000000        1.55301009431825     
   463.000000000000        1.55339454958871     
   464.000000000000        1.55384651589098     
   465.000000000000        1.55427327789586     
   466.000000000000        1.55466364236837     
   467.000000000000        1.55511494396739     
   468.000000000000        1.55550750088376     
   469.000000000000        1.55592847119620     
   470.000000000000        1.55634936393555     
   471.000000000000        1.55677972282150     
   472.000000000000        1.55717165801175     
   473.000000000000        1.55759668029589     
   474.000000000000        1.55801078156833     
   475.000000000000        1.55839864503770     
   476.000000000000        1.55883886775790     
   477.000000000000        1.55922911749551     
   478.000000000000        1.55966290258102     
   479.000000000000        1.56002967137027     
   480.000000000000        1.56047298944509     
   481.000000000000        1.56084478186463     
   482.000000000000        1.56128844489187     
   483.000000000000        1.56166329546179     
   484.000000000000        1.56206764690633     
   485.000000000000        1.56245735111871     
   486.000000000000        1.56288092505666     
   487.000000000000        1.56326365124510     
   488.000000000000        1.56366169091238     
   489.000000000000        1.56407355590236     
   490.000000000000        1.56443440169854     
   491.000000000000        1.56485583641211     
   492.000000000000        1.56523896224173     
   493.000000000000        1.56561745147823     
   494.000000000000        1.56601810665870     
   495.000000000000        1.56640120284471     
   496.000000000000        1.56680134290508     
   497.000000000000        1.56716640668769     
   498.000000000000        1.56755677101295     
   499.000000000000        1.56794533867381     
   500.000000000000        1.56832350314044     
   501.000000000000        1.56870260193474     
   502.000000000000        1.56907598203179     
   503.000000000000        1.56946338003514     
   504.000000000000        1.56982649484551     
   505.000000000000        1.57020979249332     
   506.000000000000        1.57057948525693     
   507.000000000000        1.57094040766767     
   508.000000000000        1.57131790945673     
   509.000000000000        1.57168887262252     
   510.000000000000        1.57205887402020     
   511.000000000000        1.57240350369701     
   512.000000000000        1.57279036576186     
   513.000000000000        1.57313334293475     
   514.000000000000        1.57350373829712     
   515.000000000000        1.57385712613392     
   516.000000000000        1.57421738349517     
   517.000000000000        1.57455956883258     
   518.000000000000        1.57494648983416     
   519.000000000000        1.57525259434505     
   520.000000000000        1.57563729787828     
   521.000000000000        1.57596513651107     
   522.000000000000        1.57633794330460     
   523.000000000000        1.57664262738140     
   524.000000000000        1.57702809818427     
   525.000000000000        1.57734929149805     
   526.000000000000        1.57767072018207     
   527.000000000000        1.57804159165827     
   528.000000000000        1.57836382403163     
   529.000000000000        1.57869388918337     
   530.000000000000        1.57904123998243     
   531.000000000000        1.57935285773463     
   532.000000000000        1.57969596292093     
   533.000000000000        1.58000480338637     
   534.000000000000        1.58036285613418     
   535.000000000000        1.58064833766155     
   536.000000000000        1.58099773988044     
   537.000000000000        1.58130596132849     
   538.000000000000        1.58162415532083     
   539.000000000000        1.58192447817522     
   540.000000000000        1.58227465487743     
   541.000000000000        1.58255970683487     
   542.000000000000        1.58286581578130     
   543.000000000000        1.58319507431071     
   544.000000000000        1.58348339904898     
   545.000000000000        1.58379870081542     
   546.000000000000        1.58408184569558     
   547.000000000000        1.58441369022336     
   548.000000000000        1.58467028861490     
   549.000000000000        1.58497944204661     
   550.000000000000        1.58529832304997     
   551.000000000000        1.58556515620776     
   552.000000000000        1.58586697936000     
   553.000000000000        1.58614545520181     
   554.000000000000        1.58642789155160     
   555.000000000000        1.58671887645059     
   556.000000000000        1.58698273718758     
   557.000000000000        1.58728324591202     
   558.000000000000        1.58756005286838     
   559.000000000000        1.58781022569971     
   560.000000000000        1.58810585647737     
   561.000000000000        1.58836321811874     
   562.000000000000        1.58862110932366     
   563.000000000000        1.58891317000271     
   564.000000000000        1.58915227195300     
   565.000000000000        1.58941992303679     
   566.000000000000        1.58967670449647     
   567.000000000000        1.58995194595489     
   568.000000000000        1.59018885225916     
   569.000000000000        1.59041150879523     
   570.000000000000        1.59071732298914     
   571.000000000000        1.59092278878619     
   572.000000000000        1.59117745328965     
   573.000000000000        1.59142691379808     
   574.000000000000        1.59166565675297     
   575.000000000000        1.59189054355449     
   576.000000000000        1.59213467103867     
   577.000000000000        1.59236972061964     
   578.000000000000        1.59258502621988     
   579.000000000000        1.59281617583128     
   580.000000000000        1.59305623071243     
   581.000000000000        1.59326552709421     
   582.000000000000        1.59348405601707     
   583.000000000000        1.59371477763953     
   584.000000000000        1.59390894465349     
   585.000000000000        1.59413372653215     
   586.000000000000        1.59433911245204     
   587.000000000000        1.59456094700591     
   588.000000000000        1.59474381434640     
   589.000000000000        1.59494475763277     
   590.000000000000        1.59516210061173     
   591.000000000000        1.59534064913915     
   592.000000000000        1.59554502993346     
   593.000000000000        1.59573322786097     
   594.000000000000        1.59593917799382     
   595.000000000000        1.59607889798397     
   596.000000000000        1.59631805270085     
   597.000000000000        1.59645603707886     
   598.000000000000        1.59666934202219     
   599.000000000000        1.59680179252105     
   600.000000000000        1.59701222315994     
   601.000000000000        1.59717505034773     
   602.000000000000        1.59732868774722     
   603.000000000000        1.59750071222158     
   604.000000000000        1.59765640444038     
   605.000000000000        1.59781859251481     
   606.000000000000        1.59798144648468     
   607.000000000000        1.59812379370381     
   608.000000000000        1.59828058237797     
   609.000000000000        1.59842190921284     
   610.000000000000        1.59856975095277     
   611.000000000000        1.59870412150109     
   612.000000000000        1.59886861440874     
   613.000000000000        1.59896678705967     
   614.000000000000        1.59912715693448     
   615.000000000000        1.59924723801417     
   616.000000000000        1.59937613722652     
   617.000000000000        1.59950806255363     
   618.000000000000        1.59961263303247     
   619.000000000000        1.59973027515824     
   620.000000000000        1.59986791722572     
   621.000000000000        1.59996645370419     
   622.000000000000        1.60007457363963     
   623.000000000000        1.60018246700615     
   624.000000000000        1.60028686010074     
   625.000000000000        1.60037842843137     
   626.000000000000        1.60048375381954     
   627.000000000000        1.60058546928424     
   628.000000000000        1.60066300390365     
   629.000000000000        1.60076211212021     
   630.000000000000        1.60083673139876     
   631.000000000000        1.60093452680942     
   632.000000000000        1.60099566263245     
   633.000000000000        1.60106455534146     
   634.000000000000        1.60115697905431     
   635.000000000000        1.60123214581010     
   636.000000000000        1.60128225878592     
   637.000000000000        1.60134499630937     
   638.000000000000        1.60140962494527     
   639.000000000000        1.60146799706530     
   640.000000000000        1.60151702969446     
   641.000000000000        1.60155921633844     
   642.000000000000        1.60162889993649     
   643.000000000000        1.60166606722190     
   644.000000000000        1.60168843975379     
   645.000000000000        1.60176251289576     
   646.000000000000        1.60173954518229     
   647.000000000000        1.60182745273208     
   648.000000000000        1.60181461931396     
   649.000000000000        1.60187687194639     
   650.000000000000        1.60185988339472     
   651.000000000000        1.60189167368176     
   652.000000000000        1.60192712295693     
   653.000000000000        1.60189984979180     
   654.000000000000        1.60194923298708     
   655.000000000000        1.60191702807538     
   656.000000000000        1.60192990716941     
   657.000000000000        1.60193344368126     
   658.000000000000        1.60191889763077     
   659.000000000000        1.60192344887758     
   660.000000000000        1.60190212383187     
   661.000000000000        1.60187868704548     
   662.000000000000        1.60186083361021     
   663.000000000000        1.60184879136986     
   664.000000000000        1.60181998970320     
   665.000000000000        1.60178234652935     
   666.000000000000        1.60173712279505     
   667.000000000000        1.60172800341198     
   668.000000000000        1.60167037054406     
   669.000000000000        1.60163641262248     
   670.000000000000        1.60157673540449     
   671.000000000000        1.60154179416903     
   672.000000000000        1.60147315965287     
   673.000000000000        1.60142123518987     
   674.000000000000        1.60136427158457     
   675.000000000000        1.60128160597495     
   676.000000000000        1.60123520608690     
   677.000000000000        1.60114344745375     
   678.000000000000        1.60107966392312     
   679.000000000000        1.60100758992037     
   680.000000000000        1.60090298925795     
   681.000000000000        1.60082477009632     
   682.000000000000        1.60073372751920     
   683.000000000000        1.60065532731105     
   684.000000000000        1.60054029146046     
   685.000000000000        1.60043523264062     
   686.000000000000        1.60031978356795     
   687.000000000000        1.60026070905009     
   688.000000000000        1.60011125559234     
   689.000000000000        1.59999312269142     
   690.000000000000        1.59987125773735     
   691.000000000000        1.59977125778180     
   692.000000000000        1.59962064281129     
   693.000000000000        1.59950950080699     
   694.000000000000        1.59935409517252     
   695.000000000000        1.59921728447972     
   696.000000000000        1.59909820072397     
   697.000000000000        1.59892707482066     
   698.000000000000        1.59877412729598     
   699.000000000000        1.59863909754398     
   700.000000000000        1.59848294403645     
   701.000000000000        1.59830389509721     
   702.000000000000        1.59814827922765     
   703.000000000000        1.59797761964571     
   704.000000000000        1.59780645007480     
   705.000000000000        1.59762736061530     
   706.000000000000        1.59742685362657     
   707.000000000000        1.59729150812727     
   708.000000000000        1.59705929466853     
   709.000000000000        1.59688477757272     
   710.000000000000        1.59667618872945     
   711.000000000000        1.59648678704934     
   712.000000000000        1.59629026039711     
   713.000000000000        1.59606117703446     
   714.000000000000        1.59585392130662     
   715.000000000000        1.59564302037559     
   716.000000000000        1.59543483826056     
   717.000000000000        1.59520917492453     
   718.000000000000        1.59494914546959     
   719.000000000000        1.59473837469071     
   720.000000000000        1.59451226781204     
   721.000000000000        1.59426283067383     
   722.000000000000        1.59402531099332     
   723.000000000000        1.59375477939356     
   724.000000000000        1.59352696319319     
   725.000000000000        1.59326381445311     
   726.000000000000        1.59300632120698     
   727.000000000000        1.59273108290945     
   728.000000000000        1.59248262529438     
   729.000000000000        1.59219596026423     
   730.000000000000        1.59191673228753     
   731.000000000000        1.59165012187389     
   732.000000000000        1.59135306892191     
   733.000000000000        1.59106337600962     
   734.000000000000        1.59076887299457     
   735.000000000000        1.59049876517698     
   736.000000000000        1.59015777446987     
   737.000000000000        1.58987350007252     
   738.000000000000        1.58956671230801     
   739.000000000000        1.58926106006359     
   740.000000000000        1.58890395922689     
   741.000000000000        1.58862366528142     
   742.000000000000        1.58828976265230     
   743.000000000000        1.58793966306954     
   744.000000000000        1.58760974675328     
   745.000000000000        1.58730193023052     
   746.000000000000        1.58692138884308     
   747.000000000000        1.58659073076785     
   748.000000000000        1.58623788432666     
   749.000000000000        1.58588554901408     
   750.000000000000        1.58550270079040     
   751.000000000000        1.58517434713502     
   752.000000000000        1.58479260973008     
   753.000000000000        1.58439937368637     
   754.000000000000        1.58405862266519     
   755.000000000000        1.58364921442079     
   756.000000000000        1.58326551776317     
   757.000000000000        1.58289526645743     
   758.000000000000        1.58247737021825     
   759.000000000000        1.58208401240661     
   760.000000000000        1.58169466257110     
   761.000000000000        1.58128774161541     
   762.000000000000        1.58084992573264     
   763.000000000000        1.58045371383188     
   764.000000000000        1.58003932705478     
   765.000000000000        1.57959693760703     
   766.000000000000        1.57918746902474     
   767.000000000000        1.57872394729073     
   768.000000000000        1.57832160243552     
   769.000000000000        1.57785606974301     
   770.000000000000        1.57740421497335     
   771.000000000000        1.57697493773459     
   772.000000000000        1.57652389201954     
   773.000000000000        1.57603490032610     
   774.000000000000        1.57559270494725     
   775.000000000000        1.57511101120329     
   776.000000000000        1.57463952750762     
   777.000000000000        1.57416843626166     
   778.000000000000        1.57369113437226     
   779.000000000000        1.57318265966523     
   780.000000000000        1.57270796269113     
   781.000000000000        1.57221530056607     
   782.000000000000        1.57169147604473     
   783.000000000000        1.57121812845731     
   784.000000000000        1.57069878097196     
   785.000000000000        1.57017747710867     
   786.000000000000        1.56966372858182     
   787.000000000000        1.56912014148112     
   788.000000000000        1.56863305864681     
   789.000000000000        1.56807349217407     
   790.000000000000        1.56754162298336     
   791.000000000000        1.56698724151475     
   792.000000000000        1.56649379028716     
   793.000000000000        1.56588166505899     
   794.000000000000        1.56536113840266     
   795.000000000000        1.56479339343968     
   796.000000000000        1.56423265942257     
   797.000000000000        1.56363760317283     
   798.000000000000        1.56313021429988     
   799.000000000000        1.56248139674202     
   800.000000000000        1.56192952151284     
   801.000000000000        1.56134456632348     
   802.000000000000        1.56073931876611     
   803.000000000000        1.56017069719470     
   804.000000000000        1.55954433506620     
   805.000000000000        1.55893766347379     
   806.000000000000        1.55834477415720     
   807.000000000000        1.55768705141004     
   808.000000000000        1.55713074575243     
   809.000000000000        1.55646552995297     
   810.000000000000        1.55586257283600     
   811.000000000000        1.55519899281786     
   812.000000000000        1.55458200066534     
   813.000000000000        1.55392384291452     
   814.000000000000        1.55329481531581     
   815.000000000000        1.55261460453033     
   816.000000000000        1.55197319735013     
   817.000000000000        1.55131387632630     
   818.000000000000        1.55064291877919     
   819.000000000000        1.54996378908234     
   820.000000000000        1.54931345213381     
   821.000000000000        1.54861558127899     
   822.000000000000        1.54791035099591     
   823.000000000000        1.54724599859464     
   824.000000000000        1.54653995448095     
   825.000000000000        1.54586157801277     
   826.000000000000        1.54511158749101     
   827.000000000000        1.54444796820312     
   828.000000000000        1.54371098680079     
   829.000000000000        1.54297566844550     
   830.000000000000        1.54228765286157     
   831.000000000000        1.54152427728634     
   832.000000000000        1.54081705120780     
   833.000000000000        1.54005889659139     
   834.000000000000        1.53933510747827     
   835.000000000000        1.53855236403172     
   836.000000000000        1.53783826608792     
   837.000000000000        1.53704079947916     
   838.000000000000        1.53630810233316     
   839.000000000000        1.53553302173740     
   840.000000000000        1.53474405665814     
   841.000000000000        1.53399214083393     
   842.000000000000        1.53318517244997     
   843.000000000000        1.53240708949289     
   844.000000000000        1.53163785154932     
   845.000000000000        1.53080205729579     
   846.000000000000        1.53001435903909     
   847.000000000000        1.52921264190527     
   848.000000000000        1.52839861241395     
   849.000000000000        1.52757943326233     
   850.000000000000        1.52675680426890     
   851.000000000000        1.52592748749700     
   852.000000000000        1.52510018891245     
   853.000000000000        1.52426535682374     
   854.000000000000        1.52342224243639     
   855.000000000000        1.52256322510992     
   856.000000000000        1.52172777089504     
   857.000000000000        1.52087076121093     
   858.000000000000        1.51998235787464     
   859.000000000000        1.51914097111105     
   860.000000000000        1.51825809214068     
   861.000000000000        1.51738549961908     
   862.000000000000        1.51650013561479     
   863.000000000000        1.51561767921307     
   864.000000000000        1.51473254946765     
   865.000000000000        1.51382253949503     
   866.000000000000        1.51292565451576     
   867.000000000000        1.51200060253303     
   868.000000000000        1.51110259961762     
   869.000000000000        1.51020784731294     
   870.000000000000        1.50924870366503     
   871.000000000000        1.50836374750341     
   872.000000000000        1.50738589228626     
   873.000000000000        1.50646256797499     
   874.000000000000        1.50552529210353     
   875.000000000000        1.50459728559346     
   876.000000000000        1.50360126781629     
   877.000000000000        1.50267976773308     
   878.000000000000        1.50169372038367     
   879.000000000000        1.50073259148985     
   880.000000000000        1.49976055757739     
   881.000000000000        1.49879258012390     
   882.000000000000        1.49778870303717     
   883.000000000000        1.49680834011253     
   884.000000000000        1.49583489411390     
   885.000000000000        1.49479185929829     
   886.000000000000        1.49382558910756     
   887.000000000000        1.49279458090580     
   888.000000000000        1.49180776234922     
   889.000000000000        1.49075599999636     
   890.000000000000        1.48975300913184     
   891.000000000000        1.48869389934089     
   892.000000000000        1.48769742986229     
   893.000000000000        1.48663254642269     
   894.000000000000        1.48559783731971     
   895.000000000000        1.48453481567936     
   896.000000000000        1.48348267947316     
   897.000000000000        1.48243629520341     
   898.000000000000        1.48134056352416     
   899.000000000000        1.48030273610973     
   900.000000000000        1.47920500676589     
   901.000000000000        1.47813229815147     
   902.000000000000        1.47703641065444     
   903.000000000000        1.47594369008081     
   904.000000000000        1.47486730508867     
   905.000000000000        1.47372276072868     
   906.000000000000        1.47265007225430     
   907.000000000000        1.47151170254970     
   908.000000000000        1.47041085238726     
   909.000000000000        1.46927465269079     
   910.000000000000        1.46815666368379     
   911.000000000000        1.46700168822699     
   912.000000000000        1.46588396200957     
   913.000000000000        1.46472967475985     
   914.000000000000        1.46358083112127     
   915.000000000000        1.46241582668847     
   916.000000000000        1.46127697076915     
   917.000000000000        1.46009032203767     
   918.000000000000        1.45891057259048     
   919.000000000000        1.45774798753797     
   920.000000000000        1.45657714485225     
   921.000000000000        1.45535935573256     
   922.000000000000        1.45418406099761     
   923.000000000000        1.45298733207176     
   924.000000000000        1.45176856179692     
   925.000000000000        1.45055890019271     
   926.000000000000        1.44936724936703     
   927.000000000000        1.44813503868204     
   928.000000000000        1.44688481800697     
   929.000000000000        1.44569998680624     
   930.000000000000        1.44442128237144     
   931.000000000000        1.44320749292896     
   932.000000000000        1.44193403327629     
   933.000000000000        1.44070982720274     
   934.000000000000        1.43942243526172     
   935.000000000000        1.43819813718212     
   936.000000000000        1.43688484574137     
   937.000000000000        1.43564975063027     
   938.000000000000        1.43433987178962     
   939.000000000000        1.43307826203951     
   940.000000000000        1.43176317612160     
   941.000000000000        1.43047304884169     
   942.000000000000        1.42920240582879     
   943.000000000000        1.42784548227627     
   944.000000000000        1.42657107444863     
   945.000000000000        1.42524475075718     
   946.000000000000        1.42391038241356     
   947.000000000000        1.42258132353634     
   948.000000000000        1.42126128282021     
   949.000000000000        1.41990246454312     
   950.000000000000        1.41858217903084     
   951.000000000000        1.41720300193640     
   952.000000000000        1.41587101729646     
   953.000000000000        1.41448058432090     
   954.000000000000        1.41314093510192     
   955.000000000000        1.41176479694721     
   956.000000000000        1.41036129922613     
   957.000000000000        1.40900726581894     
   958.000000000000        1.40759066350279     
   959.000000000000        1.40621544531333     
   960.000000000000        1.40480721654711     
   961.000000000000        1.40340010548919     
   962.000000000000        1.40197496562350     
   963.000000000000        1.40059399776728     
   964.000000000000        1.39913682148290     
   965.000000000000        1.39771537079476     
   966.000000000000        1.39627656811827     
   967.000000000000        1.39486262455165     
   968.000000000000        1.39338857382953     
   969.000000000000        1.39195894182107     
   970.000000000000        1.39046878748913     
   971.000000000000        1.38904730823922     
   972.000000000000        1.38755463970776     
   973.000000000000        1.38607670098852     
   974.000000000000        1.38461927698375     
   975.000000000000        1.38312115917979     
   976.000000000000        1.38161564236030     
   977.000000000000        1.38013628506061     
   978.000000000000        1.37864809526047     
   979.000000000000        1.37710832039907     
   980.000000000000        1.37561774470302     
   981.000000000000        1.37410672186484     
   982.000000000000        1.37255484385745     
   983.000000000000        1.37104277093566     
   984.000000000000        1.36948620608843     
   985.000000000000        1.36798996703360     
   986.000000000000        1.36639063307709     
   987.000000000000        1.36486877892053     
   988.000000000000        1.36330354901965     
   989.000000000000        1.36173273061413     
   990.000000000000        1.36016131502509     
   991.000000000000        1.35860021185867     
   992.000000000000        1.35699649977369     
   993.000000000000        1.35542482579404     
   994.000000000000        1.35382588757130     
   995.000000000000        1.35222020092155     
   996.000000000000        1.35063464703275     
   997.000000000000        1.34900769881315     
   998.000000000000        1.34740097863125     
   999.000000000000        1.34577072605459     
   1000.00000000000        1.34414549208808     
   1001.00000000000        1.34252439950181     
   1002.00000000000        1.34086164689918     
   1003.00000000000        1.33923806971492     
   1004.00000000000        1.33756590071885     
   1005.00000000000        1.33593098010845     
   1006.00000000000        1.33425047539650     
   1007.00000000000        1.33259464462438     
   1008.00000000000        1.33091133324148     
   1009.00000000000        1.32923809493598     
   1010.00000000000        1.32755026452432     
   1011.00000000000        1.32584596816225     
   1012.00000000000        1.32416462571497     
   1013.00000000000        1.32246014844379     
   1014.00000000000        1.32073591631745     
   1015.00000000000        1.31904072070149     
   1016.00000000000        1.31729826243659     
   1017.00000000000        1.31560563488403     
   1018.00000000000        1.31382659002032     
   1019.00000000000        1.31211042990126     
   1020.00000000000        1.31038105711155     
   1021.00000000000        1.30860877840488     
   1022.00000000000        1.30686032484658     
   1023.00000000000        1.30509694498067     
   1024.00000000000        1.30332431131432     
   1025.00000000000        1.30155260453208     
   1026.00000000000        1.29978474224652     
   1027.00000000000        1.29796295685663     
   1028.00000000000        1.29621818676936     
   1029.00000000000        1.29437315632271     
   1030.00000000000        1.29261098553578     
   1031.00000000000        1.29077800607440     
   1032.00000000000        1.28895233793908     
   1033.00000000000        1.28715067193542     
   1034.00000000000        1.28532284518156     
   1035.00000000000        1.28346872582734     
   1036.00000000000        1.28163916742141     
   1037.00000000000        1.27980271768544     
   1038.00000000000        1.27794765488510     
   1039.00000000000        1.27607695070401     
   1040.00000000000        1.27421626851301     
   1041.00000000000        1.27236135304735     
   1042.00000000000        1.27047481418281     
   1043.00000000000        1.26859131177091     
   1044.00000000000        1.26670733838324     
   1045.00000000000        1.26480278134946     
   1046.00000000000        1.26291786527862     
   1047.00000000000        1.26099664431691     
   1048.00000000000        1.25909642445856     
   1049.00000000000        1.25716863883700     
   1050.00000000000        1.25523768299220     
   1051.00000000000        1.25332907615997     
   1052.00000000000        1.25137267545038     
   1053.00000000000        1.24944103206420     
   1054.00000000000        1.24748163089423     
   1055.00000000000        1.24553997267741     
   1056.00000000000        1.24356026482819     
   1057.00000000000        1.24161261391050     
   1058.00000000000        1.23963237553473     
   1059.00000000000        1.23763338039579     
   1060.00000000000        1.23567245945729     
   1061.00000000000        1.23367161265048     
   1062.00000000000        1.23167328824936     
   1063.00000000000        1.22967959576930     
   1064.00000000000        1.22764335949181     
   1065.00000000000        1.22564317309718     
   1066.00000000000        1.22362933462302     
   1067.00000000000        1.22158863550154     
   1068.00000000000        1.21953705892400     
   1069.00000000000        1.21753207911042     
   1070.00000000000        1.21545946434200     
   1071.00000000000        1.21339755182945     
   1072.00000000000        1.21136173472429     
   1073.00000000000        1.20928711023314     
   1074.00000000000        1.20718907948692     
   1075.00000000000        1.20513652030186     
   1076.00000000000        1.20304598831237     
   1077.00000000000        1.20097140958911     
   1078.00000000000        1.19884191164697     
   1079.00000000000        1.19675180032828     
   1080.00000000000        1.19464263412914     
   1081.00000000000        1.19251514147635     
   1082.00000000000        1.19041350965437     
   1083.00000000000        1.18827988819615     
   1084.00000000000        1.18612304771935     
   1085.00000000000        1.18399803284378     
   1086.00000000000        1.18184366949394     
   1087.00000000000        1.17969177133961     
   1088.00000000000        1.17753593514706     
   1089.00000000000        1.17536783595450     
   1090.00000000000        1.17317684376390     
   1091.00000000000        1.17100959241804     
   1092.00000000000        1.16883933450074     
   1093.00000000000        1.16660701889375     
   1094.00000000000        1.16444085496083     
   1095.00000000000        1.16221548608217     
   1096.00000000000        1.16000882493734     
   1097.00000000000        1.15779595286611     
   1098.00000000000        1.15557929996579     
   1099.00000000000        1.15333387201728     
   1100.00000000000        1.15109248965885     
   1101.00000000000        1.14886240843778     
   1102.00000000000        1.14660916914424     
   1103.00000000000        1.14433925814480     
   1104.00000000000        1.14208896416476     
   1105.00000000000        1.13981748901067     
   1106.00000000000        1.13754672141765     
   1107.00000000000        1.13522661455070     
   1108.00000000000        1.13298074026435     
   1109.00000000000        1.13066462765324     
   1110.00000000000        1.12837956005152     
   1111.00000000000        1.12605038709472     
   1112.00000000000        1.12374596886825     
   1113.00000000000        1.12140962241100     
   1114.00000000000        1.11910419673951     
   1115.00000000000        1.11674051912352     
   1116.00000000000        1.11443241057989     
   1117.00000000000        1.11204483112277     
   1118.00000000000        1.10973853128837     
   1119.00000000000        1.10734693338488     
   1120.00000000000        1.10496060697910     
   1121.00000000000        1.10262360565650     
   1122.00000000000        1.10021856251459     
   1123.00000000000        1.09783322340159     
   1124.00000000000        1.09545561785089     
   1125.00000000000        1.09303921310566     
   1126.00000000000        1.09064046438911     
   1127.00000000000        1.08821086777269     
   1128.00000000000        1.08580763142860     
   1129.00000000000        1.08336293582506     
   1130.00000000000        1.08093497646658     
   1131.00000000000        1.07851230006183     
   1132.00000000000        1.07604072421776     
   1133.00000000000        1.07359417577691     
   1134.00000000000        1.07113914617169     
   1135.00000000000        1.06864997495230     
   1136.00000000000        1.06621010676196     
   1137.00000000000        1.06370937512787     
   1138.00000000000        1.06121299211340     
   1139.00000000000        1.05873549824576     
   1140.00000000000        1.05621060939657     
   1141.00000000000        1.05374116557065     
   1142.00000000000        1.05119072508981     
   1143.00000000000        1.04870061974525     
   1144.00000000000        1.04614526822141     
   1145.00000000000        1.04361862189311     
   1146.00000000000        1.04109937364601     
   1147.00000000000        1.03849908532885     
   1148.00000000000        1.03599317796219     
   1149.00000000000        1.03340610831309     
   1150.00000000000        1.03084287849910     
   1151.00000000000        1.02827411560278     
   1152.00000000000        1.02567911329298     
   1153.00000000000        1.02308637742617     
   1154.00000000000        1.02050903173195     
   1155.00000000000        1.01789767562727     
   1156.00000000000        1.01527398007806     
   1157.00000000000        1.01267975510723     
   1158.00000000000        1.01003490801349     
   1159.00000000000        1.00741974051519     
   1160.00000000000        1.00477919236272     
   1161.00000000000        1.00212761080691     
   1162.00000000000       0.999479014278338     
   1163.00000000000       0.996820169653134     
   1164.00000000000       0.994167457167490     
   1165.00000000000       0.991462627235951     
   1166.00000000000       0.988815285415753     
   1167.00000000000       0.986130441918512     
   1168.00000000000       0.983410801927344     
   1169.00000000000       0.980738866929803     
   1170.00000000000       0.978010450512494     
   1171.00000000000       0.975310705277406     
   1172.00000000000       0.972576546167430     
   1173.00000000000       0.969864504955474     
   1174.00000000000       0.967125000241606     
   1175.00000000000       0.964373062515927     
   1176.00000000000       0.961629016205751     
   1177.00000000000       0.958886566357035     
   1178.00000000000       0.956102144398021     
   1179.00000000000       0.953345900351980     
   1180.00000000000       0.950557729639247     
   1181.00000000000       0.947774939552154     
   1182.00000000000       0.944998444043077     
   1183.00000000000       0.942191630927685     
   1184.00000000000       0.939384585315321     
   1185.00000000000       0.936567642398824     
   1186.00000000000       0.933755753057477     
   1187.00000000000       0.930938508539258     
   1188.00000000000       0.928080549784599     
   1189.00000000000       0.925248543666253     
   1190.00000000000       0.922405507594736     
   1191.00000000000       0.919558525470326     
   1192.00000000000       0.916682871688476     
   1193.00000000000       0.913811573120355     
   1194.00000000000       0.910942223108711     
   1195.00000000000       0.908057674891406     
   1196.00000000000       0.905174145458432     
   1197.00000000000       0.902262022664302     
   1198.00000000000       0.899354542178569     
   1199.00000000000       0.896455873311930     
   1200.00000000000       0.893528264142544     
   1201.00000000000       0.890601468139656     
   1202.00000000000       0.887670300350355     
   1203.00000000000       0.884730004297403     
   1204.00000000000       0.881774277243353     
   1205.00000000000       0.878813709869260     
   1206.00000000000       0.875867620185391     
   1207.00000000000       0.872901569081636     
   1208.00000000000       0.869896524014399     
   1209.00000000000       0.866924781732869     
   1210.00000000000       0.863937341917388     
   1211.00000000000       0.860944566235443     
   1212.00000000000       0.857921852885448     
   1213.00000000000       0.854913906345783     
   1214.00000000000       0.851902964867903     
   1215.00000000000       0.848841833764470     
   1216.00000000000       0.845843508333886     
   1217.00000000000       0.842780178646320     
   1218.00000000000       0.839734443218547     
   1219.00000000000       0.836679453533486     
   1220.00000000000       0.833596577737769     
   1221.00000000000       0.830546819592076     
   1222.00000000000       0.827447254835566     
   1223.00000000000       0.824384607323317     
   1224.00000000000       0.821265435416619     
   1225.00000000000       0.818173443700930     
   1226.00000000000       0.815064041237444     
   1227.00000000000       0.811943605422857     
   1228.00000000000       0.808824225418588     
   1229.00000000000       0.805685924848533     
   1230.00000000000       0.802555300693126     
   1231.00000000000       0.799398846886110     
   1232.00000000000       0.796254308473730     
   1233.00000000000       0.793087822826981     
   1234.00000000000       0.789910332030232     
   1235.00000000000       0.786746383080151     
   1236.00000000000       0.783555570254313     
   1237.00000000000       0.780372936123643     
   1238.00000000000       0.777167802512403     
   1239.00000000000       0.773950983932503     
   1240.00000000000       0.770755403543196     
   1241.00000000000       0.767519906126499     
   1242.00000000000       0.764296097538166     
   1243.00000000000       0.761066847526736     
   1244.00000000000       0.757813282175790     
   1245.00000000000       0.754560680047914     
   1246.00000000000       0.751315055147950     
   1247.00000000000       0.748027641424611     
   1248.00000000000       0.744768073495577     
   1249.00000000000       0.741483685129686     
   1250.00000000000       0.738192797911371     
   1251.00000000000       0.734888470837460     
   1252.00000000000       0.731605945246343     
   1253.00000000000       0.728270968139936     
   1254.00000000000       0.724973176661673     
   1255.00000000000       0.721630601135078     
   1256.00000000000       0.718290229512511     
   1257.00000000000       0.714967475895796     
   1258.00000000000       0.711607512294388     
   1259.00000000000       0.708253346322561     
   1260.00000000000       0.704877639338263     
   1261.00000000000       0.701510469391331     
   1262.00000000000       0.698137243670656     
   1263.00000000000       0.694738458020978     
   1264.00000000000       0.691351519938604     
   1265.00000000000       0.687948790933343     
   1266.00000000000       0.684530146439606     
   1267.00000000000       0.681125229137427     
   1268.00000000000       0.677671465075518     
   1269.00000000000       0.674270158632187     
   1270.00000000000       0.670815732970165     
   1271.00000000000       0.667363783489306     
   1272.00000000000       0.663908513334550     
   1273.00000000000       0.660440311889791     
   1274.00000000000       0.656977098127003     
   1275.00000000000       0.653489408496586     
   1276.00000000000       0.650011908960283     
   1277.00000000000       0.646509083605127     
   1278.00000000000       0.643005078256855     
   1279.00000000000       0.639500222830984     
   1280.00000000000       0.635966324691809     
   1281.00000000000       0.632458331538215     
   1282.00000000000       0.628923028094023     
   1283.00000000000       0.625377728137574     
   1284.00000000000       0.621821371840115     
   1285.00000000000       0.618281803358124     
   1286.00000000000       0.614706337409464     
   1287.00000000000       0.611129329900378     
   1288.00000000000       0.607556791518778     
   1289.00000000000       0.603968877468924     
   1290.00000000000       0.600369441553875     
   1291.00000000000       0.596773254716285     
   1292.00000000000       0.593153023670814     
   1293.00000000000       0.589549011299232     
   1294.00000000000       0.585909022322992     
   1295.00000000000       0.582276491218339     
   1296.00000000000       0.578644112209287     
   1297.00000000000       0.574983938749870     
   1298.00000000000       0.571328593611206     
   1299.00000000000       0.567670102397192     
   1300.00000000000       0.563984978488785     
   1301.00000000000       0.560317732507463     
   1302.00000000000       0.556620974438517     
   1303.00000000000       0.552933622626324     
   1304.00000000000       0.549217586801132     
   1305.00000000000       0.545514649137260     
   1306.00000000000       0.541784284904135     
   1307.00000000000       0.538077767268936     
   1308.00000000000       0.534320785602366     
   1309.00000000000       0.530591901015488     
   1310.00000000000       0.526833100025086     
   1311.00000000000       0.523084515059074     
   1312.00000000000       0.519306997527012     
   1313.00000000000       0.515542101275540     
   1314.00000000000       0.511754299787034     
   1315.00000000000       0.507976682686943     
   1316.00000000000       0.504159857266758     
   1317.00000000000       0.500370570517410     
   1318.00000000000       0.496558939043562     
   1319.00000000000       0.492723808356798     
   1320.00000000000       0.488913405720617     
   1321.00000000000       0.485065182195304     
   1322.00000000000       0.481224296940920     
   1323.00000000000       0.477379993799322     
   1324.00000000000       0.473511473377377     
   1325.00000000000       0.469648363859431     
   1326.00000000000       0.465774659572872     
   1327.00000000000       0.461888531931467     
   1328.00000000000       0.457997682174015     
   1329.00000000000       0.454109244074179     
   1330.00000000000       0.450194885678368     
   1331.00000000000       0.446281033661761     
   1332.00000000000       0.442365351818952     
   1333.00000000000       0.438430614683191     
   1334.00000000000       0.434498241163393     
   1335.00000000000       0.430547843472437     
   1336.00000000000       0.426606147170928     
   1337.00000000000       0.422637450028963     
   1338.00000000000       0.418670787476116     
   1339.00000000000       0.414694014577137     
   1340.00000000000       0.410723480485909     
   1341.00000000000       0.406721390339231     
   1342.00000000000       0.402716653117307     
   1343.00000000000       0.398726422935434     
   1344.00000000000       0.394706964220404     
   1345.00000000000       0.390681084684411     
   1346.00000000000       0.386652647762073     
   1347.00000000000       0.382620693007297     
   1348.00000000000       0.378576009376850     
   1349.00000000000       0.374510814221888     
   1350.00000000000       0.370468428099507     
   1351.00000000000       0.366390337869121     
   1352.00000000000       0.362319641906301     
   1353.00000000000       0.358238366470099     
   1354.00000000000       0.354142760827595     
   1355.00000000000       0.350044668580569     
   1356.00000000000       0.345948564877903     
   1357.00000000000       0.341821456726970     
   1358.00000000000       0.337709468870214     
