3.05529
3.05529
3.05529
3.05529
3.05585
3.05588
3.05543
3.05576
3.05721
3.06034
3.06602
3.07046
3.08511
3.05311
3.05797
3.04653
3.04817
3.0438
3.04927
3.04872
3.05258
3.05365
3.04489
3.04763
3.05421
3.04818
3.05475
3.05091
3.05639
3.05421
3.05694
3.057
3.05479
3.05755
3.05426
3.057
3.06303
3.06412
3.05432
3.06142
3.06255
3.05819
3.0604
3.06154
3.06809
3.06323
3.07035
3.06655
3.07042
3.06825
3.07047
3.06885
3.07001
3.06837
3.075
3.07285
3.07452
3.07512
3.07897
3.07247
3.07413
3.07036
3.07863
3.07811
3.07927
3.08534
3.08377
3.07559
3.08059
3.07954
3.09217
3.08844
3.09066
3.08418
3.09135
3.08977
3.02386
3.02092
3.01912
3.02897
3.02326
3.02035
3.01906
3.01177
3.00942
3.0136
3.0156
3.00992
3.00973
3.00726
3.00704
3.00252
2.9978
2.99815
2.99402
2.99769
2.99687
2.99609
2.99191
2.99353
2.99253
2.98291
2.98995
2.98126
2.97842
2.97863
2.97789
2.97369
2.97828
2.97535
2.96906
2.96827
2.96406
2.9643
2.96025
2.95714
2.9542
2.95448
2.95136
2.94734
2.94314
2.95108
2.94041
2.94279
2.9388
2.938
2.93144
2.93191
2.93093
2.91908
2.92289
2.92291
2.92201
2.91482
2.92285
2.91163
2.90899
2.91033
2.90601
2.90094
2.90229
2.90132
2.89637
2.88962
2.88355
2.90025
2.88722
2.87885
2.87698
2.87913
2.86852
2.87544
2.87562
2.86377
2.85732
2.8635
2.86112
2.85717
2.85312
2.85646
2.84676
2.84402
2.84632
2.84436
2.83361
2.82932
2.82844
2.83006
2.8188
2.82727
2.82069
2.81665
2.81115
2.81389
2.81052
2.80777
2.79777
2.80064
2.80159
2.79201
2.79129
2.78546
2.78428
2.77974
2.77409
2.77825
2.77967
2.7669
2.76132
2.76801
2.75675
2.75511
2.75547
2.75335
2.75373
2.74961
2.74369
2.73439
2.73262
2.73591
2.73168
2.72861
2.71539
2.7182
2.71366
2.71745
2.71428
2.71433
2.70137
2.70624
2.69942
2.68973
2.68805
2.6937
2.68714
2.68292
2.67413
2.68449
2.67236
2.66724
2.66932
2.66559
2.6576
2.65363
2.6456
2.64258
2.64974
2.63946
2.63475
2.63488
2.63359
2.63652
2.62845
2.62302
2.622
2.61241
2.61289
2.61093
2.59905
2.60861
2.5968
2.58931
2.58998
2.58779
2.58359
2.58389
2.57158
2.56997
2.5718
2.56363
2.56214
2.56155
2.55606
2.54433
2.5441
2.54225
2.54505
2.53773
2.52954
2.5357
2.52808
2.51828
2.52167
2.51719
2.50395
2.50375
2.5024
2.50125
2.50095
2.48745
2.47816
2.49047
2.47456
2.48135
2.47714
2.4693
2.46755
2.46758
2.4575
2.45673
2.45027
2.44407
2.44458
2.43151
2.43633
2.43742
2.42992
2.41571
2.41988
2.42118
2.41758
2.41122
2.40211
2.39533
2.40138
2.39229
2.38737
2.37985
2.38121
2.37572
2.37441
2.35896
2.36912
2.35863
2.35406
2.34904
2.34631
2.34249
2.34227
2.33623
2.3258
2.32915
2.32448
2.31347
2.30979
2.31267
2.30894
2.31234
2.30473
2.30052
2.29336
2.28433
2.27442
2.27372
2.27588
2.2687
2.26486
2.25573
2.25566
2.25368
2.25488
2.24682
2.22942
2.2309
2.22112
2.22976
2.22193
2.21894
2.21169
2.2088
2.20684
2.2033
2.20452
2.19336
2.19013
2.18895
2.17593
2.1667
2.16727
2.16902
2.15761
2.15215
2.14901
2.15066
2.13952
2.13884
2.13391
2.12412
2.12346
2.11157
2.11605
2.11315
2.10668
2.10386
2.09756
2.08524
2.09619
2.08456
2.07674
2.06935
2.07351
2.06075
2.07064
2.05917
2.04384
2.04849
2.045
2.0373
2.03166
2.03071
2.02105
2.01117
2.01307
2.00005
2.00049
2.00495
1.98673
1.98893
1.97608
1.97615
1.97733
1.97199
1.96576
1.95804
1.94785
1.95462
1.95174
1.93582
1.92887
1.93239
1.9211
1.91463
1.9212
1.90923
1.91207
1.90553
1.89618
1.886
1.88504
1.88868
1.86959
1.87748
1.8661
1.86128
1.86261
1.86034
1.83539
1.83941
1.82844
1.829
1.82402
1.81984
1.81057
1.80734
1.81839
1.79536
1.80819
1.78847
1.79416
1.78321
1.76544
1.77131
1.76316
1.76331
1.74669
1.74909
1.73562
1.74042
1.73199
1.72963
1.7143
1.72038
1.69955
1.69784
1.71364
1.68167
1.69002
1.682
1.68002
1.67257
1.66158
1.66639
1.64913
1.64497
1.6479
1.63005
1.63319
1.63097
1.61977
1.62705
1.61303
1.60703
1.60427
1.59523
1.59424
1.58689
1.57014
1.5701
1.57427
1.56867
1.5555
1.55119
1.54085
1.53992
1.52429
1.52878
1.52101
1.51715
1.50893
1.51127
1.50176
1.49045
1.48753
1.48094
1.47747
1.46462
1.46394
1.45778
1.44602
1.45424
1.43861
1.43187
1.44149
1.41324
1.42503
1.4099
1.40373
1.39819
1.39984
1.37918
1.37844
1.37314
1.37183
1.36418
1.34809
1.34679
1.34953
1.3442
1.32653
1.32421
1.31661
1.31933
1.30531
1.31225
1.30861
1.29062
1.28886
1.28786
1.26298
1.26193
1.26139
1.25678
1.2488
1.25342
1.24293
1.23179
1.22681
1.2133
1.20965
1.20001
1.20183
1.1883
1.18722
1.17639
1.18263
1.17314
1.16691
1.15841
1.14917
1.1343
1.12781
1.12483
1.11815
1.11888
1.1125
1.09694
1.10396
1.08738
1.09352
1.08269
1.06982
1.0648
1.05671
1.05165
1.03974
1.05301
1.02003
1.02398
1.01592
1.00942
1.0006
1.00389
0.984617
0.983146
0.984064
0.975436
0.962404
0.957311
0.949881
0.935349
0.941416
0.929188
0.940282
0.917024
0.910111
0.903382
0.896741
0.907037
0.889676
0.87156
0.865145
0.872775
0.847707
0.851992
0.839244
0.833172
0.818429
0.82061
0.811492
0.802736
0.807533
0.794384
0.790819
0.788476
0.771076
0.775468
0.745932
0.762694
0.741133
0.736485
0.731074
0.718538
0.712249
0.691333
0.708307
0.691446
0.684522
0.673785
0.662129
0.652922
0.660895
0.654726
0.646346
0.633101
0.625252
0.623086
0.61134
0.608301
0.612132
0.597148
0.587293
0.580906
0.579711
0.554758
0.542518
0.552361
0.564626
0.536631
0.537926
0.5063
0.502134
0.508254
0.500187
0.494919
0.491806
0.476139
0.455122
0.45616
0.459731
0.459551
0.445959
0.42535
0.412738
0.410973
0.416254
0.396622
0.398423
0.376999
0.380365
0.386298
0.372227
0.349085
0.347305
0.332442
0.327887
0.315074
0.324819
0.29605
0.302866
0.283967
0.276037
0.262871
0.287577
0.244687
0.259627
0.238786
0.229558
0.225261
0.231908
0.230854
0.210556
0.187909
0.201883
0.192041
0.154281
0.165387
0.158932
0.143001
0.123186
0.122769
0.114386
0.107382
0.117559
0.0977436
0.0922184
0.0943998
0.0846764
0.0558059
0.0765673
0.0320817
0.0400789
0.0339532
0.0300392
0.0147653
0.00622977
0.00971981
-0.0251438
-0.00645481
-0.0187033
-0.0229425
-0.0233192
-0.0393881
-0.0582118
-0.0695345
-0.0760616
-0.0615901
-0.106481
-0.107357
-0.101949
-0.110599
-0.111189
-0.145755
-0.142713
-0.138905
-0.14156
-0.171922
-0.180702
-0.160155
-0.178227
-0.189672
-0.201668
-0.222203
-0.204702
-0.233835
-0.260625
-0.249574
-0.279674
-0.274142
-0.301944
-0.289008
-0.296786
-0.29594
-0.292474
-0.306514
-0.311407
-0.342255
-0.35258
-0.353242
-0.365105
-0.36371
-0.361563
-0.408879
-0.396011
-0.413649
-0.420996
-0.407226
-0.429074
-0.42529
-0.453827
-0.455046
-0.447
-0.472498
-0.471906
-0.493468
-0.515536
-0.499103
-0.531356
-0.527315
-0.559772
-0.533601
-0.567988
-0.557625
-0.556373
-0.609322
-0.607815
-0.581118
-0.628241
-0.627452
-0.630617
-0.635239
-0.634354
-0.66292
-0.645483
-0.682728
-0.690653
-0.682716
-0.693012
-0.706556
-0.736534
-0.710716
-0.754769
-0.753057
-0.745786
-0.752905
-0.786705
-0.789192
-0.788872
-0.809365
-0.830012
-0.816269
-0.82318
-0.848269
-0.852347
-0.840386
-0.856826
-0.889745
-0.890405
-0.891114
-0.908276
-0.915388
-0.922007
-0.922398
-0.943307
-0.935424
-0.95419
-0.970154
-0.971996
-0.993781
-0.987334
-1.00014
-1.02745
-1.05032
-1.0498
-1.04889
-1.04093
-1.09462
-1.05574
-1.08661
-1.10614
-1.09348
-1.11125
-1.14353
-1.137
-1.14463
-1.14407
-1.17079
-1.1811
-1.17266
-1.15928
-1.2352
-1.21475
-1.22018
-1.22475
-1.2362
-1.24532
-1.28389
-1.23894
-1.28195
-1.27651
-1.29119
-1.30843
-1.30835
-1.33656
-1.32786
-1.34138
-1.37275
-1.36208
-1.36869
-1.37283
-1.40788
-1.40862
-1.42717
-1.43639
-1.4535
-1.44421
-1.4498
-1.48946
-1.42705
-1.48364
-1.47321
-1.49081
-1.50684
-1.50734
-1.5563
-1.50709
-1.56519
-1.55823
-1.58467
-1.59228
-1.60481
-1.62143
-1.56784
-1.60539
-1.63717
-1.65389
-1.66453
-1.65472
-1.6763
-1.71006
-1.67122
-1.70314
-1.72337
-1.73415
-1.72568
-1.74656
-1.71223
-1.73657
-1.80235
-1.78283
-1.80647
-1.81524
-1.80356
-1.80565
-1.83674
-1.84136
-1.86052
-1.8425
-1.85739
-1.89015
-1.89529
-1.89997
-1.919
-1.91209
-1.93161
-1.94668
-1.96609
-1.93817
-1.99664
-1.9831
-1.9706
-1.98008
-2.00957
-2.01716
-2.03167
-2.05651
-2.05165
-2.09919
-2.06285
-2.07873
-2.12566
-2.10602
-2.11927
-2.13486
-2.1343
-2.12429
-2.18196
-2.17686
-2.16909
-2.18545
-2.20255
-2.20308
-2.22173
-2.22816
-2.24534
-2.2496
-2.2312
-2.3044
-2.26051
-2.25491
-2.34603
-2.2999
-2.3227
-2.32378
-2.33501
-2.35473
-2.39062
-2.35668
-2.37589
-2.40415
-2.37563
-2.39935
-2.42976
-2.41614
-2.44709
-2.46042
-2.48049
-2.51352
-2.46672
-2.49377
-2.52176
-2.51661
-2.55986
-2.56016
-2.53988
-2.55921
-2.59035
-2.55135
-2.64983
-2.60698
-2.60501
-2.6264
-2.61363
-2.62752
-2.64086
-2.67511
-2.6546
-2.6882
-2.68882
-2.70504
-2.74008
-2.72214
-2.70321
-2.76526
-2.74173
-2.7719
-2.7849
-2.76314
-2.79573
-2.81699
-2.80601
-2.84567
-2.80314
-2.87983
-2.85474
-2.86639
-2.87199
-2.87143
-2.85606
-2.92335
-2.89592
-2.93542
-2.91779
-2.94909
-2.96918
-2.92533
-2.99402
-2.96051
-2.98702
-3.00981
-3.03412
-3.01432
-3.07599
-2.9991
-3.05174
-3.07579
-3.034
-3.10349
-3.1189
-3.12529
-3.14515
-3.11188
-3.15682
-3.11962
-3.17898
-3.13746
-3.19399
-3.20125
-3.24609
-3.1787
-3.22463
-3.22469
-3.25647
-3.24789
-3.27375
-3.26673
-3.29889
-3.26457
-3.31033
-3.30116
-3.35626
-3.29453
-3.32857
-3.35837
-3.37079
-3.37049
-3.40497
-3.35989
-3.43678
-3.39629
-3.42007
-3.50525
-3.43671
-3.43634
-3.50086
-3.49256
-3.50837
-3.46139
-3.47207
-3.45778
-3.53532
-3.53749
-3.5515
-3.60715
-3.50892
-3.57101
-3.59857
-3.61932
-3.62538
-3.59303
-3.64204
-3.6167
-3.67284
-3.63091
-3.67052
-3.65335
-3.71581
-3.659
-3.68404
-3.74681
-3.70336
-3.7405
-3.73156
-3.76051
-3.76336
-3.76344
-3.79527
-3.78193
-3.8144
-3.80341
-3.81294
-3.83613
-3.84967
-3.84778
-3.86741
-3.82968
-3.86385
-3.90302
-3.83487
-3.87896
-3.89776
-3.91893
-3.87249
-3.94436
-3.90456
-3.93662
-3.94917
-3.9947
-3.9832
-3.94861
-3.98634
-4.03192
-3.97069
-4.0601
-4.04346
-4.06589
-4.0367
-4.09341
-4.07758
-4.1044
-4.11445
-4.10291
-4.10012
-4.15368
-4.08118
-4.18495
-4.13625
-4.14174
-4.20169
-4.17847
-4.19537
-4.19053
-4.23983
-4.22156
-4.23915
-4.19251
-4.27416
-4.24392
-4.22393
-4.26497
-4.30997
-4.31763
-4.27867
-4.28428
-4.27776
-4.3465
-4.3072
-4.32649
-4.31473
-4.36179
-4.34931
-4.43641
-4.33923
-4.40384
-4.38884
-4.44011
-4.37422
-4.48732
-4.37266
-4.43465
-4.45876
-4.41158
-4.51554
-4.46639
-4.48413
-4.53769
-4.5287
-4.43973
-4.59896
-4.48246
-4.56552
-4.57124
-4.55408
-4.56411
-4.61173
-4.54583
-4.54925
-4.56901
-4.66941
-4.56306
-4.68615
-4.63547
-4.56761
-4.63388
-4.66459
-4.67754
-4.63372
-4.70323
-4.72507
-4.59966
-4.71047
-4.71872
-4.69711
-4.75038
-4.81957
-4.77404
-4.77233
-4.74282
-4.74731
-4.75232
-4.83374
-4.83189
-4.7332
-4.79019
-4.77054
-4.83264
-4.79938
-4.88896
-4.89083
-4.71629
-4.97925
-4.77447
-4.91475
-4.83018
-4.85972
-4.82895
-4.92978
-4.90512
-4.93975
-4.92381
-4.84513
-4.99472
-4.9519
-5.10572
-4.9221
-5.003
-4.97638
-5.03358
-4.88145
-4.99295
-4.95648
-5.04842
-5.04323
-5.09459
-4.89487
-4.95488
-5.09444
-4.99794
-5.03495
-5.03611
-5.05373
-5.09545
-4.98505
-5.10084
-5.16063
-4.95474
-5.04898
-5.1216
-5.0205
-5.17897
-5.0633
-5.2361
-5.16712
-5.17042
-5.06821
-5.12723
-5.21054
-5.18869
-5.12
-5.25907
-5.11143
-5.22078
-5.16058
-5.17727
-5.2591
-5.15862
-5.21063
-5.26163
-5.32767
-5.18591
-5.29069
-5.30438
-5.29649
-5.10457
-5.27954
-5.29044
-5.34388
-5.33849
-5.27577
-5.28814
-5.34863
-5.33127
-5.31003
-5.32137
-5.36468
-5.26497
-5.3391
-5.40574
-5.41422
-5.29456
-5.34177
-5.38443
-5.3685
-5.41981
-5.34234
-5.38495
-5.36218
-5.37579
-5.47448
-5.43284
-5.46909
-5.40673
-5.37794
-5.48563
-5.46202
-5.46891
-5.42009
-5.52866
-5.55196
-5.47953
-5.50383
-5.41829
-5.43289
-5.42502
-5.51516
-5.55487
-5.54919
-5.47072
-5.53629
-5.39303
-5.52638
-5.54428
-5.55657
-5.38389
-5.47667
-5.60105
-5.56951
-5.5365
-5.62642
-5.47593
-5.67231
-5.58172
-5.54013
-5.60159
-5.53564
-5.61236
-5.6016
-5.57858
-5.62367
-5.62933
-5.60058
-5.65871
-5.56859
-5.60713
-5.57444
-5.6183
-5.63179
-5.6333
-5.65729
-5.59381
-5.66602
-5.63308
-5.74891
-5.60425
-5.65356
-5.56598
-5.69236
-5.58166
-5.58715
-5.68385
