  0.000000000000000E+000  -1324861.87347562     
   1.00000000000000       -1324861.87347562     
   2.00000000000000       -1324861.87347562     
   3.00000000000000       -1324861.87347562     
   4.00000000000000       -1324861.87347563     
   5.00000000000000       -1324861.87347558     
   6.00000000000000       -1324861.87347519     
   7.00000000000000       -1324861.87347257     
   8.00000000000000       -1324861.87346199     
   9.00000000000000       -1324861.87343149     
   10.0000000000000       -1324861.87336132     
   11.0000000000000       -1324861.87322386     
   12.0000000000000       -1324861.87298421     
   13.0000000000000       -1324861.87260070     
   14.0000000000000       -1324861.87202554     
   15.0000000000000       -1324861.87120508     
   16.0000000000000       -1324861.87008053     
   17.0000000000000       -1324861.86858802     
   18.0000000000000       -1324861.86665921     
   19.0000000000000       -1324861.86422226     
   20.0000000000000       -1324861.86120214     
   21.0000000000000       -1324861.85752176     
   22.0000000000000       -1324861.85310272     
   23.0000000000000       -1324861.84786622     
   24.0000000000000       -1324861.84173363     
   25.0000000000000       -1324861.83462750     
   26.0000000000000       -1324861.82647191     
   27.0000000000000       -1324861.81719281     
   28.0000000000000       -1324861.80671909     
   29.0000000000000       -1324861.79498175     
   30.0000000000000       -1324861.78191526     
   31.0000000000000       -1324861.76745704     
   32.0000000000000       -1324861.75154745     
   33.0000000000000       -1324861.73413023     
   34.0000000000000       -1324861.71515257     
   35.0000000000000       -1324861.69456406     
   36.0000000000000       -1324861.67231807     
   37.0000000000000       -1324861.64837018     
   38.0000000000000       -1324861.62267990     
   39.0000000000000       -1324861.59520859     
   40.0000000000000       -1324861.56592075     
   41.0000000000000       -1324861.53478320     
   42.0000000000000       -1324861.50176592     
   43.0000000000000       -1324861.46684029     
   44.0000000000000       -1324861.42998130     
   45.0000000000000       -1324861.39116517     
   46.0000000000000       -1324861.35037067     
   47.0000000000000       -1324861.30757873     
   48.0000000000000       -1324861.26277241     
   49.0000000000000       -1324861.21593660     
   50.0000000000000       -1324861.16705822     
   51.0000000000000       -1324861.11612597     
   52.0000000000000       -1324861.06313048     
   53.0000000000000       -1324861.00806347     
   54.0000000000000       -1324860.95091960     
   55.0000000000000       -1324860.89169408     
   56.0000000000000       -1324860.83038372     
   57.0000000000000       -1324860.76698745     
   58.0000000000000       -1324860.70150537     
   59.0000000000000       -1324860.63393850     
   60.0000000000000       -1324860.56428997     
   61.0000000000000       -1324860.49256330     
   62.0000000000000       -1324860.41876400     
   63.0000000000000       -1324860.34289841     
   64.0000000000000       -1324860.26497374     
   65.0000000000000       -1324860.18499856     
   66.0000000000000       -1324860.10298239     
   67.0000000000000       -1324860.01893554     
   68.0000000000000       -1324859.93286905     
   69.0000000000000       -1324859.84479540     
   70.0000000000000       -1324859.75472692     
   71.0000000000000       -1324859.66267747     
   72.0000000000000       -1324859.56866140     
   73.0000000000000       -1324859.47269339     
   74.0000000000000       -1324859.37478870     
   75.0000000000000       -1324859.27496369     
   76.0000000000000       -1324859.17323416     
   77.0000000000000       -1324859.06961814     
   78.0000000000000       -1324858.96413137     
   79.0000000000000       -1324858.85679336     
   80.0000000000000       -1324858.74762051     
   81.0000000000000       -1324858.63663219     
   82.0000000000000       -1324858.52384648     
   83.0000000000000       -1324858.40928263     
   84.0000000000000       -1324858.29295909     
   85.0000000000000       -1324858.17489573     
   86.0000000000000       -1324858.05511151     
   87.0000000000000       -1324857.93362589     
   88.0000000000000       -1324857.81045874     
   89.0000000000000       -1324857.68562943     
   90.0000000000000       -1324857.55915739     
   91.0000000000000       -1324857.43106299     
   92.0000000000000       -1324857.30136581     
   93.0000000000000       -1324857.17008495     
   94.0000000000000       -1324857.03724079     
   95.0000000000000       -1324856.90285286     
   96.0000000000000       -1324856.76694031     
   97.0000000000000       -1324856.62952328     
   98.0000000000000       -1324856.49062097     
   99.0000000000000       -1324856.35025210     
   100.000000000000       -1324856.20843708     
   101.000000000000       -1324856.06519394     
   102.000000000000       -1324855.92054219     
   103.000000000000       -1324855.77450004     
   104.000000000000       -1324855.62708762     
   105.000000000000       -1324855.47832160     
   106.000000000000       -1324855.32822160     
   107.000000000000       -1324855.17680513     
   108.000000000000       -1324855.02409095     
   109.000000000000       -1324854.87009619     
   110.000000000000       -1324854.71483830     
   111.000000000000       -1324854.55833564     
   112.000000000000       -1324854.40060525     
   113.000000000000       -1324854.24166363     
   114.000000000000       -1324854.08152791     
   115.000000000000       -1324853.92021472     
   116.000000000000       -1324853.75774145     
   117.000000000000       -1324853.59412252     
   118.000000000000       -1324853.42937573     
   119.000000000000       -1324853.26351567     
   120.000000000000       -1324853.09655928     
   121.000000000000       -1324852.92852093     
   122.000000000000       -1324852.75941584     
   123.000000000000       -1324852.58926003     
   124.000000000000       -1324852.41806715     
   125.000000000000       -1324852.24585262     
   126.000000000000       -1324852.07263099     
   127.000000000000       -1324851.89841534     
   128.000000000000       -1324851.72322072     
   129.000000000000       -1324851.54706002     
   130.000000000000       -1324851.36994834     
   131.000000000000       -1324851.19189753     
   132.000000000000       -1324851.01292150     
   133.000000000000       -1324850.83303314     
   134.000000000000       -1324850.65224535     
   135.000000000000       -1324850.47056994     
   136.000000000000       -1324850.28802064     
   137.000000000000       -1324850.10460936     
   138.000000000000       -1324849.92034675     
   139.000000000000       -1324849.73524635     
   140.000000000000       -1324849.54931924     
   141.000000000000       -1324849.36257647     
   142.000000000000       -1324849.17503017     
   143.000000000000       -1324848.98669084     
   144.000000000000       -1324848.79756952     
   145.000000000000       -1324848.60767700     
   146.000000000000       -1324848.41702398     
   147.000000000000       -1324848.22562084     
   148.000000000000       -1324848.03347830     
   149.000000000000       -1324847.84060595     
   150.000000000000       -1324847.64701337     
   151.000000000000       -1324847.45271122     
   152.000000000000       -1324847.25770837     
   153.000000000000       -1324847.06201500     
   154.000000000000       -1324846.86564044     
   155.000000000000       -1324846.66859302     
   156.000000000000       -1324846.47088185     
   157.000000000000       -1324846.27251717     
   158.000000000000       -1324846.07350615     
   159.000000000000       -1324845.87385781     
   160.000000000000       -1324845.67358200     
   161.000000000000       -1324845.47268406     
   162.000000000000       -1324845.27117590     
   163.000000000000       -1324845.06906199     
   164.000000000000       -1324844.86635300     
   165.000000000000       -1324844.66305484     
   166.000000000000       -1324844.45917621     
   167.000000000000       -1324844.25472535     
   168.000000000000       -1324844.04970704     
   169.000000000000       -1324843.84413156     
   170.000000000000       -1324843.63800453     
   171.000000000000       -1324843.43133279     
   172.000000000000       -1324843.22412464     
   173.000000000000       -1324843.01638614     
   174.000000000000       -1324842.80812273     
   175.000000000000       -1324842.59934362     
   176.000000000000       -1324842.39005388     
   177.000000000000       -1324842.18025918     
   178.000000000000       -1324841.96996711     
   179.000000000000       -1324841.75918433     
   180.000000000000       -1324841.54791467     
   181.000000000000       -1324841.33616672     
   182.000000000000       -1324841.12394473     
   183.000000000000       -1324840.91125524     
   184.000000000000       -1324840.69810335     
   185.000000000000       -1324840.48449542     
   186.000000000000       -1324840.27043664     
   187.000000000000       -1324840.05593297     
   188.000000000000       -1324839.84098918     
   189.000000000000       -1324839.62561032     
   190.000000000000       -1324839.40980223     
   191.000000000000       -1324839.19356930     
   192.000000000000       -1324838.97691846     
   193.000000000000       -1324838.75985256     
   194.000000000000       -1324838.54237657     
   195.000000000000       -1324838.32449652     
   196.000000000000       -1324838.10621703     
   197.000000000000       -1324837.88754198     
   198.000000000000       -1324837.66847654     
   199.000000000000       -1324837.44902379     
   200.000000000000       -1324837.22919064     
   201.000000000000       -1324837.00898002     
   202.000000000000       -1324836.78839631     
   203.000000000000       -1324836.56744388     
   204.000000000000       -1324836.34612644     
   205.000000000000       -1324836.12444838     
   206.000000000000       -1324835.90241560     
   207.000000000000       -1324835.68002859     
   208.000000000000       -1324835.45729373     
   209.000000000000       -1324835.23421433     
   210.000000000000       -1324835.01079387     
   211.000000000000       -1324834.78703719     
   212.000000000000       -1324834.56294553     
   213.000000000000       -1324834.33852605     
   214.000000000000       -1324834.11377889     
   215.000000000000       -1324833.88870986     
   216.000000000000       -1324833.66332202     
   217.000000000000       -1324833.43761684     
   218.000000000000       -1324833.21160131     
   219.000000000000       -1324832.98527620     
   220.000000000000       -1324832.75864420     
   221.000000000000       -1324832.53171086     
   222.000000000000       -1324832.30447775     
   223.000000000000       -1324832.07694762     
   224.000000000000       -1324831.84912551     
   225.000000000000       -1324831.62101338     
   226.000000000000       -1324831.39261349     
   227.000000000000       -1324831.16392948     
   228.000000000000       -1324830.93496343     
   229.000000000000       -1324830.70572013     
   230.000000000000       -1324830.47620147     
   231.000000000000       -1324830.24640830     
   232.000000000000       -1324830.01634695     
   233.000000000000       -1324829.78601668     
   234.000000000000       -1324829.55542228     
   235.000000000000       -1324829.32456588     
   236.000000000000       -1324829.09344974     
   237.000000000000       -1324828.86207693     
   238.000000000000       -1324828.63044875     
   239.000000000000       -1324828.39856871     
   240.000000000000       -1324828.16644029     
   241.000000000000       -1324827.93406265     
   242.000000000000       -1324827.70144218     
   243.000000000000       -1324827.46857859     
   244.000000000000       -1324827.23547374     
   245.000000000000       -1324827.00213138     
   246.000000000000       -1324826.76855464     
   247.000000000000       -1324826.53474243     
   248.000000000000       -1324826.30070007     
   249.000000000000       -1324826.06642808     
   250.000000000000       -1324825.83192986     
   251.000000000000       -1324825.59720491     
   252.000000000000       -1324825.36225823     
   253.000000000000       -1324825.12709016     
   254.000000000000       -1324824.89170347     
   255.000000000000       -1324824.65609997     
   256.000000000000       -1324824.42027999     
   257.000000000000       -1324824.18424894     
   258.000000000000       -1324823.94800460     
   259.000000000000       -1324823.71155178     
   260.000000000000       -1324823.47489194     
   261.000000000000       -1324823.23802590     
   262.000000000000       -1324823.00095454     
   263.000000000000       -1324822.76368254     
   264.000000000000       -1324822.52620992     
   265.000000000000       -1324822.28853773     
   266.000000000000       -1324822.05066933     
   267.000000000000       -1324821.81260458     
   268.000000000000       -1324821.57434707     
   269.000000000000       -1324821.33589633     
   270.000000000000       -1324821.09725418     
   271.000000000000       -1324820.85842583     
   272.000000000000       -1324820.61940674     
   273.000000000000       -1324820.38020413     
   274.000000000000       -1324820.14081620     
   275.000000000000       -1324819.90124524     
   276.000000000000       -1324819.66149233     
   277.000000000000       -1324819.42156078     
   278.000000000000       -1324819.18144890     
   279.000000000000       -1324818.94116057     
   280.000000000000       -1324818.70069711     
   281.000000000000       -1324818.46005872     
   282.000000000000       -1324818.21924597     
   283.000000000000       -1324817.97826348     
   284.000000000000       -1324817.73710921     
   285.000000000000       -1324817.49578619     
   286.000000000000       -1324817.25429479     
   287.000000000000       -1324817.01263807     
   288.000000000000       -1324816.77081510     
   289.000000000000       -1324816.52882862     
   290.000000000000       -1324816.28667822     
   291.000000000000       -1324816.04436669     
   292.000000000000       -1324815.80189483     
   293.000000000000       -1324815.55926397     
   294.000000000000       -1324815.31647440     
   295.000000000000       -1324815.07352642     
   296.000000000000       -1324814.83042465     
   297.000000000000       -1324814.58716766     
   298.000000000000       -1324814.34375629     
   299.000000000000       -1324814.10019206     
   300.000000000000       -1324813.85647632     
   301.000000000000       -1324813.61261141     
   302.000000000000       -1324813.36859506     
   303.000000000000       -1324813.12443172     
   304.000000000000       -1324812.88011887     
   305.000000000000       -1324812.63566230     
   306.000000000000       -1324812.39105888     
   307.000000000000       -1324812.14630946     
   308.000000000000       -1324811.90141952     
   309.000000000000       -1324811.65638454     
   310.000000000000       -1324811.41120797     
   311.000000000000       -1324811.16589167     
   312.000000000000       -1324810.92043498     
   313.000000000000       -1324810.67483993     
   314.000000000000       -1324810.42910617     
   315.000000000000       -1324810.18323528     
   316.000000000000       -1324809.93722699     
   317.000000000000       -1324809.69108532     
   318.000000000000       -1324809.44480773     
   319.000000000000       -1324809.19839554     
   320.000000000000       -1324808.95185197     
   321.000000000000       -1324808.70517494     
   322.000000000000       -1324808.45836667     
   323.000000000000       -1324808.21142805     
   324.000000000000       -1324807.96436057     
   325.000000000000       -1324807.71716177     
   326.000000000000       -1324807.46983595     
   327.000000000000       -1324807.22238223     
   328.000000000000       -1324806.97480229     
   329.000000000000       -1324806.72709541     
   330.000000000000       -1324806.47926353     
   331.000000000000       -1324806.23130671     
   332.000000000000       -1324805.98322522     
   333.000000000000       -1324805.73502129     
   334.000000000000       -1324805.48669474     
   335.000000000000       -1324805.23824615     
   336.000000000000       -1324804.98967559     
   337.000000000000       -1324804.74098480     
   338.000000000000       -1324804.49217475     
   339.000000000000       -1324804.24324400     
   340.000000000000       -1324803.99419415     
   341.000000000000       -1324803.74502854     
   342.000000000000       -1324803.49574341     
   343.000000000000       -1324803.24634038     
   344.000000000000       -1324802.99682391     
   345.000000000000       -1324802.74719014     
   346.000000000000       -1324802.49744053     
   347.000000000000       -1324802.24757789     
   348.000000000000       -1324801.99760018     
   349.000000000000       -1324801.74750919     
   350.000000000000       -1324801.49730500     
   351.000000000000       -1324801.24698904     
   352.000000000000       -1324800.99656118     
   353.000000000000       -1324800.74602075     
   354.000000000000       -1324800.49537191     
   355.000000000000       -1324800.24460959     
   356.000000000000       -1324799.99374087     
   357.000000000000       -1324799.74276078     
   358.000000000000       -1324799.49167192     
   359.000000000000       -1324799.24047545     
   360.000000000000       -1324798.98917162     
   361.000000000000       -1324798.73775869     
   362.000000000000       -1324798.48624098     
   363.000000000000       -1324798.23461543     
   364.000000000000       -1324797.98288447     
   365.000000000000       -1324797.73104769     
   366.000000000000       -1324797.47910620     
   367.000000000000       -1324797.22705878     
   368.000000000000       -1324796.97490983     
   369.000000000000       -1324796.72265407     
   370.000000000000       -1324796.47029695     
   371.000000000000       -1324796.21783658     
   372.000000000000       -1324795.96527332     
   373.000000000000       -1324795.71260795     
   374.000000000000       -1324795.45984047     
   375.000000000000       -1324795.20697319     
   376.000000000000       -1324794.95400237     
   377.000000000000       -1324794.70093327     
   378.000000000000       -1324794.44776255     
   379.000000000000       -1324794.19449217     
   380.000000000000       -1324793.94112349     
   381.000000000000       -1324793.68765377     
   382.000000000000       -1324793.43408716     
   383.000000000000       -1324793.18042158     
   384.000000000000       -1324792.92665669     
   385.000000000000       -1324792.67279597     
   386.000000000000       -1324792.41883603     
   387.000000000000       -1324792.16477860     
   388.000000000000       -1324791.91062750     
   389.000000000000       -1324791.65637761     
   390.000000000000       -1324791.40203163     
   391.000000000000       -1324791.14759015     
   392.000000000000       -1324790.89305276     
   393.000000000000       -1324790.63842086     
   394.000000000000       -1324790.38369370     
   395.000000000000       -1324790.12887330     
   396.000000000000       -1324789.87395546     
   397.000000000000       -1324789.61894694     
   398.000000000000       -1324789.36384131     
   399.000000000000       -1324789.10864501     
   400.000000000000       -1324788.85335246     
   401.000000000000       -1324788.59796993     
   402.000000000000       -1324788.34249504     
   403.000000000000       -1324788.08692396     
   404.000000000000       -1324787.83126322     
   405.000000000000       -1324787.57550980     
   406.000000000000       -1324787.31966563     
   407.000000000000       -1324787.06372950     
   408.000000000000       -1324786.80770210     
   409.000000000000       -1324786.55158273     
   410.000000000000       -1324786.29537356     
   411.000000000000       -1324786.03907321     
   412.000000000000       -1324785.78268295     
   413.000000000000       -1324785.52620366     
   414.000000000000       -1324785.26963245     
   415.000000000000       -1324785.01297142     
   416.000000000000       -1324784.75622350     
   417.000000000000       -1324784.49938334     
   418.000000000000       -1324784.24245637     
   419.000000000000       -1324783.98543853     
   420.000000000000       -1324783.72833378     
   421.000000000000       -1324783.47113849     
   422.000000000000       -1324783.21385691     
   423.000000000000       -1324782.95648624     
   424.000000000000       -1324782.69902609     
   425.000000000000       -1324782.44148120     
   426.000000000000       -1324782.18384711     
   427.000000000000       -1324781.92612437     
   428.000000000000       -1324781.66831661     
   429.000000000000       -1324781.41041958     
   430.000000000000       -1324781.15243700     
   431.000000000000       -1324780.89436755     
   432.000000000000       -1324780.63620913     
   433.000000000000       -1324780.37796782     
   434.000000000000       -1324780.11963786     
   435.000000000000       -1324779.86122087     
   436.000000000000       -1324779.60271992     
   437.000000000000       -1324779.34413199     
   438.000000000000       -1324779.08545756     
   439.000000000000       -1324778.82669845     
   440.000000000000       -1324778.56785226     
   441.000000000000       -1324778.30892264     
   442.000000000000       -1324778.04990540     
   443.000000000000       -1324777.79080549     
   444.000000000000       -1324777.53161954     
   445.000000000000       -1324777.27234658     
   446.000000000000       -1324777.01299083     
   447.000000000000       -1324776.75354905     
   448.000000000000       -1324776.49402429     
   449.000000000000       -1324776.23441356     
   450.000000000000       -1324775.97471793     
   451.000000000000       -1324775.71493812     
   452.000000000000       -1324775.45507478     
   453.000000000000       -1324775.19512870     
   454.000000000000       -1324774.93509375     
   455.000000000000       -1324774.67497874     
   456.000000000000       -1324774.41477862     
   457.000000000000       -1324774.15449534     
   458.000000000000       -1324773.89412647     
   459.000000000000       -1324773.63367391     
   460.000000000000       -1324773.37313925     
   461.000000000000       -1324773.11252054     
   462.000000000000       -1324772.85181796     
   463.000000000000       -1324772.59103241     
   464.000000000000       -1324772.33016253     
   465.000000000000       -1324772.06920824     
   466.000000000000       -1324771.80817312     
   467.000000000000       -1324771.54705381     
   468.000000000000       -1324771.28584997     
   469.000000000000       -1324771.02456570     
   470.000000000000       -1324770.76319542     
   471.000000000000       -1324770.50174397     
   472.000000000000       -1324770.24020769     
   473.000000000000       -1324769.97859011     
   474.000000000000       -1324769.71688773     
   475.000000000000       -1324769.45510431     
   476.000000000000       -1324769.19323719     
   477.000000000000       -1324768.93128813     
   478.000000000000       -1324768.66925443     
   479.000000000000       -1324768.40713816     
   480.000000000000       -1324768.14494049     
   481.000000000000       -1324767.88265867     
   482.000000000000       -1324767.62029553     
   483.000000000000       -1324767.35784806     
   484.000000000000       -1324767.09531785     
   485.000000000000       -1324766.83270489     
   486.000000000000       -1324766.57001086     
   487.000000000000       -1324766.30723188     
   488.000000000000       -1324766.04437211     
   489.000000000000       -1324765.78142764     
   490.000000000000       -1324765.51840216     
   491.000000000000       -1324765.25529263     
   492.000000000000       -1324764.99210285     
   493.000000000000       -1324764.72882540     
   494.000000000000       -1324764.46547049     
   495.000000000000       -1324764.20202915     
   496.000000000000       -1324763.93850862     
   497.000000000000       -1324763.67490127     
   498.000000000000       -1324763.41121235     
   499.000000000000       -1324763.14744148     
   500.000000000000       -1324762.88358721     
   501.000000000000       -1324762.61965109     
   502.000000000000       -1324762.35562885     
   503.000000000000       -1324762.09152785     
   504.000000000000       -1324761.82734157     
   505.000000000000       -1324761.56307270     
   506.000000000000       -1324761.29872030     
   507.000000000000       -1324761.03428587     
   508.000000000000       -1324760.76976619     
   509.000000000000       -1324760.50516549     
   510.000000000000       -1324760.24048087     
   511.000000000000       -1324759.97571202     
   512.000000000000       -1324759.71086162     
   513.000000000000       -1324759.44592601     
   514.000000000000       -1324759.18090855     
   515.000000000000       -1324758.91580747     
   516.000000000000       -1324758.65062170     
   517.000000000000       -1324758.38535495     
   518.000000000000       -1324758.12000000     
   519.000000000000       -1324757.85456574     
   520.000000000000       -1324757.58904452     
   521.000000000000       -1324757.32344139     
   522.000000000000       -1324757.05775424     
   523.000000000000       -1324756.79198433     
   524.000000000000       -1324756.52612576     
   525.000000000000       -1324756.26018708     
   526.000000000000       -1324755.99416407     
   527.000000000000       -1324755.72805663     
   528.000000000000       -1324755.46186267     
   529.000000000000       -1324755.19558624     
   530.000000000000       -1324754.92922588     
   531.000000000000       -1324754.66277897     
   532.000000000000       -1324754.39624671     
   533.000000000000       -1324754.12963390     
   534.000000000000       -1324753.86293195     
   535.000000000000       -1324753.59614762     
   536.000000000000       -1324753.32927763     
   537.000000000000       -1324753.06232201     
   538.000000000000       -1324752.79528182     
   539.000000000000       -1324752.52815345     
   540.000000000000       -1324752.26094421     
   541.000000000000       -1324751.99364783     
   542.000000000000       -1324751.72626394     
   543.000000000000       -1324751.45879620     
   544.000000000000       -1324751.19124194     
   545.000000000000       -1324750.92360103     
   546.000000000000       -1324750.65587506     
   547.000000000000       -1324750.38806352     
   548.000000000000       -1324750.12016406     
   549.000000000000       -1324749.85218045     
   550.000000000000       -1324749.58410663     
   551.000000000000       -1324749.31595033     
   552.000000000000       -1324749.04770353     
   553.000000000000       -1324748.77937088     
   554.000000000000       -1324748.51095280     
   555.000000000000       -1324748.24244715     
   556.000000000000       -1324747.97385353     
   557.000000000000       -1324747.70517261     
   558.000000000000       -1324747.43640386     
   559.000000000000       -1324747.16754702     
   560.000000000000       -1324746.89860220     
   561.000000000000       -1324746.62957106     
   562.000000000000       -1324746.36045150     
   563.000000000000       -1324746.09124190     
   564.000000000000       -1324745.82194679     
   565.000000000000       -1324745.55256009     
   566.000000000000       -1324745.28308645     
   567.000000000000       -1324745.01352251     
   568.000000000000       -1324744.74387295     
   569.000000000000       -1324744.47412935     
   570.000000000000       -1324744.20430074     
   571.000000000000       -1324743.93438092     
   572.000000000000       -1324743.66437032     
   573.000000000000       -1324743.39427159     
   574.000000000000       -1324743.12408289     
   575.000000000000       -1324742.85380167     
   576.000000000000       -1324742.58343408     
   577.000000000000       -1324742.31297447     
   578.000000000000       -1324742.04242282     
   579.000000000000       -1324741.77178057     
   580.000000000000       -1324741.50105091     
   581.000000000000       -1324741.23022572     
   582.000000000000       -1324740.95931154     
   583.000000000000       -1324740.68830412     
   584.000000000000       -1324740.41720774     
   585.000000000000       -1324740.14601878     
   586.000000000000       -1324739.87473567     
   587.000000000000       -1324739.60336048     
   588.000000000000       -1324739.33189626     
   589.000000000000       -1324739.06033718     
   590.000000000000       -1324738.78868502     
   591.000000000000       -1324738.51694008     
   592.000000000000       -1324738.24510470     
   593.000000000000       -1324737.97317063     
   594.000000000000       -1324737.70114793     
   595.000000000000       -1324737.42902720     
   596.000000000000       -1324737.15681685     
   597.000000000000       -1324736.88451050     
   598.000000000000       -1324736.61210865     
   599.000000000000       -1324736.33961476     
   600.000000000000       -1324736.06702249     
   601.000000000000       -1324735.79433767     
   602.000000000000       -1324735.52155869     
   603.000000000000       -1324735.24868228     
   604.000000000000       -1324734.97571017     
   605.000000000000       -1324734.70264370     
   606.000000000000       -1324734.42948194     
   607.000000000000       -1324734.15622127     
   608.000000000000       -1324733.88286370     
   609.000000000000       -1324733.60941337     
   610.000000000000       -1324733.33586380     
   611.000000000000       -1324733.06221472     
   612.000000000000       -1324732.78847169     
   613.000000000000       -1324732.51463074     
   614.000000000000       -1324732.24069130     
   615.000000000000       -1324731.96665165     
   616.000000000000       -1324731.69251664     
   617.000000000000       -1324731.41828268     
   618.000000000000       -1324731.14394760     
   619.000000000000       -1324730.86951739     
   620.000000000000       -1324730.59498397     
   621.000000000000       -1324730.32035321     
   622.000000000000       -1324730.04562144     
   623.000000000000       -1324729.77079121     
   624.000000000000       -1324729.49585726     
   625.000000000000       -1324729.22082764     
   626.000000000000       -1324728.94569589     
   627.000000000000       -1324728.67046003     
   628.000000000000       -1324728.39512596     
   629.000000000000       -1324728.11968979     
   630.000000000000       -1324727.84415039     
   631.000000000000       -1324727.56850914     
   632.000000000000       -1324727.29276636     
   633.000000000000       -1324727.01692149     
   634.000000000000       -1324726.74097281     
   635.000000000000       -1324726.46492282     
   636.000000000000       -1324726.18876743     
   637.000000000000       -1324725.91250617     
   638.000000000000       -1324725.63614514     
   639.000000000000       -1324725.35968018     
   640.000000000000       -1324725.08310608     
   641.000000000000       -1324724.80643160     
   642.000000000000       -1324724.52964793     
   643.000000000000       -1324724.25276206     
   644.000000000000       -1324723.97576932     
   645.000000000000       -1324723.69867253     
   646.000000000000       -1324723.42146729     
   647.000000000000       -1324723.14415400     
   648.000000000000       -1324722.86673878     
   649.000000000000       -1324722.58921162     
   650.000000000000       -1324722.31157879     
   651.000000000000       -1324722.03383931     
   652.000000000000       -1324721.75599267     
   653.000000000000       -1324721.47803286     
   654.000000000000       -1324721.19996829     
   655.000000000000       -1324720.92179447     
   656.000000000000       -1324720.64350946     
   657.000000000000       -1324720.36511698     
   658.000000000000       -1324720.08661523     
   659.000000000000       -1324719.80799937     
   660.000000000000       -1324719.52927768     
   661.000000000000       -1324719.25044069     
   662.000000000000       -1324718.97149534     
   663.000000000000       -1324718.69244025     
   664.000000000000       -1324718.41326681     
   665.000000000000       -1324718.13398752     
   666.000000000000       -1324717.85459451     
   667.000000000000       -1324717.57508823     
   668.000000000000       -1324717.29546572     
   669.000000000000       -1324717.01573257     
   670.000000000000       -1324716.73588766     
   671.000000000000       -1324716.45592474     
   672.000000000000       -1324716.17584893     
   673.000000000000       -1324715.89565800     
   674.000000000000       -1324715.61535348     
   675.000000000000       -1324715.33492937     
   676.000000000000       -1324715.05439456     
   677.000000000000       -1324714.77373926     
   678.000000000000       -1324714.49297158     
   679.000000000000       -1324714.21208249     
   680.000000000000       -1324713.93107806     
   681.000000000000       -1324713.64995616     
   682.000000000000       -1324713.36871513     
   683.000000000000       -1324713.08735615     
   684.000000000000       -1324712.80588104     
   685.000000000000       -1324712.52428255     
   686.000000000000       -1324712.24256725     
   687.000000000000       -1324711.96073123     
   688.000000000000       -1324711.67877485     
   689.000000000000       -1324711.39669798     
   690.000000000000       -1324711.11450020     
   691.000000000000       -1324710.83218058     
   692.000000000000       -1324710.54973914     
   693.000000000000       -1324710.26717832     
   694.000000000000       -1324709.98449090     
   695.000000000000       -1324709.70168253     
   696.000000000000       -1324709.41875179     
   697.000000000000       -1324709.13569316     
   698.000000000000       -1324708.85251605     
   699.000000000000       -1324708.56921105     
   700.000000000000       -1324708.28578123     
   701.000000000000       -1324708.00222659     
   702.000000000000       -1324707.71854516     
   703.000000000000       -1324707.43474033     
   704.000000000000       -1324707.15080686     
   705.000000000000       -1324706.86674652     
   706.000000000000       -1324706.58255828     
   707.000000000000       -1324706.29824474     
   708.000000000000       -1324706.01380042     
   709.000000000000       -1324705.72922940     
   710.000000000000       -1324705.44452634     
   711.000000000000       -1324705.15969714     
   712.000000000000       -1324704.87473875     
   713.000000000000       -1324704.58964365     
   714.000000000000       -1324704.30442422     
   715.000000000000       -1324704.01907091     
   716.000000000000       -1324703.73358746     
   717.000000000000       -1324703.44797080     
   718.000000000000       -1324703.16222117     
   719.000000000000       -1324702.87633898     
   720.000000000000       -1324702.59032161     
   721.000000000000       -1324702.30417417     
   722.000000000000       -1324702.01789302     
   723.000000000000       -1324701.73147117     
   724.000000000000       -1324701.44491741     
   725.000000000000       -1324701.15822977     
   726.000000000000       -1324700.87140357     
   727.000000000000       -1324700.58444309     
   728.000000000000       -1324700.29734039     
   729.000000000000       -1324700.01010686     
   730.000000000000       -1324699.72273118     
   731.000000000000       -1324699.43521742     
   732.000000000000       -1324699.14756563     
   733.000000000000       -1324698.85977257     
   734.000000000000       -1324698.57184285     
   735.000000000000       -1324698.28377001     
   736.000000000000       -1324697.99555798     
   737.000000000000       -1324697.70720315     
   738.000000000000       -1324697.41870689     
   739.000000000000       -1324697.13006868     
   740.000000000000       -1324696.84128782     
   741.000000000000       -1324696.55236275     
   742.000000000000       -1324696.26329481     
   743.000000000000       -1324695.97408139     
   744.000000000000       -1324695.68472298     
   745.000000000000       -1324695.39521955     
   746.000000000000       -1324695.10557401     
   747.000000000000       -1324694.81577625     
   748.000000000000       -1324694.52583229     
   749.000000000000       -1324694.23574524     
   750.000000000000       -1324693.94550579     
   751.000000000000       -1324693.65511964     
   752.000000000000       -1324693.36458517     
   753.000000000000       -1324693.07390002     
   754.000000000000       -1324692.78306484     
   755.000000000000       -1324692.49208217     
   756.000000000000       -1324692.20094370     
   757.000000000000       -1324691.90965653     
   758.000000000000       -1324691.61821266     
   759.000000000000       -1324691.32662257     
   760.000000000000       -1324691.03487612     
   761.000000000000       -1324690.74297569     
   762.000000000000       -1324690.45091991     
   763.000000000000       -1324690.15871224     
   764.000000000000       -1324689.86634352     
   765.000000000000       -1324689.57382446     
   766.000000000000       -1324689.28114569     
   767.000000000000       -1324688.98831210     
   768.000000000000       -1324688.69531640     
   769.000000000000       -1324688.40216723     
   770.000000000000       -1324688.10885837     
   771.000000000000       -1324687.81538574     
   772.000000000000       -1324687.52175511     
   773.000000000000       -1324687.22796454     
   774.000000000000       -1324686.93401407     
   775.000000000000       -1324686.63989922     
   776.000000000000       -1324686.34562506     
   777.000000000000       -1324686.05118348     
   778.000000000000       -1324685.75658246     
   779.000000000000       -1324685.46181295     
   780.000000000000       -1324685.16688112     
   781.000000000000       -1324684.87178499     
   782.000000000000       -1324684.57652019     
   783.000000000000       -1324684.28109036     
   784.000000000000       -1324683.98549203     
   785.000000000000       -1324683.68972573     
   786.000000000000       -1324683.39379255     
   787.000000000000       -1324683.09768607     
   788.000000000000       -1324682.80141817     
   789.000000000000       -1324682.50496976     
   790.000000000000       -1324682.20835659     
   791.000000000000       -1324681.91157074     
   792.000000000000       -1324681.61461253     
   793.000000000000       -1324681.31747989     
   794.000000000000       -1324681.02017260     
   795.000000000000       -1324680.72269468     
   796.000000000000       -1324680.42503831     
   797.000000000000       -1324680.12720787     
   798.000000000000       -1324679.82920331     
   799.000000000000       -1324679.53101677     
   800.000000000000       -1324679.23265823     
   801.000000000000       -1324678.93411625     
   802.000000000000       -1324678.63539823     
   803.000000000000       -1324678.33650223     
   804.000000000000       -1324678.03742181     
   805.000000000000       -1324677.73816212     
   806.000000000000       -1324677.43872139     
   807.000000000000       -1324677.13909729     
   808.000000000000       -1324676.83929197     
   809.000000000000       -1324676.53929970     
   810.000000000000       -1324676.23912583     
   811.000000000000       -1324675.93876385     
   812.000000000000       -1324675.63821987     
   813.000000000000       -1324675.33748719     
   814.000000000000       -1324675.03656682     
   815.000000000000       -1324674.73545825     
   816.000000000000       -1324674.43416383     
   817.000000000000       -1324674.13267661     
   818.000000000000       -1324673.83099797     
   819.000000000000       -1324673.52913557     
   820.000000000000       -1324673.22707158     
   821.000000000000       -1324672.92482339     
   822.000000000000       -1324672.62238017     
   823.000000000000       -1324672.31973814     
   824.000000000000       -1324672.01690613     
   825.000000000000       -1324671.71387921     
   826.000000000000       -1324671.41065473     
   827.000000000000       -1324671.10723253     
   828.000000000000       -1324670.80361416     
   829.000000000000       -1324670.49979811     
   830.000000000000       -1324670.19577920     
   831.000000000000       -1324669.89156575     
   832.000000000000       -1324669.58714579     
   833.000000000000       -1324669.28252647     
   834.000000000000       -1324668.97770550     
   835.000000000000       -1324668.67268132     
   836.000000000000       -1324668.36745393     
   837.000000000000       -1324668.06202372     
   838.000000000000       -1324667.75637998     
   839.000000000000       -1324667.45053985     
   840.000000000000       -1324667.14448614     
   841.000000000000       -1324666.83822646     
   842.000000000000       -1324666.53175687     
   843.000000000000       -1324666.22508069     
   844.000000000000       -1324665.91819102     
   845.000000000000       -1324665.61109373     
   846.000000000000       -1324665.30378191     
   847.000000000000       -1324664.99625512     
   848.000000000000       -1324664.68851884     
   849.000000000000       -1324664.38056713     
   850.000000000000       -1324664.07239695     
   851.000000000000       -1324663.76401421     
   852.000000000000       -1324663.45541013     
   853.000000000000       -1324663.14659379     
   854.000000000000       -1324662.83755658     
   855.000000000000       -1324662.52829468     
   856.000000000000       -1324662.21882194     
   857.000000000000       -1324661.90911798     
   858.000000000000       -1324661.59919789     
   859.000000000000       -1324661.28905140     
   860.000000000000       -1324660.97868303     
   861.000000000000       -1324660.66808671     
   862.000000000000       -1324660.35726896     
   863.000000000000       -1324660.04622147     
   864.000000000000       -1324659.73494756     
   865.000000000000       -1324659.42344331     
   866.000000000000       -1324659.11171105     
   867.000000000000       -1324658.79974926     
   868.000000000000       -1324658.48755361     
   869.000000000000       -1324658.17512660     
   870.000000000000       -1324657.86246935     
   871.000000000000       -1324657.54957183     
   872.000000000000       -1324657.23644565     
   873.000000000000       -1324656.92308098     
   874.000000000000       -1324656.60947870     
   875.000000000000       -1324656.29563929     
   876.000000000000       -1324655.98156242     
   877.000000000000       -1324655.66724368     
   878.000000000000       -1324655.35268252     
   879.000000000000       -1324655.03788329     
   880.000000000000       -1324654.72284238     
   881.000000000000       -1324654.40755186     
   882.000000000000       -1324654.09202223     
   883.000000000000       -1324653.77624596     
   884.000000000000       -1324653.46021754     
   885.000000000000       -1324653.14395204     
   886.000000000000       -1324652.82742707     
   887.000000000000       -1324652.51065954     
   888.000000000000       -1324652.19363982     
   889.000000000000       -1324651.87636751     
   890.000000000000       -1324651.55883934     
   891.000000000000       -1324651.24106630     
   892.000000000000       -1324650.92303040     
   893.000000000000       -1324650.60474099     
   894.000000000000       -1324650.28619829     
   895.000000000000       -1324649.96739255     
   896.000000000000       -1324649.64833231     
   897.000000000000       -1324649.32900674     
   898.000000000000       -1324649.00942503     
   899.000000000000       -1324648.68958239     
   900.000000000000       -1324648.36947064     
   901.000000000000       -1324648.04909943     
   902.000000000000       -1324647.72846517     
   903.000000000000       -1324647.40755612     
   904.000000000000       -1324647.08638570     
   905.000000000000       -1324646.76494968     
   906.000000000000       -1324646.44323691     
   907.000000000000       -1324646.12125682     
   908.000000000000       -1324645.79900603     
   909.000000000000       -1324645.47647923     
   910.000000000000       -1324645.15368166     
   911.000000000000       -1324644.83060844     
   912.000000000000       -1324644.50725549     
   913.000000000000       -1324644.18363211     
   914.000000000000       -1324643.85972254     
   915.000000000000       -1324643.53553927     
   916.000000000000       -1324643.21106800     
   917.000000000000       -1324642.88632380     
   918.000000000000       -1324642.56129212     
   919.000000000000       -1324642.23597224     
   920.000000000000       -1324641.91037352     
   921.000000000000       -1324641.58448583     
   922.000000000000       -1324641.25831125     
   923.000000000000       -1324640.93184456     
   924.000000000000       -1324640.60508760     
   925.000000000000       -1324640.27804612     
   926.000000000000       -1324639.95070304     
   927.000000000000       -1324639.62307161     
   928.000000000000       -1324639.29514659     
   929.000000000000       -1324638.96692053     
   930.000000000000       -1324638.63840092     
   931.000000000000       -1324638.30957857     
   932.000000000000       -1324637.98046095     
   933.000000000000       -1324637.65103908     
   934.000000000000       -1324637.32131741     
   935.000000000000       -1324636.99129127     
   936.000000000000       -1324636.66096142     
   937.000000000000       -1324636.33032164     
   938.000000000000       -1324635.99937727     
   939.000000000000       -1324635.66812796     
   940.000000000000       -1324635.33655962     
   941.000000000000       -1324635.00469047     
   942.000000000000       -1324634.67249829     
   943.000000000000       -1324634.34000200     
   944.000000000000       -1324634.00718721     
   945.000000000000       -1324633.67405422     
   946.000000000000       -1324633.34060618     
   947.000000000000       -1324633.00683567     
   948.000000000000       -1324632.67274939     
   949.000000000000       -1324632.33834034     
   950.000000000000       -1324632.00360638     
   951.000000000000       -1324631.66854668     
   952.000000000000       -1324631.33316661     
   953.000000000000       -1324630.99745694     
   954.000000000000       -1324630.66142214     
   955.000000000000       -1324630.32505051     
   956.000000000000       -1324629.98835430     
   957.000000000000       -1324629.65132245     
   958.000000000000       -1324629.31395811     
   959.000000000000       -1324628.97625842     
   960.000000000000       -1324628.63822319     
   961.000000000000       -1324628.29984978     
   962.000000000000       -1324627.96113375     
   963.000000000000       -1324627.62208317     
   964.000000000000       -1324627.28268463     
   965.000000000000       -1324626.94294555     
   966.000000000000       -1324626.60286326     
   967.000000000000       -1324626.26243192     
   968.000000000000       -1324625.92165019     
   969.000000000000       -1324625.58052552     
   970.000000000000       -1324625.23904281     
   971.000000000000       -1324624.89721650     
   972.000000000000       -1324624.55503191     
   973.000000000000       -1324624.21248903     
   974.000000000000       -1324623.86959578     
   975.000000000000       -1324623.52633879     
   976.000000000000       -1324623.18272733     
   977.000000000000       -1324622.83875186     
   978.000000000000       -1324622.49441577     
   979.000000000000       -1324622.14971380     
   980.000000000000       -1324621.80464912     
   981.000000000000       -1324621.45920961     
   982.000000000000       -1324621.11341395     
   983.000000000000       -1324620.76723951     
   984.000000000000       -1324620.42069493     
   985.000000000000       -1324620.07377879     
   986.000000000000       -1324619.72648418     
   987.000000000000       -1324619.37882046     
   988.000000000000       -1324619.03077105     
   989.000000000000       -1324618.68234691     
   990.000000000000       -1324618.33354411     
   991.000000000000       -1324617.98435128     
   992.000000000000       -1324617.63477942     
   993.000000000000       -1324617.28482387     
   994.000000000000       -1324616.93447439     
   995.000000000000       -1324616.58374362     
   996.000000000000       -1324616.23261274     
   997.000000000000       -1324615.88110114     
   998.000000000000       -1324615.52918601     
   999.000000000000       -1324615.17688190     
   1000.00000000000       -1324614.82417988     
   1001.00000000000       -1324614.47107241     
   1002.00000000000       -1324614.11757665     
   1003.00000000000       -1324613.76366569     
   1004.00000000000       -1324613.40936206     
   1005.00000000000       -1324613.05464768     
   1006.00000000000       -1324612.69952852     
   1007.00000000000       -1324612.34399698     
   1008.00000000000       -1324611.98805880     
   1009.00000000000       -1324611.63170756     
   1010.00000000000       -1324611.27494358     
   1011.00000000000       -1324610.91775807     
   1012.00000000000       -1324610.56016617     
   1013.00000000000       -1324610.20214612     
   1014.00000000000       -1324609.84370956     
   1015.00000000000       -1324609.48485163     
   1016.00000000000       -1324609.12556868     
   1017.00000000000       -1324608.76585723     
   1018.00000000000       -1324608.40572093     
   1019.00000000000       -1324608.04515112     
   1020.00000000000       -1324607.68415855     
   1021.00000000000       -1324607.32272455     
   1022.00000000000       -1324606.96085943     
   1023.00000000000       -1324606.59855969     
   1024.00000000000       -1324606.23581876     
   1025.00000000000       -1324605.87263669     
   1026.00000000000       -1324605.50901404     
   1027.00000000000       -1324605.14495207     
   1028.00000000000       -1324604.78043889     
   1029.00000000000       -1324604.41547960     
   1030.00000000000       -1324604.05007616     
   1031.00000000000       -1324603.68421402     
   1032.00000000000       -1324603.31789945     
   1033.00000000000       -1324602.95113539     
   1034.00000000000       -1324602.58391228     
   1035.00000000000       -1324602.21623401     
   1036.00000000000       -1324601.84809026     
   1037.00000000000       -1324601.47948347     
   1038.00000000000       -1324601.11041876     
   1039.00000000000       -1324600.74088070     
   1040.00000000000       -1324600.37087873     
   1041.00000000000       -1324600.00041193     
   1042.00000000000       -1324599.62946215     
   1043.00000000000       -1324599.25804539     
   1044.00000000000       -1324598.88615490     
   1045.00000000000       -1324598.51378291     
   1046.00000000000       -1324598.14093234     
   1047.00000000000       -1324597.76760126     
   1048.00000000000       -1324597.39378529     
   1049.00000000000       -1324597.01948759     
   1050.00000000000       -1324596.64469548     
   1051.00000000000       -1324596.26942164     
   1052.00000000000       -1324595.89365092     
   1053.00000000000       -1324595.51739358     
   1054.00000000000       -1324595.14063222     
   1055.00000000000       -1324594.76337759     
   1056.00000000000       -1324594.38562625     
   1057.00000000000       -1324594.00737106     
   1058.00000000000       -1324593.62860828     
   1059.00000000000       -1324593.24935144     
   1060.00000000000       -1324592.86957537     
   1061.00000000000       -1324592.48929679     
   1062.00000000000       -1324592.10850359     
   1063.00000000000       -1324591.72719570     
   1064.00000000000       -1324591.34537606     
   1065.00000000000       -1324590.96303745     
   1066.00000000000       -1324590.58017832     
   1067.00000000000       -1324590.19679290     
   1068.00000000000       -1324589.81289332     
   1069.00000000000       -1324589.42845763     
   1070.00000000000       -1324589.04350096     
   1071.00000000000       -1324588.65801203     
   1072.00000000000       -1324588.27198827     
   1073.00000000000       -1324587.88543236     
   1074.00000000000       -1324587.49834073     
   1075.00000000000       -1324587.11070429     
   1076.00000000000       -1324586.72253348     
   1077.00000000000       -1324586.33382045     
   1078.00000000000       -1324585.94455182     
   1079.00000000000       -1324585.55474957     
   1080.00000000000       -1324585.16438500     
   1081.00000000000       -1324584.77347961     
   1082.00000000000       -1324584.38200915     
   1083.00000000000       -1324583.98999165     
   1084.00000000000       -1324583.59741616     
   1085.00000000000       -1324583.20426896     
   1086.00000000000       -1324582.81057238     
   1087.00000000000       -1324582.41630233     
   1088.00000000000       -1324582.02147004     
   1089.00000000000       -1324581.62606301     
   1090.00000000000       -1324581.23008717     
   1091.00000000000       -1324580.83353834     
   1092.00000000000       -1324580.43641284     
   1093.00000000000       -1324580.03870545     
   1094.00000000000       -1324579.64042492     
   1095.00000000000       -1324579.24155458     
   1096.00000000000       -1324578.84209885     
   1097.00000000000       -1324578.44206295     
   1098.00000000000       -1324578.04142962     
   1099.00000000000       -1324577.64020535     
   1100.00000000000       -1324577.23839254     
   1101.00000000000       -1324576.83597618     
   1102.00000000000       -1324576.43296123     
   1103.00000000000       -1324576.02935316     
   1104.00000000000       -1324575.62512819     
   1105.00000000000       -1324575.22031285     
   1106.00000000000       -1324574.81487407     
   1107.00000000000       -1324574.40883585     
   1108.00000000000       -1324574.00217740     
   1109.00000000000       -1324573.59490910     
   1110.00000000000       -1324573.18702096     
   1111.00000000000       -1324572.77851329     
   1112.00000000000       -1324572.36938307     
   1113.00000000000       -1324571.95962310     
   1114.00000000000       -1324571.54924689     
   1115.00000000000       -1324571.13822964     
   1116.00000000000       -1324570.72659135     
   1117.00000000000       -1324570.31431053     
   1118.00000000000       -1324569.90139605     
   1119.00000000000       -1324569.48784509     
   1120.00000000000       -1324569.07364675     
   1121.00000000000       -1324568.65881098     
   1122.00000000000       -1324568.24332372     
   1123.00000000000       -1324567.82719256     
   1124.00000000000       -1324567.41040134     
   1125.00000000000       -1324566.99296890     
   1126.00000000000       -1324566.57487538     
   1127.00000000000       -1324566.15612314     
   1128.00000000000       -1324565.73670303     
   1129.00000000000       -1324565.31663368     
   1130.00000000000       -1324564.89588858     
   1131.00000000000       -1324564.47448062     
   1132.00000000000       -1324564.05239768     
   1133.00000000000       -1324563.62964083     
   1134.00000000000       -1324563.20621242     
   1135.00000000000       -1324562.78210613     
   1136.00000000000       -1324562.35731957     
   1137.00000000000       -1324561.93184293     
   1138.00000000000       -1324561.50569156     
   1139.00000000000       -1324561.07884557     
   1140.00000000000       -1324560.65131131     
   1141.00000000000       -1324560.22308025     
   1142.00000000000       -1324559.79416353     
   1143.00000000000       -1324559.36453853     
   1144.00000000000       -1324558.93421505     
   1145.00000000000       -1324558.50319279     
   1146.00000000000       -1324558.07146318     
   1147.00000000000       -1324557.63902326     
   1148.00000000000       -1324557.20587965     
   1149.00000000000       -1324556.77201387     
   1150.00000000000       -1324556.33743789     
   1151.00000000000       -1324555.90214632     
   1152.00000000000       -1324555.46613188     
   1153.00000000000       -1324555.02939100     
   1154.00000000000       -1324554.59192980     
   1155.00000000000       -1324554.15373614     
   1156.00000000000       -1324553.71481129     
   1157.00000000000       -1324553.27515894     
   1158.00000000000       -1324552.83476906     
   1159.00000000000       -1324552.39363618     
   1160.00000000000       -1324551.95176886     
   1161.00000000000       -1324551.50915594     
   1162.00000000000       -1324551.06579356     
   1163.00000000000       -1324550.62168947     
   1164.00000000000       -1324550.17682897     
   1165.00000000000       -1324549.73121385     
   1166.00000000000       -1324549.28484755     
   1167.00000000000       -1324548.83771994     
   1168.00000000000       -1324548.38983551     
   1169.00000000000       -1324547.94118276     
   1170.00000000000       -1324547.49176430     
   1171.00000000000       -1324547.04157402     
   1172.00000000000       -1324546.59061862     
   1173.00000000000       -1324546.13888900     
   1174.00000000000       -1324545.68637711     
   1175.00000000000       -1324545.23308720     
   1176.00000000000       -1324544.77902107     
   1177.00000000000       -1324544.32417202     
   1178.00000000000       -1324543.86852376     
   1179.00000000000       -1324543.41210357     
   1180.00000000000       -1324542.95487730     
   1181.00000000000       -1324542.49686210     
   1182.00000000000       -1324542.03805482     
   1183.00000000000       -1324541.57843495     
   1184.00000000000       -1324541.11802713     
   1185.00000000000       -1324540.65680916     
   1186.00000000000       -1324540.19478532     
   1187.00000000000       -1324539.73194882     
   1188.00000000000       -1324539.26830364     
   1189.00000000000       -1324538.80384023     
   1190.00000000000       -1324538.33855981     
   1191.00000000000       -1324537.87246665     
   1192.00000000000       -1324537.40554367     
   1193.00000000000       -1324536.93779820     
   1194.00000000000       -1324536.46922756     
   1195.00000000000       -1324535.99982409     
   1196.00000000000       -1324535.52958369     
   1197.00000000000       -1324535.05852346     
   1198.00000000000       -1324534.58660868     
   1199.00000000000       -1324534.11386452     
   1200.00000000000       -1324533.64027490     
   1201.00000000000       -1324533.16584074     
   1202.00000000000       -1324532.69056157     
   1203.00000000000       -1324532.21442406     
   1204.00000000000       -1324531.73744675     
   1205.00000000000       -1324531.25960565     
   1206.00000000000       -1324530.78090362     
   1207.00000000000       -1324530.30135646     
   1208.00000000000       -1324529.82093083     
   1209.00000000000       -1324529.33965265     
   1210.00000000000       -1324528.85749978     
   1211.00000000000       -1324528.37448016     
   1212.00000000000       -1324527.89058964     
   1213.00000000000       -1324527.40582376     
   1214.00000000000       -1324526.92017468     
   1215.00000000000       -1324526.43365716     
   1216.00000000000       -1324525.94624721     
   1217.00000000000       -1324525.45796415     
   1218.00000000000       -1324524.96878082     
   1219.00000000000       -1324524.47872394     
   1220.00000000000       -1324523.98776007     
   1221.00000000000       -1324523.49591851     
   1222.00000000000       -1324523.00316294     
   1223.00000000000       -1324522.50952695     
   1224.00000000000       -1324522.01497160     
   1225.00000000000       -1324521.51953053     
   1226.00000000000       -1324521.02316987     
   1227.00000000000       -1324520.52591161     
   1228.00000000000       -1324520.02773382     
   1229.00000000000       -1324519.52865195     
   1230.00000000000       -1324519.02864401     
   1231.00000000000       -1324518.52773237     
   1232.00000000000       -1324518.02589298     
   1233.00000000000       -1324517.52313247     
   1234.00000000000       -1324517.01945545     
   1235.00000000000       -1324516.51483784     
   1236.00000000000       -1324516.00929975     
   1237.00000000000       -1324515.50283403     
   1238.00000000000       -1324514.99542976     
   1239.00000000000       -1324514.48709271     
   1240.00000000000       -1324513.97781974     
   1241.00000000000       -1324513.46760305     
   1242.00000000000       -1324512.95644643     
   1243.00000000000       -1324512.44434786     
   1244.00000000000       -1324511.93129896     
   1245.00000000000       -1324511.41730639     
   1246.00000000000       -1324510.90235627     
   1247.00000000000       -1324510.38646396     
   1248.00000000000       -1324509.86960596     
   1249.00000000000       -1324509.35179882     
   1250.00000000000       -1324508.83303588     
   1251.00000000000       -1324508.31329939     
   1252.00000000000       -1324507.79261291     
   1253.00000000000       -1324507.27095374     
   1254.00000000000       -1324506.74832477     
   1255.00000000000       -1324506.22473914     
   1256.00000000000       -1324505.70017232     
   1257.00000000000       -1324505.17463570     
   1258.00000000000       -1324504.64812809     
   1259.00000000000       -1324504.12063545     
   1260.00000000000       -1324503.59216947     
   1261.00000000000       -1324503.06272400     
   1262.00000000000       -1324502.53228963     
   1263.00000000000       -1324502.00087752     
   1264.00000000000       -1324501.46848029     
   1265.00000000000       -1324500.93508765     
   1266.00000000000       -1324500.40070841     
   1267.00000000000       -1324499.86534020     
   1268.00000000000       -1324499.32897416     
   1269.00000000000       -1324498.79161470     
   1270.00000000000       -1324498.25325411     
   1271.00000000000       -1324497.71390629     
   1272.00000000000       -1324497.17354725     
   1273.00000000000       -1324496.63218793     
   1274.00000000000       -1324496.08982978     
   1275.00000000000       -1324495.54646212     
   1276.00000000000       -1324495.00208760     
   1277.00000000000       -1324494.45669995     
   1278.00000000000       -1324493.91031491     
   1279.00000000000       -1324493.36290094     
   1280.00000000000       -1324492.81449045     
   1281.00000000000       -1324492.26505543     
   1282.00000000000       -1324491.71460271     
   1283.00000000000       -1324491.16313584     
   1284.00000000000       -1324490.61065241     
   1285.00000000000       -1324490.05714016     
   1286.00000000000       -1324489.50261461     
   1287.00000000000       -1324488.94705838     
   1288.00000000000       -1324488.39047623     
   1289.00000000000       -1324487.83287625     
   1290.00000000000       -1324487.27423920     
   1291.00000000000       -1324486.71457978     
   1292.00000000000       -1324486.15388534     
   1293.00000000000       -1324485.59216398     
   1294.00000000000       -1324485.02940546     
   1295.00000000000       -1324484.46561727     
   1296.00000000000       -1324483.90079185     
   1297.00000000000       -1324483.33493343     
   1298.00000000000       -1324482.76803019     
   1299.00000000000       -1324482.20009420     
   1300.00000000000       -1324481.63111910     
   1301.00000000000       -1324481.06109306     
   1302.00000000000       -1324480.49004028     
   1303.00000000000       -1324479.91794167     
   1304.00000000000       -1324479.34478750     
   1305.00000000000       -1324478.77060688     
   1306.00000000000       -1324478.19536610     
   1307.00000000000       -1324477.61908244     
   1308.00000000000       -1324477.04175561     
   1309.00000000000       -1324476.46338192     
   1310.00000000000       -1324475.88394767     
   1311.00000000000       -1324475.30348118     
   1312.00000000000       -1324474.72194799     
   1313.00000000000       -1324474.13937278     
   1314.00000000000       -1324473.55574825     
   1315.00000000000       -1324472.97106183     
   1316.00000000000       -1324472.38532912     
   1317.00000000000       -1324471.79854246     
   1318.00000000000       -1324471.21069787     
   1319.00000000000       -1324470.62180362     
   1320.00000000000       -1324470.03185143     
   1321.00000000000       -1324469.44084129     
   1322.00000000000       -1324468.84878088     
   1323.00000000000       -1324468.25565298     
   1324.00000000000       -1324467.66148007     
   1325.00000000000       -1324467.06624676     
   1326.00000000000       -1324466.46994656     
   1327.00000000000       -1324465.87260201     
   1328.00000000000       -1324465.27418812     
   1329.00000000000       -1324464.67472713     
   1330.00000000000       -1324464.07419248     
   1331.00000000000       -1324463.47261326     
   1332.00000000000       -1324462.86996318     
   1333.00000000000       -1324462.26626268     
   1334.00000000000       -1324461.66150189     
   1335.00000000000       -1324461.05567741     
   1336.00000000000       -1324460.44879857     
   1337.00000000000       -1324459.84086138     
   1338.00000000000       -1324459.23185744     
   1339.00000000000       -1324458.62180050     
   1340.00000000000       -1324458.01067936     
   1341.00000000000       -1324457.39850997     
   1342.00000000000       -1324456.78526991     
   1343.00000000000       -1324456.17098418     
   1344.00000000000       -1324455.55562409     
   1345.00000000000       -1324454.93922626     
   1346.00000000000       -1324454.32175100     
   1347.00000000000       -1324453.70323657     
   1348.00000000000       -1324453.08365043     
   1349.00000000000       -1324452.46302085     
   1350.00000000000       -1324451.84132499     
   1351.00000000000       -1324451.21858521     
   1352.00000000000       -1324450.59477485     
   1353.00000000000       -1324449.96992606     
   1354.00000000000       -1324449.34401877     
   1355.00000000000       -1324448.71705493     
   1356.00000000000       -1324448.08904724     
   1357.00000000000       -1324447.45997306     
   1358.00000000000       -1324446.82986371     
