  0.000000000000000E+000  0.000000000000000E+000
   1.00000000000000       1.042498744997360E-006
   2.00000000000000       2.083308665627310E-006
   3.00000000000000       3.105507131853942E-006
   4.00000000000000       4.114511918698170E-006
   5.00000000000000       5.111147694829511E-006
   6.00000000000000       6.095189655016566E-006
   7.00000000000000       7.066516121742432E-006
   8.00000000000000       8.025262962597166E-006
   9.00000000000000       8.969936602665262E-006
   10.0000000000000       9.899972392213365E-006
   11.0000000000000       1.081360072321127E-005
   12.0000000000000       1.170615233723549E-005
   13.0000000000000       1.257301128403492E-005
   14.0000000000000       1.341229685285331E-005
   15.0000000000000       1.421572312555770E-005
   16.0000000000000       1.497651222876785E-005
   17.0000000000000       1.568878761696015E-005
   18.0000000000000       1.634350479665205E-005
   19.0000000000000       1.693081078850063E-005
   20.0000000000000       1.744092520144977E-005
   21.0000000000000       1.786455963965154E-005
   22.0000000000000       1.819206975190276E-005
   23.0000000000000       1.841549594574953E-005
   24.0000000000000       1.852435895434683E-005
   25.0000000000000       1.851194783955990E-005
   26.0000000000000       1.837274455956744E-005
   27.0000000000000       1.809930305579824E-005
   28.0000000000000       1.768969325993422E-005
   29.0000000000000       1.714482851915310E-005
   30.0000000000000       1.646240856376765E-005
   31.0000000000000       1.564790605174816E-005
   32.0000000000000       1.470525294289239E-005
   33.0000000000000       1.364451556698558E-005
   34.0000000000000       1.247777860264283E-005
   35.0000000000000       1.122138445312169E-005
   36.0000000000000       9.892608416268903E-006
   37.0000000000000       8.515246568077496E-006
   38.0000000000000       7.118935751209577E-006
   39.0000000000000       5.734058380641135E-006
   40.0000000000000       4.397704488606174E-006
   41.0000000000000       3.150665076093866E-006
   42.0000000000000       2.039842121432093E-006
   43.0000000000000       1.115677458688730E-006
   44.0000000000000       4.342528837303482E-007
   45.0000000000000       1.394070439351814E-008
   46.0000000000000       1.129461602336757E-008
   47.0000000000000       4.534824034446101E-007
   48.0000000000000       1.408888258965791E-006
   49.0000000000000       2.934033352430998E-006
   50.0000000000000       5.127056777011300E-006
   51.0000000000000       8.072325494110047E-006
   52.0000000000000       1.185657667042864E-005
   53.0000000000000       1.656781081993761E-005
   54.0000000000000       2.229756255786623E-005
   55.0000000000000       2.913705272805868E-005
   56.0000000000000       3.718182223607116E-005
   57.0000000000000       4.651976295976016E-005
   58.0000000000000       5.724954862171362E-005
   59.0000000000000       6.946520280686723E-005
   60.0000000000000       8.325447759097214E-005
   61.0000000000000       9.871160047637274E-005
   62.0000000000000       1.159242578861173E-004
   63.0000000000000       1.349857380121611E-004
   64.0000000000000       1.559754128328626E-004
   65.0000000000000       1.789786212686948E-004
   66.0000000000000       2.040753986298504E-004
   67.0000000000000       2.313457744545469E-004
   68.0000000000000       2.608528710050878E-004
   69.0000000000000       2.926790715458236E-004
   70.0000000000000       3.268795557512237E-004
   71.0000000000000       3.635372254550826E-004
   72.0000000000000       4.026828407659573E-004
   73.0000000000000       4.443866931127420E-004
   74.0000000000000       4.887109022077978E-004
   75.0000000000000       5.356817948656138E-004
   76.0000000000000       5.853408942594189E-004
   77.0000000000000       6.377400667500728E-004
   78.0000000000000       6.929023433716454E-004
   79.0000000000000       7.508873517045425E-004
   80.0000000000000       8.116742877521453E-004
   81.0000000000000       8.753157990175486E-004
   82.0000000000000       9.418283898119592E-004
   83.0000000000000       1.011215236368006E-003
   84.0000000000000       1.083496691391479E-003
   85.0000000000000       1.158693313201287E-003
   86.0000000000000       1.236768354288137E-003
   87.0000000000000       1.317787570400166E-003
   88.0000000000000       1.401662257642055E-003
   89.0000000000000       1.488503584906686E-003
   90.0000000000000       1.578166122182652E-003
   91.0000000000000       1.670773334350220E-003
   92.0000000000000       1.766204008207407E-003
   93.0000000000000       1.864514349323117E-003
   94.0000000000000       1.965669885141414E-003
   95.0000000000000       2.069633980829720E-003
   96.0000000000000       2.176389308755801E-003
   97.0000000000000       2.285910698104283E-003
   98.0000000000000       2.398220211014521E-003
   99.0000000000000       2.513192272032077E-003
   100.000000000000       2.630916044309898E-003
   101.000000000000       2.751237232905848E-003
   102.000000000000       2.874271521921972E-003
   103.000000000000       2.999806225576252E-003
   104.000000000000       3.128095045651464E-003
   105.000000000000       3.258712840326299E-003
   106.000000000000       3.391936636980387E-003
   107.000000000000       3.527564498193904E-003
   108.000000000000       3.665727887236467E-003
   109.000000000000       3.806152007370227E-003
   110.000000000000       3.948985657948646E-003
   111.000000000000       4.094221779966130E-003
   112.000000000000       4.241582668416097E-003
   113.000000000000       4.391285320761349E-003
   114.000000000000       4.543196898400972E-003
   115.000000000000       4.697299027498019E-003
   116.000000000000       4.853345160536382E-003
   117.000000000000       5.011715568131800E-003
   118.000000000000       5.172015168305737E-003
   119.000000000000       5.334347610544921E-003
   120.000000000000       5.498726910350295E-003
   121.000000000000       5.664852931388636E-003
   122.000000000000       5.833071159217270E-003
   123.000000000000       6.002928186999017E-003
   124.000000000000       6.174933379172060E-003
   125.000000000000       6.348503438632031E-003
   126.000000000000       6.523956660810020E-003
   127.000000000000       6.700781957180355E-003
   128.000000000000       6.879754391184026E-003
   129.000000000000       7.060199675501084E-003
   130.000000000000       7.242103706141774E-003
   131.000000000000       7.425617850467906E-003
   132.000000000000       7.610794064872994E-003
   133.000000000000       7.797519156814862E-003
   134.000000000000       7.985435062167815E-003
   135.000000000000       8.175217869704824E-003
   136.000000000000       8.365928649432407E-003
   137.000000000000       8.558367042845971E-003
   138.000000000000       8.751881173358678E-003
   139.000000000000       8.947019747156256E-003
   140.000000000000       9.143219247466191E-003
   141.000000000000       9.340815733737007E-003
   142.000000000000       9.539378423637893E-003
   143.000000000000       9.739498309135399E-003
   144.000000000000       9.940455128564977E-003
   145.000000000000       1.014272719113968E-002
   146.000000000000       1.034619996967945E-002
   147.000000000000       1.055059803700205E-002
   148.000000000000       1.075590446234280E-002
   149.000000000000       1.096278617318049E-002
   150.000000000000       1.117005606926334E-002
   151.000000000000       1.137860098926619E-002
   152.000000000000       1.158814457060263E-002
   153.000000000000       1.179861703679656E-002
   154.000000000000       1.200978291489005E-002
   155.000000000000       1.222210889699005E-002
   156.000000000000       1.243528981040989E-002
   157.000000000000       1.264905471346032E-002
   158.000000000000       1.286393426159951E-002
   159.000000000000       1.307950889405422E-002
   160.000000000000       1.329569994089977E-002
   161.000000000000       1.351300686988406E-002
   162.000000000000       1.373097165379129E-002
   163.000000000000       1.394907711343457E-002
   164.000000000000       1.416897814989250E-002
   165.000000000000       1.438863933191147E-002
   166.000000000000       1.460935242751241E-002
   167.000000000000       1.483094924651180E-002
   168.000000000000       1.505219751740968E-002
   169.000000000000       1.527556832360138E-002
   170.000000000000       1.549833132659154E-002
   171.000000000000       1.572205446374567E-002
   172.000000000000       1.594654023051458E-002
   173.000000000000       1.617146060386756E-002
   174.000000000000       1.639673037533047E-002
   175.000000000000       1.662306610170108E-002
   176.000000000000       1.684907108267905E-002
   177.000000000000       1.707620232726415E-002
   178.000000000000       1.730394742260087E-002
   179.000000000000       1.753151676237587E-002
   180.000000000000       1.776012008383669E-002
   181.000000000000       1.798901522015260E-002
   182.000000000000       1.821832123098894E-002
   183.000000000000       1.844773072058207E-002
   184.000000000000       1.867869552146913E-002
   185.000000000000       1.890861461100316E-002
   186.000000000000       1.913909323499916E-002
   187.000000000000       1.937162838515999E-002
   188.000000000000       1.960237330803123E-002
   189.000000000000       1.983453133057878E-002
   190.000000000000       2.006689158236521E-002
   191.000000000000       2.030014851279657E-002
   192.000000000000       2.053266609493275E-002
   193.000000000000       2.076625957063255E-002
   194.000000000000       2.100016589203536E-002
   195.000000000000       2.123363173724699E-002
   196.000000000000       2.146860889459313E-002
   197.000000000000       2.170236860627070E-002
   198.000000000000       2.193801706589543E-002
   199.000000000000       2.217288984005837E-002
   200.000000000000       2.240792116869225E-002
   201.000000000000       2.264446634174550E-002
   202.000000000000       2.287925353222889E-002
   203.000000000000       2.311641862909694E-002
   204.000000000000       2.335205639215929E-002
   205.000000000000       2.358860522266904E-002
   206.000000000000       2.382609388948492E-002
   207.000000000000       2.406233571732748E-002
   208.000000000000       2.430059463795890E-002
   209.000000000000       2.453663104483333E-002
   210.000000000000       2.477590168284383E-002
   211.000000000000       2.501280068587283E-002
   212.000000000000       2.525079104860704E-002
   213.000000000000       2.548892230254750E-002
   214.000000000000       2.572773488118329E-002
   215.000000000000       2.596553342748790E-002
   216.000000000000       2.620499484703830E-002
   217.000000000000       2.644294650678914E-002
   218.000000000000       2.668279015962599E-002
   219.000000000000       2.692155668658923E-002
   220.000000000000       2.716091445336819E-002
   221.000000000000       2.740020846069039E-002
   222.000000000000       2.763985445859382E-002
   223.000000000000       2.787942969149748E-002
   224.000000000000       2.811916372522229E-002
   225.000000000000       2.835942691048755E-002
   226.000000000000       2.859912983694537E-002
   227.000000000000       2.883975885714747E-002
   228.000000000000       2.907951078261213E-002
   229.000000000000       2.932017015360417E-002
   230.000000000000       2.956018953182131E-002
   231.000000000000       2.980137768452555E-002
   232.000000000000       3.004182549180931E-002
   233.000000000000       3.028204703316567E-002
   234.000000000000       3.052376320644963E-002
   235.000000000000       3.076416176820124E-002
   236.000000000000       3.100535072100139E-002
   237.000000000000       3.124610325191948E-002
   238.000000000000       3.148771192774751E-002
   239.000000000000       3.172837673868845E-002
   240.000000000000       3.197030941080272E-002
   241.000000000000       3.221135089115539E-002
   242.000000000000       3.245229074438444E-002
   243.000000000000       3.269415825551129E-002
   244.000000000000       3.293610110733966E-002
   245.000000000000       3.317715197788969E-002
   246.000000000000       3.341986140516862E-002
   247.000000000000       3.366041772599739E-002
   248.000000000000       3.390231162801992E-002
   249.000000000000       3.414444498552364E-002
   250.000000000000       3.438587901051335E-002
   251.000000000000       3.462839459292970E-002
   252.000000000000       3.487008840005083E-002
   253.000000000000       3.511205232954889E-002
   254.000000000000       3.535381277406201E-002
   255.000000000000       3.559587730211118E-002
   256.000000000000       3.583897279995514E-002
   257.000000000000       3.608005597793102E-002
   258.000000000000       3.632226534075141E-002
   259.000000000000       3.656489692940748E-002
   260.000000000000       3.680683992961044E-002
   261.000000000000       3.704892786186017E-002
   262.000000000000       3.729187232087144E-002
   263.000000000000       3.753299180102206E-002
   264.000000000000       3.777640178705766E-002
   265.000000000000       3.801741088510253E-002
   266.000000000000       3.826163834675698E-002
   267.000000000000       3.850252756809910E-002
   268.000000000000       3.874545626579655E-002
   269.000000000000       3.898782237144190E-002
   270.000000000000       3.923058642407103E-002
   271.000000000000       3.947213576096498E-002
   272.000000000000       3.971555373737831E-002
   273.000000000000       3.995797602604464E-002
   274.000000000000       4.019963973248732E-002
   275.000000000000       4.044268526257769E-002
   276.000000000000       4.068457411714616E-002
   277.000000000000       4.092703717348727E-002
   278.000000000000       4.116980451956695E-002
   279.000000000000       4.141242731869486E-002
   280.000000000000       4.165454973604952E-002
   281.000000000000       4.189814579016448E-002
   282.000000000000       4.213909573990939E-002
   283.000000000000       4.238249538824124E-002
   284.000000000000       4.262471884959868E-002
   285.000000000000       4.286644895318868E-002
   286.000000000000       4.311090428203580E-002
   287.000000000000       4.335218985282308E-002
   288.000000000000       4.359380202060004E-002
   289.000000000000       4.383809683668836E-002
   290.000000000000       4.407882948567809E-002
   291.000000000000       4.432229526333814E-002
   292.000000000000       4.456482032689282E-002
   293.000000000000       4.480739111792912E-002
   294.000000000000       4.504924986596483E-002
   295.000000000000       4.529174463198645E-002
   296.000000000000       4.553463515476291E-002
   297.000000000000       4.577756054664877E-002
   298.000000000000       4.601890483083085E-002
   299.000000000000       4.626289787876271E-002
   300.000000000000       4.650397476181137E-002
   301.000000000000       4.674715860513587E-002
   302.000000000000       4.698822023765580E-002
   303.000000000000       4.723161434299317E-002
   304.000000000000       4.747406111668819E-002
   305.000000000000       4.771680683996426E-002
   306.000000000000       4.795910832331570E-002
   307.000000000000       4.820091427973342E-002
   308.000000000000       4.844312014479280E-002
   309.000000000000       4.868671450095390E-002
   310.000000000000       4.892768490582722E-002
   311.000000000000       4.917137556721678E-002
   312.000000000000       4.941244585776144E-002
   313.000000000000       4.965536817510181E-002
   314.000000000000       4.989808469525300E-002
   315.000000000000       5.013876892567858E-002
   316.000000000000       5.038096014563202E-002
   317.000000000000       5.062633942927965E-002
   318.000000000000       5.086536808832950E-002
   319.000000000000       5.110854878779175E-002
   320.000000000000       5.135142665237966E-002
   321.000000000000       5.159232625671834E-002
   322.000000000000       5.183645906731082E-002
   323.000000000000       5.207671558817756E-002
   324.000000000000       5.232041037580092E-002
   325.000000000000       5.256251483914463E-002
   326.000000000000       5.280385370335344E-002
   327.000000000000       5.304712749238808E-002
   328.000000000000       5.328735759985905E-002
   329.000000000000       5.353175528473616E-002
   330.000000000000       5.377206354189538E-002
   331.000000000000       5.401536612121671E-002
   332.000000000000       5.425678826238662E-002
   333.000000000000       5.449913106273134E-002
   334.000000000000       5.474076272510534E-002
   335.000000000000       5.498385005189933E-002
   336.000000000000       5.522372209199049E-002
   337.000000000000       5.546765780877097E-002
   338.000000000000       5.570946214966781E-002
   339.000000000000       5.595006624662622E-002
   340.000000000000       5.619393386609153E-002
   341.000000000000       5.643547112505539E-002
   342.000000000000       5.667654892599300E-002
   343.000000000000       5.692055530683244E-002
   344.000000000000       5.716006382455229E-002
   345.000000000000       5.740407709925506E-002
   346.000000000000       5.764631528335429E-002
   347.000000000000       5.788587584785632E-002
   348.000000000000       5.812933587656908E-002
   349.000000000000       5.837255436261603E-002
   350.000000000000       5.861130333998858E-002
   351.000000000000       5.885590274061796E-002
   352.000000000000       5.909610084289004E-002
   353.000000000000       5.933906333451598E-002
   354.000000000000       5.958098498238196E-002
   355.000000000000       5.982196382641034E-002
   356.000000000000       6.006564038266712E-002
   357.000000000000       6.030628759661224E-002
   358.000000000000       6.054804976972653E-002
   359.000000000000       6.079015953295044E-002
   360.000000000000       6.103039140022715E-002
   361.000000000000       6.127419176766714E-002
   362.000000000000       6.151492031465301E-002
   363.000000000000       6.175930885785856E-002
   364.000000000000       6.199798437926005E-002
   365.000000000000       6.224084657403951E-002
   366.000000000000       6.248321412799922E-002
   367.000000000000       6.272608834740984E-002
   368.000000000000       6.296597249153986E-002
   369.000000000000       6.320803413489597E-002
   370.000000000000       6.345210117183990E-002
   371.000000000000       6.369190500029838E-002
   372.000000000000       6.393395771271056E-002
   373.000000000000       6.417640603246870E-002
   374.000000000000       6.441849825343937E-002
   375.000000000000       6.465826501410506E-002
   376.000000000000       6.490248189154270E-002
   377.000000000000       6.514290522300599E-002
   378.000000000000       6.538583201126873E-002
   379.000000000000       6.562783245545904E-002
   380.000000000000       6.586880629941548E-002
   381.000000000000       6.611003465709955E-002
   382.000000000000       6.635279185679364E-002
   383.000000000000       6.659416405204230E-002
   384.000000000000       6.683698679649261E-002
   385.000000000000       6.707815446040861E-002
   386.000000000000       6.731974149600960E-002
   387.000000000000       6.756386194645866E-002
   388.000000000000       6.780271758381147E-002
   389.000000000000       6.804738556275786E-002
   390.000000000000       6.828953515180181E-002
   391.000000000000       6.852858086422793E-002
   392.000000000000       6.877216558775991E-002
   393.000000000000       6.901417305487685E-002
   394.000000000000       6.925696906146174E-002
   395.000000000000       6.949782959110962E-002
   396.000000000000       6.974089180144760E-002
   397.000000000000       6.998119080532472E-002
   398.000000000000       7.022531175626733E-002
   399.000000000000       7.046511235180179E-002
   400.000000000000       7.070889023127178E-002
   401.000000000000       7.094962658876612E-002
   402.000000000000       7.119390231003989E-002
   403.000000000000       7.143420889631720E-002
   404.000000000000       7.167619287970965E-002
   405.000000000000       7.191945574088664E-002
   406.000000000000       7.216175884324201E-002
   407.000000000000       7.240427350502586E-002
   408.000000000000       7.264556874192055E-002
   409.000000000000       7.288851592456182E-002
   410.000000000000       7.312982602931022E-002
   411.000000000000       7.337244037247592E-002
   412.000000000000       7.361506843058377E-002
   413.000000000000       7.385665393377873E-002
   414.000000000000       7.409918806109260E-002
   415.000000000000       7.434284999989040E-002
   416.000000000000       7.458285221894528E-002
   417.000000000000       7.482851228913980E-002
   418.000000000000       7.506851696678084E-002
   419.000000000000       7.531126093106189E-002
   420.000000000000       7.555466520519334E-002
   421.000000000000       7.579683093448110E-002
   422.000000000000       7.604052261280698E-002
   423.000000000000       7.627988788931672E-002
   424.000000000000       7.652632508232503E-002
   425.000000000000       7.676678963569081E-002
   426.000000000000       7.701111590380985E-002
   427.000000000000       7.725076576310648E-002
   428.000000000000       7.749754735925501E-002
   429.000000000000       7.773783039477894E-002
   430.000000000000       7.798259977847305E-002
   431.000000000000       7.822477685699882E-002
   432.000000000000       7.846674764022682E-002
   433.000000000000       7.871086552792363E-002
   434.000000000000       7.895255740103484E-002
   435.000000000000       7.919722317557683E-002
   436.000000000000       7.943872322937943E-002
   437.000000000000       7.968158510109702E-002
   438.000000000000       7.992689796476059E-002
   439.000000000000       8.016962462481035E-002
   440.000000000000       8.041104638742989E-002
   441.000000000000       8.065716871641511E-002
   442.000000000000       8.089971449968329E-002
   443.000000000000       8.114194945417079E-002
   444.000000000000       8.138789453342697E-002
   445.000000000000       8.162950401372290E-002
   446.000000000000       8.187406205354890E-002
   447.000000000000       8.211628552816683E-002
   448.000000000000       8.236163036501853E-002
   449.000000000000       8.260493906011757E-002
   450.000000000000       8.284706404570938E-002
   451.000000000000       8.309198939860778E-002
   452.000000000000       8.333551156220158E-002
   453.000000000000       8.358070280610630E-002
   454.000000000000       8.382449714885293E-002
   455.000000000000       8.406872701479046E-002
   456.000000000000       8.430917676557796E-002
   457.000000000000       8.455848140627863E-002
   458.000000000000       8.479999199750902E-002
   459.000000000000       8.504552057365422E-002
   460.000000000000       8.528929765736298E-002
   461.000000000000       8.553337341924767E-002
   462.000000000000       8.577935134699478E-002
   463.000000000000       8.602165020138673E-002
   464.000000000000       8.626802224653789E-002
   465.000000000000       8.650970135185929E-002
   466.000000000000       8.675841745637568E-002
   467.000000000000       8.700137138136009E-002
   468.000000000000       8.724658724860444E-002
   469.000000000000       8.749100295767831E-002
   470.000000000000       8.773738350206430E-002
   471.000000000000       8.798058097886866E-002
   472.000000000000       8.822950792136501E-002
   473.000000000000       8.847113504405602E-002
   474.000000000000       8.871731430871027E-002
   475.000000000000       8.896374962942080E-002
   476.000000000000       8.920660341842415E-002
   477.000000000000       8.945535260657471E-002
   478.000000000000       8.969866994746323E-002
   479.000000000000       8.994689393888733E-002
   480.000000000000       9.019078006024896E-002
   481.000000000000       9.043812251775279E-002
   482.000000000000       9.068246625179659E-002
   483.000000000000       9.092870454919749E-002
   484.000000000000       9.117608804642606E-002
   485.000000000000       9.142092625352163E-002
   486.000000000000       9.166932754342377E-002
   487.000000000000       9.191344258404274E-002
   488.000000000000       9.216120741062708E-002
   489.000000000000       9.240833340955217E-002
   490.000000000000       9.265340845354646E-002
   491.000000000000       9.290248012046598E-002
   492.000000000000       9.314768004379227E-002
   493.000000000000       9.339600736488607E-002
   494.000000000000       9.364329201704423E-002
   495.000000000000       9.388874381314212E-002
   496.000000000000       9.413806330410089E-002
   497.000000000000       9.438312636777391E-002
   498.000000000000       9.463186184672036E-002
   499.000000000000       9.487939262660619E-002
   500.000000000000       9.512932207923043E-002
   501.000000000000       9.537224422259316E-002
   502.000000000000       9.562441735265453E-002
   503.000000000000       9.586958790107088E-002
   504.000000000000       9.611886333446913E-002
   505.000000000000       9.636830241531640E-002
   506.000000000000       9.661330911015269E-002
   507.000000000000       9.686490324179736E-002
   508.000000000000       9.711245223065307E-002
   509.000000000000       9.735914031003202E-002
   510.000000000000       9.761143188148948E-002
   511.000000000000       9.785669635387548E-002
   512.000000000000       9.811017363790187E-002
   513.000000000000       9.835565537468460E-002
   514.000000000000       9.860754842699292E-002
   515.000000000000       9.885406935842116E-002
   516.000000000000       9.910509423028976E-002
   517.000000000000       9.935487245270463E-002
   518.000000000000       9.960470295631814E-002
   519.000000000000       9.985356981441090E-002
   520.000000000000       0.100104687579435     
   521.000000000000       0.100353716304166     
   522.000000000000       0.100605457466663     
   523.000000000000       0.100855916633221     
   524.000000000000       0.101105083380155     
   525.000000000000       0.101355885849959     
   526.000000000000       0.101607189194680     
   527.000000000000       0.101859804560652     
   528.000000000000       0.102106803840232     
   529.000000000000       0.102360119293443     
   530.000000000000       0.102611471622373     
   531.000000000000       0.102864253416504     
   532.000000000000       0.103114132107284     
   533.000000000000       0.103365688675662     
   534.000000000000       0.103619086190199     
   535.000000000000       0.103871077958294     
   536.000000000000       0.104122818423126     
   537.000000000000       0.104373307496788     
   538.000000000000       0.104627653460010     
   539.000000000000       0.104881271736139     
   540.000000000000       0.105129965885848     
   541.000000000000       0.105386942305077     
   542.000000000000       0.105639813786510     
   543.000000000000       0.105890455998866     
   544.000000000000       0.106146027165757     
   545.000000000000       0.106400052268753     
   546.000000000000       0.106652185447220     
   547.000000000000       0.106907627605955     
   548.000000000000       0.107158789227512     
   549.000000000000       0.107417004988937     
   550.000000000000       0.107667500800683     
   551.000000000000       0.107925285979370     
   552.000000000000       0.108180388146513     
   553.000000000000       0.108431944033424     
   554.000000000000       0.108688208189622     
   555.000000000000       0.108943076988971     
   556.000000000000       0.109199476765114     
   557.000000000000       0.109455377799145     
   558.000000000000       0.109708898129297     
   559.000000000000       0.109967077056163     
   560.000000000000       0.110223168372507     
   561.000000000000       0.110475700513007     
   562.000000000000       0.110738962156310     
   563.000000000000       0.110988901562228     
   564.000000000000       0.111251960708256     
   565.000000000000       0.111505381274675     
   566.000000000000       0.111763118161928     
   567.000000000000       0.112020153106020     
   568.000000000000       0.112279244124710     
   569.000000000000       0.112535954661588     
   570.000000000000       0.112793260420716     
   571.000000000000       0.113054013532658     
   572.000000000000       0.113307781470565     
   573.000000000000       0.113568826688688     
   574.000000000000       0.113828627670220     
   575.000000000000       0.114086834524485     
   576.000000000000       0.114344073128909     
   577.000000000000       0.114606612507203     
   578.000000000000       0.114861634216453     
   579.000000000000       0.115125724768941     
   580.000000000000       0.115383844733763     
   581.000000000000       0.115645454942549     
   582.000000000000       0.115903352706881     
   583.000000000000       0.116165531584976     
   584.000000000000       0.116426659785658     
   585.000000000000       0.116687889603689     
   586.000000000000       0.116946096428630     
   587.000000000000       0.117211905475979     
   588.000000000000       0.117470975296467     
   589.000000000000       0.117733298423184     
   590.000000000000       0.117994746317865     
   591.000000000000       0.118257645078485     
   592.000000000000       0.118520353225568     
   593.000000000000       0.118783236442445     
   594.000000000000       0.119041958336955     
   595.000000000000       0.119312579358512     
   596.000000000000       0.119573925340634     
   597.000000000000       0.119831843872592     
   598.000000000000       0.120104039615874     
   599.000000000000       0.120364750142964     
   600.000000000000       0.120625640204859     
   601.000000000000       0.120897175556558     
   602.000000000000       0.121156260133668     
   603.000000000000       0.121422796440275     
   604.000000000000       0.121690128533689     
   605.000000000000       0.121952045654979     
   606.000000000000       0.122220758185721     
   607.000000000000       0.122485886866993     
   608.000000000000       0.122752984296691     
   609.000000000000       0.123015076139509     
   610.000000000000       0.123290214453892     
   611.000000000000       0.123549999176370     
   612.000000000000       0.123821392334560     
   613.000000000000       0.124087372127005     
   614.000000000000       0.124355186095455     
   615.000000000000       0.124625764879317     
   616.000000000000       0.124890840709979     
   617.000000000000       0.125159360831528     
   618.000000000000       0.125431597179670     
   619.000000000000       0.125697208060432     
   620.000000000000       0.125968207630811     
   621.000000000000       0.126240288525364     
   622.000000000000       0.126506449888540     
   623.000000000000       0.126777779081632     
   624.000000000000       0.127050578929723     
   625.000000000000       0.127318502640829     
   626.000000000000       0.127592034231547     
   627.000000000000       0.127858125733817     
   628.000000000000       0.128137067567213     
   629.000000000000       0.128404978821656     
   630.000000000000       0.128678480011197     
   631.000000000000       0.128951548269171     
   632.000000000000       0.129221858292171     
   633.000000000000       0.129496456068193     
   634.000000000000       0.129771799231189     
   635.000000000000       0.130042805526304     
   636.000000000000       0.130317043896063     
   637.000000000000       0.130594568062911     
   638.000000000000       0.130865505453287     
   639.000000000000       0.131141073624422     
   640.000000000000       0.131416480361313     
   641.000000000000       0.131690694582344     
   642.000000000000       0.131968320380924     
   643.000000000000       0.132245720433972     
   644.000000000000       0.132518055565059     
   645.000000000000       0.132796900247857     
   646.000000000000       0.133075657585357     
   647.000000000000       0.133352306523258     
   648.000000000000       0.133627359256476     
   649.000000000000       0.133904158119245     
   650.000000000000       0.134187182142622     
   651.000000000000       0.134462075622401     
   652.000000000000       0.134743737335493     
   653.000000000000       0.135023311702156     
   654.000000000000       0.135297575406102     
   655.000000000000       0.135583323468018     
   656.000000000000       0.135863029512158     
   657.000000000000       0.136138608913723     
   658.000000000000       0.136425033656281     
   659.000000000000       0.136704429167266     
   660.000000000000       0.136985434104856     
   661.000000000000       0.137266977210340     
   662.000000000000       0.137550746574775     
   663.000000000000       0.137832493842397     
   664.000000000000       0.138115987174679     
   665.000000000000       0.138399257713354     
   666.000000000000       0.138683932805913     
   667.000000000000       0.138965016750268     
   668.000000000000       0.139252265416546     
   669.000000000000       0.139534863080333     
   670.000000000000       0.139823855262381     
   671.000000000000       0.140102828097063     
   672.000000000000       0.140391732841006     
   673.000000000000       0.140679375738389     
   674.000000000000       0.140966682008936     
   675.000000000000       0.141248756555968     
   676.000000000000       0.141541013985260     
   677.000000000000       0.141823402356570     
   678.000000000000       0.142117700715765     
   679.000000000000       0.142399787125075     
   680.000000000000       0.142690774989978     
   681.000000000000       0.142981647688245     
   682.000000000000       0.143269122302945     
   683.000000000000       0.143559744357041     
   684.000000000000       0.143849744968773     
   685.000000000000       0.144143226931830     
   686.000000000000       0.144429276919220     
   687.000000000000       0.144722836023389     
   688.000000000000       0.145014433373887     
   689.000000000000       0.145305669198805     
   690.000000000000       0.145601051044074     
   691.000000000000       0.145895172911402     
   692.000000000000       0.146184279328126     
   693.000000000000       0.146482407575597     
   694.000000000000       0.146771926394712     
   695.000000000000       0.147070956942181     
   696.000000000000       0.147361972413470     
   697.000000000000       0.147658698330193     
   698.000000000000       0.147953052700733     
   699.000000000000       0.148248984961468     
   700.000000000000       0.148549435065547     
   701.000000000000       0.148845989771566     
   702.000000000000       0.149142650191127     
   703.000000000000       0.149440467799348     
   704.000000000000       0.149739316193701     
   705.000000000000       0.150035057144934     
   706.000000000000       0.150338477472459     
   707.000000000000       0.150632344889873     
   708.000000000000       0.150940015601435     
   709.000000000000       0.151233345203592     
   710.000000000000       0.151541304690252     
   711.000000000000       0.151837349633410     
   712.000000000000       0.152139191368564     
   713.000000000000       0.152444486584443     
   714.000000000000       0.152746902170422     
   715.000000000000       0.153048988253938     
   716.000000000000       0.153349787174904     
   717.000000000000       0.153656103836228     
   718.000000000000       0.153960246820972     
   719.000000000000       0.154269082122866     
   720.000000000000       0.154570645910678     
   721.000000000000       0.154875531823479     
   722.000000000000       0.155185236516345     
   723.000000000000       0.155486875156819     
   724.000000000000       0.155799238366928     
   725.000000000000       0.156101095106328     
   726.000000000000       0.156415098247167     
   727.000000000000       0.156719709027592     
   728.000000000000       0.157031326395111     
   729.000000000000       0.157338624252070     
   730.000000000000       0.157653021168435     
   731.000000000000       0.157959479729671     
   732.000000000000       0.158271051689496     
   733.000000000000       0.158584002538944     
   734.000000000000       0.158892067350682     
   735.000000000000       0.159211881176016     
   736.000000000000       0.159518415448720     
   737.000000000000       0.159832732810285     
   738.000000000000       0.160148069468127     
   739.000000000000       0.160464170847596     
   740.000000000000       0.160776409919374     
   741.000000000000       0.161093627672375     
   742.000000000000       0.161405577399070     
   743.000000000000       0.161730739096402     
   744.000000000000       0.162040122921459     
   745.000000000000       0.162357973906023     
   746.000000000000       0.162684262483082     
   747.000000000000       0.162993431441303     
   748.000000000000       0.163317813495167     
   749.000000000000       0.163631697812287     
   750.000000000000       0.163954553051514     
   751.000000000000       0.164273793818967     
   752.000000000000       0.164599801704024     
   753.000000000000       0.164920101306056     
   754.000000000000       0.165238096398856     
   755.000000000000       0.165563001714909     
   756.000000000000       0.165886104028920     
   757.000000000000       0.166211760781782     
   758.000000000000       0.166536932710671     
   759.000000000000       0.166860477473462     
   760.000000000000       0.167182587361640     
   761.000000000000       0.167510944167312     
   762.000000000000       0.167842274655088     
   763.000000000000       0.168163890231221     
   764.000000000000       0.168489337179223     
   765.000000000000       0.168819935581924     
   766.000000000000       0.169149569326001     
   767.000000000000       0.169480252796140     
   768.000000000000       0.169808025670851     
   769.000000000000       0.170140927461797     
   770.000000000000       0.170469654786842     
   771.000000000000       0.170798431097837     
   772.000000000000       0.171138335557060     
   773.000000000000       0.171467210044834     
   774.000000000000       0.171796340809151     
   775.000000000000       0.172138157745481     
   776.000000000000       0.172463166476500     
   777.000000000000       0.172806682377431     
   778.000000000000       0.173137850345857     
   779.000000000000       0.173479323962970     
   780.000000000000       0.173810285873489     
   781.000000000000       0.174145025017369     
   782.000000000000       0.174493992360788     
   783.000000000000       0.174825842097879     
   784.000000000000       0.175166081059062     
   785.000000000000       0.175505223153112     
   786.000000000000       0.175846809106468     
   787.000000000000       0.176189064744739     
   788.000000000000       0.176525940826263     
   789.000000000000       0.176873235328439     
   790.000000000000       0.177210132853999     
   791.000000000000       0.177562704684348     
   792.000000000000       0.177895327162744     
   793.000000000000       0.178252770147183     
   794.000000000000       0.178588576623081     
   795.000000000000       0.178939817401138     
   796.000000000000       0.179283795312538     
   797.000000000000       0.179632755751164     
   798.000000000000       0.179977192383382     
   799.000000000000       0.180331840495759     
   800.000000000000       0.180678459080793     
   801.000000000000       0.181024592532352     
   802.000000000000       0.181380646152007     
   803.000000000000       0.181732428143659     
   804.000000000000       0.182081824548321     
   805.000000000000       0.182431390305383     
   806.000000000000       0.182788998843518     
   807.000000000000       0.183141764594539     
   808.000000000000       0.183496438298326     
   809.000000000000       0.183847315527675     
   810.000000000000       0.184211112837145     
   811.000000000000       0.184559179625782     
   812.000000000000       0.184927096476511     
   813.000000000000       0.185277501459788     
   814.000000000000       0.185632609902233     
   815.000000000000       0.185997027724891     
   816.000000000000       0.186354068293171     
   817.000000000000       0.186719891123798     
   818.000000000000       0.187074564703284     
   819.000000000000       0.187445149409119     
   820.000000000000       0.187799166260236     
   821.000000000000       0.188170616815675     
   822.000000000000       0.188531421807968     
   823.000000000000       0.188900250027048     
   824.000000000000       0.189252227202890     
   825.000000000000       0.189629835439354     
   826.000000000000       0.189993928273847     
   827.000000000000       0.190359678367553     
   828.000000000000       0.190733638145494     
   829.000000000000       0.191093792339707     
   830.000000000000       0.191466736650411     
   831.000000000000       0.191841309281072     
   832.000000000000       0.192212158599934     
   833.000000000000       0.192586913634585     
   834.000000000000       0.192952263959794     
   835.000000000000       0.193330907511548     
   836.000000000000       0.193699479270907     
   837.000000000000       0.194081655314178     
   838.000000000000       0.194457638417802     
   839.000000000000       0.194828014253210     
   840.000000000000       0.195205832826027     
   841.000000000000       0.195590726854751     
   842.000000000000       0.195961611166925     
   843.000000000000       0.196343518978981     
   844.000000000000       0.196725347217263     
   845.000000000000       0.197102718204485     
   846.000000000000       0.197486094680842     
   847.000000000000       0.197875006348173     
   848.000000000000       0.198253813465443     
   849.000000000000       0.198636429297671     
   850.000000000000       0.199025302983150     
   851.000000000000       0.199400830526318     
   852.000000000000       0.199800868100571     
   853.000000000000       0.200183781076848     
   854.000000000000       0.200568566581845     
   855.000000000000       0.200958273456920     
   856.000000000000       0.201352849895584     
   857.000000000000       0.201736266402067     
   858.000000000000       0.202134142278726     
   859.000000000000       0.202517623842621     
   860.000000000000       0.202924000799324     
   861.000000000000       0.203304788851318     
   862.000000000000       0.203705492083621     
   863.000000000000       0.204096222648627     
   864.000000000000       0.204498696631314     
   865.000000000000       0.204891902612030     
   866.000000000000       0.205293370540040     
   867.000000000000       0.205681026392962     
   868.000000000000       0.206097808115555     
   869.000000000000       0.206483613604244     
   870.000000000000       0.206891456868488     
   871.000000000000       0.207291907509523     
   872.000000000000       0.207694141646610     
   873.000000000000       0.208102028041716     
   874.000000000000       0.208498441821404     
   875.000000000000       0.208912354784141     
   876.000000000000       0.209317234790240     
   877.000000000000       0.209724346509716     
   878.000000000000       0.210127868879953     
   879.000000000000       0.210537433904987     
   880.000000000000       0.210955322349349     
   881.000000000000       0.211357049198273     
   882.000000000000       0.211775162992696     
   883.000000000000       0.212182654298351     
   884.000000000000       0.212598222654893     
   885.000000000000       0.213014556557040     
   886.000000000000       0.213427221617704     
   887.000000000000       0.213841094347383     
   888.000000000000       0.214262092213865     
   889.000000000000       0.214674257276647     
   890.000000000000       0.215097593134683     
   891.000000000000       0.215518126881884     
   892.000000000000       0.215939242140632     
   893.000000000000       0.216357195567003     
   894.000000000000       0.216779327142524     
   895.000000000000       0.217200156998865     
   896.000000000000       0.217633965817407     
   897.000000000000       0.218046150510507     
   898.000000000000       0.218484477663846     
   899.000000000000       0.218909785404122     
   900.000000000000       0.219337512234767     
   901.000000000000       0.219759819378896     
   902.000000000000       0.220194841201849     
   903.000000000000       0.220623685973336     
   904.000000000000       0.221053883720890     
   905.000000000000       0.221494947029650     
   906.000000000000       0.221920130790260     
   907.000000000000       0.222353820779010     
   908.000000000000       0.222793842518129     
   909.000000000000       0.223235220106835     
   910.000000000000       0.223665330043824     
   911.000000000000       0.224107457465346     
   912.000000000000       0.224544966159111     
   913.000000000000       0.224981174323487     
   914.000000000000       0.225429624471604     
   915.000000000000       0.225869184877366     
   916.000000000000       0.226312039371019     
   917.000000000000       0.226760330406707     
   918.000000000000       0.227202215268687     
   919.000000000000       0.227647573614893     
   920.000000000000       0.228100708490512     
   921.000000000000       0.228542170019008     
   922.000000000000       0.228996920156409     
   923.000000000000       0.229444943169445     
   924.000000000000       0.229899727996146     
   925.000000000000       0.230344829486048     
   926.000000000000       0.230805962733762     
   927.000000000000       0.231255381943952     
   928.000000000000       0.231715205405553     
   929.000000000000       0.232168785162921     
   930.000000000000       0.232628796354851     
   931.000000000000       0.233087560060951     
   932.000000000000       0.233546386349707     
   933.000000000000       0.234008920322505     
   934.000000000000       0.234467507054009     
   935.000000000000       0.234930475002640     
   936.000000000000       0.235397496693520     
   937.000000000000       0.235859036797344     
   938.000000000000       0.236329596504357     
   939.000000000000       0.236792539176441     
   940.000000000000       0.237265815198661     
   941.000000000000       0.237727903475765     
   942.000000000000       0.238200619936331     
   943.000000000000       0.238677740324969     
   944.000000000000       0.239146244475649     
   945.000000000000       0.239619600894348     
   946.000000000000       0.240093961472757     
   947.000000000000       0.240569166513086     
   948.000000000000       0.241051732177236     
   949.000000000000       0.241526641012683     
   950.000000000000       0.241999327583997     
   951.000000000000       0.242496382688196     
   952.000000000000       0.242964686251070     
   953.000000000000       0.243444428085628     
   954.000000000000       0.243938138043975     
   955.000000000000       0.244414382486008     
   956.000000000000       0.244909836675394     
   957.000000000000       0.245392859778608     
   958.000000000000       0.245884118675404     
   959.000000000000       0.246370812694727     
   960.000000000000       0.246858796511729     
   961.000000000000       0.247356212556912     
   962.000000000000       0.247841053898938     
   963.000000000000       0.248338077719240     
   964.000000000000       0.248840204146356     
   965.000000000000       0.249330644933670     
   966.000000000000       0.249827259843473     
   967.000000000000       0.250325596158955     
   968.000000000000       0.250831221782378     
   969.000000000000       0.251331321074454     
   970.000000000000       0.251830978312634     
   971.000000000000       0.252339198839417     
   972.000000000000       0.252838254311538     
   973.000000000000       0.253350142769302     
   974.000000000000       0.253843923141469     
   975.000000000000       0.254367098538398     
   976.000000000000       0.254872331531275     
   977.000000000000       0.255380998690814     
   978.000000000000       0.255894879072428     
   979.000000000000       0.256413524054246     
   980.000000000000       0.256912352133001     
   981.000000000000       0.257447326610770     
   982.000000000000       0.257946923618033     
   983.000000000000       0.258479334013543     
   984.000000000000       0.258992303777576     
   985.000000000000       0.259514618812749     
   986.000000000000       0.260031472525574     
   987.000000000000       0.260560181523744     
   988.000000000000       0.261086344798352     
   989.000000000000       0.261602380760319     
   990.000000000000       0.262141624128050     
   991.000000000000       0.262666479112011     
   992.000000000000       0.263190613188916     
   993.000000000000       0.263731924576093     
   994.000000000000       0.264256620345970     
   995.000000000000       0.264796935068376     
   996.000000000000       0.265321995540892     
   997.000000000000       0.265862373744260     
   998.000000000000       0.266401382714384     
   999.000000000000       0.266934728947598     
   1000.00000000000       0.267481220921436     
   1001.00000000000       0.268016940083355     
   1002.00000000000       0.268566426277280     
   1003.00000000000       0.269103035736751     
   1004.00000000000       0.269657099991792     
   1005.00000000000       0.270198729802490     
   1006.00000000000       0.270745842860451     
   1007.00000000000       0.271295240482539     
   1008.00000000000       0.271851486748314     
   1009.00000000000       0.272398732923526     
   1010.00000000000       0.272949485733540     
   1011.00000000000       0.273508387074473     
   1012.00000000000       0.274064757958955     
   1013.00000000000       0.274612571806428     
   1014.00000000000       0.275184503305721     
   1015.00000000000       0.275739054362000     
   1016.00000000000       0.276299825734466     
   1017.00000000000       0.276869528253824     
   1018.00000000000       0.277423075996719     
   1019.00000000000       0.277992760512786     
   1020.00000000000       0.278567608767632     
   1021.00000000000       0.279131539748796     
   1022.00000000000       0.279685383928973     
   1023.00000000000       0.280277711180436     
   1024.00000000000       0.280846934040811     
   1025.00000000000       0.281422053214623     
   1026.00000000000       0.281995721635938     
   1027.00000000000       0.282572275306617     
   1028.00000000000       0.283148652537699     
   1029.00000000000       0.283728063258607     
   1030.00000000000       0.284316734219405     
   1031.00000000000       0.284889697783827     
   1032.00000000000       0.285478836468602     
   1033.00000000000       0.286070966990895     
   1034.00000000000       0.286645128263007     
   1035.00000000000       0.287246502329179     
   1036.00000000000       0.287828664359636     
   1037.00000000000       0.288425012227650     
   1038.00000000000       0.289014522130974     
   1039.00000000000       0.289615147805871     
   1040.00000000000       0.290205103268250     
   1041.00000000000       0.290802189096559     
   1042.00000000000       0.291407256589865     
   1043.00000000000       0.292012562909137     
   1044.00000000000       0.292598820635390     
   1045.00000000000       0.293208246452897     
   1046.00000000000       0.293815048630043     
   1047.00000000000       0.294427946880583     
   1048.00000000000       0.295032558671775     
   1049.00000000000       0.295636897398837     
   1050.00000000000       0.296248041614320     
   1051.00000000000       0.296863388238111     
   1052.00000000000       0.297480292832927     
   1053.00000000000       0.298100393733213     
   1054.00000000000       0.298713167834580     
   1055.00000000000       0.299333645117670     
   1056.00000000000       0.299957072194467     
   1057.00000000000       0.300565661747669     
   1058.00000000000       0.301211995362965     
   1059.00000000000       0.301818558318823     
   1060.00000000000       0.302452434023787     
   1061.00000000000       0.303076041464096     
   1062.00000000000       0.303717398555370     
   1063.00000000000       0.304343425793769     
   1064.00000000000       0.304968596024329     
   1065.00000000000       0.305616563795900     
   1066.00000000000       0.306243212382855     
   1067.00000000000       0.306888846739480     
   1068.00000000000       0.307526446329567     
   1069.00000000000       0.308166043822214     
   1070.00000000000       0.308816073680937     
   1071.00000000000       0.309449619899311     
   1072.00000000000       0.310089851168444     
   1073.00000000000       0.310761805796395     
   1074.00000000000       0.311396655290338     
   1075.00000000000       0.312051741699840     
   1076.00000000000       0.312705947854948     
   1077.00000000000       0.313353578826372     
   1078.00000000000       0.314017885875048     
   1079.00000000000       0.314672726289796     
   1080.00000000000       0.315328075071450     
   1081.00000000000       0.315997472069557     
   1082.00000000000       0.316660598270169     
   1083.00000000000       0.317314878122249     
   1084.00000000000       0.317998582865980     
   1085.00000000000       0.318657040692743     
   1086.00000000000       0.319325002645555     
   1087.00000000000       0.319995831432859     
   1088.00000000000       0.320669678775407     
   1089.00000000000       0.321351989073137     
   1090.00000000000       0.322026543102109     
   1091.00000000000       0.322705319257330     
   1092.00000000000       0.323382553831427     
   1093.00000000000       0.324063230024137     
   1094.00000000000       0.324757529578432     
   1095.00000000000       0.325438041883897     
   1096.00000000000       0.326113936978441     
   1097.00000000000       0.326827040496862     
   1098.00000000000       0.327493623759164     
   1099.00000000000       0.328199811848278     
   1100.00000000000       0.328889894195988     
   1101.00000000000       0.329599281404153     
   1102.00000000000       0.330280100294634     
   1103.00000000000       0.330995911889229     
   1104.00000000000       0.331689146968106     
   1105.00000000000       0.332391789995539     
   1106.00000000000       0.333102086511860     
   1107.00000000000       0.333797954851387     
   1108.00000000000       0.334520774046089     
   1109.00000000000       0.335234622215661     
   1110.00000000000       0.335930352646447     
   1111.00000000000       0.336663022070739     
   1112.00000000000       0.337364306056646     
   1113.00000000000       0.338084119440859     
   1114.00000000000       0.338825645772154     
   1115.00000000000       0.339529307600668     
   1116.00000000000       0.340250282202958     
   1117.00000000000       0.340988674256161     
   1118.00000000000       0.341705373058658     
   1119.00000000000       0.342446220523819     
   1120.00000000000       0.343170055041150     
   1121.00000000000       0.343903708074051     
   1122.00000000000       0.344637363571286     
   1123.00000000000       0.345382577188977     
   1124.00000000000       0.346116131170554     
   1125.00000000000       0.346858241220102     
   1126.00000000000       0.347600080954800     
   1127.00000000000       0.348351375694331     
   1128.00000000000       0.349088991099936     
   1129.00000000000       0.349836963888223     
   1130.00000000000       0.350600334614848     
   1131.00000000000       0.351347598504614     
   1132.00000000000       0.352097026558483     
   1133.00000000000       0.352861396436414     
   1134.00000000000       0.353620017965999     
   1135.00000000000       0.354370161367223     
   1136.00000000000       0.355155788890990     
   1137.00000000000       0.355892535487230     
   1138.00000000000       0.356687697051692     
   1139.00000000000       0.357437634760738     
   1140.00000000000       0.358204885249808     
   1141.00000000000       0.358993245877202     
   1142.00000000000       0.359768897390463     
   1143.00000000000       0.360524317879509     
   1144.00000000000       0.361329888753491     
   1145.00000000000       0.362084714132107     
   1146.00000000000       0.362889692402869     
   1147.00000000000       0.363658440436780     
   1148.00000000000       0.364449017556305     
   1149.00000000000       0.365262782155529     
   1150.00000000000       0.366025667398751     
   1151.00000000000       0.366831556796503     
   1152.00000000000       0.367629883491717     
   1153.00000000000       0.368421807178628     
   1154.00000000000       0.369221624507821     
   1155.00000000000       0.370022171585783     
   1156.00000000000       0.370836085966110     
   1157.00000000000       0.371633421769543     
   1158.00000000000       0.372447962215485     
   1159.00000000000       0.373258784768755     
   1160.00000000000       0.374066752384501     
   1161.00000000000       0.374883294872304     
   1162.00000000000       0.375694196761207     
   1163.00000000000       0.376517381511884     
   1164.00000000000       0.377346127620662     
   1165.00000000000       0.378164150282184     
   1166.00000000000       0.378984958234589     
   1167.00000000000       0.379805631447216     
   1168.00000000000       0.380654860978125     
   1169.00000000000       0.381474340127382     
   1170.00000000000       0.382312648233028     
   1171.00000000000       0.383147336674073     
   1172.00000000000       0.383988987513684     
   1173.00000000000       0.384830681069883     
   1174.00000000000       0.385653163412231     
   1175.00000000000       0.386523991436671     
   1176.00000000000       0.387351791482291     
   1177.00000000000       0.388222218191794     
   1178.00000000000       0.389069372349963     
   1179.00000000000       0.389916763932417     
   1180.00000000000       0.390780886600598     
   1181.00000000000       0.391626352852351     
   1182.00000000000       0.392508659188049     
   1183.00000000000       0.393356044892296     
   1184.00000000000       0.394226728228305     
   1185.00000000000       0.395097153105683     
   1186.00000000000       0.395961735048711     
   1187.00000000000       0.396839145821448     
   1188.00000000000       0.397716779617228     
   1189.00000000000       0.398588165083171     
   1190.00000000000       0.399464115112650     
   1191.00000000000       0.400342844043028     
   1192.00000000000       0.401240384819572     
   1193.00000000000       0.402124073145467     
   1194.00000000000       0.403006563086275     
   1195.00000000000       0.403911350045479     
   1196.00000000000       0.404786144410869     
   1197.00000000000       0.405702979764146     
   1198.00000000000       0.406583985721943     
   1199.00000000000       0.407501458968155     
   1200.00000000000       0.408395476381967     
   1201.00000000000       0.409292981362433     
   1202.00000000000       0.410213154250738     
   1203.00000000000       0.411100079525281     
   1204.00000000000       0.412046055920962     
   1205.00000000000       0.412954890259830     
   1206.00000000000       0.413857867331392     
   1207.00000000000       0.414775891413135     
   1208.00000000000       0.415715628516306     
   1209.00000000000       0.416639028223770     
   1210.00000000000       0.417556444069304     
   1211.00000000000       0.418481679912754     
   1212.00000000000       0.419432435987173     
   1213.00000000000       0.420373581117514     
   1214.00000000000       0.421281080571860     
   1215.00000000000       0.422241115634033     
   1216.00000000000       0.423169125392438     
   1217.00000000000       0.424124275990525     
   1218.00000000000       0.425074726471044     
   1219.00000000000       0.426017492714890     
   1220.00000000000       0.426974783993436     
   1221.00000000000       0.427934982473543     
   1222.00000000000       0.428875194453114     
   1223.00000000000       0.429844241582913     
   1224.00000000000       0.430817400338526     
   1225.00000000000       0.431774236727136     
   1226.00000000000       0.432742637795012     
   1227.00000000000       0.433708588766290     
   1228.00000000000       0.434690657098104     
   1229.00000000000       0.435648245733046     
   1230.00000000000       0.436637769270684     
   1231.00000000000       0.437630034926722     
   1232.00000000000       0.438587497814546     
   1233.00000000000       0.439595693629685     
   1234.00000000000       0.440589729557527     
   1235.00000000000       0.441553486026516     
   1236.00000000000       0.442566882674450     
   1237.00000000000       0.443555859463764     
   1238.00000000000       0.444547967460526     
   1239.00000000000       0.445573750805887     
   1240.00000000000       0.446570007865967     
   1241.00000000000       0.447568321016050     
   1242.00000000000       0.448597894195845     
   1243.00000000000       0.449593850750999     
   1244.00000000000       0.450597291429100     
   1245.00000000000       0.451635304046295     
   1246.00000000000       0.452656317690043     
   1247.00000000000       0.453667825985876     
   1248.00000000000       0.454705090203139     
   1249.00000000000       0.455720723180856     
   1250.00000000000       0.456764295830722     
   1251.00000000000       0.457782152206850     
   1252.00000000000       0.458846193878664     
   1253.00000000000       0.459861419814172     
   1254.00000000000       0.460906572277185     
   1255.00000000000       0.461970128420349     
   1256.00000000000       0.463014364615402     
   1257.00000000000       0.464050145285345     
   1258.00000000000       0.465122281282817     
   1259.00000000000       0.466160219981756     
   1260.00000000000       0.467230917121326     
   1261.00000000000       0.468305128825179     
   1262.00000000000       0.469342607808077     
   1263.00000000000       0.470420614107751     
   1264.00000000000       0.471514178768483     
   1265.00000000000       0.472560874133305     
   1266.00000000000       0.473648225722433     
   1267.00000000000       0.474722638712070     
   1268.00000000000       0.475804840612330     
   1269.00000000000       0.476891053885924     
   1270.00000000000       0.477965553793388     
   1271.00000000000       0.479074462541928     
   1272.00000000000       0.480173121285472     
   1273.00000000000       0.481253471065864     
   1274.00000000000       0.482364322752626     
   1275.00000000000       0.483453028835498     
   1276.00000000000       0.484569756775287     
   1277.00000000000       0.485670498075130     
   1278.00000000000       0.486792571248213     
   1279.00000000000       0.487901607087187     
   1280.00000000000       0.489023152507245     
   1281.00000000000       0.490146456159307     
   1282.00000000000       0.491257887020431     
   1283.00000000000       0.492374123812816     
   1284.00000000000       0.493522362186620     
   1285.00000000000       0.494639984027462     
   1286.00000000000       0.495793956496019     
   1287.00000000000       0.496935819154819     
   1288.00000000000       0.498048806670064     
   1289.00000000000       0.499212361223537     
   1290.00000000000       0.500345074362785     
   1291.00000000000       0.501527411218018     
   1292.00000000000       0.502643385425041     
   1293.00000000000       0.503805388419630     
   1294.00000000000       0.505002877807798     
   1295.00000000000       0.506118394025816     
   1296.00000000000       0.507293797091475     
   1297.00000000000       0.508469923891054     
   1298.00000000000       0.509648035657563     
   1299.00000000000       0.510829856954362     
   1300.00000000000       0.511984013101928     
   1301.00000000000       0.513170116082429     
   1302.00000000000       0.514374826209101     
   1303.00000000000       0.515535167727202     
   1304.00000000000       0.516768453715408     
   1305.00000000000       0.517905837912699     
   1306.00000000000       0.519141607139473     
   1307.00000000000       0.520319977113224     
   1308.00000000000       0.521524183476189     
   1309.00000000000       0.522750205274363     
   1310.00000000000       0.523942845721826     
   1311.00000000000       0.525159891238204     
   1312.00000000000       0.526379015016943     
   1313.00000000000       0.527600380715845     
   1314.00000000000       0.528820552516577     
   1315.00000000000       0.530037136992205     
   1316.00000000000       0.531266512214171     
   1317.00000000000       0.532518221473333     
   1318.00000000000       0.533732241114139     
   1319.00000000000       0.534989195120882     
   1320.00000000000       0.536208580395744     
   1321.00000000000       0.537478427457686     
   1322.00000000000       0.538707809136171     
   1323.00000000000       0.539970802829410     
   1324.00000000000       0.541210764380020     
   1325.00000000000       0.542488647718904     
   1326.00000000000       0.543733824624185     
   1327.00000000000       0.544995793325327     
   1328.00000000000       0.546290023413718     
   1329.00000000000       0.547550460746844     
   1330.00000000000       0.548800578558394     
   1331.00000000000       0.550098230847288     
   1332.00000000000       0.551397628286682     
   1333.00000000000       0.552659771643181     
   1334.00000000000       0.553943346879894     
   1335.00000000000       0.555233936716470     
   1336.00000000000       0.556551647084030     
   1337.00000000000       0.557821000693237     
   1338.00000000000       0.559161070865750     
   1339.00000000000       0.560434891286763     
   1340.00000000000       0.561762244657158     
   1341.00000000000       0.563072035982350     
   1342.00000000000       0.564373355852032     
   1343.00000000000       0.565713591091696     
   1344.00000000000       0.567016843592471     
   1345.00000000000       0.568344240387214     
   1346.00000000000       0.569675254638308     
   1347.00000000000       0.571022894559856     
   1348.00000000000       0.572357925938465     
   1349.00000000000       0.573679571069483     
   1350.00000000000       0.575018994636857     
   1351.00000000000       0.576393688047456     
   1352.00000000000       0.577713248913191     
   1353.00000000000       0.579074717240391     
   1354.00000000000       0.580473479328592     
   1355.00000000000       0.581785475337699     
   1356.00000000000       0.583181851933264     
   1357.00000000000       0.584519606087876     
   1358.00000000000       0.585900153472830     
