  0.000000000000000E+000  0.000000000000000E+000
   1.00000000000000       0.000000000000000E+000
   2.00000000000000       0.000000000000000E+000
   3.00000000000000       3.055700836245447E-007
   4.00000000000000      -3.070893879567471E-007
   5.00000000000000       6.157336889362310E-007
   6.00000000000000       1.853349501489890E-006
   7.00000000000000       9.259056028415317E-006
   8.00000000000000       2.901021410672216E-005
   9.00000000000000       7.222250521807129E-005
   10.0000000000000       1.503106644005114E-004
   11.0000000000000       2.799365456016693E-004
   12.0000000000000       4.842832358317863E-004
   13.0000000000000       7.825179902625953E-004
   14.0000000000000       1.211483361666923E-003
   15.0000000000000       1.799992847243941E-003
   16.0000000000000       1.126667370218934E-002
   17.0000000000000       3.605781648181235E-003
   18.0000000000000       1.340283864250760E-002
   19.0000000000000       6.501574159652425E-003
   20.0000000000000       2.337601456279498E-002
   21.0000000000000       2.149421725808043E-002
   22.0000000000000       2.689062719956607E-002
   23.0000000000000       3.311158640195643E-002
   24.0000000000000       4.018400877395104E-002
   25.0000000000000       4.812688918167110E-002
   26.0000000000000       5.695906731217821E-002
   27.0000000000000       6.668325363864806E-002
   28.0000000000000       7.730388045443307E-002
   29.0000000000000       8.881587747636689E-002
   30.0000000000000       0.101209547600358     
   31.0000000000000       0.114475148337056     
   32.0000000000000       0.128596283641415     
   33.0000000000000       0.143556322716831     
   34.0000000000000       0.159337294489004     
   35.0000000000000       0.175916423404182     
   36.0000000000000       0.193273724931343     
   37.0000000000000       0.211384237375124     
   38.0000000000000       0.230227114838519     
   39.0000000000000       0.249775995329918     
   40.0000000000000       0.270005424152762     
   41.0000000000000       0.290890763595196     
   42.0000000000000       0.312406071050996     
   43.0000000000000       0.334527208306569     
   44.0000000000000       0.357220909324802     
   45.0000000000000       0.380468874498982     
   46.0000000000000       0.404237533956219     
   47.0000000000000       0.428503612861546     
   48.0000000000000       0.453238168941514     
   49.0000000000000       0.478416269303984     
   50.0000000000000       0.504006153883692     
   51.0000000000000       0.529986059756908     
   52.0000000000000       0.556326064452062     
   53.0000000000000       0.583001559333343     
   54.0000000000000       0.609982423598019     
   55.0000000000000       0.637249808369465     
   56.0000000000000       0.664770945424627     
   57.0000000000000       0.692526046769656     
   58.0000000000000       0.720486262560586     
   59.0000000000000       0.748632808449921     
   60.0000000000000       0.776937663723153     
   61.0000000000000       0.805380293400891     
   62.0000000000000       0.833939276258440     
   63.0000000000000       0.862589714469736     
   64.0000000000000       0.891317723487608     
   65.0000000000000       0.920094964122125     
   66.0000000000000       0.948909735207668     
   67.0000000000000       0.977739375621722     
   68.0000000000000        1.00656876774481     
   69.0000000000000        1.03537719417952     
   70.0000000000000        1.06415368322378     
   71.0000000000000        1.09287674299842     
   72.0000000000000        1.12154006522134     
   73.0000000000000        1.15012210281495     
   74.0000000000000        1.17861129764618     
   75.0000000000000        1.20699989797871     
   76.0000000000000        1.23527190683923     
   77.0000000000000        1.26341941308412     
   78.0000000000000        1.29142683864363     
   79.0000000000000        1.31928543708122     
   80.0000000000000        1.34699481034770     
   81.0000000000000        1.37453955757396     
   82.0000000000000        1.40190728456998     
   83.0000000000000        1.42910465173854     
   84.0000000000000        1.45611002993557     
   85.0000000000000        1.48292908298514     
   86.0000000000000        1.50953994925142     
   87.0000000000000        1.53596368830860     
   88.0000000000000        1.56217318064106     
   89.0000000000000        1.58817172479398     
   90.0000000000000        1.61395550831943     
   91.0000000000000        1.63952121143486     
   92.0000000000000        1.66486972442964     
   93.0000000000000        1.68998966432033     
   94.0000000000000        1.71488536074054     
   95.0000000000000        1.73955192937363     
   96.0000000000000        1.76399945405636     
   97.0000000000000        1.78819725696664     
   98.0000000000000        1.81218022928347     
   99.0000000000000        1.83592412505364     
   100.000000000000        1.85943701898211     
   101.000000000000        1.88271782000298     
   102.000000000000        1.90576557449758     
   103.000000000000        1.92857966102966     
   104.000000000000        1.95115634400538     
   105.000000000000        1.97351115452820     
   106.000000000000        1.99562715259683     
   107.000000000000        2.01751763064151     
   108.000000000000        2.03918106299541     
   109.000000000000        2.06060795107279     
   110.000000000000        2.08181508365271     
   111.000000000000        2.10279156561971     
   112.000000000000        2.12356040410125     
   113.000000000000        2.14408221350381     
   114.000000000000        2.16440323417294     
   115.000000000000        2.18449942938785     
   116.000000000000        2.20437428022806     
   117.000000000000        2.22404928373885     
   118.000000000000        2.24349766902493     
   119.000000000000        2.26273421142318     
   120.000000000000        2.28177802896720     
   121.000000000000        2.30059980823498     
   122.000000000000        2.31921595462114     
   123.000000000000        2.33764762665396     
   124.000000000000        2.35586258931753     
   125.000000000000        2.37389306604714     
   126.000000000000        2.39172098391675     
   127.000000000000        2.40936237985307     
   128.000000000000        2.42680665234118     
   129.000000000000        2.44406433253275     
   130.000000000000        2.46114135908607     
   131.000000000000        2.47802800865535     
   132.000000000000        2.49474669643033     
   133.000000000000        2.51126990741723     
   134.000000000000        2.52762715633490     
   135.000000000000        2.54381372542100     
   136.000000000000        2.55982393817733     
   137.000000000000        2.57566219338137     
   138.000000000000        2.59134300549903     
   139.000000000000        2.60685666875003     
   140.000000000000        2.62221342063506     
   141.000000000000        2.63738901885692     
   142.000000000000        2.65243393869891     
   143.000000000000        2.66730328199169     
   144.000000000000        2.68202916096129     
   145.000000000000        2.69660314974004     
   146.000000000000        2.71103613822054     
   147.000000000000        2.72532372457382     
   148.000000000000        2.73945311588097     
   149.000000000000        2.75344393558353     
   150.000000000000        2.76730331784126     
   151.000000000000        2.78102712545850     
   152.000000000000        2.79460483063038     
   153.000000000000        2.80805371876013     
   154.000000000000        2.82137105430269     
   155.000000000000        2.83456722587572     
   156.000000000000        2.84762651213053     
   157.000000000000        2.86057036416620     
   158.000000000000        2.87336471997417     
   159.000000000000        2.88607916432049     
   160.000000000000        2.89863733092985     
   161.000000000000        2.91109353472338     
   162.000000000000        2.92344210480676     
   163.000000000000        2.93566012072221     
   164.000000000000        2.94777582604466     
   165.000000000000        2.95977970411327     
   166.000000000000        2.97166656005502     
   167.000000000000        2.98346042399280     
   168.000000000000        2.99513625225229     
   169.000000000000        3.00671836827398     
   170.000000000000        3.01819379852620     
   171.000000000000        3.02957077860449     
   172.000000000000        3.04084933144595     
   173.000000000000        3.05202924373598     
   174.000000000000        3.06310211962521     
   175.000000000000        3.07409912548377     
   176.000000000000        3.08500939106316     
   177.000000000000        3.09579898036810     
   178.000000000000        3.10651790369471     
   179.000000000000        3.11715079829699     
   180.000000000000        3.12768911847903     
   181.000000000000        3.13815349284912     
   182.000000000000        3.14850514450926     
   183.000000000000        3.15881798501639     
   184.000000000000        3.16901179845083     
   185.000000000000        3.17913665291977     
   186.000000000000        3.18919421356207     
   187.000000000000        3.19916515011132     
   188.000000000000        3.20906449799099     
   189.000000000000        3.21888097029918     
   190.000000000000        3.22861896187217     
   191.000000000000        3.23828956121821     
   192.000000000000        3.24789343447699     
   193.000000000000        3.25743683040608     
   194.000000000000        3.26689438131353     
   195.000000000000        3.27627973790916     
   196.000000000000        3.28560942019287     
   197.000000000000        3.29487162589340     
   198.000000000000        3.30405472996903     
   199.000000000000        3.31320078306161     
   200.000000000000        3.32226285454937     
   201.000000000000        3.33128076006451     
   202.000000000000        3.34021118124969     
   203.000000000000        3.34910123036697     
   204.000000000000        3.35792321361761     
   205.000000000000        3.36670361726923     
   206.000000000000        3.37541124385545     
   207.000000000000        3.38405897697513     
   208.000000000000        3.39266566714338     
   209.000000000000        3.40119604210672     
   210.000000000000        3.40970614880833     
   211.000000000000        3.41813619896903     
   212.000000000000        3.42653111507241     
   213.000000000000        3.43485038767244     
   214.000000000000        3.44314563690362     
   215.000000000000        3.45139211347598     
   216.000000000000        3.45955379410448     
   217.000000000000        3.46770778376699     
   218.000000000000        3.47580581846024     
   219.000000000000        3.48383317055530     
   220.000000000000        3.49185629278659     
   221.000000000000        3.49978361879455     
   222.000000000000        3.50772642722077     
   223.000000000000        3.51555603168089     
   224.000000000000        3.52340214368895     
   225.000000000000        3.53119380665124     
   226.000000000000        3.53891816074259     
   227.000000000000        3.54661609652948     
   228.000000000000        3.55427202166328     
   229.000000000000        3.56190437720143     
   230.000000000000        3.56948161151501     
   231.000000000000        3.57700890715468     
   232.000000000000        3.58453212759561     
   233.000000000000        3.59199534092798     
   234.000000000000        3.59941986920147     
   235.000000000000        3.60681202557935     
   236.000000000000        3.61415934534315     
   237.000000000000        3.62151155689771     
   238.000000000000        3.62878555336428     
   239.000000000000        3.63604895531034     
   240.000000000000        3.64326449604835     
   241.000000000000        3.65046406266145     
   242.000000000000        3.65761227437087     
   243.000000000000        3.66472906266097     
   244.000000000000        3.67183183518427     
   245.000000000000        3.67889575185352     
   246.000000000000        3.68593087834096     
   247.000000000000        3.69293035486611     
   248.000000000000        3.69990768877872     
   249.000000000000        3.70684645468068     
   250.000000000000        3.71376220515571     
   251.000000000000        3.72066282585964     
   252.000000000000        3.72753268293395     
   253.000000000000        3.73434496212211     
   254.000000000000        3.74115713340599     
   255.000000000000        3.74794533537027     
   256.000000000000        3.75470007967040     
   257.000000000000        3.76144192531417     
   258.000000000000        3.76810590320610     
   259.000000000000        3.77481608757807     
   260.000000000000        3.78147850364067     
   261.000000000000        3.78810722408966     
   262.000000000000        3.79470430322920     
   263.000000000000        3.80128776709735     
   264.000000000000        3.80786755394135     
   265.000000000000        3.81440090421175     
   266.000000000000        3.82090767935093     
   267.000000000000        3.82741800706729     
   268.000000000000        3.83387887177559     
   269.000000000000        3.84035294956425     
   270.000000000000        3.84677401727649     
   271.000000000000        3.85319325317279     
   272.000000000000        3.85958360655958     
   273.000000000000        3.86595948004169     
   274.000000000000        3.87230592196951     
   275.000000000000        3.87864144724347     
   276.000000000000        3.88496242596433     
   277.000000000000        3.89125678468548     
   278.000000000000        3.89754205051420     
   279.000000000000        3.90380475370015     
   280.000000000000        3.91005275310576     
   281.000000000000        3.91627039420543     
   282.000000000000        3.92249561859633     
   283.000000000000        3.92866869632856     
   284.000000000000        3.93486035742842     
   285.000000000000        3.94100972542265     
   286.000000000000        3.94715273261567     
   287.000000000000        3.95329666401187     
   288.000000000000        3.95938593268507     
   289.000000000000        3.96550350114766     
   290.000000000000        3.97158110798052     
   291.000000000000        3.97764816245636     
   292.000000000000        3.98371290499208     
   293.000000000000        3.98974577642065     
   294.000000000000        3.99576177433734     
   295.000000000000        4.00179208828272     
   296.000000000000        4.00776670731600     
   297.000000000000        4.01376876435307     
   298.000000000000        4.01973738785068     
   299.000000000000        4.02569946398150     
   300.000000000000        4.03165875116904     
   301.000000000000        4.03757501041198     
   302.000000000000        4.04350795493768     
   303.000000000000        4.04941260622813     
   304.000000000000        4.05532578931636     
   305.000000000000        4.06118328795375     
   306.000000000000        4.06709021832801     
   307.000000000000        4.07293047303250     
   308.000000000000        4.07879880283445     
   309.000000000000        4.08462697480791     
   310.000000000000        4.09045600318347     
   311.000000000000        4.09629660240834     
   312.000000000000        4.10209122652931     
   313.000000000000        4.10790724725791     
   314.000000000000        4.11369913654828     
   315.000000000000        4.11948219388488     
   316.000000000000        4.12523564879845     
   317.000000000000        4.13100727102894     
   318.000000000000        4.13680261493301     
   319.000000000000        4.14247273485792     
   320.000000000000        4.14825952013842     
   321.000000000000        4.15395060376177     
   322.000000000000        4.15971335559941     
   323.000000000000        4.16540411435428     
   324.000000000000        4.17109265636320     
   325.000000000000        4.17679902212707     
   326.000000000000        4.18248291473809     
   327.000000000000        4.18814053085040     
   328.000000000000        4.19384597532244     
   329.000000000000        4.19949798076912     
   330.000000000000        4.20514839602667     
   331.000000000000        4.21081136629048     
   332.000000000000        4.21643796651908     
   333.000000000000        4.22207512738135     
   334.000000000000        4.22769891557384     
   335.000000000000        4.23334251181116     
   336.000000000000        4.23890940668133     
   337.000000000000        4.24457935844319     
   338.000000000000        4.25014133450641     
   339.000000000000        4.25577910640627     
   340.000000000000        4.26130746683238     
   341.000000000000        4.26696224247746     
   342.000000000000        4.27247337639306     
   343.000000000000        4.27809198064816     
   344.000000000000        4.28364630273383     
   345.000000000000        4.28918734074836     
   346.000000000000        4.29477553021723     
   347.000000000000        4.30028653498829     
   348.000000000000        4.30588604737856     
   349.000000000000        4.31140389885696     
   350.000000000000        4.31694656744887     
   351.000000000000        4.32246414541400     
   352.000000000000        4.32803545429509     
   353.000000000000        4.33351583131990     
   354.000000000000        4.33905117506762     
   355.000000000000        4.34457880103009     
   356.000000000000        4.35006659804620     
   357.000000000000        4.35558391618343     
   358.000000000000        4.36109330919559     
   359.000000000000        4.36657135958281     
   360.000000000000        4.37207881766405     
   361.000000000000        4.37759038210664     
   362.000000000000        4.38306506969267     
   363.000000000000        4.38854715084553     
   364.000000000000        4.39402550519750     
   365.000000000000        4.39951775454528     
   366.000000000000        4.40497242372061     
   367.000000000000        4.41047207664528     
   368.000000000000        4.41592545170955     
   369.000000000000        4.42141347334586     
   370.000000000000        4.42686566324923     
   371.000000000000        4.43231010883470     
   372.000000000000        4.43777434599320     
   373.000000000000        4.44325829651510     
   374.000000000000        4.44868912755937     
   375.000000000000        4.45412490266550     
   376.000000000000        4.45959640358324     
   377.000000000000        4.46507500545900     
   378.000000000000        4.47047260757791     
   379.000000000000        4.47593582585458     
   380.000000000000        4.48137648505932     
   381.000000000000        4.48680016333304     
   382.000000000000        4.49226162511948     
   383.000000000000        4.49766371345614     
   384.000000000000        4.50310771022617     
   385.000000000000        4.50858437568511     
   386.000000000000        4.51397286724131     
   387.000000000000        4.51943009034482     
   388.000000000000        4.52481319349237     
   389.000000000000        4.53029585676351     
   390.000000000000        4.53567796079736     
   391.000000000000        4.54112773061904     
   392.000000000000        4.54655625002457     
   393.000000000000        4.55197660609716     
   394.000000000000        4.55739345593794     
   395.000000000000        4.56281784867289     
   396.000000000000        4.56822578852560     
   397.000000000000        4.57365881187680     
   398.000000000000        4.57906333979675     
   399.000000000000        4.58452884383097     
   400.000000000000        4.58991378600809     
   401.000000000000        4.59531119773390     
   402.000000000000        4.60076720524501     
   403.000000000000        4.60615666250130     
   404.000000000000        4.61160215548550     
   405.000000000000        4.61695604661510     
   406.000000000000        4.62247456646461     
   407.000000000000        4.62782046501228     
   408.000000000000        4.63325062086158     
   409.000000000000        4.63867100922523     
   410.000000000000        4.64407565371736     
   411.000000000000        4.64952383294036     
   412.000000000000        4.65492374995373     
   413.000000000000        4.66036139593198     
   414.000000000000        4.66574745666273     
   415.000000000000        4.67118903584140     
   416.000000000000        4.67656967629329     
   417.000000000000        4.68200443126343     
   418.000000000000        4.68748109617208     
   419.000000000000        4.69282754543948     
   420.000000000000        4.69828825446277     
   421.000000000000        4.70371106897894     
   422.000000000000        4.70913743841036     
   423.000000000000        4.71452752937392     
   424.000000000000        4.71997535880266     
   425.000000000000        4.72538121001766     
   426.000000000000        4.73084597309087     
   427.000000000000        4.73626628959726     
   428.000000000000        4.74163831290987     
   429.000000000000        4.74711568986170     
   430.000000000000        4.75255553607355     
   431.000000000000        4.75796791445381     
   432.000000000000        4.76343049745497     
   433.000000000000        4.76884612626612     
   434.000000000000        4.77426091090177     
   435.000000000000        4.77970973817758     
   436.000000000000        4.78512768168420     
   437.000000000000        4.79063680313869     
   438.000000000000        4.79605004189088     
   439.000000000000        4.80146735133018     
   440.000000000000        4.80690910696825     
   441.000000000000        4.81236722133804     
   442.000000000000        4.81785357263923     
   443.000000000000        4.82323650996763     
   444.000000000000        4.82873879623132     
   445.000000000000        4.83419368379938     
   446.000000000000        4.83960602162419     
   447.000000000000        4.84509867176720     
   448.000000000000        4.85053410322073     
   449.000000000000        4.85602455570852     
   450.000000000000        4.86147122179796     
   451.000000000000        4.86692785741576     
   452.000000000000        4.87241301933551     
   453.000000000000        4.87789550183677     
   454.000000000000        4.88332990822008     
   455.000000000000        4.88880683807339     
   456.000000000000        4.89432299107880     
   457.000000000000        4.89976324792262     
   458.000000000000        4.90527031023265     
   459.000000000000        4.91075076927182     
   460.000000000000        4.91623946039531     
   461.000000000000        4.92172576172834     
   462.000000000000        4.92718863998455     
   463.000000000000        4.93270961045563     
   464.000000000000        4.93815986030732     
   465.000000000000        4.94373230948897     
   466.000000000000        4.94916838147668     
   467.000000000000        4.95472399963939     
   468.000000000000        4.96019323041143     
   469.000000000000        4.96572883631931     
   470.000000000000        4.97124076998642     
   471.000000000000        4.97670991113058     
   472.000000000000        4.98226108301361     
   473.000000000000        4.98776204812369     
   474.000000000000        4.99331477901235     
   475.000000000000        4.99886421830777     
   476.000000000000        5.00430636547609     
   477.000000000000        5.00991516164909     
   478.000000000000        5.01540680222065     
   479.000000000000        5.02093888478405     
   480.000000000000        5.02654116575968     
   481.000000000000        5.03204932441635     
   482.000000000000        5.03759962176906     
   483.000000000000        5.04311531210805     
   484.000000000000        5.04870538930354     
   485.000000000000        5.05420260435542     
   486.000000000000        5.05983311255674     
   487.000000000000        5.06540496393776     
   488.000000000000        5.07090592802969     
   489.000000000000        5.07651497290447     
   490.000000000000        5.08210384706868     
   491.000000000000        5.08766808122419     
   492.000000000000        5.09319529709133     
   493.000000000000        5.09883356365908     
   494.000000000000        5.10440683615313     
   495.000000000000        5.11003438500620     
   496.000000000000        5.11558191157245     
   497.000000000000        5.12117502749661     
   498.000000000000        5.12679300139114     
   499.000000000000        5.13240490796496     
   500.000000000000        5.13800574111328     
   501.000000000000        5.14361818382968     
   502.000000000000        5.14919403799941     
   503.000000000000        5.15484990740039     
   504.000000000000        5.16047388021325     
   505.000000000000        5.16613467173433     
   506.000000000000        5.17171539787207     
   507.000000000000        5.17732877719952     
   508.000000000000        5.18297833263517     
   509.000000000000        5.18863881287751     
   510.000000000000        5.19430138814939     
   511.000000000000        5.19992780051920     
   512.000000000000        5.20562598311883     
   513.000000000000        5.21123517987878     
   514.000000000000        5.21684132310770     
   515.000000000000        5.22258323131996     
   516.000000000000        5.22826632355935     
   517.000000000000        5.23387087184076     
   518.000000000000        5.23960446231955     
   519.000000000000        5.24522445690821     
   520.000000000000        5.25098491219249     
   521.000000000000        5.25659679124387     
   522.000000000000        5.26236699161973     
   523.000000000000        5.26798012988996     
   524.000000000000        5.27377434948461     
   525.000000000000        5.27947173900249     
   526.000000000000        5.28510602736025     
   527.000000000000        5.29084555776428     
   528.000000000000        5.29660232230660     
   529.000000000000        5.30230108953422     
   530.000000000000        5.30800169699266     
   531.000000000000        5.31375275597053     
   532.000000000000        5.31947231228673     
   533.000000000000        5.32521835233995     
   534.000000000000        5.33096522644665     
   535.000000000000        5.33670814560482     
   536.000000000000        5.34248934178551     
   537.000000000000        5.34823604457725     
   538.000000000000        5.35394662661523     
   539.000000000000        5.35978523072345     
   540.000000000000        5.36553300543011     
   541.000000000000        5.37129860717114     
   542.000000000000        5.37705647553387     
   543.000000000000        5.38287230131638     
   544.000000000000        5.38861130496847     
   545.000000000000        5.39445132896169     
   546.000000000000        5.40028498491687     
   547.000000000000        5.40602953712234     
   548.000000000000        5.41185494419904     
   549.000000000000        5.41764922327362     
   550.000000000000        5.42348297993827     
   551.000000000000        5.42929438263983     
   552.000000000000        5.43510576628700     
   553.000000000000        5.44093572897104     
   554.000000000000        5.44677296497933     
   555.000000000000        5.45260954392378     
   556.000000000000        5.45845342955346     
   557.000000000000        5.46432615416432     
   558.000000000000        5.47015584327061     
   559.000000000000        5.47602786980087     
   560.000000000000        5.48187392326555     
   561.000000000000        5.48773101366551     
   562.000000000000        5.49364757222566     
   563.000000000000        5.49945387960095     
   564.000000000000        5.50537479248602     
   565.000000000000        5.51131329566935     
   566.000000000000        5.51714269540143     
   567.000000000000        5.52305206938428     
   568.000000000000        5.52895601568275     
   569.000000000000        5.53481925018256     
   570.000000000000        5.54079786227272     
   571.000000000000        5.54669977664196     
   572.000000000000        5.55259970324172     
   573.000000000000        5.55857357020365     
   574.000000000000        5.56441207751442     
   575.000000000000        5.57041750868405     
   576.000000000000        5.57633111132965     
   577.000000000000        5.58229969992584     
   578.000000000000        5.58825796807271     
   579.000000000000        5.59416963464518     
   580.000000000000        5.60013448827554     
   581.000000000000        5.60613688299167     
   582.000000000000        5.61205937589104     
   583.000000000000        5.61807028752726     
   584.000000000000        5.62404276770841     
   585.000000000000        5.63003953230680     
   586.000000000000        5.63600721826271     
   587.000000000000        5.64200211468531     
   588.000000000000        5.64800627264695     
   589.000000000000        5.65408109681921     
   590.000000000000        5.66006594043915     
   591.000000000000        5.66606792393388     
   592.000000000000        5.67198429963076     
   593.000000000000        5.67810466088066     
   594.000000000000        5.68415106170416     
   595.000000000000        5.69018877493218     
   596.000000000000        5.69622205637529     
   597.000000000000        5.70226970023046     
   598.000000000000        5.70824461203024     
   599.000000000000        5.71440832810570     
   600.000000000000        5.72044610328336     
   601.000000000000        5.72653226617497     
   602.000000000000        5.73260141703198     
   603.000000000000        5.73862421257219     
   604.000000000000        5.74474027691573     
   605.000000000000        5.75082006790900     
   606.000000000000        5.75700003492209     
   607.000000000000        5.76296331207399     
   608.000000000000        5.76919813231390     
   609.000000000000        5.77521820513527     
   610.000000000000        5.78140531924547     
   611.000000000000        5.78743516563949     
   612.000000000000        5.79361237584177     
   613.000000000000        5.79973003390456     
   614.000000000000        5.80595953040214     
   615.000000000000        5.81202410745464     
   616.000000000000        5.81821752406015     
   617.000000000000        5.82428200262266     
   618.000000000000        5.83050359039028     
   619.000000000000        5.83663992312230     
   620.000000000000        5.84284068683980     
   621.000000000000        5.84898603876223     
   622.000000000000        5.85520273337043     
   623.000000000000        5.86139059701065     
   624.000000000000        5.86758306065893     
   625.000000000000        5.87371981584101     
   626.000000000000        5.88000903191971     
   627.000000000000        5.88611086633383     
   628.000000000000        5.89246702169602     
   629.000000000000        5.89854066947478     
   630.000000000000        5.90485206437111     
   631.000000000000        5.91105995867116     
   632.000000000000        5.91732690943976     
   633.000000000000        5.92355812922674     
   634.000000000000        5.92975575449135     
   635.000000000000        5.93598424739277     
   636.000000000000        5.94242116017920     
   637.000000000000        5.94853095004629     
   638.000000000000        5.95477986411666     
   639.000000000000        5.96119042634448     
   640.000000000000        5.96736807073546     
   641.000000000000        5.97370516430302     
   642.000000000000        5.97996786418449     
   643.000000000000        5.98626928706556     
   644.000000000000        5.99248316756443     
   645.000000000000        5.99897153629789     
   646.000000000000        6.00513116882073     
   647.000000000000        6.01157714370553     
   648.000000000000        6.01778682092308     
   649.000000000000        6.02420368671932     
   650.000000000000        6.03047874372734     
   651.000000000000        6.03685593442868     
   652.000000000000        6.04316773647876     
   653.000000000000        6.04955455541021     
   654.000000000000        6.05591887916303     
   655.000000000000        6.06228465910265     
   656.000000000000        6.06868485452546     
   657.000000000000        6.07493038286641     
   658.000000000000        6.08141367929965     
   659.000000000000        6.08773922238356     
   660.000000000000        6.09419455481976     
   661.000000000000        6.10058600219927     
   662.000000000000        6.10699624178489     
   663.000000000000        6.11334414937626     
   664.000000000000        6.11978553801827     
   665.000000000000        6.12627873073548     
   666.000000000000        6.13263345392554     
   667.000000000000        6.13901121561468     
   668.000000000000        6.14551700205578     
   669.000000000000        6.15200967320921     
   670.000000000000        6.15840445341129     
   671.000000000000        6.16492128170933     
   672.000000000000        6.17122943924764     
   673.000000000000        6.17785343165570     
   674.000000000000        6.18416380328773     
   675.000000000000        6.19077029274779     
   676.000000000000        6.19718379700340     
   677.000000000000        6.20370652151391     
   678.000000000000        6.21018529458924     
   679.000000000000        6.21677085016894     
   680.000000000000        6.22314075644561     
   681.000000000000        6.22976411163418     
   682.000000000000        6.23617142420560     
   683.000000000000        6.24279461363693     
   684.000000000000        6.24933225795164     
   685.000000000000        6.25586131659861     
   686.000000000000        6.26230894191920     
   687.000000000000        6.26888118640527     
   688.000000000000        6.27546642631007     
   689.000000000000        6.28192047096284     
   690.000000000000        6.28856008250677     
   691.000000000000        6.29518626072007     
   692.000000000000        6.30166992278399     
   693.000000000000        6.30834515470101     
   694.000000000000        6.31482812730253     
   695.000000000000        6.32145452862021     
   696.000000000000        6.32805081868322     
   697.000000000000        6.33465217951510     
   698.000000000000        6.34142956067618     
   699.000000000000        6.34780864646588     
   700.000000000000        6.35439844694495     
   701.000000000000        6.36118292677588     
   702.000000000000        6.36764818632638     
   703.000000000000        6.37452183560749     
   704.000000000000        6.38096729254324     
   705.000000000000        6.38768019426923     
   706.000000000000        6.39425549033809     
   707.000000000000        6.40102725001751     
   708.000000000000        6.40761854848917     
   709.000000000000        6.41432736459064     
   710.000000000000        6.42096415477693     
   711.000000000000        6.42772525792184     
   712.000000000000        6.43439589901297     
   713.000000000000        6.44096393372540     
   714.000000000000        6.44775934580239     
   715.000000000000        6.45449198936275     
   716.000000000000        6.46113818330813     
   717.000000000000        6.46788537247017     
   718.000000000000        6.47454916326804     
   719.000000000000        6.48129984694666     
   720.000000000000        6.48809490461667     
   721.000000000000        6.49470236098106     
   722.000000000000        6.50151863418810     
   723.000000000000        6.50825793393422     
   724.000000000000        6.51511774186156     
   725.000000000000        6.52170929346740     
   726.000000000000        6.52850323334270     
   727.000000000000        6.53534994572227     
   728.000000000000        6.54205373282828     
   729.000000000000        6.54893344261992     
   730.000000000000        6.55551951530292     
   731.000000000000        6.56248478121900     
   732.000000000000        6.56934944700155     
   733.000000000000        6.57601429064667     
   734.000000000000        6.58282832352747     
   735.000000000000        6.58967395613868     
   736.000000000000        6.59643222043508     
   737.000000000000        6.60328349769639     
   738.000000000000        6.61012554714309     
   739.000000000000        6.61701912075876     
   740.000000000000        6.62387130339978     
   741.000000000000        6.63060459532907     
   742.000000000000        6.63750408039390     
   743.000000000000        6.64435438895465     
   744.000000000000        6.65122091667735     
   745.000000000000        6.65805808229177     
   746.000000000000        6.66510310383105     
   747.000000000000        6.67173947012950     
   748.000000000000        6.67877119692548     
   749.000000000000        6.68569078296575     
   750.000000000000        6.69241472329636     
   751.000000000000        6.69942045829363     
   752.000000000000        6.70636492362597     
   753.000000000000        6.71320020241179     
   754.000000000000        6.72026695491341     
   755.000000000000        6.72686503847315     
   756.000000000000        6.73408996457519     
   757.000000000000        6.74097042307334     
   758.000000000000        6.74792235340060     
   759.000000000000        6.75482906967939     
   760.000000000000        6.76174162182455     
   761.000000000000        6.76869616989763     
   762.000000000000        6.77568873960850     
   763.000000000000        6.78263561631676     
   764.000000000000        6.78951446179351     
   765.000000000000        6.79675127581800     
   766.000000000000        6.80344554234148     
   767.000000000000        6.81060546395640     
   768.000000000000        6.81760922524563     
   769.000000000000        6.82441423469223     
   770.000000000000        6.83149405862230     
   771.000000000000        6.83853175029754     
   772.000000000000        6.84565792010745     
   773.000000000000        6.85245713501263     
   774.000000000000        6.85959249636585     
   775.000000000000        6.86664547310072     
   776.000000000000        6.87368925446519     
   777.000000000000        6.88065143711771     
   778.000000000000        6.88781130948744     
   779.000000000000        6.89462490999700     
   780.000000000000        6.90194211138494     
   781.000000000000        6.90878189213642     
   782.000000000000        6.91587326717631     
   783.000000000000        6.92309503808550     
   784.000000000000        6.93010747835131     
   785.000000000000        6.93713118400034     
   786.000000000000        6.94429796734563     
   787.000000000000        6.95119633018255     
   788.000000000000        6.95832150947604     
   789.000000000000        6.96561912888316     
   790.000000000000        6.97263821121298     
   791.000000000000        6.97978863201744     
   792.000000000000        6.98671234184049     
   793.000000000000        6.99389655453852     
   794.000000000000        7.00125859198644     
   795.000000000000        7.00807407960001     
   796.000000000000        7.01528598599310     
   797.000000000000        7.02246105088327     
   798.000000000000        7.02956739852007     
   799.000000000000        7.03686772363133     
   800.000000000000        7.04382413969406     
   801.000000000000        7.05097759252137     
   802.000000000000        7.05833694798988     
   803.000000000000        7.06523083616288     
   804.000000000000        7.07258768432342     
   805.000000000000        7.07973566178150     
   806.000000000000        7.08682916339691     
   807.000000000000        7.09405620215940     
   808.000000000000        7.10131903981611     
   809.000000000000        7.10844002392402     
   810.000000000000        7.11563456778166     
   811.000000000000        7.12270876938137     
   812.000000000000        7.13012312449145     
   813.000000000000        7.13733880297875     
   814.000000000000        7.14439882423877     
   815.000000000000        7.15168908746391     
   816.000000000000        7.15900171389022     
   817.000000000000        7.16614380776010     
   818.000000000000        7.17334746109129     
   819.000000000000        7.18066888729656     
   820.000000000000        7.18778339340568     
   821.000000000000        7.19506806340787     
   822.000000000000        7.20232389093387     
   823.000000000000        7.20962845655195     
   824.000000000000        7.21687001413255     
   825.000000000000        7.22414774589385     
   826.000000000000        7.23120874864867     
   827.000000000000        7.23876850416168     
   828.000000000000        7.24596734866980     
   829.000000000000        7.25324064992777     
   830.000000000000        7.26045808550714     
   831.000000000000        7.26769399675814     
   832.000000000000        7.27511433560770     
   833.000000000000        7.28233240248487     
   834.000000000000        7.28984064909318     
   835.000000000000        7.29678297001049     
   836.000000000000        7.30428881692389     
   837.000000000000        7.31172778505179     
   838.000000000000        7.31888450474973     
   839.000000000000        7.32615915625861     
   840.000000000000        7.33370848430076     
   841.000000000000        7.34081657423806     
   842.000000000000        7.34816515228868     
   843.000000000000        7.35561006820196     
   844.000000000000        7.36287639270679     
   845.000000000000        7.37022916834865     
   846.000000000000        7.37757202269520     
   847.000000000000        7.38501683442884     
   848.000000000000        7.39215406309792     
   849.000000000000        7.39963347892375     
   850.000000000000        7.40705643141701     
   851.000000000000        7.41433730404369     
   852.000000000000        7.42187715056226     
   853.000000000000        7.42912661647824     
   854.000000000000        7.43641940976262     
   855.000000000000        7.44397256094997     
   856.000000000000        7.45114304578425     
   857.000000000000        7.45858006671265     
   858.000000000000        7.46618664480750     
   859.000000000000        7.47336151267291     
   860.000000000000        7.48077580560882     
   861.000000000000        7.48825615367674     
   862.000000000000        7.49566404133810     
   863.000000000000        7.50308146062171     
   864.000000000000        7.51052562990081     
   865.000000000000        7.51781814455215     
   866.000000000000        7.52528599629631     
   867.000000000000        7.53266359970218     
   868.000000000000        7.54017559750668     
   869.000000000000        7.54770133721909     
   870.000000000000        7.55486718851459     
   871.000000000000        7.56239198745938     
   872.000000000000        7.56981993496535     
   873.000000000000        7.57718542766898     
   874.000000000000        7.58493546241623     
   875.000000000000        7.59224669830099     
   876.000000000000        7.59944937759868     
   877.000000000000        7.60728873234096     
   878.000000000000        7.61443168838685     
   879.000000000000        7.62200011360001     
   880.000000000000        7.62944367856756     
   881.000000000000        7.63695890625251     
   882.000000000000        7.64429595879947     
   883.000000000000        7.65190143194638     
   884.000000000000        7.65933873586169     
   885.000000000000        7.66680136053196     
   886.000000000000        7.67423393088955     
   887.000000000000        7.68191304629119     
   888.000000000000        7.68916199559600     
   889.000000000000        7.69673775529411     
   890.000000000000        7.70418369419650     
   891.000000000000        7.71181056392600     
   892.000000000000        7.71899135543713     
   893.000000000000        7.72684907955383     
   894.000000000000        7.73420128387737     
   895.000000000000        7.74149996318417     
   896.000000000000        7.74935165172792     
   897.000000000000        7.75663045250741     
   898.000000000000        7.76417885352453     
   899.000000000000        7.77156572356298     
   900.000000000000        7.77919664815968     
   901.000000000000        7.78701237046068     
   902.000000000000        7.79396188274636     
   903.000000000000        7.80193937931438     
   904.000000000000        7.80910505319663     
   905.000000000000        7.81680322602831     
   906.000000000000        7.82413877202990     
   907.000000000000        7.83208575366201     
   908.000000000000        7.83923997473517     
   909.000000000000        7.84692376525253     
   910.000000000000        7.85444811151999     
   911.000000000000        7.86188879415453     
   912.000000000000        7.86955518800734     
   913.000000000000        7.87700846463795     
   914.000000000000        7.88463752464285     
   915.000000000000        7.89190110484174     
   916.000000000000        7.89981329275530     
   917.000000000000        7.90692972840086     
   918.000000000000        7.91491813184795     
   919.000000000000        7.92215796067210     
   920.000000000000        7.92981373030653     
   921.000000000000        7.93731367161330     
   922.000000000000        7.94490297619478     
   923.000000000000        7.95242117268816     
   924.000000000000        7.96006524181310     
   925.000000000000        7.96736338447469     
   926.000000000000        7.97522517291193     
   927.000000000000        7.98262968365647     
   928.000000000000        7.99018564882399     
   929.000000000000        7.99775098709485     
   930.000000000000        8.00529698248199     
   931.000000000000        8.01296676191656     
   932.000000000000        8.02032664715945     
   933.000000000000        8.02804355444543     
   934.000000000000        8.03539612908511     
   935.000000000000        8.04321407479328     
   936.000000000000        8.05058085446369     
   937.000000000000        8.05799047408102     
   938.000000000000        8.06605677922606     
   939.000000000000        8.07347106864654     
   940.000000000000        8.08074408286637     
   941.000000000000        8.08830422848629     
   942.000000000000        8.09607155111614     
   943.000000000000        8.10373626120662     
   944.000000000000        8.11105758322687     
   945.000000000000        8.11872384005778     
   946.000000000000        8.12630062210009     
   947.000000000000        8.13391312388864     
   948.000000000000        8.14148149611061     
   949.000000000000        8.14884872568819     
   950.000000000000        8.15640971469137     
   951.000000000000        8.16418265173535     
   952.000000000000        8.17165896266601     
   953.000000000000        8.17932683483042     
   954.000000000000        8.18669169024663     
   955.000000000000        8.19445243508462     
   956.000000000000        8.20203672022694     
   957.000000000000        8.20938214592622     
   958.000000000000        8.21700846923095     
   959.000000000000        8.22461773999173     
   960.000000000000        8.23219885624322     
   961.000000000000        8.23975575156445     
   962.000000000000        8.24716965328805     
   963.000000000000        8.25504207394836     
   964.000000000000        8.26239774006403     
   965.000000000000        8.26996184240945     
   966.000000000000        8.27751805045825     
   967.000000000000        8.28514142533121     
   968.000000000000        8.29269046694234     
   969.000000000000        8.30010214220585     
   970.000000000000        8.30791988586172     
   971.000000000000        8.31515234478656     
   972.000000000000        8.32292506091583     
   973.000000000000        8.33059959072329     
   974.000000000000        8.33777283281715     
   975.000000000000        8.34552611776319     
   976.000000000000        8.35298923427391     
   977.000000000000        8.36085248546888     
   978.000000000000        8.36791917507268     
   979.000000000000        8.37593109157405     
   980.000000000000        8.38301390633898     
   981.000000000000        8.39082493510946     
   982.000000000000        8.39830757334486     
   983.000000000000        8.40574526675987     
   984.000000000000        8.41343599915687     
   985.000000000000        8.42102841333259     
   986.000000000000        8.42834827530381     
   987.000000000000        8.43599651840094     
   988.000000000000        8.44357561497115     
   989.000000000000        8.45093320725953     
   990.000000000000        8.45852933087196     
   991.000000000000        8.46614752056372     
   992.000000000000        8.47346419296820     
   993.000000000000        8.48130426787065     
   994.000000000000        8.48855589138418     
   995.000000000000        8.49606100609743     
   996.000000000000        8.50357873321796     
   997.000000000000        8.51114612542161     
   998.000000000000        8.51870852226902     
   999.000000000000        8.52592742854102     
   1000.00000000000        8.53381947574195     
   1001.00000000000        8.54104462247445     
   1002.00000000000        8.54876856761733     
   1003.00000000000        8.55620471646865     
   1004.00000000000        8.56352251408236     
   1005.00000000000        8.57106109881235     
   1006.00000000000        8.57849304064177     
   1007.00000000000        8.58603123253639     
   1008.00000000000        8.59345827046314     
   1009.00000000000        8.60087593798650     
   1010.00000000000        8.60867539778131     
   1011.00000000000        8.61570315366069     
   1012.00000000000        8.62343309431307     
   1013.00000000000        8.63095907922981     
   1014.00000000000        8.63830840813968     
   1015.00000000000        8.64558156125866     
   1016.00000000000        8.65331738897269     
   1017.00000000000        8.66048233596661     
   1018.00000000000        8.66820128719888     
   1019.00000000000        8.67537345460819     
   1020.00000000000        8.68284625477278     
   1021.00000000000        8.69033295393880     
   1022.00000000000        8.69775508909222     
   1023.00000000000        8.70530930612638     
   1024.00000000000        8.71237033888049     
   1025.00000000000        8.72001018494541     
   1026.00000000000        8.72747124706999     
   1027.00000000000        8.73483948907500     
   1028.00000000000        8.74210771442427     
   1029.00000000000        8.74962125683080     
   1030.00000000000        8.75684196192955     
   1031.00000000000        8.76433014432564     
   1032.00000000000        8.77176888478443     
   1033.00000000000        8.77915538904834     
   1034.00000000000        8.78628701517382     
   1035.00000000000        8.79400285850435     
   1036.00000000000        8.80107504723384     
   1037.00000000000        8.80858906896732     
   1038.00000000000        8.81584013225248     
   1039.00000000000        8.82317687168313     
   1040.00000000000        8.83052135504205     
   1041.00000000000        8.83779167313234     
   1042.00000000000        8.84512150933423     
   1043.00000000000        8.85279197090853     
   1044.00000000000        8.85952143967387     
   1045.00000000000        8.86717820570167     
   1046.00000000000        8.87444323720561     
   1047.00000000000        8.88155446369699     
   1048.00000000000        8.88903032643316     
   1049.00000000000        8.89636237293865     
   1050.00000000000        8.90354867401292     
   1051.00000000000        8.91074188583852     
   1052.00000000000        8.91832130513257     
   1053.00000000000        8.92527225425179     
   1054.00000000000        8.93247372770086     
   1055.00000000000        8.93985035969070     
   1056.00000000000        8.94714858892995     
   1057.00000000000        8.95426397621347     
   1058.00000000000        8.96142885485107     
   1059.00000000000        8.96895423575078     
   1060.00000000000        8.97563241744886     
   1061.00000000000        8.98338370506790     
   1062.00000000000        8.99028401702816     
   1063.00000000000        8.99747166747561     
   1064.00000000000        9.00478483738111     
   1065.00000000000        9.01202447590278     
   1066.00000000000        9.01884062019392     
   1067.00000000000        9.02654173444308     
   1068.00000000000        9.03309199302563     
   1069.00000000000        9.04048533028619     
   1070.00000000000        9.04787531819102     
   1071.00000000000        9.05471289022961     
   1072.00000000000        9.06182584625951     
   1073.00000000000        9.06907530277534     
   1074.00000000000        9.07624721472257     
   1075.00000000000        9.08317406863261     
   1076.00000000000        9.09019234046439     
   1077.00000000000        9.09740982009517     
   1078.00000000000        9.10430970311807     
   1079.00000000000        9.11167691441572     
   1080.00000000000        9.11868533643171     
   1081.00000000000        9.12554301719162     
   1082.00000000000        9.13276910859592     
   1083.00000000000        9.13952092594091     
   1084.00000000000        9.14683642033195     
   1085.00000000000        9.15379163461175     
   1086.00000000000        9.16063365298043     
   1087.00000000000        9.16787331623691     
   1088.00000000000        9.17436749038723     
   1089.00000000000        9.18209343392499     
   1090.00000000000        9.18863808527088     
   1091.00000000000        9.19547191938204     
   1092.00000000000        9.20261197979765     
   1093.00000000000        9.20950041033728     
   1094.00000000000        9.21636731885258     
   1095.00000000000        9.22329422477300     
   1096.00000000000        9.23033663054011     
   1097.00000000000        9.23718433219726     
   1098.00000000000        9.24413339550973     
   1099.00000000000        9.25089889231089     
   1100.00000000000        9.25789716622854     
   1101.00000000000        9.26470410255722     
   1102.00000000000        9.27143762235381     
   1103.00000000000        9.27852956383696     
   1104.00000000000        9.28499430812633     
   1105.00000000000        9.29186468328568     
   1106.00000000000        9.29894287383243     
   1107.00000000000        9.30529899518550     
   1108.00000000000        9.31265943961611     
   1109.00000000000        9.31907511648143     
   1110.00000000000        9.32595905721736     
   1111.00000000000        9.33285516372729     
   1112.00000000000        9.33928107098856     
   1113.00000000000        9.34627677260648     
   1114.00000000000        9.35267930862069     
   1115.00000000000        9.35971469291987     
   1116.00000000000        9.36622064146096     
   1117.00000000000        9.37285900840988     
   1118.00000000000        9.37979212911954     
   1119.00000000000        9.38640418232344     
   1120.00000000000        9.39298699362238     
   1121.00000000000        9.39930795307489     
   1122.00000000000        9.40633422202940     
   1123.00000000000        9.41282211808772     
   1124.00000000000        9.41950054741151     
   1125.00000000000        9.42589183571855     
   1126.00000000000        9.43281671805669     
   1127.00000000000        9.43912013745856     
   1128.00000000000        9.44541865842823     
   1129.00000000000        9.45249295084874     
   1130.00000000000        9.45862632519450     
   1131.00000000000        9.46529035038127     
   1132.00000000000        9.47192063757510     
   1133.00000000000        9.47829285513272     
   1134.00000000000        9.48477461983773     
   1135.00000000000        9.49103709443388     
   1136.00000000000        9.49796909512839     
   1137.00000000000        9.50401186474717     
   1138.00000000000        9.51076904968762     
   1139.00000000000        9.51679355686732     
   1140.00000000000        9.52333863040170     
   1141.00000000000        9.52964667862710     
   1142.00000000000        9.53589730363407     
   1143.00000000000        9.54265437956191     
   1144.00000000000        9.54880699981243     
   1145.00000000000        9.55521245802938     
   1146.00000000000        9.56146210784108     
   1147.00000000000        9.56756881004780     
   1148.00000000000        9.57411309257014     
   1149.00000000000        9.58041249958872     
   1150.00000000000        9.58645425541301     
   1151.00000000000        9.59273318970334     
   1152.00000000000        9.59893942640376     
   1153.00000000000        9.60523086528459     
   1154.00000000000        9.61165512687486     
   1155.00000000000        9.61755203720865     
   1156.00000000000        9.62375053660219     
   1157.00000000000        9.62980863493819     
   1158.00000000000        9.63612967130526     
   1159.00000000000        9.64230834402443     
   1160.00000000000        9.64821139000622     
   1161.00000000000        9.65452810065177     
   1162.00000000000        9.66014116836122     
   1163.00000000000        9.66652834067440     
   1164.00000000000        9.67272702062641     
   1165.00000000000        9.67863840739396     
   1166.00000000000        9.68423086734764     
   1167.00000000000        9.69092489920139     
   1168.00000000000        9.69650617959340     
   1169.00000000000        9.70276165308337     
   1170.00000000000        9.70830084753857     
   1171.00000000000        9.71409138835314     
   1172.00000000000        9.72058568255033     
   1173.00000000000        9.72647882875278     
   1174.00000000000        9.73195132798693     
   1175.00000000000        9.73812853575093     
   1176.00000000000        9.74383076706629     
   1177.00000000000        9.74981488265561     
   1178.00000000000        9.75563787562722     
   1179.00000000000        9.76061558558487     
   1180.00000000000        9.76748249137468     
   1181.00000000000        9.77288299901299     
   1182.00000000000        9.77834688083725     
   1183.00000000000        9.78449533477571     
   1184.00000000000        9.78995091291352     
   1185.00000000000        9.79592397170435     
   1186.00000000000        9.80134096099412     
   1187.00000000000        9.80714390065552     
   1188.00000000000        9.81235767381545     
   1189.00000000000        9.81899732887900     
   1190.00000000000        9.82331312658043     
   1191.00000000000        9.82979255482864     
   1192.00000000000        9.83520867339491     
   1193.00000000000        9.84048052738044     
   1194.00000000000        9.84647382766788     
   1195.00000000000        9.85155817838406     
   1196.00000000000        9.85690889240242     
   1197.00000000000        9.86269045977420     
   1198.00000000000        9.86831466198122     
   1199.00000000000        9.87374830273386     
   1200.00000000000        9.87888623780676     
   1201.00000000000        9.88416027642842     
   1202.00000000000        9.88968459781123     
   1203.00000000000        9.89552943665582     
   1204.00000000000        9.90025579241788     
   1205.00000000000        9.90634810845481     
   1206.00000000000        9.91106013262642     
   1207.00000000000        9.91609460110173     
   1208.00000000000        9.92164867426227     
   1209.00000000000        9.92689932255565     
   1210.00000000000        9.93256777219075     
   1211.00000000000        9.93749866632611     
   1212.00000000000        9.94200004449175     
   1213.00000000000        9.94773796766451     
   1214.00000000000        9.95287415243128     
   1215.00000000000        9.95804125877124     
   1216.00000000000        9.96314631835439     
   1217.00000000000        9.96822668339408     
   1218.00000000000        9.97346871191468     
   1219.00000000000        9.97837818483909     
   1220.00000000000        9.98311257388889     
   1221.00000000000        9.98813826216303     
   1222.00000000000        9.99358894900125     
   1223.00000000000        9.99806002664126     
   1224.00000000000        10.0036493428126     
   1225.00000000000        10.0078532389095     
   1226.00000000000        10.0131940197309     
   1227.00000000000        10.0176356553550     
   1228.00000000000        10.0230962695709     
   1229.00000000000        10.0273367181116     
   1230.00000000000        10.0326143236706     
   1231.00000000000        10.0372754209474     
   1232.00000000000        10.0419083269288     
   1233.00000000000        10.0469702157640     
   1234.00000000000        10.0515361433217     
   1235.00000000000        10.0564354550617     
   1236.00000000000        10.0608160420747     
   1237.00000000000        10.0657866296514     
   1238.00000000000        10.0698552682648     
   1239.00000000000        10.0747859850870     
   1240.00000000000        10.0792179798418     
   1241.00000000000        10.0844190110549     
   1242.00000000000        10.0882227734697     
   1243.00000000000        10.0930876623461     
   1244.00000000000        10.0974245860709     
   1245.00000000000        10.1020779236025     
   1246.00000000000        10.1071482033611     
   1247.00000000000        10.1105425470208     
   1248.00000000000        10.1155836819059     
   1249.00000000000        10.1199889374701     
   1250.00000000000        10.1240658579999     
   1251.00000000000        10.1282700518557     
   1252.00000000000        10.1330485550970     
   1253.00000000000        10.1372028804302     
   1254.00000000000        10.1412245066283     
   1255.00000000000        10.1460541405897     
   1256.00000000000        10.1495737480476     
   1257.00000000000        10.1537719085035     
   1258.00000000000        10.1585828309536     
   1259.00000000000        10.1627280398029     
   1260.00000000000        10.1664391990488     
   1261.00000000000        10.1708543260362     
   1262.00000000000        10.1749699789605     
   1263.00000000000        10.1781179948453     
   1264.00000000000        10.1832246317254     
   1265.00000000000        10.1869701656352     
   1266.00000000000        10.1912620553150     
   1267.00000000000        10.1943456006724     
   1268.00000000000        10.1991789608359     
   1269.00000000000        10.2023671680715     
   1270.00000000000        10.2070158990690     
   1271.00000000000        10.2104792930671     
   1272.00000000000        10.2141518349715     
   1273.00000000000        10.2183066284781     
   1274.00000000000        10.2222369059834     
   1275.00000000000        10.2255922272950     
   1276.00000000000        10.2291654753975     
   1277.00000000000        10.2333837381883     
   1278.00000000000        10.2367705263626     
   1279.00000000000        10.2406130110503     
   1280.00000000000        10.2444007756812     
   1281.00000000000        10.2480299686180     
   1282.00000000000        10.2516793978841     
   1283.00000000000        10.2546161183846     
   1284.00000000000        10.2581865400625     
   1285.00000000000        10.2620068981330     
   1286.00000000000        10.2659659578746     
   1287.00000000000        10.2692913403816     
   1288.00000000000        10.2718299869886     
   1289.00000000000        10.2761889248949     
   1290.00000000000        10.2795749018756     
   1291.00000000000        10.2823467019572     
   1292.00000000000        10.2858220331504     
   1293.00000000000        10.2897922962766     
   1294.00000000000        10.2921463667760     
   1295.00000000000        10.2960376880653     
   1296.00000000000        10.2989862366263     
   1297.00000000000        10.3020364465645     
   1298.00000000000        10.3056846186184     
   1299.00000000000        10.3088509113163     
   1300.00000000000        10.3118444465176     
   1301.00000000000        10.3146414089433     
   1302.00000000000        10.3181995634113     
   1303.00000000000        10.3209642392099     
   1304.00000000000        10.3239662393934     
   1305.00000000000        10.3271350215570     
   1306.00000000000        10.3298210818448     
   1307.00000000000        10.3327735776834     
   1308.00000000000        10.3358164288345     
   1309.00000000000        10.3387555868702     
   1310.00000000000        10.3415914206775     
   1311.00000000000        10.3444560321005     
   1312.00000000000        10.3477450611027     
   1313.00000000000        10.3495991794454     
   1314.00000000000        10.3526787642179     
   1315.00000000000        10.3552315329606     
   1316.00000000000        10.3579743789150     
   1317.00000000000        10.3615491409568     
   1318.00000000000        10.3631475172649     
   1319.00000000000        10.3659200949997     
   1320.00000000000        10.3689863023408     
   1321.00000000000        10.3713825221223     
   1322.00000000000        10.3736337080125     
   1323.00000000000        10.3763001354337     
   1324.00000000000        10.3784504844991     
   1325.00000000000        10.3817263486467     
   1326.00000000000        10.3832146337246     
   1327.00000000000        10.3860820070686     
   1328.00000000000        10.3886054190961     
   1329.00000000000        10.3905189661310     
   1330.00000000000        10.3931214809643     
   1331.00000000000        10.3951017925472     
   1332.00000000000        10.3978359116482     
   1333.00000000000        10.4000576581248     
   1334.00000000000        10.4018290733380     
   1335.00000000000        10.4038499592101     
   1336.00000000000        10.4070470507971     
   1337.00000000000        10.4082767207044     
   1338.00000000000        10.4102122294283     
   1339.00000000000        10.4121203636260     
   1340.00000000000        10.4150849247552     
   1341.00000000000        10.4167789163977     
   1342.00000000000        10.4186259333752     
   1343.00000000000        10.4199360411036     
   1344.00000000000        10.4226384090158     
   1345.00000000000        10.4240694215094     
   1346.00000000000        10.4262501707604     
   1347.00000000000        10.4282496931392     
   1348.00000000000        10.4297370831981     
   1349.00000000000        10.4315195284875     
   1350.00000000000        10.4332734519009     
   1351.00000000000        10.4354641083408     
   1352.00000000000        10.4362105851872     
   1353.00000000000        10.4386683008200     
   1354.00000000000        10.4396615255447     
   1355.00000000000        10.4417583433757     
   1356.00000000000        10.4430272983621     
   1357.00000000000        10.4445626977265     
   1358.00000000000        10.4460692257943     
