  0.000000000000000E+000  1.010390269279832E-002
   1.00000000000000       1.010390015262761E-002
   2.00000000000000       1.010389745796224E-002
   3.00000000000000       1.010389471352225E-002
   4.00000000000000       1.010389191938885E-002
   5.00000000000000       1.010388907532888E-002
   6.00000000000000       1.010388618226269E-002
   7.00000000000000       1.010388324071193E-002
   8.00000000000000       1.010388025254190E-002
   9.00000000000000       1.010387722059246E-002
   10.0000000000000       1.010387415116157E-002
   11.0000000000000       1.010387105497851E-002
   12.0000000000000       1.010386794634588E-002
   13.0000000000000       1.010386484513294E-002
   14.0000000000000       1.010386177721189E-002
   15.0000000000000       1.010385877424904E-002
   16.0000000000000       1.010385587531323E-002
   17.0000000000000       1.010385312611253E-002
   18.0000000000000       1.010385057830627E-002
   19.0000000000000       1.010384829047203E-002
   20.0000000000000       1.010384632598727E-002
   21.0000000000000       1.010384553956593E-002
   22.0000000000000       1.010384364750663E-002
   23.0000000000000       1.010384336524051E-002
   24.0000000000000       1.010384339392484E-002
   25.0000000000000       1.010384377457484E-002
   26.0000000000000       1.010384455015109E-002
   27.0000000000000       1.010384787484032E-002
   28.0000000000000       1.010385125968222E-002
   29.0000000000000       1.010385569371382E-002
   30.0000000000000       1.010386126564929E-002
   31.0000000000000       1.010386806476611E-002
   32.0000000000000       1.010387618086194E-002
   33.0000000000000       1.010388570352577E-002
   34.0000000000000       1.010389672187381E-002
   35.0000000000000       1.010390932498088E-002
   36.0000000000000       1.010392360178942E-002
   37.0000000000000       1.010393963976021E-002
   38.0000000000000       1.010395752556218E-002
   39.0000000000000       1.010397734487391E-002
   40.0000000000000       1.010399918211163E-002
   41.0000000000000       1.010402311913820E-002
   42.0000000000000       1.010404923704413E-002
   43.0000000000000       1.010407761394612E-002
   44.0000000000000       1.010410832617739E-002
   45.0000000000000       1.010414144784407E-002
   46.0000000000000       1.010417704970045E-002
   47.0000000000000       1.010421520073534E-002
   48.0000000000000       1.010425596622798E-002
   49.0000000000000       1.010429940829277E-002
   50.0000000000000       1.010434558710843E-002
   51.0000000000000       1.010439455861244E-002
   52.0000000000000       1.010444637539859E-002
   53.0000000000000       1.010450108785520E-002
   54.0000000000000       1.010455874186571E-002
   55.0000000000000       1.010461938079386E-002
   56.0000000000000       1.010468304433370E-002
   57.0000000000000       1.010474976825061E-002
   58.0000000000000       1.010481958659797E-002
   59.0000000000000       1.010489252903452E-002
   60.0000000000000       1.010496862196588E-002
   61.0000000000000       1.010504788872438E-002
   62.0000000000000       1.010513035080757E-002
   63.0000000000000       1.010521602501377E-002
   64.0000000000000       1.010530492608603E-002
   65.0000000000000       1.010539706571051E-002
   66.0000000000000       1.010549245384201E-002
   67.0000000000000       1.010559109681481E-002
   68.0000000000000       1.010569299770989E-002
   69.0000000000000       1.010579815944106E-002
   70.0000000000000       1.010590658093461E-002
   71.0000000000000       1.010601825868892E-002
   72.0000000000000       1.010613318920908E-002
   73.0000000000000       1.010625136376246E-002
   74.0000000000000       1.010637277538971E-002
   75.0000000000000       1.010649741289400E-002
   76.0000000000000       1.010662526287072E-002
   77.0000000000000       1.010675631279721E-002
   78.0000000000000       1.010689054759239E-002
   79.0000000000000       1.010702794952178E-002
   80.0000000000000       1.010716850024729E-002
   81.0000000000000       1.010731218165442E-002
   82.0000000000000       1.010745897356874E-002
   83.0000000000000       1.010760885313444E-002
   84.0000000000000       1.010776179983328E-002
   85.0000000000000       1.010791778827000E-002
   86.0000000000000       1.010807679725401E-002
   87.0000000000000       1.010823879760169E-002
   88.0000000000000       1.010840376761680E-002
   89.0000000000000       1.010857168037491E-002
   90.0000000000000       1.010874250691480E-002
   91.0000000000000       1.010891622379376E-002
   92.0000000000000       1.010909280061482E-002
   93.0000000000000       1.010927220861937E-002
   94.0000000000000       1.010945442318657E-002
   95.0000000000000       1.010963941108765E-002
   96.0000000000000       1.010982714721587E-002
   97.0000000000000       1.011001760126207E-002
   98.0000000000000       1.011021074168401E-002
   99.0000000000000       1.011040654269523E-002
   100.000000000000       1.011060497153862E-002
   101.000000000000       1.011080600104661E-002
   102.000000000000       1.011100960030047E-002
   103.000000000000       1.011121573990515E-002
   104.000000000000       1.011142439097197E-002
   105.000000000000       1.011163552296533E-002
   106.000000000000       1.011184910668717E-002
   107.000000000000       1.011206511228468E-002
   108.000000000000       1.011228351281728E-002
   109.000000000000       1.011250427616419E-002
   110.000000000000       1.011272737503590E-002
   111.000000000000       1.011295278133667E-002
   112.000000000000       1.011318046450375E-002
   113.000000000000       1.011341039721541E-002
   114.000000000000       1.011364255169365E-002
   115.000000000000       1.011387689924711E-002
   116.000000000000       1.011411341224968E-002
   117.000000000000       1.011435206188790E-002
   118.000000000000       1.011459282440611E-002
   119.000000000000       1.011483566934199E-002
   120.000000000000       1.011508057259110E-002
   121.000000000000       1.011532750582015E-002
   122.000000000000       1.011557644364633E-002
   123.000000000000       1.011582736067517E-002
   124.000000000000       1.011608023053391E-002
   125.000000000000       1.011633502859526E-002
   126.000000000000       1.011659172802170E-002
   127.000000000000       1.011685030626638E-002
   128.000000000000       1.011711074012753E-002
   129.000000000000       1.011737299999890E-002
   130.000000000000       1.011763707028959E-002
   131.000000000000       1.011790291813489E-002
   132.000000000000       1.011817052770611E-002
   133.000000000000       1.011843987449025E-002
   134.000000000000       1.011871093271559E-002
   135.000000000000       1.011898368429285E-002
   136.000000000000       1.011925810346525E-002
   137.000000000000       1.011953417233578E-002
   138.000000000000       1.011981186579993E-002
   139.000000000000       1.012009116534581E-002
   140.000000000000       1.012037204971187E-002
   141.000000000000       1.012065449907570E-002
   142.000000000000       1.012093849079655E-002
   143.000000000000       1.012122400785776E-002
   144.000000000000       1.012151102697300E-002
   145.000000000000       1.012179953309362E-002
   146.000000000000       1.012208950476193E-002
   147.000000000000       1.012238092481858E-002
   148.000000000000       1.012267377191679E-002
   149.000000000000       1.012296803021952E-002
   150.000000000000       1.012326368120504E-002
   151.000000000000       1.012356070735027E-002
   152.000000000000       1.012385909222815E-002
   153.000000000000       1.012415881666788E-002
   154.000000000000       1.012445986497702E-002
   155.000000000000       1.012476221811496E-002
   156.000000000000       1.012506586599969E-002
   157.000000000000       1.012537078614014E-002
   158.000000000000       1.012567696447858E-002
   159.000000000000       1.012598438773938E-002
   160.000000000000       1.012629303760015E-002
   161.000000000000       1.012660290013878E-002
   162.000000000000       1.012691396170741E-002
   163.000000000000       1.012722620528615E-002
   164.000000000000       1.012753961733410E-002
   165.000000000000       1.012785418318804E-002
   166.000000000000       1.012816989090023E-002
   167.000000000000       1.012848672559253E-002
   168.000000000000       1.012880467131871E-002
   169.000000000000       1.012912371776000E-002
   170.000000000000       1.012944385176849E-002
   171.000000000000       1.012976506053369E-002
   172.000000000000       1.013008732841608E-002
   173.000000000000       1.013041064404791E-002
   174.000000000000       1.013073499660909E-002
   175.000000000000       1.013106037259905E-002
   176.000000000000       1.013138676355366E-002
   177.000000000000       1.013171415285178E-002
   178.000000000000       1.013204252940222E-002
   179.000000000000       1.013237188666265E-002
   180.000000000000       1.013270220669800E-002
   181.000000000000       1.013303348270267E-002
   182.000000000000       1.013336570442343E-002
   183.000000000000       1.013369885902205E-002
   184.000000000000       1.013403293518155E-002
   185.000000000000       1.013436792520930E-002
   186.000000000000       1.013470381865909E-002
   187.000000000000       1.013504060427918E-002
   188.000000000000       1.013537827111378E-002
   189.000000000000       1.013571681076769E-002
   190.000000000000       1.013605621246206E-002
   191.000000000000       1.013639647220088E-002
   192.000000000000       1.013673757494228E-002
   193.000000000000       1.013707951119078E-002
   194.000000000000       1.013742227516184E-002
   195.000000000000       1.013776585654615E-002
   196.000000000000       1.013811024613851E-002
   197.000000000000       1.013845543847264E-002
   198.000000000000       1.013880142000479E-002
   199.000000000000       1.013914818548220E-002
   200.000000000000       1.013949572736635E-002
   201.000000000000       1.013984403467798E-002
   202.000000000000       1.014019310254616E-002
   203.000000000000       1.014054292106803E-002
   204.000000000000       1.014089348545289E-002
   205.000000000000       1.014124478547042E-002
   206.000000000000       1.014159681092562E-002
   207.000000000000       1.014194956205704E-002
   208.000000000000       1.014230302417820E-002
   209.000000000000       1.014265719681040E-002
   210.000000000000       1.014301206647962E-002
   211.000000000000       1.014336763190061E-002
   212.000000000000       1.014372388336883E-002
   213.000000000000       1.014408081380377E-002
   214.000000000000       1.014443841661915E-002
   215.000000000000       1.014479668474507E-002
   216.000000000000       1.014515561542722E-002
   217.000000000000       1.014551519981996E-002
   218.000000000000       1.014587543117997E-002
   219.000000000000       1.014623630482039E-002
   220.000000000000       1.014659781252135E-002
   221.000000000000       1.014695995279545E-002
   222.000000000000       1.014732271621527E-002
   223.000000000000       1.014768609519885E-002
   224.000000000000       1.014805008718519E-002
   225.000000000000       1.014841468568910E-002
   226.000000000000       1.014877988881032E-002
   227.000000000000       1.014914568419444E-002
   228.000000000000       1.014951207025973E-002
   229.000000000000       1.014987904435509E-002
   230.000000000000       1.015024659880604E-002
   231.000000000000       1.015061472518067E-002
   232.000000000000       1.015098342047118E-002
   233.000000000000       1.015135268716015E-002
   234.000000000000       1.015172250865835E-002
   235.000000000000       1.015209288565037E-002
   236.000000000000       1.015246381891489E-002
   237.000000000000       1.015283529052448E-002
   238.000000000000       1.015320730742506E-002
   239.000000000000       1.015357986000529E-002
   240.000000000000       1.015395294620144E-002
   241.000000000000       1.015432656050048E-002
   242.000000000000       1.015470069912837E-002
   243.000000000000       1.015507535217079E-002
   244.000000000000       1.015545052469924E-002
   245.000000000000       1.015582620679005E-002
   246.000000000000       1.015620239735121E-002
   247.000000000000       1.015657909078377E-002
   248.000000000000       1.015695628299284E-002
   249.000000000000       1.015733396956949E-002
   250.000000000000       1.015771214548949E-002
   251.000000000000       1.015809081073572E-002
   252.000000000000       1.015846995981105E-002
   253.000000000000       1.015884958989237E-002
   254.000000000000       1.015922969379986E-002
   255.000000000000       1.015961027170126E-002
   256.000000000000       1.015999131822723E-002
   257.000000000000       1.016037283261116E-002
   258.000000000000       1.016075480623616E-002
   259.000000000000       1.016113724118879E-002
   260.000000000000       1.016152012885848E-002
   261.000000000000       1.016190347246087E-002
   262.000000000000       1.016228726132760E-002
   263.000000000000       1.016267149673527E-002
   264.000000000000       1.016305617663507E-002
   265.000000000000       1.016344129420310E-002
   266.000000000000       1.016382684800013E-002
   267.000000000000       1.016421283735020E-002
   268.000000000000       1.016459925660701E-002
   269.000000000000       1.016498610330076E-002
   270.000000000000       1.016537337509537E-002
   271.000000000000       1.016576106892838E-002
   272.000000000000       1.016614917856027E-002
   273.000000000000       1.016653770891817E-002
   274.000000000000       1.016692664911914E-002
   275.000000000000       1.016731600160091E-002
   276.000000000000       1.016770576067782E-002
   277.000000000000       1.016809592753534E-002
   278.000000000000       1.016848649806238E-002
   279.000000000000       1.016887746562592E-002
   280.000000000000       1.016926883380971E-002
   281.000000000000       1.016966059534408E-002
   282.000000000000       1.017005274962141E-002
   283.000000000000       1.017044529538113E-002
   284.000000000000       1.017083822824735E-002
   285.000000000000       1.017123154917020E-002
   286.000000000000       1.017162525273668E-002
   287.000000000000       1.017201933574744E-002
   288.000000000000       1.017241379942215E-002
   289.000000000000       1.017280863976063E-002
   290.000000000000       1.017320385482903E-002
   291.000000000000       1.017359944252260E-002
   292.000000000000       1.017399539941502E-002
   293.000000000000       1.017439172465915E-002
   294.000000000000       1.017478841336514E-002
   295.000000000000       1.017518547138012E-002
   296.000000000000       1.017558288901669E-002
   297.000000000000       1.017598066546694E-002
   298.000000000000       1.017637880309424E-002
   299.000000000000       1.017677729441329E-002
   300.000000000000       1.017717613841547E-002
   301.000000000000       1.017757533729261E-002
   302.000000000000       1.017797488481728E-002
   303.000000000000       1.017837478491931E-002
   304.000000000000       1.017877502598609E-002
   305.000000000000       1.017917561724869E-002
   306.000000000000       1.017957654907206E-002
   307.000000000000       1.017997782392116E-002
   308.000000000000       1.018037943744454E-002
   309.000000000000       1.018078139018443E-002
   310.000000000000       1.018118368194615E-002
   311.000000000000       1.018158630466612E-002
   312.000000000000       1.018198926341929E-002
   313.000000000000       1.018239255127774E-002
   314.000000000000       1.018279617143683E-002
   315.000000000000       1.018320011908757E-002
   316.000000000000       1.018360439480428E-002
   317.000000000000       1.018400899545093E-002
   318.000000000000       1.018441392090159E-002
   319.000000000000       1.018481916590585E-002
   320.000000000000       1.018522473528091E-002
   321.000000000000       1.018563062563342E-002
   322.000000000000       1.018603683194647E-002
   323.000000000000       1.018644335329499E-002
   324.000000000000       1.018685019399483E-002
   325.000000000000       1.018725734664046E-002
   326.000000000000       1.018766481474724E-002
   327.000000000000       1.018807258936378E-002
   328.000000000000       1.018848068061658E-002
   329.000000000000       1.018888907620102E-002
   330.000000000000       1.018929778136575E-002
   331.000000000000       1.018970679256319E-002
   332.000000000000       1.019011610914073E-002
   333.000000000000       1.019052573090154E-002
   334.000000000000       1.019093565383891E-002
   335.000000000000       1.019134587883632E-002
   336.000000000000       1.019175640569389E-002
   337.000000000000       1.019216722963872E-002
   338.000000000000       1.019257835238266E-002
   339.000000000000       1.019298977444532E-002
   340.000000000000       1.019340149089652E-002
   341.000000000000       1.019381350341975E-002
   342.000000000000       1.019422580847849E-002
   343.000000000000       1.019463840779911E-002
   344.000000000000       1.019505129721252E-002
   345.000000000000       1.019546447803991E-002
   346.000000000000       1.019587794850516E-002
   347.000000000000       1.019629170709150E-002
   348.000000000000       1.019670575566450E-002
   349.000000000000       1.019712009098603E-002
   350.000000000000       1.019753471116191E-002
   351.000000000000       1.019794961701662E-002
   352.000000000000       1.019836480253370E-002
   353.000000000000       1.019878027963603E-002
   354.000000000000       1.019919603202599E-002
   355.000000000000       1.019961206654328E-002
   356.000000000000       1.020002838254356E-002
   357.000000000000       1.020044497805834E-002
   358.000000000000       1.020086185270301E-002
   359.000000000000       1.020127900649977E-002
   360.000000000000       1.020169643294004E-002
   361.000000000000       1.020211413943768E-002
   362.000000000000       1.020253212043254E-002
   363.000000000000       1.020295037774458E-002
   364.000000000000       1.020336890605364E-002
   365.000000000000       1.020378770830317E-002
   366.000000000000       1.020420678130369E-002
   367.000000000000       1.020462612816404E-002
   368.000000000000       1.020504574538359E-002
   369.000000000000       1.020546563269204E-002
   370.000000000000       1.020588578816508E-002
   371.000000000000       1.020630621279390E-002
   372.000000000000       1.020672690472464E-002
   373.000000000000       1.020714786588118E-002
   374.000000000000       1.020756909462384E-002
   375.000000000000       1.020799058520309E-002
   376.000000000000       1.020841234480828E-002
   377.000000000000       1.020883436623330E-002
   378.000000000000       1.020925665271320E-002
   379.000000000000       1.020967920260848E-002
   380.000000000000       1.021010201328907E-002
   381.000000000000       1.021052508997636E-002
   382.000000000000       1.021094842565618E-002
   383.000000000000       1.021137202270820E-002
   384.000000000000       1.021179587912834E-002
   385.000000000000       1.021221999762841E-002
   386.000000000000       1.021264437460575E-002
   387.000000000000       1.021306900644493E-002
   388.000000000000       1.021349390096025E-002
   389.000000000000       1.021391904888469E-002
   390.000000000000       1.021434445944190E-002
   391.000000000000       1.021477012255043E-002
   392.000000000000       1.021519604209235E-002
   393.000000000000       1.021562221717413E-002
   394.000000000000       1.021604864648651E-002
   395.000000000000       1.021647533252223E-002
   396.000000000000       1.021690226916260E-002
   397.000000000000       1.021732946295460E-002
   398.000000000000       1.021775690781662E-002
   399.000000000000       1.021818460290469E-002
   400.000000000000       1.021861255333643E-002
   401.000000000000       1.021904075488494E-002
   402.000000000000       1.021946920695048E-002
   403.000000000000       1.021989791039501E-002
   404.000000000000       1.022032686522282E-002
   405.000000000000       1.022075606826542E-002
   406.000000000000       1.022118552207707E-002
   407.000000000000       1.022161522324315E-002
   408.000000000000       1.022204517355547E-002
   409.000000000000       1.022247537179282E-002
   410.000000000000       1.022290582084572E-002
   411.000000000000       1.022333651314985E-002
   412.000000000000       1.022376745596894E-002
   413.000000000000       1.022419864428102E-002
   414.000000000000       1.022463008090379E-002
   415.000000000000       1.022506176024142E-002
   416.000000000000       1.022549368741768E-002
   417.000000000000       1.022592586210848E-002
   418.000000000000       1.022635827461067E-002
   419.000000000000       1.022679093752591E-002
   420.000000000000       1.022722384201793E-002
   421.000000000000       1.022765699326480E-002
   422.000000000000       1.022809038795150E-002
   423.000000000000       1.022852402578102E-002
   424.000000000000       1.022895790791290E-002
   425.000000000000       1.022939203089232E-002
   426.000000000000       1.022982639636886E-002
   427.000000000000       1.023026100655054E-002
   428.000000000000       1.023069585257198E-002
   429.000000000000       1.023113094513414E-002
   430.000000000000       1.023156628019380E-002
   431.000000000000       1.023200185342658E-002
   432.000000000000       1.023243766936783E-002
   433.000000000000       1.023287372778442E-002
   434.000000000000       1.023331002424449E-002
   435.000000000000       1.023374656081081E-002
   436.000000000000       1.023418333642098E-002
   437.000000000000       1.023462035342562E-002
   438.000000000000       1.023505760982499E-002
   439.000000000000       1.023549510624459E-002
   440.000000000000       1.023593283902841E-002
   441.000000000000       1.023637081442320E-002
   442.000000000000       1.023680902430029E-002
   443.000000000000       1.023724747405756E-002
   444.000000000000       1.023768616332759E-002
   445.000000000000       1.023812509119375E-002
   446.000000000000       1.023856425522553E-002
   447.000000000000       1.023900365562456E-002
   448.000000000000       1.023944329507361E-002
   449.000000000000       1.023988317329625E-002
   450.000000000000       1.024032328602759E-002
   451.000000000000       1.024076363750123E-002
   452.000000000000       1.024120422330451E-002
   453.000000000000       1.024164505013011E-002
   454.000000000000       1.024208610915612E-002
   455.000000000000       1.024252740601204E-002
   456.000000000000       1.024296893891777E-002
   457.000000000000       1.024341071003037E-002
   458.000000000000       1.024385271260833E-002
   459.000000000000       1.024429495431236E-002
   460.000000000000       1.024473743231231E-002
   461.000000000000       1.024518014342413E-002
   462.000000000000       1.024562309066549E-002
   463.000000000000       1.024606627288816E-002
   464.000000000000       1.024650968988462E-002
   465.000000000000       1.024695334034386E-002
   466.000000000000       1.024739722997777E-002
   467.000000000000       1.024784135121476E-002
   468.000000000000       1.024828570854686E-002
   469.000000000000       1.024873029927322E-002
   470.000000000000       1.024917512428588E-002
   471.000000000000       1.024962018475142E-002
   472.000000000000       1.025006548019363E-002
   473.000000000000       1.025051100809849E-002
   474.000000000000       1.025095677023186E-002
   475.000000000000       1.025140276746865E-002
   476.000000000000       1.025184899873136E-002
   477.000000000000       1.025229546187497E-002
   478.000000000000       1.025274216132676E-002
   479.000000000000       1.025318909511209E-002
   480.000000000000       1.025363626029407E-002
   481.000000000000       1.025408366034825E-002
   482.000000000000       1.025453129128800E-002
   483.000000000000       1.025497916090230E-002
   484.000000000000       1.025542726021115E-002
   485.000000000000       1.025587559232383E-002
   486.000000000000       1.025632415941127E-002
   487.000000000000       1.025677296245462E-002
   488.000000000000       1.025722199669267E-002
   489.000000000000       1.025767125996689E-002
   490.000000000000       1.025812076414269E-002
   491.000000000000       1.025857049616955E-002
   492.000000000000       1.025902046228172E-002
   493.000000000000       1.025947066301161E-002
   494.000000000000       1.025992109501382E-002
   495.000000000000       1.026037176058515E-002
   496.000000000000       1.026082266097308E-002
   497.000000000000       1.026127379323101E-002
   498.000000000000       1.026172516092429E-002
   499.000000000000       1.026217675466034E-002
   500.000000000000       1.026262858864915E-002
   501.000000000000       1.026308065342782E-002
   502.000000000000       1.026353294879244E-002
   503.000000000000       1.026398548216074E-002
   504.000000000000       1.026443824559924E-002
   505.000000000000       1.026489124192678E-002
   506.000000000000       1.026534447387905E-002
   507.000000000000       1.026579793652323E-002
   508.000000000000       1.026625163420753E-002
   509.000000000000       1.026670556107672E-002
   510.000000000000       1.026715972805056E-002
   511.000000000000       1.026761412421050E-002
   512.000000000000       1.026806875155774E-002
   513.000000000000       1.026852361197471E-002
   514.000000000000       1.026897871010370E-002
   515.000000000000       1.026943403848482E-002
   516.000000000000       1.026988960026999E-002
   517.000000000000       1.027034539711679E-002
   518.000000000000       1.027080142614124E-002
   519.000000000000       1.027125768996972E-002
   520.000000000000       1.027171418630707E-002
   521.000000000000       1.027217091539355E-002
   522.000000000000       1.027262787990299E-002
   523.000000000000       1.027308507815363E-002
   524.000000000000       1.027354250763049E-002
   525.000000000000       1.027400017397824E-002
   526.000000000000       1.027445807121864E-002
   527.000000000000       1.027491620223922E-002
   528.000000000000       1.027537457005811E-002
   529.000000000000       1.027583317212429E-002
   530.000000000000       1.027629200579808E-002
   531.000000000000       1.027675107421791E-002
   532.000000000000       1.027721037890338E-002
   533.000000000000       1.027766991378120E-002
   534.000000000000       1.027812968826223E-002
   535.000000000000       1.027858969164622E-002
   536.000000000000       1.027904993247362E-002
   537.000000000000       1.027951040854059E-002
   538.000000000000       1.027997111824862E-002
   539.000000000000       1.028043206398602E-002
   540.000000000000       1.028089324371705E-002
   541.000000000000       1.028135465782135E-002
   542.000000000000       1.028181630653513E-002
   543.000000000000       1.028227819080767E-002
   544.000000000000       1.028274031339447E-002
   545.000000000000       1.028320266892803E-002
   546.000000000000       1.028366525803914E-002
   547.000000000000       1.028412808369460E-002
   548.000000000000       1.028459114759214E-002
   549.000000000000       1.028505444661841E-002
   550.000000000000       1.028551797838252E-002
   551.000000000000       1.028598174788503E-002
   552.000000000000       1.028644575466455E-002
   553.000000000000       1.028690999685121E-002
   554.000000000000       1.028737447599878E-002
   555.000000000000       1.028783918795326E-002
   556.000000000000       1.028830413873254E-002
   557.000000000000       1.028876932685968E-002
   558.000000000000       1.028923474904148E-002
   559.000000000000       1.028970041056497E-002
   560.000000000000       1.029016630980183E-002
   561.000000000000       1.029063244672827E-002
   562.000000000000       1.029109881677462E-002
   563.000000000000       1.029156542896449E-002
   564.000000000000       1.029203227385082E-002
   565.000000000000       1.029249935917519E-002
   566.000000000000       1.029296668209567E-002
   567.000000000000       1.029343424415154E-002
   568.000000000000       1.029390204057176E-002
   569.000000000000       1.029437007670075E-002
   570.000000000000       1.029483835052534E-002
   571.000000000000       1.029530686402253E-002
   572.000000000000       1.029577561647002E-002
   573.000000000000       1.029624460872308E-002
   574.000000000000       1.029671383499067E-002
   575.000000000000       1.029718330521202E-002
   576.000000000000       1.029765301238473E-002
   577.000000000000       1.029812296013671E-002
   578.000000000000       1.029859314452007E-002
   579.000000000000       1.029906356963836E-002
   580.000000000000       1.029953423509311E-002
   581.000000000000       1.030000514243748E-002
   582.000000000000       1.030047628636452E-002
   583.000000000000       1.030094767128928E-002
   584.000000000000       1.030141929771603E-002
   585.000000000000       1.030189116695380E-002
   586.000000000000       1.030236327019181E-002
   587.000000000000       1.030283561933812E-002
   588.000000000000       1.030330820697428E-002
   589.000000000000       1.030378103615523E-002
   590.000000000000       1.030425410701257E-002
   591.000000000000       1.030472742443720E-002
   592.000000000000       1.030520097502959E-002
   593.000000000000       1.030567477023086E-002
   594.000000000000       1.030614881300930E-002
   595.000000000000       1.030662308921745E-002
   596.000000000000       1.030709761239514E-002
   597.000000000000       1.030757237863367E-002
   598.000000000000       1.030804738567542E-002
   599.000000000000       1.030852263503372E-002
   600.000000000000       1.030899812928230E-002
   601.000000000000       1.030947386648771E-002
   602.000000000000       1.030994984569879E-002
   603.000000000000       1.031042607144571E-002
   604.000000000000       1.031090253675228E-002
   605.000000000000       1.031137924996594E-002
   606.000000000000       1.031185620391752E-002
   607.000000000000       1.031233340411762E-002
   608.000000000000       1.031281084876655E-002
   609.000000000000       1.031328853712508E-002
   610.000000000000       1.031376647167119E-002
   611.000000000000       1.031424464878128E-002
   612.000000000000       1.031472307480230E-002
   613.000000000000       1.031520174334419E-002
   614.000000000000       1.031568065945869E-002
   615.000000000000       1.031615982158418E-002
   616.000000000000       1.031663922642834E-002
   617.000000000000       1.031711888065118E-002
   618.000000000000       1.031759878004027E-002
   619.000000000000       1.031807892732096E-002
   620.000000000000       1.031855931946405E-002
   621.000000000000       1.031903996124051E-002
   622.000000000000       1.031952084806179E-002
   623.000000000000       1.032000198389077E-002
   624.000000000000       1.032048336449739E-002
   625.000000000000       1.032096499484938E-002
   626.000000000000       1.032144687488845E-002
   627.000000000000       1.032192899890360E-002
   628.000000000000       1.032241137685588E-002
   629.000000000000       1.032289399985157E-002
   630.000000000000       1.032337687319046E-002
   631.000000000000       1.032385999562304E-002
   632.000000000000       1.032434336563444E-002
   633.000000000000       1.032482698410398E-002
   634.000000000000       1.032531085708021E-002
   635.000000000000       1.032579497468925E-002
   636.000000000000       1.032627934360854E-002
   637.000000000000       1.032676396572786E-002
   638.000000000000       1.032724883596845E-002
   639.000000000000       1.032773396242923E-002
   640.000000000000       1.032821933223134E-002
   641.000000000000       1.032870495732869E-002
   642.000000000000       1.032919083248733E-002
   643.000000000000       1.032967695987235E-002
   644.000000000000       1.033016334209302E-002
   645.000000000000       1.033064997148988E-002
   646.000000000000       1.033113685632780E-002
   647.000000000000       1.033162399155330E-002
   648.000000000000       1.033211138151506E-002
   649.000000000000       1.033259902368207E-002
   650.000000000000       1.033308692205153E-002
   651.000000000000       1.033357507051555E-002
   652.000000000000       1.033406347436108E-002
   653.000000000000       1.033455212853785E-002
   654.000000000000       1.033504104075471E-002
   655.000000000000       1.033553020788309E-002
   656.000000000000       1.033601962645119E-002
   657.000000000000       1.033650930429514E-002
   658.000000000000       1.033699923386325E-002
   659.000000000000       1.033748942094511E-002
   660.000000000000       1.033797986069665E-002
   661.000000000000       1.033847055861244E-002
   662.000000000000       1.033896151259357E-002
   663.000000000000       1.033945272083739E-002
   664.000000000000       1.033994418681809E-002
   665.000000000000       1.034043591047814E-002
   666.000000000000       1.034092789089674E-002
   667.000000000000       1.034142013302568E-002
   668.000000000000       1.034191262657472E-002
   669.000000000000       1.034240538000821E-002
   670.000000000000       1.034289839125893E-002
   671.000000000000       1.034339166168773E-002
   672.000000000000       1.034388518863254E-002
   673.000000000000       1.034437897483372E-002
   674.000000000000       1.034487302237050E-002
   675.000000000000       1.034536732575934E-002
   676.000000000000       1.034586188941433E-002
   677.000000000000       1.034635671485012E-002
   678.000000000000       1.034685179892806E-002
   679.000000000000       1.034734714246745E-002
   680.000000000000       1.034784275003908E-002
   681.000000000000       1.034833861792246E-002
   682.000000000000       1.034883474279331E-002
   683.000000000000       1.034933113126123E-002
   684.000000000000       1.034982778464348E-002
   685.000000000000       1.035032469464320E-002
   686.000000000000       1.035082187216407E-002
   687.000000000000       1.035131930247686E-002
   688.000000000000       1.035181700486320E-002
   689.000000000000       1.035231497219314E-002
   690.000000000000       1.035281319331382E-002
   691.000000000000       1.035331168221819E-002
   692.000000000000       1.035381043507501E-002
   693.000000000000       1.035430945290696E-002
   694.000000000000       1.035480873028282E-002
   695.000000000000       1.035530827923323E-002
   696.000000000000       1.035580808984667E-002
   697.000000000000       1.035630816173802E-002
   698.000000000000       1.035680850219601E-002
   699.000000000000       1.035730911046133E-002
   700.000000000000       1.035780998106826E-002
   701.000000000000       1.035831112047165E-002
   702.000000000000       1.035881252624025E-002
   703.000000000000       1.035931419476342E-002
   704.000000000000       1.035981612778337E-002
   705.000000000000       1.036031833334545E-002
   706.000000000000       1.036082080864791E-002
   707.000000000000       1.036132354654402E-002
   708.000000000000       1.036182655616455E-002
   709.000000000000       1.036232983083824E-002
   710.000000000000       1.036283337769324E-002
   711.000000000000       1.036333719229485E-002
   712.000000000000       1.036384127237443E-002
   713.000000000000       1.036434562200016E-002
   714.000000000000       1.036485024805246E-002
   715.000000000000       1.036535513611030E-002
   716.000000000000       1.036586029959401E-002
   717.000000000000       1.036636572917100E-002
   718.000000000000       1.036687143222256E-002
   719.000000000000       1.036737740636499E-002
   720.000000000000       1.036788365301975E-002
   721.000000000000       1.036839017067705E-002
   722.000000000000       1.036889695814880E-002
   723.000000000000       1.036940401854952E-002
   724.000000000000       1.036991135347845E-002
   725.000000000000       1.037041895893045E-002
   726.000000000000       1.037092684044171E-002
   727.000000000000       1.037143499071464E-002
   728.000000000000       1.037194341908913E-002
   729.000000000000       1.037245211641204E-002
   730.000000000000       1.037296109053020E-002
   731.000000000000       1.037347034051098E-002
   732.000000000000       1.037397986562564E-002
   733.000000000000       1.037448965964455E-002
   734.000000000000       1.037499973636441E-002
   735.000000000000       1.037551008572939E-002
   736.000000000000       1.037602071129099E-002
   737.000000000000       1.037653161144199E-002
   738.000000000000       1.037704279222171E-002
   739.000000000000       1.037755424685292E-002
   740.000000000000       1.037806598047434E-002
   741.000000000000       1.037857798601007E-002
   742.000000000000       1.037909027754204E-002
   743.000000000000       1.037960284112271E-002
   744.000000000000       1.038011568506135E-002
   745.000000000000       1.038062880630642E-002
   746.000000000000       1.038114220833186E-002
   747.000000000000       1.038165588852240E-002
   748.000000000000       1.038216985092328E-002
   749.000000000000       1.038268408865663E-002
   750.000000000000       1.038319860800671E-002
   751.000000000000       1.038371340605540E-002
   752.000000000000       1.038422848895428E-002
   753.000000000000       1.038474385146366E-002
   754.000000000000       1.038525949628885E-002
   755.000000000000       1.038577541905658E-002
   756.000000000000       1.038629162360104E-002
   757.000000000000       1.038680811086912E-002
   758.000000000000       1.038732488261083E-002
   759.000000000000       1.038784194197835E-002
   760.000000000000       1.038835927487059E-002
   761.000000000000       1.038887689637597E-002
   762.000000000000       1.038939479987421E-002
   763.000000000000       1.038991298747605E-002
   764.000000000000       1.039043146094250E-002
   765.000000000000       1.039095021911005E-002
   766.000000000000       1.039146925979329E-002
   767.000000000000       1.039198858883306E-002
   768.000000000000       1.039250820119163E-002
   769.000000000000       1.039302810005139E-002
   770.000000000000       1.039354828612287E-002
   771.000000000000       1.039406875659057E-002
   772.000000000000       1.039458951339353E-002
   773.000000000000       1.039511056365664E-002
   774.000000000000       1.039563189275283E-002
   775.000000000000       1.039615351829590E-002
   776.000000000000       1.039667542107176E-002
   777.000000000000       1.039719762275959E-002
   778.000000000000       1.039772010944911E-002
   779.000000000000       1.039824288673045E-002
   780.000000000000       1.039876594981601E-002
   781.000000000000       1.039928930317705E-002
   782.000000000000       1.039981294554242E-002
   783.000000000000       1.040033688446438E-002
   784.000000000000       1.040086110694311E-002
   785.000000000000       1.040138562516035E-002
   786.000000000000       1.040191043133278E-002
   787.000000000000       1.040243552917582E-002
   788.000000000000       1.040296092123119E-002
   789.000000000000       1.040348660331665E-002
   790.000000000000       1.040401257994645E-002
   791.000000000000       1.040453884889206E-002
   792.000000000000       1.040506540931696E-002
   793.000000000000       1.040559226771743E-002
   794.000000000000       1.040611941656094E-002
   795.000000000000       1.040664685849313E-002
   796.000000000000       1.040717459584524E-002
   797.000000000000       1.040770262765994E-002
   798.000000000000       1.040823095724717E-002
   799.000000000000       1.040875957923352E-002
   800.000000000000       1.040928849905222E-002
   801.000000000000       1.040981771213583E-002
   802.000000000000       1.041034722445749E-002
   803.000000000000       1.041087703205225E-002
   804.000000000000       1.041140713850298E-002
   805.000000000000       1.041193754232808E-002
   806.000000000000       1.041246824214245E-002
   807.000000000000       1.041299924222168E-002
   808.000000000000       1.041353054119076E-002
   809.000000000000       1.041406213563255E-002
   810.000000000000       1.041459402991958E-002
   811.000000000000       1.041512622438935E-002
   812.000000000000       1.041565872060954E-002
   813.000000000000       1.041619151475405E-002
   814.000000000000       1.041672460975424E-002
   815.000000000000       1.041725800456822E-002
   816.000000000000       1.041779170177635E-002
   817.000000000000       1.041832569898029E-002
   818.000000000000       1.041885999673871E-002
   819.000000000000       1.041939460272600E-002
   820.000000000000       1.041992950320593E-002
   821.000000000000       1.042046470961333E-002
   822.000000000000       1.042100022525310E-002
   823.000000000000       1.042153603399176E-002
   824.000000000000       1.042207215527077E-002
   825.000000000000       1.042260857346109E-002
   826.000000000000       1.042314530313981E-002
   827.000000000000       1.042368233366525E-002
   828.000000000000       1.042421966856712E-002
   829.000000000000       1.042475731205448E-002
   830.000000000000       1.042529525897811E-002
   831.000000000000       1.042583351450661E-002
   832.000000000000       1.042637207511727E-002
   833.000000000000       1.042691094070481E-002
   834.000000000000       1.042745011486798E-002
   835.000000000000       1.042798959784509E-002
   836.000000000000       1.042852938852237E-002
   837.000000000000       1.042906948464369E-002
   838.000000000000       1.042960988948656E-002
   839.000000000000       1.043015060811426E-002
   840.000000000000       1.043069163137621E-002
   841.000000000000       1.043123296594216E-002
   842.000000000000       1.043177460950127E-002
   843.000000000000       1.043231656427932E-002
   844.000000000000       1.043285882802353E-002
   845.000000000000       1.043340140347653E-002
   846.000000000000       1.043394429512679E-002
   847.000000000000       1.043448749266009E-002
   848.000000000000       1.043503100655743E-002
   849.000000000000       1.043557482954470E-002
   850.000000000000       1.043611896610104E-002
   851.000000000000       1.043666341766175E-002
   852.000000000000       1.043720817741421E-002
   853.000000000000       1.043775325597713E-002
   854.000000000000       1.043829864769171E-002
   855.000000000000       1.043884435245513E-002
   856.000000000000       1.043939037377868E-002
   857.000000000000       1.043993670761863E-002
   858.000000000000       1.044048336091651E-002
   859.000000000000       1.044103033001857E-002
   860.000000000000       1.044157760939164E-002
   861.000000000000       1.044212521343637E-002
   862.000000000000       1.044267312888449E-002
   863.000000000000       1.044322136389633E-002
   864.000000000000       1.044376991832330E-002
   865.000000000000       1.044431878741461E-002
   866.000000000000       1.044486797755339E-002
   867.000000000000       1.044541748580284E-002
   868.000000000000       1.044596731069134E-002
   869.000000000000       1.044651746069877E-002
   870.000000000000       1.044706792241267E-002
   871.000000000000       1.044761870738673E-002
   872.000000000000       1.044816981967564E-002
   873.000000000000       1.044872124567519E-002
   874.000000000000       1.044927299369565E-002
   875.000000000000       1.044982506659556E-002
   876.000000000000       1.045037745971745E-002
   877.000000000000       1.045093017623212E-002
   878.000000000000       1.045148321196849E-002
   879.000000000000       1.045203658012469E-002
   880.000000000000       1.045259026271936E-002
   881.000000000000       1.045314427164584E-002
   882.000000000000       1.045369860301202E-002
   883.000000000000       1.045425326044025E-002
   884.000000000000       1.045480824564213E-002
   885.000000000000       1.045536355182500E-002
   886.000000000000       1.045591918555588E-002
   887.000000000000       1.045647514275285E-002
   888.000000000000       1.045703143194014E-002
   889.000000000000       1.045758804245956E-002
   890.000000000000       1.045814498127882E-002
   891.000000000000       1.045870225217960E-002
   892.000000000000       1.045925984740834E-002
   893.000000000000       1.045981777180694E-002
   894.000000000000       1.046037602153338E-002
   895.000000000000       1.046093460511068E-002
   896.000000000000       1.046149351728122E-002
   897.000000000000       1.046205275656257E-002
   898.000000000000       1.046261232720126E-002
   899.000000000000       1.046317222650130E-002
   900.000000000000       1.046373245959004E-002
   901.000000000000       1.046429302249954E-002
   902.000000000000       1.046485392035532E-002
   903.000000000000       1.046541514900627E-002
   904.000000000000       1.046597670211541E-002
   905.000000000000       1.046653859497892E-002
   906.000000000000       1.046710082406881E-002
   907.000000000000       1.046766337785573E-002
   908.000000000000       1.046822627418018E-002
   909.000000000000       1.046878950376910E-002
   910.000000000000       1.046935306318976E-002
   911.000000000000       1.046991695976487E-002
   912.000000000000       1.047048119000572E-002
   913.000000000000       1.047104576008956E-002
   914.000000000000       1.047161066422321E-002
   915.000000000000       1.047217590221975E-002
   916.000000000000       1.047274148268946E-002
   917.000000000000       1.047330739665394E-002
   918.000000000000       1.047387364702392E-002
   919.000000000000       1.047444023820988E-002
   920.000000000000       1.047500716572335E-002
   921.000000000000       1.047557443760716E-002
   922.000000000000       1.047614204101889E-002
   923.000000000000       1.047670998726555E-002
   924.000000000000       1.047727827404633E-002
   925.000000000000       1.047784690052725E-002
   926.000000000000       1.047841586947944E-002
   927.000000000000       1.047898517673474E-002
   928.000000000000       1.047955482723899E-002
   929.000000000000       1.048012481723689E-002
   930.000000000000       1.048069515182124E-002
   931.000000000000       1.048126582843336E-002
   932.000000000000       1.048183684937762E-002
   933.000000000000       1.048240821200576E-002
   934.000000000000       1.048297992491744E-002
   935.000000000000       1.048355197072165E-002
   936.000000000000       1.048412436789267E-002
   937.000000000000       1.048469710682215E-002
   938.000000000000       1.048527019232206E-002
   939.000000000000       1.048584362884621E-002
   940.000000000000       1.048641740486082E-002
   941.000000000000       1.048699152995431E-002
   942.000000000000       1.048756599925189E-002
   943.000000000000       1.048814081822751E-002
   944.000000000000       1.048871598885798E-002
   945.000000000000       1.048929150236743E-002
   946.000000000000       1.048986736499285E-002
   947.000000000000       1.049044357729307E-002
   948.000000000000       1.049102014146187E-002
   949.000000000000       1.049159705208003E-002
   950.000000000000       1.049217431250634E-002
   951.000000000000       1.049275192512582E-002
   952.000000000000       1.049332988788101E-002
   953.000000000000       1.049390820091592E-002
   954.000000000000       1.049448686654667E-002
   955.000000000000       1.049506588419236E-002
   956.000000000000       1.049564525517979E-002
   957.000000000000       1.049622497913813E-002
   958.000000000000       1.049680505439931E-002
   959.000000000000       1.049738548242012E-002
   960.000000000000       1.049796626729581E-002
   961.000000000000       1.049854740452222E-002
   962.000000000000       1.049912890009295E-002
   963.000000000000       1.049971074927564E-002
   964.000000000000       1.050029295324393E-002
   965.000000000000       1.050087551507560E-002
   966.000000000000       1.050145843181499E-002
   967.000000000000       1.050204170212894E-002
   968.000000000000       1.050262533350106E-002
   969.000000000000       1.050320932346238E-002
   970.000000000000       1.050379367151433E-002
   971.000000000000       1.050437837260748E-002
   972.000000000000       1.050496343888623E-002
   973.000000000000       1.050554886238028E-002
   974.000000000000       1.050613464660297E-002
   975.000000000000       1.050672078735523E-002
   976.000000000000       1.050730729295770E-002
   977.000000000000       1.050789415961948E-002
   978.000000000000       1.050848138316578E-002
   979.000000000000       1.050906897037116E-002
   980.000000000000       1.050965691646622E-002
   981.000000000000       1.051024523294870E-002
   982.000000000000       1.051083391015321E-002
   983.000000000000       1.051142294633426E-002
   984.000000000000       1.051201234671957E-002
   985.000000000000       1.051260211780539E-002
   986.000000000000       1.051319224388977E-002
   987.000000000000       1.051378274062401E-002
   988.000000000000       1.051437360443529E-002
   989.000000000000       1.051496483299401E-002
   990.000000000000       1.051555642177961E-002
   991.000000000000       1.051614838776150E-002
   992.000000000000       1.051674070829846E-002
   993.000000000000       1.051733340529102E-002
   994.000000000000       1.051792647075695E-002
   995.000000000000       1.051851989962717E-002
   996.000000000000       1.051911370181787E-002
   997.000000000000       1.051970786933311E-002
   998.000000000000       1.052030240642087E-002
   999.000000000000       1.052089731643130E-002
   1000.00000000000       1.052149259471317E-002
   1001.00000000000       1.052208824469178E-002
   1002.00000000000       1.052268426488012E-002
   1003.00000000000       1.052328065888314E-002
   1004.00000000000       1.052387742002501E-002
   1005.00000000000       1.052447456000462E-002
   1006.00000000000       1.052507207031832E-002
   1007.00000000000       1.052566995120434E-002
   1008.00000000000       1.052626820661296E-002
   1009.00000000000       1.052686683973272E-002
   1010.00000000000       1.052746584645766E-002
   1011.00000000000       1.052806522713855E-002
   1012.00000000000       1.052866498452292E-002
   1013.00000000000       1.052926511108536E-002
   1014.00000000000       1.052986561992500E-002
   1015.00000000000       1.053046651071686E-002
   1016.00000000000       1.053106776880296E-002
   1017.00000000000       1.053166941129769E-002
   1018.00000000000       1.053227142708025E-002
   1019.00000000000       1.053287381974384E-002
   1020.00000000000       1.053347659992752E-002
   1021.00000000000       1.053407975285480E-002
   1022.00000000000       1.053468328610239E-002
   1023.00000000000       1.053528719993711E-002
   1024.00000000000       1.053589149109649E-002
   1025.00000000000       1.053649616887273E-002
   1026.00000000000       1.053710122613058E-002
   1027.00000000000       1.053770666199201E-002
   1028.00000000000       1.053831248632260E-002
   1029.00000000000       1.053891868529816E-002
   1030.00000000000       1.053952527321237E-002
   1031.00000000000       1.054013224088570E-002
   1032.00000000000       1.054073959976581E-002
   1033.00000000000       1.054134733660726E-002
   1034.00000000000       1.054195546019429E-002
   1035.00000000000       1.054256396714282E-002
   1036.00000000000       1.054317286153002E-002
   1037.00000000000       1.054378214021558E-002
   1038.00000000000       1.054439180512344E-002
   1039.00000000000       1.054500186086499E-002
   1040.00000000000       1.054561230306297E-002
   1041.00000000000       1.054622313108346E-002
   1042.00000000000       1.054683435261063E-002
   1043.00000000000       1.054744595195436E-002
   1044.00000000000       1.054805794878570E-002
   1045.00000000000       1.054867033801906E-002
   1046.00000000000       1.054928310510468E-002
   1047.00000000000       1.054989627337574E-002
   1048.00000000000       1.055050982771602E-002
   1049.00000000000       1.055112377485033E-002
   1050.00000000000       1.055173811805343E-002
   1051.00000000000       1.055235284757677E-002
   1052.00000000000       1.055296797186810E-002
   1053.00000000000       1.055358348701316E-002
   1054.00000000000       1.055419939985995E-002
   1055.00000000000       1.055481570433912E-002
   1056.00000000000       1.055543240348138E-002
   1057.00000000000       1.055604950023367E-002
   1058.00000000000       1.055666698970346E-002
   1059.00000000000       1.055728487480834E-002
   1060.00000000000       1.055790315494537E-002
   1061.00000000000       1.055852183259654E-002
   1062.00000000000       1.055914091044748E-002
   1063.00000000000       1.055976037969481E-002
   1064.00000000000       1.056038025504051E-002
   1065.00000000000       1.056100052193885E-002
   1066.00000000000       1.056162118936503E-002
   1067.00000000000       1.056224225846695E-002
   1068.00000000000       1.056286372709423E-002
   1069.00000000000       1.056348559168615E-002
   1070.00000000000       1.056410786335055E-002
   1071.00000000000       1.056473052699080E-002
   1072.00000000000       1.056535360199508E-002
   1073.00000000000       1.056597707452604E-002
   1074.00000000000       1.056660094707638E-002
   1075.00000000000       1.056722522856153E-002
   1076.00000000000       1.056784991034459E-002
   1077.00000000000       1.056847499315988E-002
   1078.00000000000       1.056910048398552E-002
   1079.00000000000       1.056972637765002E-002
   1080.00000000000       1.057035267816633E-002
   1081.00000000000       1.057097938431050E-002
   1082.00000000000       1.057160650016344E-002
   1083.00000000000       1.057223401001369E-002
   1084.00000000000       1.057286194009935E-002
   1085.00000000000       1.057349027248528E-002
   1086.00000000000       1.057411901296368E-002
   1087.00000000000       1.057474815760402E-002
   1088.00000000000       1.057537771799410E-002
   1089.00000000000       1.057600768488872E-002
   1090.00000000000       1.057663806009027E-002
   1091.00000000000       1.057726884989247E-002
   1092.00000000000       1.057790004206490E-002
   1093.00000000000       1.057853165659563E-002
   1094.00000000000       1.057916367377417E-002
   1095.00000000000       1.057979610543099E-002
   1096.00000000000       1.058042895381831E-002
   1097.00000000000       1.058106221120591E-002
   1098.00000000000       1.058169588304129E-002
   1099.00000000000       1.058232996956844E-002
   1100.00000000000       1.058296446770107E-002
   1101.00000000000       1.058359938259990E-002
   1102.00000000000       1.058423470956636E-002
   1103.00000000000       1.058487045723732E-002
   1104.00000000000       1.058550661930858E-002
   1105.00000000000       1.058614319806533E-002
   1106.00000000000       1.058678019501756E-002
   1107.00000000000       1.058741760509143E-002
   1108.00000000000       1.058805543732997E-002
   1109.00000000000       1.058869368649357E-002
   1110.00000000000       1.058933235324577E-002
   1111.00000000000       1.058997144354372E-002
   1112.00000000000       1.059061095482842E-002
   1113.00000000000       1.059125088185915E-002
   1114.00000000000       1.059189122955635E-002
   1115.00000000000       1.059253200130851E-002
   1116.00000000000       1.059317319306148E-002
   1117.00000000000       1.059381481007881E-002
   1118.00000000000       1.059445684753424E-002
   1119.00000000000       1.059509931182503E-002
   1120.00000000000       1.059574219354914E-002
   1121.00000000000       1.059638550254568E-002
   1122.00000000000       1.059702923589742E-002
   1123.00000000000       1.059767339840589E-002
   1124.00000000000       1.059831798299170E-002
   1125.00000000000       1.059896299122269E-002
   1126.00000000000       1.059960843335873E-002
   1127.00000000000       1.060025429103528E-002
   1128.00000000000       1.060090058534246E-002
   1129.00000000000       1.060154730800544E-002
   1130.00000000000       1.060219445082510E-002
   1131.00000000000       1.060284203090964E-002
   1132.00000000000       1.060349003785191E-002
   1133.00000000000       1.060413847502909E-002
   1134.00000000000       1.060478734146345E-002
   1135.00000000000       1.060543663878921E-002
   1136.00000000000       1.060608637039282E-002
   1137.00000000000       1.060673653286532E-002
   1138.00000000000       1.060738712392027E-002
   1139.00000000000       1.060803814951102E-002
   1140.00000000000       1.060868961258894E-002
   1141.00000000000       1.060934150764744E-002
   1142.00000000000       1.060999382998442E-002
   1143.00000000000       1.061064659801126E-002
   1144.00000000000       1.061129979145036E-002
   1145.00000000000       1.061195343030006E-002
   1146.00000000000       1.061260749764555E-002
   1147.00000000000       1.061326200736884E-002
   1148.00000000000       1.061391694808452E-002
   1149.00000000000       1.061457233134941E-002
   1150.00000000000       1.061522814962946E-002
   1151.00000000000       1.061588440449785E-002
   1152.00000000000       1.061654110462769E-002
   1153.00000000000       1.061719823916688E-002
   1154.00000000000       1.061785581904402E-002
   1155.00000000000       1.061851383758602E-002
   1156.00000000000       1.061917229359156E-002
   1157.00000000000       1.061983119893693E-002
   1158.00000000000       1.062049054095521E-002
   1159.00000000000       1.062115032684542E-002
   1160.00000000000       1.062181055124032E-002
   1161.00000000000       1.062247122809589E-002
   1162.00000000000       1.062313234002582E-002
   1163.00000000000       1.062379390330173E-002
   1164.00000000000       1.062445590482811E-002
   1165.00000000000       1.062511836062693E-002
   1166.00000000000       1.062578125442108E-002
   1167.00000000000       1.062644460062043E-002
   1168.00000000000       1.062710839379020E-002
   1169.00000000000       1.062777263239279E-002
   1170.00000000000       1.062843731576215E-002
   1171.00000000000       1.062910244878066E-002
   1172.00000000000       1.062976803418367E-002
   1173.00000000000       1.063043406873781E-002
   1174.00000000000       1.063110055348481E-002
   1175.00000000000       1.063176748642234E-002
   1176.00000000000       1.063243487480231E-002
   1177.00000000000       1.063310270740749E-002
   1178.00000000000       1.063377099853435E-002
   1179.00000000000       1.063443973846281E-002
   1180.00000000000       1.063510893516704E-002
   1181.00000000000       1.063577858637189E-002
   1182.00000000000       1.063644868595682E-002
   1183.00000000000       1.063711924270602E-002
   1184.00000000000       1.063779025553798E-002
   1185.00000000000       1.063846172168128E-002
   1186.00000000000       1.063913364386735E-002
   1187.00000000000       1.063980602372038E-002
   1188.00000000000       1.064047886617251E-002
   1189.00000000000       1.064115215876845E-002
   1190.00000000000       1.064182591018677E-002
   1191.00000000000       1.064250012679755E-002
   1192.00000000000       1.064317479983918E-002
   1193.00000000000       1.064384992879253E-002
   1194.00000000000       1.064452552254909E-002
   1195.00000000000       1.064520157017824E-002
   1196.00000000000       1.064587808448817E-002
   1197.00000000000       1.064655506647550E-002
   1198.00000000000       1.064723249603732E-002
   1199.00000000000       1.064791039926559E-002
   1200.00000000000       1.064858875925369E-002
   1201.00000000000       1.064926758982866E-002
   1202.00000000000       1.064994687995981E-002
   1203.00000000000       1.065062663873550E-002
   1204.00000000000       1.065130685594916E-002
   1205.00000000000       1.065198754543339E-002
   1206.00000000000       1.065266869899924E-002
   1207.00000000000       1.065335032320862E-002
   1208.00000000000       1.065403240822261E-002
   1209.00000000000       1.065471496180808E-002
   1210.00000000000       1.065539799077395E-002
   1211.00000000000       1.065608148432152E-002
   1212.00000000000       1.065676544718844E-002
   1213.00000000000       1.065744988132578E-002
   1214.00000000000       1.065813478615656E-002
   1215.00000000000       1.065882015630183E-002
   1216.00000000000       1.065950600489055E-002
   1217.00000000000       1.066019232421678E-002
   1218.00000000000       1.066087911857056E-002
   1219.00000000000       1.066156638636255E-002
   1220.00000000000       1.066225412090094E-002
   1221.00000000000       1.066294233856362E-002
   1222.00000000000       1.066363102230358E-002
   1223.00000000000       1.066432018542630E-002
   1224.00000000000       1.066500982605362E-002
   1225.00000000000       1.066569993965496E-002
   1226.00000000000       1.066639052971797E-002
   1227.00000000000       1.066708160275025E-002
   1228.00000000000       1.066777315041942E-002
   1229.00000000000       1.066846517712345E-002
   1230.00000000000       1.066915768130747E-002
   1231.00000000000       1.066985066757086E-002
   1232.00000000000       1.067054413110345E-002
   1233.00000000000       1.067123808033824E-002
   1234.00000000000       1.067193250702838E-002
   1235.00000000000       1.067262741812438E-002
   1236.00000000000       1.067332280759962E-002
   1237.00000000000       1.067401868356687E-002
   1238.00000000000       1.067471503942189E-002
   1239.00000000000       1.067541188049354E-002
   1240.00000000000       1.067610919968600E-002
   1241.00000000000       1.067680701395267E-002
   1242.00000000000       1.067750531218746E-002
   1243.00000000000       1.067820409263973E-002
   1244.00000000000       1.067890336194980E-002
   1245.00000000000       1.067960311835326E-002
   1246.00000000000       1.068030336042346E-002
   1247.00000000000       1.068100409278507E-002
   1248.00000000000       1.068170531706798E-002
   1249.00000000000       1.068240702642525E-002
   1250.00000000000       1.068310922306746E-002
   1251.00000000000       1.068381191359464E-002
   1252.00000000000       1.068451509630770E-002
   1253.00000000000       1.068521876784789E-002
   1254.00000000000       1.068592293502589E-002
   1255.00000000000       1.068662759144715E-002
   1256.00000000000       1.068733274355995E-002
   1257.00000000000       1.068803838671039E-002
   1258.00000000000       1.068874452747599E-002
   1259.00000000000       1.068945115973551E-002
   1260.00000000000       1.069015829089831E-002
   1261.00000000000       1.069086591357233E-002
   1262.00000000000       1.069157403330910E-002
   1263.00000000000       1.069228265138801E-002
   1264.00000000000       1.069299177076379E-002
   1265.00000000000       1.069370137993830E-002
   1266.00000000000       1.069441149217731E-002
   1267.00000000000       1.069512210561753E-002
   1268.00000000000       1.069583322209400E-002
   1269.00000000000       1.069654483174480E-002
   1270.00000000000       1.069725694327240E-002
   1271.00000000000       1.069796955922047E-002
   1272.00000000000       1.069868267796920E-002
   1273.00000000000       1.069939629045341E-002
   1274.00000000000       1.070011042084803E-002
   1275.00000000000       1.070082504389572E-002
   1276.00000000000       1.070154017622984E-002
   1277.00000000000       1.070225581217426E-002
   1278.00000000000       1.070297195571834E-002
   1279.00000000000       1.070368860053024E-002
   1280.00000000000       1.070440575548890E-002
   1281.00000000000       1.070512341552894E-002
   1282.00000000000       1.070584158024875E-002
   1283.00000000000       1.070656025905382E-002
   1284.00000000000       1.070727944699746E-002
   1285.00000000000       1.070799914098441E-002
   1286.00000000000       1.070871934338985E-002
   1287.00000000000       1.070944005993112E-002
   1288.00000000000       1.071016128627922E-002
   1289.00000000000       1.071088302665640E-002
   1290.00000000000       1.071160527940783E-002
   1291.00000000000       1.071232804113501E-002
   1292.00000000000       1.071305131640313E-002
   1293.00000000000       1.071377510299411E-002
   1294.00000000000       1.071449941660507E-002
   1295.00000000000       1.071522423647800E-002
   1296.00000000000       1.071594956886091E-002
   1297.00000000000       1.071667542073155E-002
   1298.00000000000       1.071740179690495E-002
   1299.00000000000       1.071812867837505E-002
   1300.00000000000       1.071885608735393E-002
   1301.00000000000       1.071958401000675E-002
   1302.00000000000       1.072031245191269E-002
   1303.00000000000       1.072104141730980E-002
   1304.00000000000       1.072177089384586E-002
   1305.00000000000       1.072250090060425E-002
   1306.00000000000       1.072323142720939E-002
   1307.00000000000       1.072396247455897E-002
   1308.00000000000       1.072469404787563E-002
   1309.00000000000       1.072542613770584E-002
   1310.00000000000       1.072615875646864E-002
   1311.00000000000       1.072689189428817E-002
   1312.00000000000       1.072762556354963E-002
   1313.00000000000       1.072835975231113E-002
   1314.00000000000       1.072909447023357E-002
   1315.00000000000       1.072982971815096E-002
   1316.00000000000       1.073056549417476E-002
   1317.00000000000       1.073130179255123E-002
   1318.00000000000       1.073203861868690E-002
   1319.00000000000       1.073277598325565E-002
   1320.00000000000       1.073351387112942E-002
   1321.00000000000       1.073425229095136E-002
   1322.00000000000       1.073499123861508E-002
   1323.00000000000       1.073573072192060E-002
   1324.00000000000       1.073647073211768E-002
   1325.00000000000       1.073721128296238E-002
   1326.00000000000       1.073795236048540E-002
   1327.00000000000       1.073869397186583E-002
   1328.00000000000       1.073943611895216E-002
   1329.00000000000       1.074017880250861E-002
   1330.00000000000       1.074092202048990E-002
   1331.00000000000       1.074166577736425E-002
   1332.00000000000       1.074241006984106E-002
   1333.00000000000       1.074315489851702E-002
   1334.00000000000       1.074390026529618E-002
   1335.00000000000       1.074464617317287E-002
   1336.00000000000       1.074539262165692E-002
   1337.00000000000       1.074613960826049E-002
   1338.00000000000       1.074688712984970E-002
   1339.00000000000       1.074763520243268E-002
   1340.00000000000       1.074838381295744E-002
   1341.00000000000       1.074913296635561E-002
   1342.00000000000       1.074988265728424E-002
   1343.00000000000       1.075063289945225E-002
   1344.00000000000       1.075138368081559E-002
   1345.00000000000       1.075213500918972E-002
   1346.00000000000       1.075288688618659E-002
   1347.00000000000       1.075363930257290E-002
   1348.00000000000       1.075439226699181E-002
   1349.00000000000       1.075514577300381E-002
   1350.00000000000       1.075589984113867E-002
   1351.00000000000       1.075665445151924E-002
   1352.00000000000       1.075740961498460E-002
   1353.00000000000       1.075816531805397E-002
   1354.00000000000       1.075892158006653E-002
   1355.00000000000       1.075967839073620E-002
   1356.00000000000       1.076043575153844E-002
   1357.00000000000       1.076119366490844E-002
   1358.00000000000       1.076195212943390E-002
