  0.000000000000000E+000  0.000000000000000E+000
   1.00000000000000      -4.460039779940613E-006
   2.00000000000000       5.020614601667187E-004
   3.00000000000000       7.519181830309373E-004
   4.00000000000000       1.000511649112050E-003
   5.00000000000000       1.239295896782305E-003
   6.00000000000000       1.487915181647390E-003
   7.00000000000000       1.730671815685489E-003
   8.00000000000000       1.971212722987408E-003
   9.00000000000000       2.250704494675146E-003
   10.0000000000000       2.557101522824956E-003
   11.0000000000000       2.963527065016032E-003
   12.0000000000000       3.505828637161937E-003
   13.0000000000000       4.229458371385337E-003
   14.0000000000000       5.185622753916216E-003
   15.0000000000000       6.425652995361647E-003
   16.0000000000000       8.007359601759967E-003
   17.0000000000000       9.970540676515604E-003
   18.0000000000000       1.234593623226351E-002
   19.0000000000000       1.522213336447595E-002
   20.0000000000000       1.857764927137288E-002
   21.0000000000000       2.251669635191571E-002
   22.0000000000000       2.701838437788215E-002
   23.0000000000000       3.216303236643638E-002
   24.0000000000000       3.790137479650316E-002
   25.0000000000000       4.429497464912181E-002
   26.0000000000000       5.134576339620812E-002
   27.0000000000000       5.906762653121006E-002
   28.0000000000000       6.742918229686415E-002
   29.0000000000000       7.646479708664812E-002
   30.0000000000000       8.614111197916827E-002
   31.0000000000000       9.648612655941602E-002
   32.0000000000000       0.107379325262834     
   33.0000000000000       0.118987662776560     
   34.0000000000000       0.131140215365883     
   35.0000000000000       0.143908770843250     
   36.0000000000000       0.157272002795330     
   37.0000000000000       0.171098382628897     
   38.0000000000000       0.185558318403233     
   39.0000000000000       0.200554728780342     
   40.0000000000000       0.215972446317944     
   41.0000000000000       0.231925576125077     
   42.0000000000000       0.248352271113343     
   43.0000000000000       0.265252945845131     
   44.0000000000000       0.282566041693258     
   45.0000000000000       0.300229141204021     
   46.0000000000000       0.318447816368866     
   47.0000000000000       0.336883730843702     
   48.0000000000000       0.355751493718962     
   49.0000000000000       0.375033303469736     
   50.0000000000000       0.394514998960820     
   51.0000000000000       0.414317971962953     
   52.0000000000000       0.434499033997960     
   53.0000000000000       0.454842268492757     
   54.0000000000000       0.475520101393631     
   55.0000000000000       0.496321513431081     
   56.0000000000000       0.517409312865100     
   57.0000000000000       0.538651030672237     
   58.0000000000000       0.560131574336235     
   59.0000000000000       0.581623462383196     
   60.0000000000000       0.603430853331974     
   61.0000000000000       0.625257583474550     
   62.0000000000000       0.647119190583926     
   63.0000000000000       0.669167173598216     
   64.0000000000000       0.691319452085457     
   65.0000000000000       0.713354616871321     
   66.0000000000000       0.735642768345203     
   67.0000000000000       0.757825430209336     
   68.0000000000000       0.779963907621751     
   69.0000000000000       0.802247538518109     
   70.0000000000000       0.824390756463665     
   71.0000000000000       0.846600668836155     
   72.0000000000000       0.868663909768713     
   73.0000000000000       0.890749901983242     
   74.0000000000000       0.912728041206485     
   75.0000000000000       0.934669952087300     
   76.0000000000000       0.956440638221614     
   77.0000000000000       0.978316973489420     
   78.0000000000000       0.999808814296802     
   79.0000000000000        1.02137047310713     
   80.0000000000000        1.04287711896702     
   81.0000000000000        1.06396037797783     
   82.0000000000000        1.08524624032511     
   83.0000000000000        1.10618182871103     
   84.0000000000000        1.12707730188459     
   85.0000000000000        1.14774204290072     
   86.0000000000000        1.16825239408229     
   87.0000000000000        1.18864668168658     
   88.0000000000000        1.20892138733040     
   89.0000000000000        1.22881133567933     
   90.0000000000000        1.24881181864537     
   91.0000000000000        1.26845054511463     
   92.0000000000000        1.28790898606215     
   93.0000000000000        1.30724421809367     
   94.0000000000000        1.32638260390199     
   95.0000000000000        1.34531167914277     
   96.0000000000000        1.36411533363039     
   97.0000000000000        1.38255162943322     
   98.0000000000000        1.40103070926953     
   99.0000000000000        1.41915135336937     
   100.000000000000        1.43711079501692     
   101.000000000000        1.45494562144847     
   102.000000000000        1.47243301700932     
   103.000000000000        1.48994689245685     
   104.000000000000        1.50698983352367     
   105.000000000000        1.52405772729633     
   106.000000000000        1.54078023482188     
   107.000000000000        1.55745623606594     
   108.000000000000        1.57383396390119     
   109.000000000000        1.58995335739645     
   110.000000000000        1.60611506992588     
   111.000000000000        1.62182652149811     
   112.000000000000        1.63746274065852     
   113.000000000000        1.65286382592719     
   114.000000000000        1.66818803116209     
   115.000000000000        1.68323176629264     
   116.000000000000        1.69800292148597     
   117.000000000000        1.71271705221784     
   118.000000000000        1.72723526558089     
   119.000000000000        1.74150683273416     
   120.000000000000        1.75562929221680     
   121.000000000000        1.76966817927170     
   122.000000000000        1.78327285773947     
   123.000000000000        1.79700077353063     
   124.000000000000        1.81035539351491     
   125.000000000000        1.82361888937926     
   126.000000000000        1.83667949395099     
   127.000000000000        1.84955688224099     
   128.000000000000        1.86224730482886     
   129.000000000000        1.87484382189656     
   130.000000000000        1.88737907504152     
   131.000000000000        1.89944176743567     
   132.000000000000        1.91150975544715     
   133.000000000000        1.92358018737758     
   134.000000000000        1.93518145781998     
   135.000000000000        1.94697450610246     
   136.000000000000        1.95817626263022     
   137.000000000000        1.96964940290756     
   138.000000000000        1.98084868051846     
   139.000000000000        1.99167637375482     
   140.000000000000        2.00270290290199     
   141.000000000000        2.01333039960896     
   142.000000000000        2.02382032607448     
   143.000000000000        2.03455468375846     
   144.000000000000        2.04445821522632     
   145.000000000000        2.05495617066034     
   146.000000000000        2.06487531206203     
   147.000000000000        2.07464862950234     
   148.000000000000        2.08458590524226     
   149.000000000000        2.09410938391449     
   150.000000000000        2.10363177941478     
   151.000000000000        2.11318097279137     
   152.000000000000        2.12222906810160     
   153.000000000000        2.13145718531405     
   154.000000000000        2.14041650882838     
   155.000000000000        2.14942123133987     
   156.000000000000        2.15826283560420     
   157.000000000000        2.16679475758611     
   158.000000000000        2.17535485083046     
   159.000000000000        2.18389313176765     
   160.000000000000        2.19206828573008     
   161.000000000000        2.20059070980608     
   162.000000000000        2.20851453849361     
   163.000000000000        2.21651118958238     
   164.000000000000        2.22443263453692     
   165.000000000000        2.23235753728525     
   166.000000000000        2.24003143718509     
   167.000000000000        2.24767242256261     
   168.000000000000        2.25502188781930     
   169.000000000000        2.26272557366890     
   170.000000000000        2.26976707394766     
   171.000000000000        2.27717781402874     
   172.000000000000        2.28428465412461     
   173.000000000000        2.29114713028947     
   174.000000000000        2.29847955363952     
   175.000000000000        2.30506741374916     
   176.000000000000        2.31205823873279     
   177.000000000000        2.31853737734675     
   178.000000000000        2.32525468446107     
   179.000000000000        2.33183208720250     
   180.000000000000        2.33822133749352     
   181.000000000000        2.34466658082108     
   182.000000000000        2.35094797811272     
   183.000000000000        2.35718366548386     
   184.000000000000        2.36313178736432     
   185.000000000000        2.36941368939355     
   186.000000000000        2.37547870664502     
   187.000000000000        2.38105203577466     
   188.000000000000        2.38724530706927     
   189.000000000000        2.39285538575583     
   190.000000000000        2.39860243715887     
   191.000000000000        2.40415407708241     
   192.000000000000        2.40981597624662     
   193.000000000000        2.41533852880477     
   194.000000000000        2.42072137791662     
   195.000000000000        2.42604683983463     
   196.000000000000        2.43149933359543     
   197.000000000000        2.43648760589499     
   198.000000000000        2.44190436512953     
   199.000000000000        2.44685661562628     
   200.000000000000        2.45214579582935     
   201.000000000000        2.45690195060063     
   202.000000000000        2.46189097126459     
   203.000000000000        2.46681025271661     
   204.000000000000        2.47176532357383     
   205.000000000000        2.47619001100305     
   206.000000000000        2.48134941459018     
   207.000000000000        2.48563088024984     
   208.000000000000        2.49050234060695     
   209.000000000000        2.49494536455411     
   210.000000000000        2.49948660359495     
   211.000000000000        2.50369349004520     
   212.000000000000        2.50838256024623     
   213.000000000000        2.51273450197196     
   214.000000000000        2.51690857645139     
   215.000000000000        2.52118357608798     
   216.000000000000        2.52537034834328     
   217.000000000000        2.52956462202154     
   218.000000000000        2.53362443260717     
   219.000000000000        2.53786697476521     
   220.000000000000        2.54169879773148     
   221.000000000000        2.54565345003932     
   222.000000000000        2.54964832075003     
   223.000000000000        2.55353543749593     
   224.000000000000        2.55756153743951     
   225.000000000000        2.56104301554236     
   226.000000000000        2.56503478279725     
   227.000000000000        2.56864830830939     
   228.000000000000        2.57228693537132     
   229.000000000000        2.57620628642875     
   230.000000000000        2.57941787894090     
   231.000000000000        2.58336512688657     
   232.000000000000        2.58654701462927     
   233.000000000000        2.59024766580604     
   234.000000000000        2.59372913082597     
   235.000000000000        2.59695750723768     
   236.000000000000        2.60037626385445     
   237.000000000000        2.60390265644943     
   238.000000000000        2.60708748921329     
   239.000000000000        2.61038527461753     
   240.000000000000        2.61352773818672     
   241.000000000000        2.61702054582752     
   242.000000000000        2.61985106816373     
   243.000000000000        2.62318079542551     
   244.000000000000        2.62626260835526     
   245.000000000000        2.62924371390987     
   246.000000000000        2.63251649301254     
   247.000000000000        2.63543106433353     
   248.000000000000        2.63831967386827     
   249.000000000000        2.64134955103987     
   250.000000000000        2.64427627294667     
   251.000000000000        2.64721123238725     
   252.000000000000        2.65003837161943     
   253.000000000000        2.65291806931964     
   254.000000000000        2.65577575555742     
   255.000000000000        2.65830022844684     
   256.000000000000        2.66149536319865     
   257.000000000000        2.66372659302679     
   258.000000000000        2.66690471908279     
   259.000000000000        2.66934659338628     
   260.000000000000        2.67192507232376     
   261.000000000000        2.67489843575131     
   262.000000000000        2.67711292713202     
   263.000000000000        2.67974132928088     
   264.000000000000        2.68250199371544     
   265.000000000000        2.68489471116991     
   266.000000000000        2.68764434227641     
   267.000000000000        2.68967613644511     
   268.000000000000        2.69247300465654     
   269.000000000000        2.69493109050408     
   270.000000000000        2.69715733988261     
   271.000000000000        2.69962596363754     
   272.000000000000        2.70203087293898     
   273.000000000000        2.70431334137252     
   274.000000000000        2.70681505622740     
   275.000000000000        2.70879962514013     
   276.000000000000        2.71140285827552     
   277.000000000000        2.71353661855660     
   278.000000000000        2.71591350758084     
   279.000000000000        2.71787252380043     
   280.000000000000        2.72021370326610     
   281.000000000000        2.72256090565402     
   282.000000000000        2.72449314991471     
   283.000000000000        2.72681416334466     
   284.000000000000        2.72886886707252     
   285.000000000000        2.73094476958147     
   286.000000000000        2.73293533596247     
   287.000000000000        2.73527950772691     
   288.000000000000        2.73714548327828     
   289.000000000000        2.73946352700363     
   290.000000000000        2.74104240382062     
   291.000000000000        2.74349372081247     
   292.000000000000        2.74508666910287     
   293.000000000000        2.74736597279717     
   294.000000000000        2.74907670371781     
   295.000000000000        2.75119486330646     
   296.000000000000        2.75307135188570     
   297.000000000000        2.75492358676763     
   298.000000000000        2.75680841525490     
   299.000000000000        2.75905667290212     
   300.000000000000        2.76018672841025     
   301.000000000000        2.76267678988515     
   302.000000000000        2.76430969182751     
   303.000000000000        2.76611335987242     
   304.000000000000        2.76771610031135     
   305.000000000000        2.77001739306259     
   306.000000000000        2.77127996511238     
   307.000000000000        2.77323780439408     
   308.000000000000        2.77490071359410     
   309.000000000000        2.77662729185552     
   310.000000000000        2.77861805571845     
   311.000000000000        2.78019113322768     
   312.000000000000        2.78156949145798     
   313.000000000000        2.78379042081883     
   314.000000000000        2.78507911949902     
   315.000000000000        2.78683079596560     
   316.000000000000        2.78830844641784     
   317.000000000000        2.79016003085456     
   318.000000000000        2.79191570410196     
   319.000000000000        2.79311487383789     
   320.000000000000        2.79526638900556     
   321.000000000000        2.79605086540369     
   322.000000000000        2.79845384950945     
   323.000000000000        2.79935442032993     
   324.000000000000        2.80133638746391     
   325.000000000000        2.80252739546707     
   326.000000000000        2.80450512293456     
   327.000000000000        2.80563499959980     
   328.000000000000        2.80713878219264     
   329.000000000000        2.80897081569582     
   330.000000000000        2.81009907929953     
   331.000000000000        2.81175926291097     
   332.000000000000        2.81326822475975     
   333.000000000000        2.81452946475438     
   334.000000000000        2.81584466131184     
   335.000000000000        2.81778717106933     
   336.000000000000        2.81895695225238     
   337.000000000000        2.82007181084042     
   338.000000000000        2.82200344587902     
   339.000000000000        2.82278002587308     
   340.000000000000        2.82494120313849     
   341.000000000000        2.82560597321986     
   342.000000000000        2.82723951809955     
   343.000000000000        2.82870718805962     
   344.000000000000        2.82989995355647     
   345.000000000000        2.83126173633971     
   346.000000000000        2.83261511887745     
   347.000000000000        2.83403192609801     
   348.000000000000        2.83529019093748     
   349.000000000000        2.83635698044860     
   350.000000000000        2.83812523437824     
   351.000000000000        2.83900151266277     
   352.000000000000        2.84037947629142     
   353.000000000000        2.84178671208862     
   354.000000000000        2.84276888422606     
   355.000000000000        2.84414948686977     
   356.000000000000        2.84578800138434     
   357.000000000000        2.84656138402947     
   358.000000000000        2.84778168475222     
   359.000000000000        2.84922415632982     
   360.000000000000        2.85041915864281     
   361.000000000000        2.85165449727899     
   362.000000000000        2.85271700233989     
   363.000000000000        2.85379652013069     
   364.000000000000        2.85525900710171     
   365.000000000000        2.85647417584071     
   366.000000000000        2.85730176687456     
   367.000000000000        2.85904972489016     
   368.000000000000        2.85953179236960     
   369.000000000000        2.86112568710681     
   370.000000000000        2.86192403533000     
   371.000000000000        2.86348522537400     
   372.000000000000        2.86444117790054     
   373.000000000000        2.86543309141952     
   374.000000000000        2.86653807859144     
   375.000000000000        2.86801454685339     
   376.000000000000        2.86880100020887     
   377.000000000000        2.87001790323168     
   378.000000000000        2.87073984489799     
   379.000000000000        2.87268196393460     
   380.000000000000        2.87277129325835     
   381.000000000000        2.87475626054045     
   382.000000000000        2.87516417306633     
   383.000000000000        2.87661487821460     
   384.000000000000        2.87738770919304     
   385.000000000000        2.87853179276458     
   386.000000000000        2.87957649448124     
   387.000000000000        2.88084654390520     
   388.000000000000        2.88165721924351     
   389.000000000000        2.88278032532430     
   390.000000000000        2.88368699617139     
   391.000000000000        2.88478259046035     
   392.000000000000        2.88557820794311     
   393.000000000000        2.88717184150132     
   394.000000000000        2.88744070099430     
   395.000000000000        2.88913228451786     
   396.000000000000        2.88957108789719     
   397.000000000000        2.89103041138783     
   398.000000000000        2.89145016727196     
   399.000000000000        2.89310308621211     
   400.000000000000        2.89341961575361     
   401.000000000000        2.89479272232838     
   402.000000000000        2.89572992646054     
   403.000000000000        2.89636715938803     
   404.000000000000        2.89800884127734     
   405.000000000000        2.89828060092990     
   406.000000000000        2.89929487325233     
   407.000000000000        2.90072129333082     
   408.000000000000        2.90099094249570     
   409.000000000000        2.90253966068067     
   410.000000000000        2.90316331876971     
   411.000000000000        2.90413433287762     
   412.000000000000        2.90468919032634     
   413.000000000000        2.90624612568884     
   414.000000000000        2.90681652017830     
   415.000000000000        2.90802830622665     
   416.000000000000        2.90823372183409     
   417.000000000000        2.90990729237690     
   418.000000000000        2.91025316366965     
   419.000000000000        2.91145805799378     
   420.000000000000        2.91208246614077     
   421.000000000000        2.91305477371954     
   422.000000000000        2.91382107498240     
   423.000000000000        2.91515872192353     
   424.000000000000        2.91584221668102     
   425.000000000000        2.91616436796043     
   426.000000000000        2.91768967807051     
   427.000000000000        2.91822789021239     
   428.000000000000        2.91888070711945     
   429.000000000000        2.92022472744483     
   430.000000000000        2.92110382078029     
   431.000000000000        2.92122654842604     
   432.000000000000        2.92272670838402     
   433.000000000000        2.92338418591989     
   434.000000000000        2.92389934782892     
   435.000000000000        2.92506097200720     
   436.000000000000        2.92575360433783     
   437.000000000000        2.92668156119235     
   438.000000000000        2.92780687122444     
   439.000000000000        2.92765846866200     
   440.000000000000        2.92930309512933     
   441.000000000000        2.92987202572511     
   442.000000000000        2.93057761326211     
   443.000000000000        2.93162404542284     
   444.000000000000        2.93201608486009     
   445.000000000000        2.93343406257373     
   446.000000000000        2.93325276719843     
   447.000000000000        2.93498654740395     
   448.000000000000        2.93531680173994     
   449.000000000000        2.93585757897152     
   450.000000000000        2.93736005209893     
   451.000000000000        2.93740377567849     
   452.000000000000        2.93835624648110     
   453.000000000000        2.93931880090847     
   454.000000000000        2.94023754165384     
   455.000000000000        2.94058535657578     
   456.000000000000        2.94146155908201     
   457.000000000000        2.94193414150732     
   458.000000000000        2.94332327096787     
   459.000000000000        2.94350058644318     
   460.000000000000        2.94469164637508     
   461.000000000000        2.94504246344256     
   462.000000000000        2.94574843209954     
   463.000000000000        2.94721643612167     
   464.000000000000        2.94677953967793     
   465.000000000000        2.94844747523810     
   466.000000000000        2.94883744788282     
   467.000000000000        2.94938242313602     
   468.000000000000        2.95027721780124     
   469.000000000000        2.95086892482659     
   470.000000000000        2.95183309836978     
   471.000000000000        2.95242288330306     
   472.000000000000        2.95285854330220     
   473.000000000000        2.95377249815747     
   474.000000000000        2.95472700376430     
   475.000000000000        2.95516902268955     
   476.000000000000        2.95578097226783     
   477.000000000000        2.95649128911616     
   478.000000000000        2.95726592457128     
   479.000000000000        2.95769809219003     
   480.000000000000        2.95886895499567     
   481.000000000000        2.95919658474259     
   482.000000000000        2.96008682152454     
   483.000000000000        2.96042851494477     
   484.000000000000        2.96141127794842     
   485.000000000000        2.96220370569241     
   486.000000000000        2.96236697439248     
   487.000000000000        2.96307731417890     
   488.000000000000        2.96441675277562     
   489.000000000000        2.96398448512650     
   490.000000000000        2.96585468945500     
   491.000000000000        2.96527989314094     
   492.000000000000        2.96682618677891     
   493.000000000000        2.96737578737424     
   494.000000000000        2.96752148240209     
   495.000000000000        2.96876629142294     
   496.000000000000        2.96857904474363     
   497.000000000000        2.97037494702966     
   498.000000000000        2.96960839444725     
   499.000000000000        2.97157508334840     
   500.000000000000        2.97133857508972     
   501.000000000000        2.97239388080792     
   502.000000000000        2.97238233735023     
   503.000000000000        2.97403750402363     
   504.000000000000        2.97361301167271     
   505.000000000000        2.97501343882618     
   506.000000000000        2.97507601835991     
   507.000000000000        2.97585517511170     
   508.000000000000        2.97682541801276     
   509.000000000000        2.97671675147608     
   510.000000000000        2.97772193661266     
   511.000000000000        2.97861633682010     
   512.000000000000        2.97866028661964     
   513.000000000000        2.97960318634923     
   514.000000000000        2.98003770087083     
   515.000000000000        2.98059160065506     
   516.000000000000        2.98112978654365     
   517.000000000000        2.98177991977684     
   518.000000000000        2.98258024086512     
   519.000000000000        2.98286534117378     
   520.000000000000        2.98334820298945     
   521.000000000000        2.98469039186523     
   522.000000000000        2.98412850158964     
   523.000000000000        2.98523728112829     
   524.000000000000        2.98598003116331     
   525.000000000000        2.98611831425770     
   526.000000000000        2.98698806485642     
   527.000000000000        2.98779002292177     
   528.000000000000        2.98767415631527     
   529.000000000000        2.98877321170250     
   530.000000000000        2.98879536369246     
   531.000000000000        2.99014567636303     
   532.000000000000        2.98997821266203     
   533.000000000000        2.99052603163427     
   534.000000000000        2.99161267358979     
   535.000000000000        2.99163262679313     
   536.000000000000        2.99232138019603     
   537.000000000000        2.99266349230516     
   538.000000000000        2.99372194958280     
   539.000000000000        2.99366436581083     
   540.000000000000        2.99490525714384     
   541.000000000000        2.99478416545745     
   542.000000000000        2.99527551730201     
   543.000000000000        2.99580425234943     
   544.000000000000        2.99684768998268     
   545.000000000000        2.99716144988798     
   546.000000000000        2.99731090251917     
   547.000000000000        2.99799376313133     
   548.000000000000        2.99859919439411     
   549.000000000000        2.99889213163582     
   550.000000000000        2.99968809124721     
   551.000000000000        2.99993032781867     
   552.000000000000        3.00063752314652     
   553.000000000000        3.00070566189360     
   554.000000000000        3.00169105401941     
   555.000000000000        3.00209703593928     
   556.000000000000        3.00230257477493     
   557.000000000000        3.00260835248763     
   558.000000000000        3.00387533262844     
   559.000000000000        3.00360571812358     
   560.000000000000        3.00467837212599     
   561.000000000000        3.00456916234126     
   562.000000000000        3.00537883498834     
   563.000000000000        3.00557687058039     
   564.000000000000        3.00667167073517     
   565.000000000000        3.00645319274331     
   566.000000000000        3.00694338529904     
   567.000000000000        3.00753635123590     
   568.000000000000        3.00837031302543     
   569.000000000000        3.00846313135656     
   570.000000000000        3.00919963586959     
   571.000000000000        3.00900688503315     
   572.000000000000        3.00964258295058     
   573.000000000000        3.01090551567594     
   574.000000000000        3.01006189458982     
   575.000000000000        3.01164231895598     
   576.000000000000        3.01106933852197     
   577.000000000000        3.01236968062151     
   578.000000000000        3.01252639127083     
   579.000000000000        3.01241448419139     
   580.000000000000        3.01345101638487     
   581.000000000000        3.01401447730072     
   582.000000000000        3.01353880274132     
   583.000000000000        3.01493089491838     
   584.000000000000        3.01480645676102     
   585.000000000000        3.01553512900862     
   586.000000000000        3.01575176273027     
   587.000000000000        3.01574224602270     
   588.000000000000        3.01687075121433     
   589.000000000000        3.01689862725205     
   590.000000000000        3.01750524119230     
   591.000000000000        3.01763618348296     
   592.000000000000        3.01810053967254     
   593.000000000000        3.01873911592735     
   594.000000000000        3.01859651242490     
   595.000000000000        3.01931437199278     
   596.000000000000        3.02021179847801     
   597.000000000000        3.01948884785760     
   598.000000000000        3.02042802494979     
   599.000000000000        3.02130623343280     
   600.000000000000        3.02081966348125     
   601.000000000000        3.02183908733952     
   602.000000000000        3.02183073988174     
   603.000000000000        3.02185645975180     
   604.000000000000        3.02322038573043     
   605.000000000000        3.02309697356579     
   606.000000000000        3.02279075523970     
   607.000000000000        3.02391884948145     
   608.000000000000        3.02415122709420     
   609.000000000000        3.02453450430820     
   610.000000000000        3.02482524878135     
   611.000000000000        3.02510452027028     
   612.000000000000        3.02494885156176     
   613.000000000000        3.02633300889303     
   614.000000000000        3.02582747049206     
   615.000000000000        3.02670648571852     
   616.000000000000        3.02683721631697     
   617.000000000000        3.02689133921966     
   618.000000000000        3.02715952244932     
   619.000000000000        3.02811406263728     
   620.000000000000        3.02848861964758     
   621.000000000000        3.02796772052162     
   622.000000000000        3.02863218283009     
   623.000000000000        3.02918664741456     
   624.000000000000        3.02921253246781     
   625.000000000000        3.02978870768040     
   626.000000000000        3.02964234972890     
   627.000000000000        3.03068617065386     
   628.000000000000        3.03028352299646     
   629.000000000000        3.03120832242750     
   630.000000000000        3.03086283967213     
   631.000000000000        3.03171716473303     
   632.000000000000        3.03117992305244     
   633.000000000000        3.03272905264818     
   634.000000000000        3.03162423155066     
   635.000000000000        3.03321829782481     
   636.000000000000        3.03261173781522     
   637.000000000000        3.03276066460365     
   638.000000000000        3.03397670479880     
   639.000000000000        3.03304704807313     
   640.000000000000        3.03470339752620     
   641.000000000000        3.03365363361453     
   642.000000000000        3.03481896466882     
   643.000000000000        3.03460052228361     
   644.000000000000        3.03489687422894     
   645.000000000000        3.03563413014051     
   646.000000000000        3.03498119891671     
   647.000000000000        3.03627756410395     
   648.000000000000        3.03545117537421     
   649.000000000000        3.03649135922244     
   650.000000000000        3.03688778345191     
   651.000000000000        3.03603812761634     
   652.000000000000        3.03768772157861     
   653.000000000000        3.03670717525587     
   654.000000000000        3.03776873077475     
   655.000000000000        3.03713108603689     
   656.000000000000        3.03823792038601     
   657.000000000000        3.03812161567844     
   658.000000000000        3.03840650504834     
   659.000000000000        3.03803301895886     
   660.000000000000        3.03956552330546     
   661.000000000000        3.03796717309021     
   662.000000000000        3.04006835897680     
   663.000000000000        3.03871579227815     
   664.000000000000        3.03961844614308     
   665.000000000000        3.04002331608749     
   666.000000000000        3.03936472013755     
   667.000000000000        3.04075249367334     
   668.000000000000        3.04036201767148     
   669.000000000000        3.04037532956419     
   670.000000000000        3.04089124693443     
   671.000000000000        3.04065383052550     
   672.000000000000        3.04118206638864     
   673.000000000000        3.04147015598858     
   674.000000000000        3.04126809260966     
   675.000000000000        3.04176624965666     
   676.000000000000        3.04147747282525     
   677.000000000000        3.04202318977608     
   678.000000000000        3.04232516831685     
   679.000000000000        3.04173741946281     
   680.000000000000        3.04285082885549     
   681.000000000000        3.04294214084244     
   682.000000000000        3.04191906715462     
   683.000000000000        3.04329741017914     
   684.000000000000        3.04292946369536     
   685.000000000000        3.04382167708566     
   686.000000000000        3.04253577136846     
   687.000000000000        3.04365013220225     
   688.000000000000        3.04369833143185     
   689.000000000000        3.04383325852312     
   690.000000000000        3.04369343981474     
   691.000000000000        3.04386778219892     
   692.000000000000        3.04478237417820     
   693.000000000000        3.04317976621350     
   694.000000000000        3.04511651152773     
   695.000000000000        3.04411108464222     
   696.000000000000        3.04442752797865     
   697.000000000000        3.04491045877134     
   698.000000000000        3.04468984043771     
   699.000000000000        3.04504842266752     
   700.000000000000        3.04449905747688     
   701.000000000000        3.04556176696394     
   702.000000000000        3.04480416540458     
   703.000000000000        3.04544371755511     
   704.000000000000        3.04532693493841     
   705.000000000000        3.04552004413678     
   706.000000000000        3.04553076314734     
   707.000000000000        3.04517239048473     
   708.000000000000        3.04641484076851     
   709.000000000000        3.04507263770000     
   710.000000000000        3.04620041318552     
   711.000000000000        3.04592615746317     
   712.000000000000        3.04526850629470     
   713.000000000000        3.04656406696111     
   714.000000000000        3.04602000292377     
   715.000000000000        3.04619156126501     
   716.000000000000        3.04601745916628     
   717.000000000000        3.04623965283046     
   718.000000000000        3.04652933169129     
   719.000000000000        3.04620227761396     
   720.000000000000        3.04632926995119     
   721.000000000000        3.04658457910329     
   722.000000000000        3.04594237347614     
   723.000000000000        3.04664227010248     
   724.000000000000        3.04663971574403     
   725.000000000000        3.04637227153606     
   726.000000000000        3.04658203561267     
   727.000000000000        3.04711040149881     
   728.000000000000        3.04597255263918     
   729.000000000000        3.04656392361937     
   730.000000000000        3.04656361341103     
   731.000000000000        3.04709493014617     
   732.000000000000        3.04606129823475     
   733.000000000000        3.04704748292118     
   734.000000000000        3.04593004485252     
   735.000000000000        3.04747936970644     
   736.000000000000        3.04589102434787     
   737.000000000000        3.04686314688413     
   738.000000000000        3.04685971153718     
   739.000000000000        3.04660871930565     
   740.000000000000        3.04606269743322     
   741.000000000000        3.04630712150237     
   742.000000000000        3.04711165915500     
   743.000000000000        3.04660868845147     
   744.000000000000        3.04578140879718     
   745.000000000000        3.04653800941268     
   746.000000000000        3.04683841116381     
   747.000000000000        3.04571905106986     
   748.000000000000        3.04674713041616     
   749.000000000000        3.04625996820935     
   750.000000000000        3.04598197862998     
   751.000000000000        3.04599517168645     
   752.000000000000        3.04612324815470     
   753.000000000000        3.04583332965812     
   754.000000000000        3.04620666009928     
   755.000000000000        3.04607561481855     
   756.000000000000        3.04561215675392     
   757.000000000000        3.04520321696961     
   758.000000000000        3.04619984711303     
   759.000000000000        3.04536268639806     
   760.000000000000        3.04552437371310     
   761.000000000000        3.04552530421911     
   762.000000000000        3.04548877543801     
   763.000000000000        3.04451841728547     
   764.000000000000        3.04544679600055     
   765.000000000000        3.04479242281385     
   766.000000000000        3.04529517409193     
   767.000000000000        3.04469147976332     
   768.000000000000        3.04467871920781     
   769.000000000000        3.04496979054383     
   770.000000000000        3.04369836830015     
   771.000000000000        3.04478590724180     
   772.000000000000        3.04462412459103     
   773.000000000000        3.04371612380104     
   774.000000000000        3.04414437881146     
   775.000000000000        3.04417706764516     
   776.000000000000        3.04318109499609     
   777.000000000000        3.04350521850745     
   778.000000000000        3.04343780706490     
   779.000000000000        3.04405456510587     
   780.000000000000        3.04245312902105     
   781.000000000000        3.04292736363611     
   782.000000000000        3.04323743289071     
   783.000000000000        3.04226021124301     
   784.000000000000        3.04299527451083     
   785.000000000000        3.04262593023565     
   786.000000000000        3.04165687569609     
   787.000000000000        3.04193398856462     
   788.000000000000        3.04207620176072     
   789.000000000000        3.04136407764425     
   790.000000000000        3.04187989473162     
   791.000000000000        3.04130849951760     
   792.000000000000        3.04089294127109     
   793.000000000000        3.04173260141974     
   794.000000000000        3.03997472041969     
   795.000000000000        3.04035920201087     
   796.000000000000        3.04046855492647     
   797.000000000000        3.04040481132049     
   798.000000000000        3.03953887998749     
   799.000000000000        3.04055056699006     
   800.000000000000        3.03871012604926     
   801.000000000000        3.03990995125245     
   802.000000000000        3.03897653340625     
   803.000000000000        3.03863598314370     
   804.000000000000        3.03858033560818     
   805.000000000000        3.03856462923823     
   806.000000000000        3.03755279960313     
   807.000000000000        3.03881387649752     
   808.000000000000        3.03766690830203     
   809.000000000000        3.03682901061590     
   810.000000000000        3.03685394823283     
   811.000000000000        3.03812654847959     
   812.000000000000        3.03622121384397     
   813.000000000000        3.03617928294402     
   814.000000000000        3.03584267206776     
   815.000000000000        3.03663213950276     
   816.000000000000        3.03563143664616     
   817.000000000000        3.03489466135477     
   818.000000000000        3.03523386793098     
   819.000000000000        3.03507012358332     
   820.000000000000        3.03403857434905     
   821.000000000000        3.03481206545345     
   822.000000000000        3.03372098377660     
   823.000000000000        3.03339192777011     
   824.000000000000        3.03381434988327     
   825.000000000000        3.03288025734309     
   826.000000000000        3.03300739146572     
   827.000000000000        3.03187142719947     
   828.000000000000        3.03266066778125     
   829.000000000000        3.03178124335824     
   830.000000000000        3.03160207259984     
   831.000000000000        3.03056541341801     
   832.000000000000        3.03185202588956     
   833.000000000000        3.03008882550603     
   834.000000000000        3.03028120054986     
   835.000000000000        3.02993598526865     
   836.000000000000        3.02972401296613     
   837.000000000000        3.02902269564894     
   838.000000000000        3.02909599341321     
   839.000000000000        3.02794891849435     
   840.000000000000        3.02830010341832     
   841.000000000000        3.02850433128792     
   842.000000000000        3.02668483764795     
   843.000000000000        3.02705817518769     
   844.000000000000        3.02709636623410     
   845.000000000000        3.02574201022371     
   846.000000000000        3.02632515574912     
   847.000000000000        3.02553477863363     
   848.000000000000        3.02510043829054     
   849.000000000000        3.02498329662184     
   850.000000000000        3.02458855232580     
   851.000000000000        3.02335585702465     
   852.000000000000        3.02388769725165     
   853.000000000000        3.02373551242370     
   854.000000000000        3.02223123510236     
   855.000000000000        3.02284117131550     
   856.000000000000        3.02112350743492     
   857.000000000000        3.02262288672546     
   858.000000000000        3.02047105550067     
   859.000000000000        3.02122987263647     
   860.000000000000        3.02036715857842     
   861.000000000000        3.01917500014652     
   862.000000000000        3.01981472054579     
   863.000000000000        3.01961901456858     
   864.000000000000        3.01871826347269     
   865.000000000000        3.01743962391475     
   866.000000000000        3.01777073494865     
   867.000000000000        3.01836120742910     
   868.000000000000        3.01576235179688     
   869.000000000000        3.01683511894181     
   870.000000000000        3.01613789338024     
   871.000000000000        3.01468780454296     
   872.000000000000        3.01548884090902     
   873.000000000000        3.01432689558588     
   874.000000000000        3.01368377175093     
   875.000000000000        3.01419250019433     
   876.000000000000        3.01238161299437     
   877.000000000000        3.01349187477431     
   878.000000000000        3.01148569212316     
   879.000000000000        3.01142994400910     
   880.000000000000        3.01170144087199     
   881.000000000000        3.01026576324317     
   882.000000000000        3.00978956434558     
   883.000000000000        3.00989469544093     
   884.000000000000        3.00871135886966     
   885.000000000000        3.00914272023430     
   886.000000000000        3.00752578757419     
   887.000000000000        3.00746862733882     
   888.000000000000        3.00672287980671     
   889.000000000000        3.00690752316697     
   890.000000000000        3.00575715799841     
   891.000000000000        3.00556666984916     
   892.000000000000        3.00490132000528     
   893.000000000000        3.00368150167805     
   894.000000000000        3.00413951463268     
   895.000000000000        3.00286233469644     
   896.000000000000        3.00273694781275     
   897.000000000000        3.00235027855783     
   898.000000000000        3.00080808362078     
   899.000000000000        3.00124399194815     
   900.000000000000        3.00042967806291     
   901.000000000000        3.00020760108129     
   902.000000000000        2.99816386439052     
   903.000000000000        2.99898091962283     
   904.000000000000        2.99863277680983     
   905.000000000000        2.99644242589574     
   906.000000000000        2.99736634985463     
   907.000000000000        2.99576684122503     
   908.000000000000        2.99647313192939     
   909.000000000000        2.99433287440682     
   910.000000000000        2.99442566568481     
   911.000000000000        2.99379649270510     
   912.000000000000        2.99295749641695     
   913.000000000000        2.99307216015629     
   914.000000000000        2.99099017354610     
   915.000000000000        2.99176302754857     
   916.000000000000        2.99069841154876     
   917.000000000000        2.98957568216870     
   918.000000000000        2.98968928224877     
   919.000000000000        2.98871601175168     
   920.000000000000        2.98856507740731     
   921.000000000000        2.98679926623700     
   922.000000000000        2.98629336963249     
   923.000000000000        2.98643116520661     
   924.000000000000        2.98547206575119     
   925.000000000000        2.98420386305601     
   926.000000000000        2.98429042577658     
   927.000000000000        2.98329418645000     
   928.000000000000        2.98318424266297     
   929.000000000000        2.98149853518699     
   930.000000000000        2.98048116612626     
   931.000000000000        2.98131004819813     
   932.000000000000        2.97960736333909     
   933.000000000000        2.97879626549241     
   934.000000000000        2.97847758047218     
   935.000000000000        2.97735550461463     
   936.000000000000        2.97719386409372     
   937.000000000000        2.97674663480087     
   938.000000000000        2.97531199372990     
   939.000000000000        2.97517776163919     
   940.000000000000        2.97401335733089     
   941.000000000000        2.97351683303004     
   942.000000000000        2.97168021990023     
   943.000000000000        2.97225653566592     
   944.000000000000        2.97139718566659     
   945.000000000000        2.96993759712963     
   946.000000000000        2.97041453794051     
   947.000000000000        2.96896105843012     
   948.000000000000        2.96758883013626     
   949.000000000000        2.96762855365500     
   950.000000000000        2.96664936354062     
   951.000000000000        2.96485261389377     
   952.000000000000        2.96613307583205     
   953.000000000000        2.96314542691674     
   954.000000000000        2.96344643544176     
   955.000000000000        2.96344753844079     
   956.000000000000        2.96156185539532     
   957.000000000000        2.96085169212506     
   958.000000000000        2.95998624709442     
   959.000000000000        2.95917386821572     
   960.000000000000        2.95894239267403     
   961.000000000000        2.95677185223345     
   962.000000000000        2.95835957498020     
   963.000000000000        2.95541846127259     
   964.000000000000        2.95489934257800     
   965.000000000000        2.95430042422197     
   966.000000000000        2.95416836376185     
   967.000000000000        2.95255283518776     
   968.000000000000        2.95315223508656     
   969.000000000000        2.94937871184143     
   970.000000000000        2.95082929833546     
   971.000000000000        2.94909667347609     
   972.000000000000        2.94823434504920     
   973.000000000000        2.94804843664123     
   974.000000000000        2.94549814337439     
   975.000000000000        2.94715332746765     
   976.000000000000        2.94421042237652     
   977.000000000000        2.94362671749012     
   978.000000000000        2.94382440219653     
   979.000000000000        2.94224893981578     
   980.000000000000        2.94152203248620     
   981.000000000000        2.94011417601008     
   982.000000000000        2.94025244350921     
   983.000000000000        2.93758897998509     
   984.000000000000        2.93818952899289     
   985.000000000000        2.93772263121495     
   986.000000000000        2.93402017074988     
   987.000000000000        2.93639590048836     
   988.000000000000        2.93360518645566     
   989.000000000000        2.93213466945008     
   990.000000000000        2.93217044307701     
   991.000000000000        2.93266979608285     
   992.000000000000        2.92889332078069     
   993.000000000000        2.93089055182624     
   994.000000000000        2.92691550435545     
   995.000000000000        2.92812431778431     
   996.000000000000        2.92579378904442     
   997.000000000000        2.92477600425416     
   998.000000000000        2.92508902438224     
   999.000000000000        2.92249044179092     
   1000.00000000000        2.92315367790477     
   1001.00000000000        2.92026464378128     
   1002.00000000000        2.92131745968338     
   1003.00000000000        2.91962665183689     
   1004.00000000000        2.91751811073762     
   1005.00000000000        2.91786000046276     
   1006.00000000000        2.91555546884372     
   1007.00000000000        2.91508826106307     
   1008.00000000000        2.91499526741475     
   1009.00000000000        2.91364149332015     
   1010.00000000000        2.91074326378278     
   1011.00000000000        2.91221925102227     
   1012.00000000000        2.91006904057342     
   1013.00000000000        2.90892843279180     
   1014.00000000000        2.90824907030912     
   1015.00000000000        2.90677950916715     
   1016.00000000000        2.90621229062711     
   1017.00000000000        2.90456812414201     
   1018.00000000000        2.90434970390200     
   1019.00000000000        2.90255773457688     
   1020.00000000000        2.90156541559161     
   1021.00000000000        2.89947725521794     
   1022.00000000000        2.90009190328227     
   1023.00000000000        2.89880741438709     
   1024.00000000000        2.89627629458166     
   1025.00000000000        2.89747044766653     
   1026.00000000000        2.89468881912193     
   1027.00000000000        2.89280040742277     
   1028.00000000000        2.89365088211555     
   1029.00000000000        2.89168650242092     
   1030.00000000000        2.89071054563295     
   1031.00000000000        2.88955563666156     
   1032.00000000000        2.88899962838502     
   1033.00000000000        2.88606257535351     
   1034.00000000000        2.88744942533276     
   1035.00000000000        2.88417469648093     
   1036.00000000000        2.88412439389313     
   1037.00000000000        2.88301941802038     
   1038.00000000000        2.88094166037426     
   1039.00000000000        2.88005285498420     
   1040.00000000000        2.87841446631299     
   1041.00000000000        2.87988829583024     
   1042.00000000000        2.87592467051709     
   1043.00000000000        2.87570335064297     
   1044.00000000000        2.87419175563070     
   1045.00000000000        2.87413897718473     
   1046.00000000000        2.87064094469082     
   1047.00000000000        2.87131653718327     
   1048.00000000000        2.86989132590151     
   1049.00000000000        2.86767748666515     
   1050.00000000000        2.86837218533181     
   1051.00000000000        2.86596962638084     
   1052.00000000000        2.86472346454848     
   1053.00000000000        2.86471835466108     
   1054.00000000000        2.86313650314417     
   1055.00000000000        2.86227471491979     
   1056.00000000000        2.85908176174438     
   1057.00000000000        2.85932751681385     
   1058.00000000000        2.85795712212405     
   1059.00000000000        2.85599671959226     
   1060.00000000000        2.85676231080436     
   1061.00000000000        2.85191455113797     
   1062.00000000000        2.85272752952706     
   1063.00000000000        2.85041533202133     
   1064.00000000000        2.85077905573939     
   1065.00000000000        2.84768461185353     
   1066.00000000000        2.84822945711323     
   1067.00000000000        2.84857309534054     
   1068.00000000000        2.84232203664900     
   1069.00000000000        2.84606239125642     
   1070.00000000000        2.84264199552945     
   1071.00000000000        2.84243776179395     
   1072.00000000000        2.83767843481035     
   1073.00000000000        2.83750244082871     
   1074.00000000000        2.83797177589595     
   1075.00000000000        2.83616720268175     
   1076.00000000000        2.83444989303833     
   1077.00000000000        2.83283781655253     
   1078.00000000000        2.83295015061351     
   1079.00000000000        2.83213272509728     
   1080.00000000000        2.82975195704370     
   1081.00000000000        2.82944720334089     
   1082.00000000000        2.83025969438703     
   1083.00000000000        2.82785637868843     
   1084.00000000000        2.82369231482617     
   1085.00000000000        2.82453843946870     
   1086.00000000000        2.82112538801521     
   1087.00000000000        2.82343546631283     
   1088.00000000000        2.81902077207970     
   1089.00000000000        2.81857166917883     
   1090.00000000000        2.81410921696256     
   1091.00000000000        2.81621141866901     
   1092.00000000000        2.81478592821712     
   1093.00000000000        2.81191692176226     
   1094.00000000000        2.81051961651392     
   1095.00000000000        2.80993577437601     
   1096.00000000000        2.80394668636071     
   1097.00000000000        2.81110862755974     
   1098.00000000000        2.80756108197574     
   1099.00000000000        2.80485848938346     
   1100.00000000000        2.80354568250632     
   1101.00000000000        2.80553378571430     
   1102.00000000000        2.79871773843460     
   1103.00000000000        2.80913267039708     
   1104.00000000000        2.80165155997102     
   1105.00000000000        2.79378190440672     
   1106.00000000000        2.79389394881632     
   1107.00000000000        2.79485355677411     
   1108.00000000000        2.79181625271658     
   1109.00000000000        2.78625241028242     
   1110.00000000000        2.79132398659433     
   1111.00000000000        2.79703194489459     
   1112.00000000000        2.79771882930638     
   1113.00000000000        2.78180117836367     
   1114.00000000000        2.79088218312043     
   1115.00000000000        2.78625234192258     
   1116.00000000000        2.78114536194395     
   1117.00000000000        2.77809586469061     
   1118.00000000000        2.79394410775015     
   1119.00000000000        2.79222630255365     
   1120.00000000000        2.79028019912619     
   1121.00000000000        2.77931254126609     
   1122.00000000000        2.77958908952400     
   1123.00000000000        2.76608510563579     
   1124.00000000000        2.77744588444683     
   1125.00000000000        2.78313401286742     
   1126.00000000000        2.77735965688271     
   1127.00000000000        2.76287263151061     
   1128.00000000000        2.76960862230069     
   1129.00000000000        2.76912671424224     
   1130.00000000000        2.82485794778058     
   1131.00000000000        2.77340174370527     
   1132.00000000000        2.78318410098689     
   1133.00000000000        2.79201098317914     
   1134.00000000000        2.77955049246097     
   1135.00000000000        2.75297786466360     
   1136.00000000000        2.75195290168177     
   1137.00000000000        2.72932859773930     
   1138.00000000000        2.73381458415373     
   1139.00000000000        2.75201543918725     
   1140.00000000000        2.76357520202318     
   1141.00000000000        2.79922220876691     
   1142.00000000000        2.81505382459614     
   1143.00000000000        2.76747042329363     
   1144.00000000000        2.73535112312129     
   1145.00000000000        2.75093135444526     
   1146.00000000000        2.77522741650108     
   1147.00000000000        2.77390752475034     
   1148.00000000000        2.79325796703083     
   1149.00000000000        2.70455204656353     
   1150.00000000000        2.68723764731628     
   1151.00000000000        2.87512079517519     
   1152.00000000000        2.73336884287062     
   1153.00000000000        2.86238097951372     
   1154.00000000000        2.79723532542751     
   1155.00000000000        2.75131283845195     
   1156.00000000000        2.83085789292430     
   1157.00000000000        2.78139214047096     
   1158.00000000000        2.80788454902882     
   1159.00000000000        2.85343712481278     
   1160.00000000000        2.82557855169106     
   1161.00000000000        2.79889435034423     
   1162.00000000000        2.97268213314240     
   1163.00000000000        2.84620678006141     
   1164.00000000000        2.91752335202093     
   1165.00000000000        2.94411382731259     
   1166.00000000000        3.05424974364223     
   1167.00000000000        2.97126719475286     
   1168.00000000000        3.03077537615960     
   1169.00000000000        3.03015493437595     
   1170.00000000000        3.12398673127967     
   1171.00000000000        3.08632982324916     
   1172.00000000000        3.04965688055298     
   1173.00000000000        3.10959023566918     
   1174.00000000000        3.08862499830822     
   1175.00000000000        3.12621002827044     
   1176.00000000000        3.15333637085477     
   1177.00000000000        3.12847183459542     
   1178.00000000000        3.20670985259665     
   1179.00000000000        3.23011553793571     
   1180.00000000000        3.20796276197064     
   1181.00000000000        3.21770074647134     
   1182.00000000000        3.17435691200995     
   1183.00000000000        3.22939989741185     
   1184.00000000000        3.22793232396755     
   1185.00000000000        3.27561300100946     
   1186.00000000000        3.29182795425983     
   1187.00000000000        3.31897107418354     
   1188.00000000000        3.30433111161074     
   1189.00000000000        3.29648574691968     
   1190.00000000000        3.30498296576309     
   1191.00000000000        3.34273129055798     
   1192.00000000000        3.35782363062321     
   1193.00000000000        3.32695766504989     
   1194.00000000000        3.33921225020257     
   1195.00000000000        3.38022132049022     
   1196.00000000000        3.39336864294187     
   1197.00000000000        3.39914685202334     
   1198.00000000000        3.37901338035050     
   1199.00000000000        3.40832977428925     
   1200.00000000000        3.42712556897681     
   1201.00000000000        3.44656557414278     
   1202.00000000000        3.43366544602041     
   1203.00000000000        3.44769218203442     
   1204.00000000000        3.45785324779580     
   1205.00000000000        3.45582207569104     
   1206.00000000000        3.46810131204919     
   1207.00000000000        3.46782792163212     
   1208.00000000000        3.50699197539712     
   1209.00000000000        3.52198878187769     
   1210.00000000000        3.52644630348857     
   1211.00000000000        3.53098869879314     
   1212.00000000000        3.54730680715595     
   1213.00000000000        3.57313347484136     
   1214.00000000000        3.55456356330781     
   1215.00000000000        3.57546194308080     
   1216.00000000000        3.57385243688208     
   1217.00000000000        3.57119706545888     
   1218.00000000000        3.58607319310888     
   1219.00000000000        3.61212482185249     
   1220.00000000000        3.61947059901885     
   1221.00000000000        3.60872905687737     
   1222.00000000000        3.63426264632113     
   1223.00000000000        3.62969875292838     
   1224.00000000000        3.64376945230208     
   1225.00000000000        3.64614568082847     
   1226.00000000000        3.65190257775353     
   1227.00000000000        3.66808789819885     
   1228.00000000000        3.67252285782549     
   1229.00000000000        3.67989646583705     
   1230.00000000000        3.69361191074430     
   1231.00000000000        3.70435789228825     
   1232.00000000000        3.70157158614965     
   1233.00000000000        3.72295941032036     
   1234.00000000000        3.72166582108399     
   1235.00000000000        3.72613811941686     
   1236.00000000000        3.73409419131120     
   1237.00000000000        3.74148101582526     
   1238.00000000000        3.75357535154432     
   1239.00000000000        3.74466858036584     
   1240.00000000000        3.76391635222429     
   1241.00000000000        3.77502806607070     
   1242.00000000000        3.78269983720994     
   1243.00000000000        3.78280638669427     
   1244.00000000000        3.79770454635820     
   1245.00000000000        3.80655968676854     
   1246.00000000000        3.80738515972728     
   1247.00000000000        3.81471383171909     
   1248.00000000000        3.82568946878007     
   1249.00000000000        3.83484011742747     
   1250.00000000000        3.84072331236418     
   1251.00000000000        3.85090631550886     
   1252.00000000000        3.84879227149027     
   1253.00000000000        3.86090898599864     
   1254.00000000000        3.86202172212564     
   1255.00000000000        3.87816522214008     
   1256.00000000000        3.89254848269822     
   1257.00000000000        3.88641898740876     
   1258.00000000000        3.89516918733695     
   1259.00000000000        3.89504674813809     
   1260.00000000000        3.90949273789637     
   1261.00000000000        3.92093466196272     
   1262.00000000000        3.92802233250519     
   1263.00000000000        3.93069276033102     
   1264.00000000000        3.93625299182857     
   1265.00000000000        3.93966701748432     
   1266.00000000000        3.95126296452553     
   1267.00000000000        3.95957594374678     
   1268.00000000000        3.96779641135240     
   1269.00000000000        3.97654545432770     
   1270.00000000000        3.98188799896685     
   1271.00000000000        3.98640981594562     
   1272.00000000000        3.98611680347498     
   1273.00000000000        3.99347918078587     
   1274.00000000000        4.00776058800357     
   1275.00000000000        4.01466615879063     
   1276.00000000000        4.01273879172036     
   1277.00000000000        4.01769726227707     
   1278.00000000000        4.02750925813024     
   1279.00000000000        4.03287870143598     
   1280.00000000000        4.04915974545398     
   1281.00000000000        4.04549617161770     
   1282.00000000000        4.05198694551184     
   1283.00000000000        4.06499531173442     
   1284.00000000000        4.06227904976301     
   1285.00000000000        4.06835404153401     
   1286.00000000000        4.07524674222997     
   1287.00000000000        4.08016457687234     
   1288.00000000000        4.09151344859358     
   1289.00000000000        4.09838159851393     
   1290.00000000000        4.10600519517634     
   1291.00000000000        4.11111178507222     
   1292.00000000000        4.11713275882976     
   1293.00000000000        4.13090089568300     
   1294.00000000000        4.12563402113086     
   1295.00000000000        4.12914487076217     
   1296.00000000000        4.14212740128235     
   1297.00000000000        4.14564980021866     
   1298.00000000000        4.14802228319915     
   1299.00000000000        4.15752018628119     
   1300.00000000000        4.16206534665308     
   1301.00000000000        4.16830698043159     
   1302.00000000000        4.17826375304620     
   1303.00000000000        4.17793996196161     
   1304.00000000000        4.18596879394063     
   1305.00000000000        4.19562725368879     
   1306.00000000000        4.19972930773857     
   1307.00000000000        4.20958756744119     
   1308.00000000000        4.21548593109399     
   1309.00000000000        4.22417619629407     
   1310.00000000000        4.22646702519651     
   1311.00000000000        4.22625967934329     
   1312.00000000000        4.23996756031145     
   1313.00000000000        4.24119249254800     
   1314.00000000000        4.24746176870123     
   1315.00000000000        4.25799917993495     
   1316.00000000000        4.25670441053430     
   1317.00000000000        4.26197246303277     
   1318.00000000000        4.27356236728114     
   1319.00000000000        4.27397685244037     
   1320.00000000000        4.28058972650221     
   1321.00000000000        4.28647005609921     
   1322.00000000000        4.29424872060941     
   1323.00000000000        4.29852788812981     
   1324.00000000000        4.30772983180223     
   1325.00000000000        4.31739573225726     
   1326.00000000000        4.31984630652239     
   1327.00000000000        4.32347171825328     
   1328.00000000000        4.33056090611151     
   1329.00000000000        4.33189081220989     
   1330.00000000000        4.34165470698955     
   1331.00000000000        4.34675676284903     
   1332.00000000000        4.35206831202903     
   1333.00000000000        4.36004462629437     
   1334.00000000000        4.36328659849824     
   1335.00000000000        4.37059685841646     
   1336.00000000000        4.37415900263485     
   1337.00000000000        4.38134478344530     
   1338.00000000000        4.38790818718141     
   1339.00000000000        4.39577050800266     
   1340.00000000000        4.39766387037356     
   1341.00000000000        4.40643327907298     
   1342.00000000000        4.41088895223489     
   1343.00000000000        4.41349047197857     
   1344.00000000000        4.42292564618641     
   1345.00000000000        4.42391820416510     
   1346.00000000000        4.43576465710362     
   1347.00000000000        4.43795621576358     
   1348.00000000000        4.44459980995727     
   1349.00000000000        4.45199133286084     
   1350.00000000000        4.45599938262450     
   1351.00000000000        4.45874349617380     
   1352.00000000000        4.46989757864541     
   1353.00000000000        4.47531929923751     
   1354.00000000000        4.47656238024292     
   1355.00000000000        4.48614847259087     
   1356.00000000000        4.48711196146991     
   1357.00000000000        4.49571878417441     
   1358.00000000000        4.49927476335254     
