  0.000000000000000E+000  -1324859.47120045     
   1.00000000000000       -1324859.47130155     
   2.00000000000000       -1324859.47140433     
   3.00000000000000       -1324859.47150880     
   4.00000000000000       -1324859.47161495     
   5.00000000000000       -1324859.47172278     
   6.00000000000000       -1324859.47183232     
   7.00000000000000       -1324859.47194374     
   8.00000000000000       -1324859.47205770     
   9.00000000000000       -1324859.47217573     
   10.0000000000000       -1324859.47230069     
   11.0000000000000       -1324859.47243716     
   12.0000000000000       -1324859.47259158     
   13.0000000000000       -1324859.47277244     
   14.0000000000000       -1324859.47299028     
   15.0000000000000       -1324859.47325775     
   16.0000000000000       -1324859.47358954     
   17.0000000000000       -1324859.47400243     
   18.0000000000000       -1324859.47451517     
   19.0000000000000       -1324859.47514840     
   20.0000000000000       -1324859.47592456     
   21.0000000000000       -1324859.47686776     
   22.0000000000000       -1324859.47800359     
   23.0000000000000       -1324859.47935902     
   24.0000000000000       -1324859.48096214     
   25.0000000000000       -1324859.48284202     
   26.0000000000000       -1324859.48502854     
   27.0000000000000       -1324859.48755222     
   28.0000000000000       -1324859.49044400     
   29.0000000000000       -1324859.49373518     
   30.0000000000000       -1324859.49745723     
   31.0000000000000       -1324859.50164163     
   32.0000000000000       -1324859.50631984     
   33.0000000000000       -1324859.51152315     
   34.0000000000000       -1324859.51728260     
   35.0000000000000       -1324859.52362892     
   36.0000000000000       -1324859.53059246     
   37.0000000000000       -1324859.53820313     
   38.0000000000000       -1324859.54649036     
   39.0000000000000       -1324859.55548308     
   40.0000000000000       -1324859.56520966     
   41.0000000000000       -1324859.57569790     
   42.0000000000000       -1324859.58697501     
   43.0000000000000       -1324859.59906758     
   44.0000000000000       -1324859.61200159     
   45.0000000000000       -1324859.62580239     
   46.0000000000000       -1324859.64049469     
   47.0000000000000       -1324859.65610254     
   48.0000000000000       -1324859.67264936     
   49.0000000000000       -1324859.69015793     
   50.0000000000000       -1324859.70865035     
   51.0000000000000       -1324859.72814812     
   52.0000000000000       -1324859.74867207     
   53.0000000000000       -1324859.77024238     
   54.0000000000000       -1324859.79287862     
   55.0000000000000       -1324859.81659972     
   56.0000000000000       -1324859.84142396     
   57.0000000000000       -1324859.86736907     
   58.0000000000000       -1324859.89445209     
   59.0000000000000       -1324859.92268950     
   60.0000000000000       -1324859.95209718     
   61.0000000000000       -1324859.98269043     
   62.0000000000000       -1324860.01448395     
   63.0000000000000       -1324860.04749188     
   64.0000000000000       -1324860.08172781     
   65.0000000000000       -1324860.11720477     
   66.0000000000000       -1324860.15393527     
   67.0000000000000       -1324860.19193125     
   68.0000000000000       -1324860.23120417     
   69.0000000000000       -1324860.27176496     
   70.0000000000000       -1324860.31362406     
   71.0000000000000       -1324860.35679143     
   72.0000000000000       -1324860.40127653     
   73.0000000000000       -1324860.44708837     
   74.0000000000000       -1324860.49423552     
   75.0000000000000       -1324860.54272607     
   76.0000000000000       -1324860.59256771     
   77.0000000000000       -1324860.64376769     
   78.0000000000000       -1324860.69633286     
   79.0000000000000       -1324860.75026967     
   80.0000000000000       -1324860.80558415     
   81.0000000000000       -1324860.86228200     
   82.0000000000000       -1324860.92036853     
   83.0000000000000       -1324860.97984868     
   84.0000000000000       -1324861.04072706     
   85.0000000000000       -1324861.10300793     
   86.0000000000000       -1324861.16669524     
   87.0000000000000       -1324861.23179260     
   88.0000000000000       -1324861.29830334     
   89.0000000000000       -1324861.36623046     
   90.0000000000000       -1324861.43557670     
   91.0000000000000       -1324861.50634450     
   92.0000000000000       -1324861.57853605     
   93.0000000000000       -1324861.65215326     
   94.0000000000000       -1324861.72719779     
   95.0000000000000       -1324861.80367107     
   96.0000000000000       -1324861.88157427     
   97.0000000000000       -1324861.96090836     
   98.0000000000000       -1324862.04167407     
   99.0000000000000       -1324862.12387192     
   100.000000000000       -1324862.20750224     
   101.000000000000       -1324862.29256514     
   102.000000000000       -1324862.37906055     
   103.000000000000       -1324862.46698822     
   104.000000000000       -1324862.55634772     
   105.000000000000       -1324862.64713846     
   106.000000000000       -1324862.73935966     
   107.000000000000       -1324862.83301041     
   108.000000000000       -1324862.92808963     
   109.000000000000       -1324863.02459611     
   110.000000000000       -1324863.12252848     
   111.000000000000       -1324863.22188526     
   112.000000000000       -1324863.32266481     
   113.000000000000       -1324863.42486540     
   114.000000000000       -1324863.52848517     
   115.000000000000       -1324863.63352211     
   116.000000000000       -1324863.73997416     
   117.000000000000       -1324863.84783912     
   118.000000000000       -1324863.95711470     
   119.000000000000       -1324864.06779850     
   120.000000000000       -1324864.17988804     
   121.000000000000       -1324864.29338076     
   122.000000000000       -1324864.40827401     
   123.000000000000       -1324864.52456503     
   124.000000000000       -1324864.64225104     
   125.000000000000       -1324864.76132914     
   126.000000000000       -1324864.88179639     
   127.000000000000       -1324865.00364976     
   128.000000000000       -1324865.12688617     
   129.000000000000       -1324865.25150248     
   130.000000000000       -1324865.37749548     
   131.000000000000       -1324865.50486194     
   132.000000000000       -1324865.63359853     
   133.000000000000       -1324865.76370192     
   134.000000000000       -1324865.89516868     
   135.000000000000       -1324866.02799539     
   136.000000000000       -1324866.16217856     
   137.000000000000       -1324866.29771466     
   138.000000000000       -1324866.43460013     
   139.000000000000       -1324866.57283138     
   140.000000000000       -1324866.71240477     
   141.000000000000       -1324866.85331664     
   142.000000000000       -1324866.99556332     
   143.000000000000       -1324867.13914108     
   144.000000000000       -1324867.28404618     
   145.000000000000       -1324867.43027487     
   146.000000000000       -1324867.57782335     
   147.000000000000       -1324867.72668782     
   148.000000000000       -1324867.87686445     
   149.000000000000       -1324868.02834942     
   150.000000000000       -1324868.18113885     
   151.000000000000       -1324868.33522889     
   152.000000000000       -1324868.49061564     
   153.000000000000       -1324868.64729522     
   154.000000000000       -1324868.80526371     
   155.000000000000       -1324868.96451721     
   156.000000000000       -1324869.12505180     
   157.000000000000       -1324869.28686353     
   158.000000000000       -1324869.44994848     
   159.000000000000       -1324869.61430270     
   160.000000000000       -1324869.77992226     
   161.000000000000       -1324869.94680321     
   162.000000000000       -1324870.11494159     
   163.000000000000       -1324870.28433346     
   164.000000000000       -1324870.45497486     
   165.000000000000       -1324870.62686185     
   166.000000000000       -1324870.79999048     
   167.000000000000       -1324870.97435678     
   168.000000000000       -1324871.14995684     
   169.000000000000       -1324871.32678670     
   170.000000000000       -1324871.50484242     
   171.000000000000       -1324871.68412007     
   172.000000000000       -1324871.86461572     
   173.000000000000       -1324872.04632545     
   174.000000000000       -1324872.22924535     
   175.000000000000       -1324872.41337149     
   176.000000000000       -1324872.59869999     
   177.000000000000       -1324872.78522694     
   178.000000000000       -1324872.97294847     
   179.000000000000       -1324873.16186068     
   180.000000000000       -1324873.35195971     
   181.000000000000       -1324873.54324172     
   182.000000000000       -1324873.73570282     
   183.000000000000       -1324873.92933920     
   184.000000000000       -1324874.12414702     
   185.000000000000       -1324874.32012247     
   186.000000000000       -1324874.51726173     
   187.000000000000       -1324874.71556102     
   188.000000000000       -1324874.91501653     
   189.000000000000       -1324875.11562451     
   190.000000000000       -1324875.31738119     
   191.000000000000       -1324875.52028282     
   192.000000000000       -1324875.72432568     
   193.000000000000       -1324875.92950603     
   194.000000000000       -1324876.13582016     
   195.000000000000       -1324876.34326439     
   196.000000000000       -1324876.55183503     
   197.000000000000       -1324876.76152840     
   198.000000000000       -1324876.97234086     
   199.000000000000       -1324877.18426876     
   200.000000000000       -1324877.39730848     
   201.000000000000       -1324877.61145639     
   202.000000000000       -1324877.82670891     
   203.000000000000       -1324878.04306247     
   204.000000000000       -1324878.26051346     
   205.000000000000       -1324878.47905835     
   206.000000000000       -1324878.69869360     
   207.000000000000       -1324878.91941568     
   208.000000000000       -1324879.14122108     
   209.000000000000       -1324879.36410631     
   210.000000000000       -1324879.58806788     
   211.000000000000       -1324879.81310234     
   212.000000000000       -1324880.03920622     
   213.000000000000       -1324880.26637610     
   214.000000000000       -1324880.49460856     
   215.000000000000       -1324880.72390020     
   216.000000000000       -1324880.95424763     
   217.000000000000       -1324881.18564746     
   218.000000000000       -1324881.41809635     
   219.000000000000       -1324881.65159095     
   220.000000000000       -1324881.88612794     
   221.000000000000       -1324882.12170402     
   222.000000000000       -1324882.35831586     
   223.000000000000       -1324882.59596021     
   224.000000000000       -1324882.83463379     
   225.000000000000       -1324883.07433337     
   226.000000000000       -1324883.31505569     
   227.000000000000       -1324883.55679755     
   228.000000000000       -1324883.79955575     
   229.000000000000       -1324884.04332708     
   230.000000000000       -1324884.28810840     
   231.000000000000       -1324884.53389652     
   232.000000000000       -1324884.78068833     
   233.000000000000       -1324885.02848069     
   234.000000000000       -1324885.27727048     
   235.000000000000       -1324885.52705463     
   236.000000000000       -1324885.77783003     
   237.000000000000       -1324886.02959364     
   238.000000000000       -1324886.28234241     
   239.000000000000       -1324886.53607328     
   240.000000000000       -1324886.79078326     
   241.000000000000       -1324887.04646933     
   242.000000000000       -1324887.30312851     
   243.000000000000       -1324887.56075782     
   244.000000000000       -1324887.81935431     
   245.000000000000       -1324888.07891502     
   246.000000000000       -1324888.33943703     
   247.000000000000       -1324888.60091743     
   248.000000000000       -1324888.86335330     
   249.000000000000       -1324889.12674179     
   250.000000000000       -1324889.39108000     
   251.000000000000       -1324889.65636509     
   252.000000000000       -1324889.92259420     
   253.000000000000       -1324890.18976452     
   254.000000000000       -1324890.45787323     
   255.000000000000       -1324890.72691754     
   256.000000000000       -1324890.99689466     
   257.000000000000       -1324891.26780181     
   258.000000000000       -1324891.53963625     
   259.000000000000       -1324891.81239524     
   260.000000000000       -1324892.08607604     
   261.000000000000       -1324892.36067593     
   262.000000000000       -1324892.63619224     
   263.000000000000       -1324892.91262225     
   264.000000000000       -1324893.18996332     
   265.000000000000       -1324893.46821276     
   266.000000000000       -1324893.74736794     
   267.000000000000       -1324894.02742623     
   268.000000000000       -1324894.30838502     
   269.000000000000       -1324894.59024169     
   270.000000000000       -1324894.87299365     
   271.000000000000       -1324895.15663833     
   272.000000000000       -1324895.44117316     
   273.000000000000       -1324895.72659560     
   274.000000000000       -1324896.01290309     
   275.000000000000       -1324896.30009312     
   276.000000000000       -1324896.58816318     
   277.000000000000       -1324896.87711076     
   278.000000000000       -1324897.16693338     
   279.000000000000       -1324897.45762856     
   280.000000000000       -1324897.74919385     
   281.000000000000       -1324898.04162678     
   282.000000000000       -1324898.33492494     
   283.000000000000       -1324898.62908588     
   284.000000000000       -1324898.92410722     
   285.000000000000       -1324899.21998653     
   286.000000000000       -1324899.51672143     
   287.000000000000       -1324899.81430956     
   288.000000000000       -1324900.11274854     
   289.000000000000       -1324900.41203603     
   290.000000000000       -1324900.71216970     
   291.000000000000       -1324901.01314720     
   292.000000000000       -1324901.31496622     
   293.000000000000       -1324901.61762448     
   294.000000000000       -1324901.92111965     
   295.000000000000       -1324902.22544949     
   296.000000000000       -1324902.53061171     
   297.000000000000       -1324902.83660405     
   298.000000000000       -1324903.14342428     
   299.000000000000       -1324903.45107015     
   300.000000000000       -1324903.75953945     
   301.000000000000       -1324904.06882996     
   302.000000000000       -1324904.37893948     
   303.000000000000       -1324904.68986582     
   304.000000000000       -1324905.00160681     
   305.000000000000       -1324905.31416028     
   306.000000000000       -1324905.62752407     
   307.000000000000       -1324905.94169603     
   308.000000000000       -1324906.25667403     
   309.000000000000       -1324906.57245595     
   310.000000000000       -1324906.88903967     
   311.000000000000       -1324907.20642308     
   312.000000000000       -1324907.52460411     
   313.000000000000       -1324907.84358066     
   314.000000000000       -1324908.16335067     
   315.000000000000       -1324908.48391206     
   316.000000000000       -1324908.80526279     
   317.000000000000       -1324909.12740082     
   318.000000000000       -1324909.45032412     
   319.000000000000       -1324909.77403066     
   320.000000000000       -1324910.09851845     
   321.000000000000       -1324910.42378547     
   322.000000000000       -1324910.74982972     
   323.000000000000       -1324911.07664924     
   324.000000000000       -1324911.40424206     
   325.000000000000       -1324911.73260620     
   326.000000000000       -1324912.06173972     
   327.000000000000       -1324912.39164068     
   328.000000000000       -1324912.72230714     
   329.000000000000       -1324913.05373717     
   330.000000000000       -1324913.38592887     
   331.000000000000       -1324913.71888033     
   332.000000000000       -1324914.05258965     
   333.000000000000       -1324914.38705495     
   334.000000000000       -1324914.72227434     
   335.000000000000       -1324915.05824597     
   336.000000000000       -1324915.39496796     
   337.000000000000       -1324915.73243848     
   338.000000000000       -1324916.07065568     
   339.000000000000       -1324916.40961773     
   340.000000000000       -1324916.74932280     
   341.000000000000       -1324917.08976909     
   342.000000000000       -1324917.43095478     
   343.000000000000       -1324917.77287807     
   344.000000000000       -1324918.11553718     
   345.000000000000       -1324918.45893033     
   346.000000000000       -1324918.80305575     
   347.000000000000       -1324919.14791167     
   348.000000000000       -1324919.49349633     
   349.000000000000       -1324919.83980800     
   350.000000000000       -1324920.18684493     
   351.000000000000       -1324920.53460540     
   352.000000000000       -1324920.88308768     
   353.000000000000       -1324921.23229005     
   354.000000000000       -1324921.58221082     
   355.000000000000       -1324921.93284828     
   356.000000000000       -1324922.28420075     
   357.000000000000       -1324922.63626654     
   358.000000000000       -1324922.98904399     
   359.000000000000       -1324923.34253141     
   360.000000000000       -1324923.69672716     
   361.000000000000       -1324924.05162960     
   362.000000000000       -1324924.40723706     
   363.000000000000       -1324924.76354793     
   364.000000000000       -1324925.12056056     
   365.000000000000       -1324925.47827334     
   366.000000000000       -1324925.83668467     
   367.000000000000       -1324926.19579293     
   368.000000000000       -1324926.55559652     
   369.000000000000       -1324926.91609387     
   370.000000000000       -1324927.27728338     
   371.000000000000       -1324927.63916348     
   372.000000000000       -1324928.00173259     
   373.000000000000       -1324928.36498917     
   374.000000000000       -1324928.72893166     
   375.000000000000       -1324929.09355850     
   376.000000000000       -1324929.45886816     
   377.000000000000       -1324929.82485911     
   378.000000000000       -1324930.19152982     
   379.000000000000       -1324930.55887878     
   380.000000000000       -1324930.92690446     
   381.000000000000       -1324931.29560537     
   382.000000000000       -1324931.66498001     
   383.000000000000       -1324932.03502688     
   384.000000000000       -1324932.40574450     
   385.000000000000       -1324932.77713140     
   386.000000000000       -1324933.14918610     
   387.000000000000       -1324933.52190713     
   388.000000000000       -1324933.89529304     
   389.000000000000       -1324934.26934238     
   390.000000000000       -1324934.64405370     
   391.000000000000       -1324935.01942556     
   392.000000000000       -1324935.39545654     
   393.000000000000       -1324935.77214519     
   394.000000000000       -1324936.14949011     
   395.000000000000       -1324936.52748988     
   396.000000000000       -1324936.90614309     
   397.000000000000       -1324937.28544835     
   398.000000000000       -1324937.66540425     
   399.000000000000       -1324938.04600941     
   400.000000000000       -1324938.42726245     
   401.000000000000       -1324938.80916199     
   402.000000000000       -1324939.19170665     
   403.000000000000       -1324939.57489509     
   404.000000000000       -1324939.95872592     
   405.000000000000       -1324940.34319781     
   406.000000000000       -1324940.72830941     
   407.000000000000       -1324941.11405937     
   408.000000000000       -1324941.50044636     
   409.000000000000       -1324941.88746905     
   410.000000000000       -1324942.27512612     
   411.000000000000       -1324942.66341625     
   412.000000000000       -1324943.05233812     
   413.000000000000       -1324943.44189044     
   414.000000000000       -1324943.83207189     
   415.000000000000       -1324944.22288119     
   416.000000000000       -1324944.61431705     
   417.000000000000       -1324945.00637816     
   418.000000000000       -1324945.39906328     
   419.000000000000       -1324945.79237111     
   420.000000000000       -1324946.18630039     
   421.000000000000       -1324946.58084985     
   422.000000000000       -1324946.97601825     
   423.000000000000       -1324947.37180432     
   424.000000000000       -1324947.76820682     
   425.000000000000       -1324948.16522451     
   426.000000000000       -1324948.56285615     
   427.000000000000       -1324948.96110052     
   428.000000000000       -1324949.35995638     
   429.000000000000       -1324949.75942252     
   430.000000000000       -1324950.15949771     
   431.000000000000       -1324950.56018075     
   432.000000000000       -1324950.96147044     
   433.000000000000       -1324951.36336557     
   434.000000000000       -1324951.76586494     
   435.000000000000       -1324952.16896738     
   436.000000000000       -1324952.57267168     
   437.000000000000       -1324952.97697667     
   438.000000000000       -1324953.38188117     
   439.000000000000       -1324953.78738402     
   440.000000000000       -1324954.19348404     
   441.000000000000       -1324954.60018008     
   442.000000000000       -1324955.00747098     
   443.000000000000       -1324955.41535559     
   444.000000000000       -1324955.82383275     
   445.000000000000       -1324956.23290133     
   446.000000000000       -1324956.64256018     
   447.000000000000       -1324957.05280818     
   448.000000000000       -1324957.46364420     
   449.000000000000       -1324957.87506711     
   450.000000000000       -1324958.28707580     
   451.000000000000       -1324958.69966913     
   452.000000000000       -1324959.11284602     
   453.000000000000       -1324959.52660535     
   454.000000000000       -1324959.94094602     
   455.000000000000       -1324960.35586692     
   456.000000000000       -1324960.77136698     
   457.000000000000       -1324961.18744510     
   458.000000000000       -1324961.60410019     
   459.000000000000       -1324962.02133118     
   460.000000000000       -1324962.43913699     
   461.000000000000       -1324962.85751655     
   462.000000000000       -1324963.27646879     
   463.000000000000       -1324963.69599265     
   464.000000000000       -1324964.11608707     
   465.000000000000       -1324964.53675099     
   466.000000000000       -1324964.95798338     
   467.000000000000       -1324965.37978317     
   468.000000000000       -1324965.80214933     
   469.000000000000       -1324966.22508082     
   470.000000000000       -1324966.64857661     
   471.000000000000       -1324967.07263566     
   472.000000000000       -1324967.49725695     
   473.000000000000       -1324967.92243945     
   474.000000000000       -1324968.34818216     
   475.000000000000       -1324968.77448406     
   476.000000000000       -1324969.20134413     
   477.000000000000       -1324969.62876137     
   478.000000000000       -1324970.05673478     
   479.000000000000       -1324970.48526336     
   480.000000000000       -1324970.91434611     
   481.000000000000       -1324971.34398205     
   482.000000000000       -1324971.77417017     
   483.000000000000       -1324972.20490953     
   484.000000000000       -1324972.63619911     
   485.000000000000       -1324973.06803795     
   486.000000000000       -1324973.50042507     
   487.000000000000       -1324973.93335952     
   488.000000000000       -1324974.36684032     
   489.000000000000       -1324974.80086651     
   490.000000000000       -1324975.23543714     
   491.000000000000       -1324975.67055125     
   492.000000000000       -1324976.10620790     
   493.000000000000       -1324976.54240612     
   494.000000000000       -1324976.97914499     
   495.000000000000       -1324977.41642357     
   496.000000000000       -1324977.85424091     
   497.000000000000       -1324978.29259609     
   498.000000000000       -1324978.73148817     
   499.000000000000       -1324979.17091623     
   500.000000000000       -1324979.61087936     
   501.000000000000       -1324980.05137663     
   502.000000000000       -1324980.49240711     
   503.000000000000       -1324980.93396991     
   504.000000000000       -1324981.37606412     
   505.000000000000       -1324981.81868883     
   506.000000000000       -1324982.26184314     
   507.000000000000       -1324982.70552614     
   508.000000000000       -1324983.14973695     
   509.000000000000       -1324983.59447468     
   510.000000000000       -1324984.03973843     
   511.000000000000       -1324984.48552732     
   512.000000000000       -1324984.93184047     
   513.000000000000       -1324985.37867700     
   514.000000000000       -1324985.82603603     
   515.000000000000       -1324986.27391669     
   516.000000000000       -1324986.72231811     
   517.000000000000       -1324987.17123943     
   518.000000000000       -1324987.62067978     
   519.000000000000       -1324988.07063830     
   520.000000000000       -1324988.52111414     
   521.000000000000       -1324988.97210645     
   522.000000000000       -1324989.42361436     
   523.000000000000       -1324989.87563704     
   524.000000000000       -1324990.32817364     
   525.000000000000       -1324990.78122332     
   526.000000000000       -1324991.23478524     
   527.000000000000       -1324991.68885856     
   528.000000000000       -1324992.14344246     
   529.000000000000       -1324992.59853609     
   530.000000000000       -1324993.05413865     
   531.000000000000       -1324993.51024929     
   532.000000000000       -1324993.96686721     
   533.000000000000       -1324994.42399158     
   534.000000000000       -1324994.88162159     
   535.000000000000       -1324995.33975643     
   536.000000000000       -1324995.79839529     
   537.000000000000       -1324996.25753736     
   538.000000000000       -1324996.71718183     
   539.000000000000       -1324997.17732791     
   540.000000000000       -1324997.63797480     
   541.000000000000       -1324998.09912170     
   542.000000000000       -1324998.56076782     
   543.000000000000       -1324999.02291238     
   544.000000000000       -1324999.48555459     
   545.000000000000       -1324999.94869365     
   546.000000000000       -1325000.41232880     
   547.000000000000       -1325000.87645924     
   548.000000000000       -1325001.34108420     
   549.000000000000       -1325001.80620293     
   550.000000000000       -1325002.27181463     
   551.000000000000       -1325002.73791854     
   552.000000000000       -1325003.20451390     
   553.000000000000       -1325003.67159994     
   554.000000000000       -1325004.13917591     
   555.000000000000       -1325004.60724105     
   556.000000000000       -1325005.07579460     
   557.000000000000       -1325005.54483581     
   558.000000000000       -1325006.01436392     
   559.000000000000       -1325006.48437820     
   560.000000000000       -1325006.95487789     
   561.000000000000       -1325007.42586226     
   562.000000000000       -1325007.89733057     
   563.000000000000       -1325008.36928206     
   564.000000000000       -1325008.84171603     
   565.000000000000       -1325009.31463173     
   566.000000000000       -1325009.78802842     
   567.000000000000       -1325010.26190540     
   568.000000000000       -1325010.73626192     
   569.000000000000       -1325011.21109727     
   570.000000000000       -1325011.68641072     
   571.000000000000       -1325012.16220156     
   572.000000000000       -1325012.63846907     
   573.000000000000       -1325013.11521254     
   574.000000000000       -1325013.59243127     
   575.000000000000       -1325014.07012452     
   576.000000000000       -1325014.54829163     
   577.000000000000       -1325015.02693185     
   578.000000000000       -1325015.50604452     
   579.000000000000       -1325015.98562891     
   580.000000000000       -1325016.46568433     
   581.000000000000       -1325016.94621009     
   582.000000000000       -1325017.42720551     
   583.000000000000       -1325017.90866988     
   584.000000000000       -1325018.39060253     
   585.000000000000       -1325018.87300276     
   586.000000000000       -1325019.35586990     
   587.000000000000       -1325019.83920325     
   588.000000000000       -1325020.32300214     
   589.000000000000       -1325020.80726591     
   590.000000000000       -1325021.29199388     
   591.000000000000       -1325021.77718535     
   592.000000000000       -1325022.26283968     
   593.000000000000       -1325022.74895619     
   594.000000000000       -1325023.23553422     
   595.000000000000       -1325023.72257310     
   596.000000000000       -1325024.21007218     
   597.000000000000       -1325024.69803080     
   598.000000000000       -1325025.18644828     
   599.000000000000       -1325025.67532399     
   600.000000000000       -1325026.16465727     
   601.000000000000       -1325026.65444746     
   602.000000000000       -1325027.14469393     
   603.000000000000       -1325027.63539603     
   604.000000000000       -1325028.12655309     
   605.000000000000       -1325028.61816449     
   606.000000000000       -1325029.11022959     
   607.000000000000       -1325029.60274775     
   608.000000000000       -1325030.09571833     
   609.000000000000       -1325030.58914069     
   610.000000000000       -1325031.08301421     
   611.000000000000       -1325031.57733825     
   612.000000000000       -1325032.07211218     
   613.000000000000       -1325032.56733539     
   614.000000000000       -1325033.06300723     
   615.000000000000       -1325033.55912711     
   616.000000000000       -1325034.05569438     
   617.000000000000       -1325034.55270843     
   618.000000000000       -1325035.05016865     
   619.000000000000       -1325035.54807442     
   620.000000000000       -1325036.04642513     
   621.000000000000       -1325036.54522016     
   622.000000000000       -1325037.04445891     
   623.000000000000       -1325037.54414077     
   624.000000000000       -1325038.04426514     
   625.000000000000       -1325038.54483141     
   626.000000000000       -1325039.04583898     
   627.000000000000       -1325039.54728725     
   628.000000000000       -1325040.04917563     
   629.000000000000       -1325040.55150350     
   630.000000000000       -1325041.05427029     
   631.000000000000       -1325041.55747541     
   632.000000000000       -1325042.06111825     
   633.000000000000       -1325042.56519824     
   634.000000000000       -1325043.06971477     
   635.000000000000       -1325043.57466727     
   636.000000000000       -1325044.08005516     
   637.000000000000       -1325044.58587786     
   638.000000000000       -1325045.09213478     
   639.000000000000       -1325045.59882534     
   640.000000000000       -1325046.10594897     
   641.000000000000       -1325046.61350509     
   642.000000000000       -1325047.12149314     
   643.000000000000       -1325047.62991254     
   644.000000000000       -1325048.13876272     
   645.000000000000       -1325048.64804311     
   646.000000000000       -1325049.15775316     
   647.000000000000       -1325049.66789227     
   648.000000000000       -1325050.17845993     
   649.000000000000       -1325050.68945553     
   650.000000000000       -1325051.20087853     
   651.000000000000       -1325051.71272839     
   652.000000000000       -1325052.22500452     
   653.000000000000       -1325052.73770639     
   654.000000000000       -1325053.25083344     
   655.000000000000       -1325053.76438512     
   656.000000000000       -1325054.27836087     
   657.000000000000       -1325054.79276016     
   658.000000000000       -1325055.30758245     
   659.000000000000       -1325055.82282716     
   660.000000000000       -1325056.33849378     
   661.000000000000       -1325056.85458176     
   662.000000000000       -1325057.37109056     
   663.000000000000       -1325057.88801963     
   664.000000000000       -1325058.40536846     
   665.000000000000       -1325058.92313649     
   666.000000000000       -1325059.44132319     
   667.000000000000       -1325059.95992804     
   668.000000000000       -1325060.47895051     
   669.000000000000       -1325060.99839006     
   670.000000000000       -1325061.51824617     
   671.000000000000       -1325062.03851831     
   672.000000000000       -1325062.55920596     
   673.000000000000       -1325063.08030859     
   674.000000000000       -1325063.60182569     
   675.000000000000       -1325064.12375675     
   676.000000000000       -1325064.64610122     
   677.000000000000       -1325065.16885862     
   678.000000000000       -1325065.69202840     
   679.000000000000       -1325066.21561007     
   680.000000000000       -1325066.73960312     
   681.000000000000       -1325067.26400702     
   682.000000000000       -1325067.78882128     
   683.000000000000       -1325068.31404538     
   684.000000000000       -1325068.83967882     
   685.000000000000       -1325069.36572109     
   686.000000000000       -1325069.89217170     
   687.000000000000       -1325070.41903013     
   688.000000000000       -1325070.94629590     
   689.000000000000       -1325071.47396850     
   690.000000000000       -1325072.00204743     
   691.000000000000       -1325072.53053219     
   692.000000000000       -1325073.05942230     
   693.000000000000       -1325073.58871726     
   694.000000000000       -1325074.11841658     
   695.000000000000       -1325074.64851977     
   696.000000000000       -1325075.17902633     
   697.000000000000       -1325075.70993579     
   698.000000000000       -1325076.24124765     
   699.000000000000       -1325076.77296143     
   700.000000000000       -1325077.30507665     
   701.000000000000       -1325077.83759282     
   702.000000000000       -1325078.37050947     
   703.000000000000       -1325078.90382611     
   704.000000000000       -1325079.43754228     
   705.000000000000       -1325079.97165748     
   706.000000000000       -1325080.50617125     
   707.000000000000       -1325081.04108311     
   708.000000000000       -1325081.57639259     
   709.000000000000       -1325082.11209922     
   710.000000000000       -1325082.64820253     
   711.000000000000       -1325083.18470204     
   712.000000000000       -1325083.72159730     
   713.000000000000       -1325084.25888784     
   714.000000000000       -1325084.79657318     
   715.000000000000       -1325085.33465288     
   716.000000000000       -1325085.87312646     
   717.000000000000       -1325086.41199347     
   718.000000000000       -1325086.95125345     
   719.000000000000       -1325087.49090593     
   720.000000000000       -1325088.03095047     
   721.000000000000       -1325088.57138660     
   722.000000000000       -1325089.11221388     
   723.000000000000       -1325089.65343184     
   724.000000000000       -1325090.19504004     
   725.000000000000       -1325090.73703803     
   726.000000000000       -1325091.27942535     
   727.000000000000       -1325091.82220156     
   728.000000000000       -1325092.36536621     
   729.000000000000       -1325092.90891886     
   730.000000000000       -1325093.45285907     
   731.000000000000       -1325093.99718639     
   732.000000000000       -1325094.54190036     
   733.000000000000       -1325095.08700057     
   734.000000000000       -1325095.63248657     
   735.000000000000       -1325096.17835791     
   736.000000000000       -1325096.72461417     
   737.000000000000       -1325097.27125490     
   738.000000000000       -1325097.81827968     
   739.000000000000       -1325098.36568806     
   740.000000000000       -1325098.91347962     
   741.000000000000       -1325099.46165393     
   742.000000000000       -1325100.01021055     
   743.000000000000       -1325100.55914906     
   744.000000000000       -1325101.10846903     
   745.000000000000       -1325101.65817004     
   746.000000000000       -1325102.20825164     
   747.000000000000       -1325102.75871344     
   748.000000000000       -1325103.30955500     
   749.000000000000       -1325103.86077589     
   750.000000000000       -1325104.41237571     
   751.000000000000       -1325104.96435403     
   752.000000000000       -1325105.51671042     
   753.000000000000       -1325106.06944450     
   754.000000000000       -1325106.62255580     
   755.000000000000       -1325107.17604395     
   756.000000000000       -1325107.72990852     
   757.000000000000       -1325108.28414910     
   758.000000000000       -1325108.83876528     
   759.000000000000       -1325109.39375664     
   760.000000000000       -1325109.94912278     
   761.000000000000       -1325110.50486329     
   762.000000000000       -1325111.06097776     
   763.000000000000       -1325111.61746580     
   764.000000000000       -1325112.17432698     
   765.000000000000       -1325112.73156091     
   766.000000000000       -1325113.28916719     
   767.000000000000       -1325113.84714542     
   768.000000000000       -1325114.40549519     
   769.000000000000       -1325114.96421611     
   770.000000000000       -1325115.52330777     
   771.000000000000       -1325116.08276979     
   772.000000000000       -1325116.64260176     
   773.000000000000       -1325117.20280329     
   774.000000000000       -1325117.76337399     
   775.000000000000       -1325118.32431346     
   776.000000000000       -1325118.88562132     
   777.000000000000       -1325119.44729716     
   778.000000000000       -1325120.00934061     
   779.000000000000       -1325120.57175127     
   780.000000000000       -1325121.13452876     
   781.000000000000       -1325121.69767270     
   782.000000000000       -1325122.26118268     
   783.000000000000       -1325122.82505834     
   784.000000000000       -1325123.38929927     
   785.000000000000       -1325123.95390512     
   786.000000000000       -1325124.51887550     
   787.000000000000       -1325125.08421001     
   788.000000000000       -1325125.64990830     
   789.000000000000       -1325126.21596997     
   790.000000000000       -1325126.78239465     
   791.000000000000       -1325127.34918196     
   792.000000000000       -1325127.91633153     
   793.000000000000       -1325128.48384299     
   794.000000000000       -1325129.05171596     
   795.000000000000       -1325129.61995007     
   796.000000000000       -1325130.18854495     
   797.000000000000       -1325130.75750023     
   798.000000000000       -1325131.32681555     
   799.000000000000       -1325131.89649053     
   800.000000000000       -1325132.46652480     
   801.000000000000       -1325133.03691800     
   802.000000000000       -1325133.60766977     
   803.000000000000       -1325134.17877974     
   804.000000000000       -1325134.75024755     
   805.000000000000       -1325135.32207283     
   806.000000000000       -1325135.89425524     
   807.000000000000       -1325136.46679439     
   808.000000000000       -1325137.03968995     
   809.000000000000       -1325137.61294154     
   810.000000000000       -1325138.18654882     
   811.000000000000       -1325138.76051142     
   812.000000000000       -1325139.33482900     
   813.000000000000       -1325139.90950119     
   814.000000000000       -1325140.48452764     
   815.000000000000       -1325141.05990801     
   816.000000000000       -1325141.63564194     
   817.000000000000       -1325142.21172908     
   818.000000000000       -1325142.78816908     
   819.000000000000       -1325143.36496159     
   820.000000000000       -1325143.94210627     
   821.000000000000       -1325144.51960276     
   822.000000000000       -1325145.09745073     
   823.000000000000       -1325145.67564982     
   824.000000000000       -1325146.25419971     
   825.000000000000       -1325146.83310003     
   826.000000000000       -1325147.41235046     
   827.000000000000       -1325147.99195065     
   828.000000000000       -1325148.57190026     
   829.000000000000       -1325149.15219895     
   830.000000000000       -1325149.73284638     
   831.000000000000       -1325150.31384221     
   832.000000000000       -1325150.89518613     
   833.000000000000       -1325151.47687777     
   834.000000000000       -1325152.05891682     
   835.000000000000       -1325152.64130293     
   836.000000000000       -1325153.22403578     
   837.000000000000       -1325153.80711503     
   838.000000000000       -1325154.39054036     
   839.000000000000       -1325154.97431142     
   840.000000000000       -1325155.55842790     
   841.000000000000       -1325156.14288947     
   842.000000000000       -1325156.72769580     
   843.000000000000       -1325157.31284656     
   844.000000000000       -1325157.89834143     
   845.000000000000       -1325158.48418009     
   846.000000000000       -1325159.07036220     
   847.000000000000       -1325159.65688746     
   848.000000000000       -1325160.24375553     
   849.000000000000       -1325160.83096610     
   850.000000000000       -1325161.41851885     
   851.000000000000       -1325162.00641345     
   852.000000000000       -1325162.59464959     
   853.000000000000       -1325163.18322695     
   854.000000000000       -1325163.77214523     
   855.000000000000       -1325164.36140409     
   856.000000000000       -1325164.95100323     
   857.000000000000       -1325165.54094233     
   858.000000000000       -1325166.13122109     
   859.000000000000       -1325166.72183919     
   860.000000000000       -1325167.31279631     
   861.000000000000       -1325167.90409215     
   862.000000000000       -1325168.49572640     
   863.000000000000       -1325169.08769875     
   864.000000000000       -1325169.68000889     
   865.000000000000       -1325170.27265652     
   866.000000000000       -1325170.86564133     
   867.000000000000       -1325171.45896302     
   868.000000000000       -1325172.05262129     
   869.000000000000       -1325172.64661582     
   870.000000000000       -1325173.24094632     
   871.000000000000       -1325173.83561248     
   872.000000000000       -1325174.43061401     
   873.000000000000       -1325175.02595061     
   874.000000000000       -1325175.62162197     
   875.000000000000       -1325176.21762781     
   876.000000000000       -1325176.81396781     
   877.000000000000       -1325177.41064169     
   878.000000000000       -1325178.00764916     
   879.000000000000       -1325178.60498991     
   880.000000000000       -1325179.20266366     
   881.000000000000       -1325179.80067010     
   882.000000000000       -1325180.39900896     
   883.000000000000       -1325180.99767993     
   884.000000000000       -1325181.59668273     
   885.000000000000       -1325182.19601707     
   886.000000000000       -1325182.79568266     
   887.000000000000       -1325183.39567921     
   888.000000000000       -1325183.99600643     
   889.000000000000       -1325184.59666405     
   890.000000000000       -1325185.19765177     
   891.000000000000       -1325185.79896931     
   892.000000000000       -1325186.40061639     
   893.000000000000       -1325187.00259272     
   894.000000000000       -1325187.60489802     
   895.000000000000       -1325188.20753202     
   896.000000000000       -1325188.81049442     
   897.000000000000       -1325189.41378496     
   898.000000000000       -1325190.01740335     
   899.000000000000       -1325190.62134933     
   900.000000000000       -1325191.22562259     
   901.000000000000       -1325191.83022289     
   902.000000000000       -1325192.43514993     
   903.000000000000       -1325193.04040345     
   904.000000000000       -1325193.64598317     
   905.000000000000       -1325194.25188882     
   906.000000000000       -1325194.85812012     
   907.000000000000       -1325195.46467681     
   908.000000000000       -1325196.07155862     
   909.000000000000       -1325196.67876528     
   910.000000000000       -1325197.28629651     
   911.000000000000       -1325197.89415206     
   912.000000000000       -1325198.50233165     
   913.000000000000       -1325199.11083502     
   914.000000000000       -1325199.71966189     
   915.000000000000       -1325200.32881203     
   916.000000000000       -1325200.93828515     
   917.000000000000       -1325201.54808099     
   918.000000000000       -1325202.15819929     
   919.000000000000       -1325202.76863979     
   920.000000000000       -1325203.37940223     
   921.000000000000       -1325203.99048636     
   922.000000000000       -1325204.60189190     
   923.000000000000       -1325205.21361861     
   924.000000000000       -1325205.82566623     
   925.000000000000       -1325206.43803450     
   926.000000000000       -1325207.05072317     
   927.000000000000       -1325207.66373198     
   928.000000000000       -1325208.27706068     
   929.000000000000       -1325208.89070902     
   930.000000000000       -1325209.50467674     
   931.000000000000       -1325210.11896359     
   932.000000000000       -1325210.73356933     
   933.000000000000       -1325211.34849370     
   934.000000000000       -1325211.96373645     
   935.000000000000       -1325212.57929734     
   936.000000000000       -1325213.19517613     
   937.000000000000       -1325213.81137255     
   938.000000000000       -1325214.42788637     
   939.000000000000       -1325215.04471735     
   940.000000000000       -1325215.66186524     
   941.000000000000       -1325216.27932979     
   942.000000000000       -1325216.89711077     
   943.000000000000       -1325217.51520793     
   944.000000000000       -1325218.13362104     
   945.000000000000       -1325218.75234985     
   946.000000000000       -1325219.37139413     
   947.000000000000       -1325219.99075363     
   948.000000000000       -1325220.61042813     
   949.000000000000       -1325221.23041737     
   950.000000000000       -1325221.85072113     
   951.000000000000       -1325222.47133918     
   952.000000000000       -1325223.09227128     
   953.000000000000       -1325223.71351719     
   954.000000000000       -1325224.33507669     
   955.000000000000       -1325224.95694953     
   956.000000000000       -1325225.57913550     
   957.000000000000       -1325226.20163436     
   958.000000000000       -1325226.82444588     
   959.000000000000       -1325227.44756984     
   960.000000000000       -1325228.07100601     
   961.000000000000       -1325228.69475415     
   962.000000000000       -1325229.31881406     
   963.000000000000       -1325229.94318549     
   964.000000000000       -1325230.56786822     
   965.000000000000       -1325231.19286204     
   966.000000000000       -1325231.81816672     
   967.000000000000       -1325232.44378204     
   968.000000000000       -1325233.06970778     
   969.000000000000       -1325233.69594371     
   970.000000000000       -1325234.32248962     
   971.000000000000       -1325234.94934529     
   972.000000000000       -1325235.57651051     
   973.000000000000       -1325236.20398505     
   974.000000000000       -1325236.83176869     
   975.000000000000       -1325237.45986124     
   976.000000000000       -1325238.08826247     
   977.000000000000       -1325238.71697216     
   978.000000000000       -1325239.34599011     
   979.000000000000       -1325239.97531611     
   980.000000000000       -1325240.60494993     
   981.000000000000       -1325241.23489138     
   982.000000000000       -1325241.86514023     
   983.000000000000       -1325242.49569630     
   984.000000000000       -1325243.12655936     
   985.000000000000       -1325243.75772921     
   986.000000000000       -1325244.38920565     
   987.000000000000       -1325245.02098846     
   988.000000000000       -1325245.65307745     
   989.000000000000       -1325246.28547241     
   990.000000000000       -1325246.91817314     
   991.000000000000       -1325247.55117944     
   992.000000000000       -1325248.18449110     
   993.000000000000       -1325248.81810793     
   994.000000000000       -1325249.45202973     
   995.000000000000       -1325250.08625629     
   996.000000000000       -1325250.72078742     
   997.000000000000       -1325251.35562294     
   998.000000000000       -1325251.99076263     
   999.000000000000       -1325252.62620630     
   1000.00000000000       -1325253.26195376     
   1001.00000000000       -1325253.89800482     
   1002.00000000000       -1325254.53435927     
   1003.00000000000       -1325255.17101695     
   1004.00000000000       -1325255.80797765     
   1005.00000000000       -1325256.44524117     
   1006.00000000000       -1325257.08280734     
   1007.00000000000       -1325257.72067595     
   1008.00000000000       -1325258.35884684     
   1009.00000000000       -1325258.99731980     
   1010.00000000000       -1325259.63609467     
   1011.00000000000       -1325260.27517124     
   1012.00000000000       -1325260.91454933     
   1013.00000000000       -1325261.55422877     
   1014.00000000000       -1325262.19420937     
   1015.00000000000       -1325262.83449094     
   1016.00000000000       -1325263.47507332     
   1017.00000000000       -1325264.11595631     
   1018.00000000000       -1325264.75713974     
   1019.00000000000       -1325265.39862344     
   1020.00000000000       -1325266.04040722     
   1021.00000000000       -1325266.68249091     
   1022.00000000000       -1325267.32487433     
   1023.00000000000       -1325267.96755732     
   1024.00000000000       -1325268.61053968     
   1025.00000000000       -1325269.25382126     
   1026.00000000000       -1325269.89740189     
   1027.00000000000       -1325270.54128138     
   1028.00000000000       -1325271.18545957     
   1029.00000000000       -1325271.82993630     
   1030.00000000000       -1325272.47471138     
   1031.00000000000       -1325273.11978467     
   1032.00000000000       -1325273.76515598     
   1033.00000000000       -1325274.41082516     
   1034.00000000000       -1325275.05679203     
   1035.00000000000       -1325275.70305644     
   1036.00000000000       -1325276.34961823     
   1037.00000000000       -1325276.99647722     
   1038.00000000000       -1325277.64363326     
   1039.00000000000       -1325278.29108620     
   1040.00000000000       -1325278.93883586     
   1041.00000000000       -1325279.58688209     
   1042.00000000000       -1325280.23522474     
   1043.00000000000       -1325280.88386365     
   1044.00000000000       -1325281.53279866     
   1045.00000000000       -1325282.18202961     
   1046.00000000000       -1325282.83155637     
   1047.00000000000       -1325283.48137876     
   1048.00000000000       -1325284.13149663     
   1049.00000000000       -1325284.78190986     
   1050.00000000000       -1325285.43261826     
   1051.00000000000       -1325286.08362171     
   1052.00000000000       -1325286.73492004     
   1053.00000000000       -1325287.38651312     
   1054.00000000000       -1325288.03840080     
   1055.00000000000       -1325288.69058293     
   1056.00000000000       -1325289.34305936     
   1057.00000000000       -1325289.99582996     
   1058.00000000000       -1325290.64889459     
   1059.00000000000       -1325291.30225309     
   1060.00000000000       -1325291.95590532     
   1061.00000000000       -1325292.60985116     
   1062.00000000000       -1325293.26409046     
   1063.00000000000       -1325293.91862308     
   1064.00000000000       -1325294.57344889     
   1065.00000000000       -1325295.22856774     
   1066.00000000000       -1325295.88397953     
   1067.00000000000       -1325296.53968408     
   1068.00000000000       -1325297.19568128     
   1069.00000000000       -1325297.85197100     
   1070.00000000000       -1325298.50855310     
   1071.00000000000       -1325299.16542747     
   1072.00000000000       -1325299.82259395     
   1073.00000000000       -1325300.48005244     
   1074.00000000000       -1325301.13780279     
   1075.00000000000       -1325301.79584490     
   1076.00000000000       -1325302.45417862     
   1077.00000000000       -1325303.11280384     
   1078.00000000000       -1325303.77172043     
   1079.00000000000       -1325304.43092828     
   1080.00000000000       -1325305.09042725     
   1081.00000000000       -1325305.75021723     
   1082.00000000000       -1325306.41029811     
   1083.00000000000       -1325307.07066976     
   1084.00000000000       -1325307.73133207     
   1085.00000000000       -1325308.39228492     
   1086.00000000000       -1325309.05352818     
   1087.00000000000       -1325309.71506177     
   1088.00000000000       -1325310.37688556     
   1089.00000000000       -1325311.03899943     
   1090.00000000000       -1325311.70140328     
   1091.00000000000       -1325312.36409700     
   1092.00000000000       -1325313.02708047     
   1093.00000000000       -1325313.69035360     
   1094.00000000000       -1325314.35391628     
   1095.00000000000       -1325315.01776839     
   1096.00000000000       -1325315.68190983     
   1097.00000000000       -1325316.34634051     
   1098.00000000000       -1325317.01106032     
   1099.00000000000       -1325317.67606916     
   1100.00000000000       -1325318.34136692     
   1101.00000000000       -1325319.00695351     
   1102.00000000000       -1325319.67282884     
   1103.00000000000       -1325320.33899280     
   1104.00000000000       -1325321.00544531     
   1105.00000000000       -1325321.67218625     
   1106.00000000000       -1325322.33921555     
   1107.00000000000       -1325323.00653312     
   1108.00000000000       -1325323.67413884     
   1109.00000000000       -1325324.34203264     
   1110.00000000000       -1325325.01021444     
   1111.00000000000       -1325325.67868413     
   1112.00000000000       -1325326.34744165     
   1113.00000000000       -1325327.01648689     
   1114.00000000000       -1325327.68581978     
   1115.00000000000       -1325328.35544022     
   1116.00000000000       -1325329.02534815     
   1117.00000000000       -1325329.69554348     
   1118.00000000000       -1325330.36602613     
   1119.00000000000       -1325331.03679602     
   1120.00000000000       -1325331.70785307     
   1121.00000000000       -1325332.37919721     
   1122.00000000000       -1325333.05082836     
   1123.00000000000       -1325333.72274646     
   1124.00000000000       -1325334.39495142     
   1125.00000000000       -1325335.06744317     
   1126.00000000000       -1325335.74022165     
   1127.00000000000       -1325336.41328679     
   1128.00000000000       -1325337.08663851     
   1129.00000000000       -1325337.76027675     
   1130.00000000000       -1325338.43420146     
   1131.00000000000       -1325339.10841255     
   1132.00000000000       -1325339.78290998     
   1133.00000000000       -1325340.45769367     
   1134.00000000000       -1325341.13276358     
   1135.00000000000       -1325341.80811963     
   1136.00000000000       -1325342.48376177     
   1137.00000000000       -1325343.15968995     
   1138.00000000000       -1325343.83590411     
   1139.00000000000       -1325344.51240420     
   1140.00000000000       -1325345.18919015     
   1141.00000000000       -1325345.86626194     
   1142.00000000000       -1325346.54361949     
   1143.00000000000       -1325347.22126277     
   1144.00000000000       -1325347.89919172     
   1145.00000000000       -1325348.57740630     
   1146.00000000000       -1325349.25590648     
   1147.00000000000       -1325349.93469219     
   1148.00000000000       -1325350.61376341     
   1149.00000000000       -1325351.29312009     
   1150.00000000000       -1325351.97276218     
   1151.00000000000       -1325352.65268966     
   1152.00000000000       -1325353.33290248     
   1153.00000000000       -1325354.01340062     
   1154.00000000000       -1325354.69418403     
   1155.00000000000       -1325355.37525269     
   1156.00000000000       -1325356.05660657     
   1157.00000000000       -1325356.73824563     
   1158.00000000000       -1325357.42016984     
   1159.00000000000       -1325358.10237918     
   1160.00000000000       -1325358.78487363     
   1161.00000000000       -1325359.46765316     
   1162.00000000000       -1325360.15071775     
   1163.00000000000       -1325360.83406738     
   1164.00000000000       -1325361.51770202     
   1165.00000000000       -1325362.20162167     
   1166.00000000000       -1325362.88582630     
   1167.00000000000       -1325363.57031589     
   1168.00000000000       -1325364.25509045     
   1169.00000000000       -1325364.94014995     
   1170.00000000000       -1325365.62549438     
   1171.00000000000       -1325366.31112373     
   1172.00000000000       -1325366.99703801     
   1173.00000000000       -1325367.68323719     
   1174.00000000000       -1325368.36972129     
   1175.00000000000       -1325369.05649028     
   1176.00000000000       -1325369.74354418     
   1177.00000000000       -1325370.43088298     
   1178.00000000000       -1325371.11850669     
   1179.00000000000       -1325371.80641530     
   1180.00000000000       -1325372.49460883     
   1181.00000000000       -1325373.18308729     
   1182.00000000000       -1325373.87185067     
   1183.00000000000       -1325374.56089899     
   1184.00000000000       -1325375.25023226     
   1185.00000000000       -1325375.93985051     
   1186.00000000000       -1325376.62975373     
   1187.00000000000       -1325377.31994194     
   1188.00000000000       -1325378.01041518     
   1189.00000000000       -1325378.70117345     
   1190.00000000000       -1325379.39221678     
   1191.00000000000       -1325380.08354519     
   1192.00000000000       -1325380.77515870     
   1193.00000000000       -1325381.46705736     
   1194.00000000000       -1325382.15924118     
   1195.00000000000       -1325382.85171018     
   1196.00000000000       -1325383.54446441     
   1197.00000000000       -1325384.23750391     
   1198.00000000000       -1325384.93082871     
   1199.00000000000       -1325385.62443883     
   1200.00000000000       -1325386.31833433     
   1201.00000000000       -1325387.01251525     
   1202.00000000000       -1325387.70698162     
   1203.00000000000       -1325388.40173351     
   1204.00000000000       -1325389.09677094     
   1205.00000000000       -1325389.79209397     
   1206.00000000000       -1325390.48770266     
   1207.00000000000       -1325391.18359705     
   1208.00000000000       -1325391.87977720     
   1209.00000000000       -1325392.57624316     
   1210.00000000000       -1325393.27299500     
   1211.00000000000       -1325393.97003278     
   1212.00000000000       -1325394.66735655     
   1213.00000000000       -1325395.36496638     
   1214.00000000000       -1325396.06286235     
   1215.00000000000       -1325396.76104451     
   1216.00000000000       -1325397.45951295     
   1217.00000000000       -1325398.15826772     
   1218.00000000000       -1325398.85730891     
   1219.00000000000       -1325399.55663659     
   1220.00000000000       -1325400.25625085     
   1221.00000000000       -1325400.95615176     
   1222.00000000000       -1325401.65633941     
   1223.00000000000       -1325402.35681387     
   1224.00000000000       -1325403.05757525     
   1225.00000000000       -1325403.75862362     
   1226.00000000000       -1325404.45995909     
   1227.00000000000       -1325405.16158175     
   1228.00000000000       -1325405.86349169     
   1229.00000000000       -1325406.56568901     
   1230.00000000000       -1325407.26817381     
   1231.00000000000       -1325407.97094619     
   1232.00000000000       -1325408.67400626     
   1233.00000000000       -1325409.37735414     
   1234.00000000000       -1325410.08098992     
   1235.00000000000       -1325410.78491373     
   1236.00000000000       -1325411.48912566     
   1237.00000000000       -1325412.19362586     
   1238.00000000000       -1325412.89841442     
   1239.00000000000       -1325413.60349148     
   1240.00000000000       -1325414.30885716     
   1241.00000000000       -1325415.01451158     
   1242.00000000000       -1325415.72045489     
   1243.00000000000       -1325416.42668719     
   1244.00000000000       -1325417.13320864     
   1245.00000000000       -1325417.84001938     
   1246.00000000000       -1325418.54711953     
   1247.00000000000       -1325419.25450923     
   1248.00000000000       -1325419.96218864     
   1249.00000000000       -1325420.67015792     
   1250.00000000000       -1325421.37841718     
   1251.00000000000       -1325422.08696661     
   1252.00000000000       -1325422.79580635     
   1253.00000000000       -1325423.50493656     
   1254.00000000000       -1325424.21435740     
   1255.00000000000       -1325424.92406903     
   1256.00000000000       -1325425.63407162     
   1257.00000000000       -1325426.34436534     
   1258.00000000000       -1325427.05495035     
   1259.00000000000       -1325427.76582685     
   1260.00000000000       -1325428.47699501     
   1261.00000000000       -1325429.18845500     
   1262.00000000000       -1325429.90020700     
   1263.00000000000       -1325430.61225121     
   1264.00000000000       -1325431.32458781     
   1265.00000000000       -1325432.03721700     
   1266.00000000000       -1325432.75013897     
   1267.00000000000       -1325433.46335392     
   1268.00000000000       -1325434.17686205     
   1269.00000000000       -1325434.89066357     
   1270.00000000000       -1325435.60475869     
   1271.00000000000       -1325436.31914761     
   1272.00000000000       -1325437.03383055     
   1273.00000000000       -1325437.74880773     
   1274.00000000000       -1325438.46407936     
   1275.00000000000       -1325439.17964568     
   1276.00000000000       -1325439.89550691     
   1277.00000000000       -1325440.61166328     
   1278.00000000000       -1325441.32811503     
   1279.00000000000       -1325442.04486237     
   1280.00000000000       -1325442.76190558     
   1281.00000000000       -1325443.47924488     
   1282.00000000000       -1325444.19688053     
   1283.00000000000       -1325444.91481277     
   1284.00000000000       -1325445.63304186     
   1285.00000000000       -1325446.35156806     
   1286.00000000000       -1325447.07039164     
   1287.00000000000       -1325447.78951284     
   1288.00000000000       -1325448.50893196     
   1289.00000000000       -1325449.22864925     
   1290.00000000000       -1325449.94866501     
   1291.00000000000       -1325450.66897949     
   1292.00000000000       -1325451.38959300     
   1293.00000000000       -1325452.11050582     
   1294.00000000000       -1325452.83171824     
   1295.00000000000       -1325453.55323056     
   1296.00000000000       -1325454.27504308     
   1297.00000000000       -1325454.99715610     
   1298.00000000000       -1325455.71956993     
   1299.00000000000       -1325456.44228489     
   1300.00000000000       -1325457.16530128     
   1301.00000000000       -1325457.88861944     
   1302.00000000000       -1325458.61223969     
   1303.00000000000       -1325459.33616234     
   1304.00000000000       -1325460.06038776     
   1305.00000000000       -1325460.78491625     
   1306.00000000000       -1325461.50974818     
   1307.00000000000       -1325462.23488388     
   1308.00000000000       -1325462.96032372     
   1309.00000000000       -1325463.68606803     
   1310.00000000000       -1325464.41211719     
   1311.00000000000       -1325465.13847156     
   1312.00000000000       -1325465.86513151     
   1313.00000000000       -1325466.59209741     
   1314.00000000000       -1325467.31936965     
   1315.00000000000       -1325468.04694859     
   1316.00000000000       -1325468.77483465     
   1317.00000000000       -1325469.50302821     
   1318.00000000000       -1325470.23152967     
   1319.00000000000       -1325470.96033943     
   1320.00000000000       -1325471.68945791     
   1321.00000000000       -1325472.41888550     
   1322.00000000000       -1325473.14862265     
   1323.00000000000       -1325473.87866977     
   1324.00000000000       -1325474.60902728     
   1325.00000000000       -1325475.33969563     
   1326.00000000000       -1325476.07067526     
   1327.00000000000       -1325476.80196662     
   1328.00000000000       -1325477.53357014     
   1329.00000000000       -1325478.26548630     
   1330.00000000000       -1325478.99771555     
   1331.00000000000       -1325479.73025838     
   1332.00000000000       -1325480.46311523     
   1333.00000000000       -1325481.19628661     
   1334.00000000000       -1325481.92977300     
   1335.00000000000       -1325482.66357488     
   1336.00000000000       -1325483.39769276     
   1337.00000000000       -1325484.13212714     
   1338.00000000000       -1325484.86687854     
   1339.00000000000       -1325485.60194747     
   1340.00000000000       -1325486.33733444     
   1341.00000000000       -1325487.07304001     
   1342.00000000000       -1325487.80906470     
   1343.00000000000       -1325488.54540904     
   1344.00000000000       -1325489.28207360     
   1345.00000000000       -1325490.01905894     
   1346.00000000000       -1325490.75636561     
   1347.00000000000       -1325491.49399418     
   1348.00000000000       -1325492.23194523     
   1349.00000000000       -1325492.97021934     
   1350.00000000000       -1325493.70881712     
   1351.00000000000       -1325494.44773915     
   1352.00000000000       -1325495.18698604     
   1353.00000000000       -1325495.92655840     
   1354.00000000000       -1325496.66645686     
   1355.00000000000       -1325497.40668206     
   1356.00000000000       -1325498.14723460     
   1357.00000000000       -1325498.88811515     
   1358.00000000000       -1325499.62932436     
