  0.000000000000000E+000  0.000000000000000E+000
   1.00000000000000      -4.881249562249921E-006
   2.00000000000000      -1.863961151858763E-005
   3.00000000000000      -2.346410744626359E-005
   4.00000000000000      -3.787670128579373E-005
   5.00000000000000      -4.264253470059437E-005
   6.00000000000000      -5.688221594531636E-005
   7.00000000000000      -6.159565184293902E-005
   8.00000000000000      -7.568312623135882E-005
   9.00000000000000      -8.032772522266268E-005
   10.0000000000000      -9.411245468852882E-005
   11.0000000000000      -9.856243192371004E-005
   12.0000000000000      -1.115551637227465E-004
   13.0000000000000      -1.155785237511936E-004
   14.0000000000000      -1.269874895491503E-004
   15.0000000000000      -1.302520447240101E-004
   16.0000000000000      -1.329700476432156E-004
   17.0000000000000      -1.430040867441269E-004
   18.0000000000000      -1.441733080309854E-004
   19.0000000000000      -1.442886849844401E-004
   20.0000000000000      -1.431225659134456E-004
   21.0000000000000      -1.404219935190430E-004
   22.0000000000000      -1.288048536782689E-004
   23.0000000000000      -1.221635141111254E-004
   24.0000000000000      -9.734900332155826E-005
   25.0000000000000      -7.357805604617828E-005
   26.0000000000000      -4.347926795933288E-005
   27.0000000000000      -6.302785093246398E-006
   28.0000000000000       3.873849685987690E-005
   29.0000000000000       9.244276636846193E-005
   30.0000000000000       1.556271846452198E-004
   31.0000000000000       2.291138822937686E-004
   32.0000000000000       3.137398802664271E-004
   33.0000000000000       4.103382655081334E-004
   34.0000000000000       5.197505719234839E-004
   35.0000000000000       6.428162297939809E-004
   36.0000000000000       7.803643401872812E-004
   37.0000000000000       9.332208418506513E-004
   38.0000000000000       1.102204584024542E-003
   39.0000000000000       1.288118257044130E-003
   40.0000000000000       1.491754669952012E-003
   41.0000000000000       1.713888291805095E-003
   42.0000000000000       1.955277492671045E-003
   43.0000000000000       2.216661428948570E-003
   44.0000000000000       2.498753594029184E-003
   45.0000000000000       2.802247644796101E-003
   46.0000000000000       3.127811609559977E-003
   47.0000000000000       3.476089857112429E-003
   48.0000000000000       3.847697462014999E-003
   49.0000000000000       4.243222293084210E-003
   50.0000000000000       4.663221413446128E-003
   51.0000000000000       5.108221601615043E-003
   52.0000000000000       5.578732807862674E-003
   53.0000000000000       6.075213706042594E-003
   54.0000000000000       6.598105706591128E-003
   55.0000000000000       7.147819434823032E-003
   56.0000000000000       7.724734814903498E-003
   57.0000000000000       8.329196003290991E-003
   58.0000000000000       8.961519549911794E-003
   59.0000000000000       9.621995195434418E-003
   60.0000000000000       1.031088441469494E-002
   61.0000000000000       1.102841576690151E-002
   62.0000000000000       1.177479587856441E-002
   63.0000000000000       1.255019759107661E-002
   64.0000000000000       1.335477393937506E-002
   65.0000000000000       1.418864547433856E-002
   66.0000000000000       1.505192068080919E-002
   67.0000000000000       1.594466534815107E-002
   68.0000000000000       1.686694465902840E-002
   69.0000000000000       1.781878177842319E-002
   70.0000000000000       1.880019556212210E-002
   71.0000000000000       1.981117463031904E-002
   72.0000000000000       2.085169397814078E-002
   73.0000000000000       2.192170467108987E-002
   74.0000000000000       2.302114457617661E-002
   75.0000000000000       2.414994276266122E-002
   76.0000000000000       2.530799878014070E-002
   77.0000000000000       2.649520393331289E-002
   78.0000000000000       2.771144732799475E-002
   79.0000000000000       2.895658033549314E-002
   80.0000000000000       3.023046760790629E-002
   81.0000000000000       3.153295084934874E-002
   82.0000000000000       3.286385754417240E-002
   83.0000000000000       3.422301970761146E-002
   84.0000000000000       3.561024849143141E-002
   85.0000000000000       3.702535082157360E-002
   86.0000000000000       3.846812187527611E-002
   87.0000000000000       3.993835827891817E-002
   88.0000000000000       4.143584490453284E-002
   89.0000000000000       4.296036569117829E-002
   90.0000000000000       4.451168939481649E-002
   91.0000000000000       4.608959364884335E-002
   92.0000000000000       4.769384032602737E-002
   93.0000000000000       4.932419259799328E-002
   94.0000000000000       5.098041718491256E-002
   95.0000000000000       5.266226007796337E-002
   96.0000000000000       5.436948498418605E-002
   97.0000000000000       5.610184412508420E-002
   98.0000000000000       5.785908003288049E-002
   99.0000000000000       5.964095340440578E-002
   100.000000000000       6.144720157530333E-002
   101.000000000000       6.327758282177726E-002
   102.000000000000       6.513185034857379E-002
   103.000000000000       6.700973420072308E-002
   104.000000000000       6.891099737811254E-002
   105.000000000000       7.083537321839772E-002
   106.000000000000       7.278262774997080E-002
   107.000000000000       7.475249875388706E-002
   108.000000000000       7.674473365963937E-002
   109.000000000000       7.875910310792961E-002
   110.000000000000       8.079533255726591E-002
   111.000000000000       8.285319702825257E-002
   112.000000000000       8.493244770000018E-002
   113.000000000000       8.703282927175758E-002
   114.000000000000       8.915412437558635E-002
   115.000000000000       9.129606399559387E-002
   116.000000000000       9.345843508447597E-002
   117.000000000000       9.564099555581868E-002
   118.000000000000       9.784351383472636E-002
   119.000000000000       0.100065745661103     
   120.000000000000       0.102307479742279     
   121.000000000000       0.104568482511499     
   122.000000000000       0.106848530898574     
   123.000000000000       0.109147398703088     
   124.000000000000       0.111464875246410     
   125.000000000000       0.113800734721629     
   126.000000000000       0.116154778053012     
   127.000000000000       0.118526775278976     
   128.000000000000       0.120916532574712     
   129.000000000000       0.123323836156074     
   130.000000000000       0.125748480295045     
   131.000000000000       0.128190266252368     
   132.000000000000       0.130648990831249     
   133.000000000000       0.133124465064091     
   134.000000000000       0.135616506506692     
   135.000000000000       0.138124888045684     
   136.000000000000       0.140649457744388     
   137.000000000000       0.143190019077741     
   138.000000000000       0.145746380550212     
   139.000000000000       0.148318367268949     
   140.000000000000       0.150905795058239     
   141.000000000000       0.153508500648892     
   142.000000000000       0.156126304859221     
   143.000000000000       0.158759033303267     
   144.000000000000       0.161406530966791     
   145.000000000000       0.164068605617362     
   146.000000000000       0.166745124852685     
   147.000000000000       0.169435905306322     
   148.000000000000       0.172140810483993     
   149.000000000000       0.174859659175462     
   150.000000000000       0.177592309599121     
   151.000000000000       0.180338619837782     
   152.000000000000       0.183098412842179     
   153.000000000000       0.185871579962532     
   154.000000000000       0.188657947241354     
   155.000000000000       0.191457392283601     
   156.000000000000       0.194269749328078     
   157.000000000000       0.197094900059189     
   158.000000000000       0.199932705088260     
   159.000000000000       0.202783032250982     
   160.000000000000       0.205645739387076     
   161.000000000000       0.208520711594697     
   162.000000000000       0.211407801812760     
   163.000000000000       0.214306916395878     
   164.000000000000       0.217217891876350     
   165.000000000000       0.220140628149545     
   166.000000000000       0.223075003820211     
   167.000000000000       0.226020902446782     
   168.000000000000       0.228978215670941     
   169.000000000000       0.231946802685028     
   170.000000000000       0.234926559775819     
   171.000000000000       0.237917384478574     
   172.000000000000       0.240919175212366     
   173.000000000000       0.243931810592192     
   174.000000000000       0.246955190729123     
   175.000000000000       0.249989208177647     
   176.000000000000       0.253033749199772     
   177.000000000000       0.256088742992543     
   178.000000000000       0.259154060952759     
   179.000000000000       0.262229620850606     
   180.000000000000       0.265315322911627     
   181.000000000000       0.268411067933373     
   182.000000000000       0.271516775817512     
   183.000000000000       0.274632335343435     
   184.000000000000       0.277757665985365     
   185.000000000000       0.280892687733210     
   186.000000000000       0.284037294619578     
   187.000000000000       0.287191421608463     
   188.000000000000       0.290354961069820     
   189.000000000000       0.293527843812585     
   190.000000000000       0.296709973697598     
   191.000000000000       0.299901282559542     
   192.000000000000       0.303101704266779     
   193.000000000000       0.306311134004766     
   194.000000000000       0.309529503609008     
   195.000000000000       0.312756736798557     
   196.000000000000       0.315992762606235     
   197.000000000000       0.319237492900063     
   198.000000000000       0.322490892807669     
   199.000000000000       0.325752846980422     
   200.000000000000       0.329023305970379     
   201.000000000000       0.332302192931617     
   202.000000000000       0.335589452886671     
   203.000000000000       0.338885005232639     
   204.000000000000       0.342188780921953     
   205.000000000000       0.345500722681749     
   206.000000000000       0.348820769823008     
   207.000000000000       0.352148853999013     
   208.000000000000       0.355484914568102     
   209.000000000000       0.358828890174838     
   210.000000000000       0.362180715692633     
   211.000000000000       0.365540339033777     
   212.000000000000       0.368907693462628     
   213.000000000000       0.372282724859055     
   214.000000000000       0.375665386479219     
   215.000000000000       0.379055602434603     
   216.000000000000       0.382453335176938     
   217.000000000000       0.385858534424345     
   218.000000000000       0.389271113856122     
   219.000000000000       0.392691035211425     
   220.000000000000       0.396118282490105     
   221.000000000000       0.399552766662760     
   222.000000000000       0.402994444704223     
   223.000000000000       0.406443262717660     
   224.000000000000       0.409899189108472     
   225.000000000000       0.413362152886709     
   226.000000000000       0.416832138492085     
   227.000000000000       0.420309055559942     
   228.000000000000       0.423792891876737     
   229.000000000000       0.427283580046706     
   230.000000000000       0.430781123726460     
   231.000000000000       0.434285402871355     
   232.000000000000       0.437796422294948     
   233.000000000000       0.441314131878558     
   234.000000000000       0.444838497611152     
   235.000000000000       0.448369456659277     
   236.000000000000       0.451906992503296     
   237.000000000000       0.455451036297030     
   238.000000000000       0.459001566422772     
   239.000000000000       0.462558547882593     
   240.000000000000       0.466121935238177     
   241.000000000000       0.469691685186416     
   242.000000000000       0.473267765570741     
   243.000000000000       0.476850135646467     
   244.000000000000       0.480438762115556     
   245.000000000000       0.484033618196448     
   246.000000000000       0.487634647761209     
   247.000000000000       0.491241845372076     
   248.000000000000       0.494855146627638     
   249.000000000000       0.498474524891905     
   250.000000000000       0.502099956343895     
   251.000000000000       0.505731399616201     
   252.000000000000       0.509368841480562     
   253.000000000000       0.513012217435985     
   254.000000000000       0.516661510129531     
   255.000000000000       0.520316710447155     
   256.000000000000       0.523977740447916     
   257.000000000000       0.527644619764743     
   258.000000000000       0.531317287484112     
   259.000000000000       0.534995717896318     
   260.000000000000       0.538679879975716     
   261.000000000000       0.542369783873268     
   262.000000000000       0.546065337591349     
   263.000000000000       0.549766544385429     
   264.000000000000       0.553473394804843     
   265.000000000000       0.557185840280033     
   266.000000000000       0.560903841985912     
   267.000000000000       0.564627396633072     
   268.000000000000       0.568356482437332     
   269.000000000000       0.572091052077992     
   270.000000000000       0.575831094119361     
   271.000000000000       0.579576567388306     
   272.000000000000       0.583327470268872     
   273.000000000000       0.587083780115424     
   274.000000000000       0.590845448490795     
   275.000000000000       0.594612464003031     
   276.000000000000       0.598384798424223     
   277.000000000000       0.602162436162017     
   278.000000000000       0.605945353626741     
   279.000000000000       0.609733531200663     
   280.000000000000       0.613526926967345     
   281.000000000000       0.617325556387267     
   282.000000000000       0.621129363081347     
   283.000000000000       0.624938328638420     
   284.000000000000       0.628752472951319     
   285.000000000000       0.632571716861792     
   286.000000000000       0.636396092048319     
   287.000000000000       0.640225526015850     
   288.000000000000       0.644060049013526     
   289.000000000000       0.647899612950246     
   290.000000000000       0.651744208953830     
   291.000000000000       0.655593801697894     
   292.000000000000       0.659448396465972     
   293.000000000000       0.663307964844395     
   294.000000000000       0.667172483210754     
   295.000000000000       0.671041918981434     
   296.000000000000       0.674916304869399     
   297.000000000000       0.678795566149151     
   298.000000000000       0.682679731678495     
   299.000000000000       0.686568740501334     
   300.000000000000       0.690462613300670     
   301.000000000000       0.694361319016905     
   302.000000000000       0.698264820729203     
   303.000000000000       0.702173136595349     
   304.000000000000       0.706086248345643     
   305.000000000000       0.710004104909966     
   306.000000000000       0.713926725876576     
   307.000000000000       0.717854076679408     
   308.000000000000       0.721786148994728     
   309.000000000000       0.725722936749857     
   310.000000000000       0.729664415726560     
   311.000000000000       0.733610562547780     
   312.000000000000       0.737561373270686     
   313.000000000000       0.741516839571378     
   314.000000000000       0.745476918590158     
   315.000000000000       0.749441636230556     
   316.000000000000       0.753410952358099     
   317.000000000000       0.757384875012079     
   318.000000000000       0.761363354648978     
   319.000000000000       0.765346426685419     
   320.000000000000       0.769334023331422     
   321.000000000000       0.773326182020447     
   322.000000000000       0.777322865778477     
   323.000000000000       0.781324045993991     
   324.000000000000       0.785329751894777     
   325.000000000000       0.789339945995048     
   326.000000000000       0.793354597605423     
   327.000000000000       0.797373748226723     
   328.000000000000       0.801397332727907     
   329.000000000000       0.805425350848976     
   330.000000000000       0.809457819438885     
   331.000000000000       0.813494707469254     
   332.000000000000       0.817535995227352     
   333.000000000000       0.821581686870054     
   334.000000000000       0.825631766014705     
   335.000000000000       0.829686204467851     
   336.000000000000       0.833745020748769     
   337.000000000000       0.837808190162378     
   338.000000000000       0.841875718125449     
   339.000000000000       0.845947574710922     
   340.000000000000       0.850023752277382     
   341.000000000000       0.854104233647457     
   342.000000000000       0.858189040827003     
   343.000000000000       0.862278133345611     
   344.000000000000       0.866371501463967     
   345.000000000000       0.870469172269893     
   346.000000000000       0.874571086871414     
   347.000000000000       0.878677260526103     
   348.000000000000       0.882787704840166     
   349.000000000000       0.886902350802990     
   350.000000000000       0.891021239005525     
   351.000000000000       0.895144380189728     
   352.000000000000       0.899271708624396     
   353.000000000000       0.903403231443295     
   354.000000000000       0.907538975781994     
   355.000000000000       0.911678888599119     
   356.000000000000       0.915822985740554     
   357.000000000000       0.919971273005267     
   358.000000000000       0.924123686115330     
   359.000000000000       0.928280277714403     
   360.000000000000       0.932441016400594     
   361.000000000000       0.936605893290095     
   362.000000000000       0.940774892077791     
   363.000000000000       0.944948027782451     
   364.000000000000       0.949125277916337     
   365.000000000000       0.953306630350702     
   366.000000000000       0.957492095742402     
   367.000000000000       0.961681655964397     
   368.000000000000       0.965875277214760     
   369.000000000000       0.970073023086411     
   370.000000000000       0.974274814187138     
   371.000000000000       0.978480682319352     
   372.000000000000       0.982690611169702     
   373.000000000000       0.986904595283050     
   374.000000000000       0.991122632163727     
   375.000000000000       0.995344696781094     
   376.000000000000       0.999570809598129     
   377.000000000000        1.00380094203273     
   378.000000000000        1.00803508155170     
   379.000000000000        1.01227327220646     
   380.000000000000        1.01651545415604     
   381.000000000000        1.02076162680731     
   382.000000000000        1.02501182677344     
   383.000000000000        1.02926598259905     
   384.000000000000        1.03352414849371     
   385.000000000000        1.03778628765038     
   386.000000000000        1.04205241369784     
   387.000000000000        1.04632249424163     
   388.000000000000        1.05059653860918     
   389.000000000000        1.05487455611494     
   390.000000000000        1.05915651731160     
   391.000000000000        1.06344242646218     
   392.000000000000        1.06773227463371     
   393.000000000000        1.07202605706656     
   394.000000000000        1.07632379007880     
   395.000000000000        1.08062544247090     
   396.000000000000        1.08493100111123     
   397.000000000000        1.08924049629200     
   398.000000000000        1.09355389922239     
   399.000000000000        1.09787120978337     
   400.000000000000        1.10219243414596     
   401.000000000000        1.10651753477363     
   402.000000000000        1.11084655062506     
   403.000000000000        1.11517943134043     
   404.000000000000        1.11951621918168     
   405.000000000000        1.12385687568897     
   406.000000000000        1.12820140547966     
   407.000000000000        1.13254982438960     
   408.000000000000        1.13690211113130     
   409.000000000000        1.14125823370505     
   410.000000000000        1.14561824228892     
   411.000000000000        1.14998210380392     
   412.000000000000        1.15434981763688     
   413.000000000000        1.15872134083733     
   414.000000000000        1.16309675219595     
   415.000000000000        1.16747599047830     
   416.000000000000        1.17185907034299     
   417.000000000000        1.17624597842791     
   418.000000000000        1.18063669184240     
   419.000000000000        1.18503125479353     
   420.000000000000        1.18942963459462     
   421.000000000000        1.19383182807415     
   422.000000000000        1.19823783588010     
   423.000000000000        1.20264764765821     
   424.000000000000        1.20706128463623     
   425.000000000000        1.21147871829169     
   426.000000000000        1.21589994424540     
   427.000000000000        1.22032498115646     
   428.000000000000        1.22475381109990     
   429.000000000000        1.22918641900323     
   430.000000000000        1.23362281468378     
   431.000000000000        1.23806300827456     
   432.000000000000        1.24250695995049     
   433.000000000000        1.24695471668331     
   434.000000000000        1.25140623499276     
   435.000000000000        1.25586152586204     
   436.000000000000        1.26032059140967     
   437.000000000000        1.26478341662279     
   438.000000000000        1.26925000682370     
   439.000000000000        1.27372036262367     
   440.000000000000        1.27819447980406     
   441.000000000000        1.28267235378018     
   442.000000000000        1.28715396837696     
   443.000000000000        1.29163934072704     
   444.000000000000        1.29612846434983     
   445.000000000000        1.30062132822337     
   446.000000000000        1.30511794230525     
   447.000000000000        1.30961828157698     
   448.000000000000        1.31412236960256     
   449.000000000000        1.31863019678818     
   450.000000000000        1.32314173717330     
   451.000000000000        1.32765703431001     
   452.000000000000        1.33217604247508     
   453.000000000000        1.33669878844054     
   454.000000000000        1.34122526546440     
   455.000000000000        1.34575543474210     
   456.000000000000        1.35028936118763     
   457.000000000000        1.35482699081243     
   458.000000000000        1.35936832692189     
   459.000000000000        1.36391338024264     
   460.000000000000        1.36846215240250     
   461.000000000000        1.37301463444514     
   462.000000000000        1.37757079993751     
   463.000000000000        1.38213070049412     
   464.000000000000        1.38669429422764     
   465.000000000000        1.39126158956742     
   466.000000000000        1.39583257955718     
   467.000000000000        1.40040727622716     
   468.000000000000        1.40498567228769     
   469.000000000000        1.40956775430022     
   470.000000000000        1.41415353889637     
   471.000000000000        1.41874299914165     
   472.000000000000        1.42333616544445     
   473.000000000000        1.42793301494253     
   474.000000000000        1.43253354073956     
   475.000000000000        1.43713777720240     
   476.000000000000        1.44174566787504     
   477.000000000000        1.44635726012732     
   478.000000000000        1.45097251482488     
   479.000000000000        1.45559147408332     
   480.000000000000        1.46021409051678     
   481.000000000000        1.46484040643469     
   482.000000000000        1.46947036921103     
   483.000000000000        1.47410403412589     
   484.000000000000        1.47874136865421     
   485.000000000000        1.48338233187875     
   486.000000000000        1.48802701398820     
   487.000000000000        1.49267532902198     
   488.000000000000        1.49732735268789     
   489.000000000000        1.50198301075155     
   490.000000000000        1.50664232312748     
   491.000000000000        1.51130532569849     
   492.000000000000        1.51597197184231     
   493.000000000000        1.52064230434064     
   494.000000000000        1.52531626560265     
   495.000000000000        1.52999391341030     
   496.000000000000        1.53467521529171     
   497.000000000000        1.53936016635076     
   498.000000000000        1.54404878293396     
   499.000000000000        1.54874104015996     
   500.000000000000        1.55343696337021     
   501.000000000000        1.55813653252061     
   502.000000000000        1.56283974944903     
   503.000000000000        1.56754663646040     
   504.000000000000        1.57225718746358     
   505.000000000000        1.57697136396002     
   506.000000000000        1.58168920044611     
   507.000000000000        1.58641066277517     
   508.000000000000        1.59113579375781     
   509.000000000000        1.59586457502389     
   510.000000000000        1.60059700304634     
   511.000000000000        1.60533305058815     
   512.000000000000        1.61007278113318     
   513.000000000000        1.61481613050049     
   514.000000000000        1.61956311312638     
   515.000000000000        1.62431377293590     
   516.000000000000        1.62906805379937     
   517.000000000000        1.63382599998824     
   518.000000000000        1.63858756079758     
   519.000000000000        1.64335278824930     
   520.000000000000        1.64812161213614     
   521.000000000000        1.65289409470543     
   522.000000000000        1.65767023931775     
   523.000000000000        1.66245001355850     
   524.000000000000        1.66723341676187     
   525.000000000000        1.67202046374551     
   526.000000000000        1.67681114370155     
   527.000000000000        1.68160546760888     
   528.000000000000        1.68640341789319     
   529.000000000000        1.69120502147322     
   530.000000000000        1.69601024826319     
   531.000000000000        1.70081910472789     
   532.000000000000        1.70563162342484     
   533.000000000000        1.71044775754337     
   534.000000000000        1.71526752628449     
   535.000000000000        1.72009094813980     
   536.000000000000        1.72491798386903     
   537.000000000000        1.72974866888182     
   538.000000000000        1.73458298308991     
   539.000000000000        1.73942093931813     
   540.000000000000        1.74426251925793     
   541.000000000000        1.74910772098200     
   542.000000000000        1.75395655628864     
   543.000000000000        1.75880907188105     
   544.000000000000        1.76366516367360     
   545.000000000000        1.76852493639923     
   546.000000000000        1.77338830403773     
   547.000000000000        1.77825530921268     
   548.000000000000        1.78312596612221     
   549.000000000000        1.78800024959594     
   550.000000000000        1.79287815856787     
   551.000000000000        1.79775971128474     
   552.000000000000        1.80264490217961     
   553.000000000000        1.80753370435763     
   554.000000000000        1.81242613714922     
   555.000000000000        1.81732223752253     
   556.000000000000        1.82222195111451     
   557.000000000000        1.82712529400416     
   558.000000000000        1.83203227593009     
   559.000000000000        1.83694289883817     
   560.000000000000        1.84185714897767     
   561.000000000000        1.84677501944763     
   562.000000000000        1.85169654524714     
   563.000000000000        1.85662171642503     
   564.000000000000        1.86155048275152     
   565.000000000000        1.86648291638251     
   566.000000000000        1.87141898282475     
   567.000000000000        1.87635868210157     
   568.000000000000        1.88130199566530     
   569.000000000000        1.88624897542108     
   570.000000000000        1.89119956755332     
   571.000000000000        1.89615379979789     
   572.000000000000        1.90111168166103     
   573.000000000000        1.90607320791293     
   574.000000000000        1.91103835461499     
   575.000000000000        1.91600712912442     
   576.000000000000        1.92097957966415     
   577.000000000000        1.92595562976394     
   578.000000000000        1.93093534258978     
   579.000000000000        1.93591868421960     
   580.000000000000        1.94090566980283     
   581.000000000000        1.94589629294792     
   582.000000000000        1.95089055627324     
   583.000000000000        1.95588848018615     
   584.000000000000        1.96089002591401     
   585.000000000000        1.96589522895687     
   586.000000000000        1.97090404409136     
   587.000000000000        1.97591651609783     
   588.000000000000        1.98093265530680     
   589.000000000000        1.98595242748142     
   590.000000000000        1.99097582805613     
   591.000000000000        1.99600287107214     
   592.000000000000        2.00103360405284     
   593.000000000000        2.00606795970818     
   594.000000000000        2.01110593997694     
   595.000000000000        2.01614758794102     
   596.000000000000        2.02119287793326     
   597.000000000000        2.02624181996249     
   598.000000000000        2.03129441362968     
   599.000000000000        2.03635065696108     
   600.000000000000        2.04141054646681     
   601.000000000000        2.04647408528627     
   602.000000000000        2.05154128886919     
   603.000000000000        2.05661214763718     
   604.000000000000        2.06168668102729     
   605.000000000000        2.06676481765824     
   606.000000000000        2.07184662731245     
   607.000000000000        2.07693210611708     
   608.000000000000        2.08202124199744     
   609.000000000000        2.08711401474466     
   610.000000000000        2.09221047384930     
   611.000000000000        2.09731058140104     
   612.000000000000        2.10241435958487     
   613.000000000000        2.10752176492917     
   614.000000000000        2.11263286746622     
   615.000000000000        2.11774761174282     
   616.000000000000        2.12286602890605     
   617.000000000000        2.12798811242737     
   618.000000000000        2.13311384982438     
   619.000000000000        2.13824326731164     
   620.000000000000        2.14337634231775     
   621.000000000000        2.14851309764152     
   622.000000000000        2.15365350123236     
   623.000000000000        2.15879756789000     
   624.000000000000        2.16394534326894     
   625.000000000000        2.16909676068962     
   626.000000000000        2.17425188292179     
   627.000000000000        2.17941063161290     
   628.000000000000        2.18457310241276     
   629.000000000000        2.18973921190468     
   630.000000000000        2.19490900791388     
   631.000000000000        2.20008250984817     
   632.000000000000        2.20525964791797     
   633.000000000000        2.21044049679094     
   634.000000000000        2.21562501137162     
   635.000000000000        2.22081321221572     
   636.000000000000        2.22600510276356     
   637.000000000000        2.23120066207738     
   638.000000000000        2.23639993093508     
   639.000000000000        2.24160287135147     
   640.000000000000        2.24680948013451     
   641.000000000000        2.25201980853227     
   642.000000000000        2.25723382104680     
   643.000000000000        2.26245149017554     
   644.000000000000        2.26767288830570     
   645.000000000000        2.27289798489060     
   646.000000000000        2.27812675855874     
   647.000000000000        2.28335923125976     
   648.000000000000        2.28859540791209     
   649.000000000000        2.29383528216315     
   650.000000000000        2.29907884933902     
   651.000000000000        2.30432610718792     
   652.000000000000        2.30957707107488     
   653.000000000000        2.31483174291096     
   654.000000000000        2.32009012115870     
   655.000000000000        2.32535221164171     
   656.000000000000        2.33061799034357     
   657.000000000000        2.33588750260535     
   658.000000000000        2.34116070786330     
   659.000000000000        2.34643761275256     
   660.000000000000        2.35171824496212     
   661.000000000000        2.35700259249848     
   662.000000000000        2.36229064784238     
   663.000000000000        2.36758243251569     
   664.000000000000        2.37287793500888     
   665.000000000000        2.37817716354564     
   666.000000000000        2.38348005857782     
   667.000000000000        2.38878674104595     
   668.000000000000        2.39409710704531     
   669.000000000000        2.39941120494570     
   670.000000000000        2.40472903834830     
   671.000000000000        2.41005058346160     
   672.000000000000        2.41537586035923     
   673.000000000000        2.42070490310942     
   674.000000000000        2.42603763955317     
   675.000000000000        2.43137411171165     
   676.000000000000        2.43671432055146     
   677.000000000000        2.44205828811298     
   678.000000000000        2.44740595537630     
   679.000000000000        2.45275739760405     
   680.000000000000        2.45811258328316     
   681.000000000000        2.46347150865275     
   682.000000000000        2.46883415081138     
   683.000000000000        2.47420053502064     
   684.000000000000        2.47957071337657     
   685.000000000000        2.48494460491512     
   686.000000000000        2.49032225593539     
   687.000000000000        2.49570365451216     
   688.000000000000        2.50108879758942     
   689.000000000000        2.50647770709921     
   690.000000000000        2.51187037140067     
   691.000000000000        2.51726680523770     
   692.000000000000        2.52266699087691     
   693.000000000000        2.52807095065552     
   694.000000000000        2.53347865318689     
   695.000000000000        2.53889013568838     
   696.000000000000        2.54430536296199     
   697.000000000000        2.54972439185083     
   698.000000000000        2.55514718981338     
   699.000000000000        2.56057371625460     
   700.000000000000        2.56600405791364     
   701.000000000000        2.57143816708816     
   702.000000000000        2.57687603743801     
   703.000000000000        2.58231771351006     
   704.000000000000        2.58776316846611     
   705.000000000000        2.59321237663535     
   706.000000000000        2.59866540504169     
   707.000000000000        2.60412216659010     
   708.000000000000        2.60958276720035     
   709.000000000000        2.61504715527139     
   710.000000000000        2.62051532922436     
   711.000000000000        2.62598727371380     
   712.000000000000        2.63146303788971     
   713.000000000000        2.63694258892259     
   714.000000000000        2.64242594806209     
   715.000000000000        2.64791310441119     
   716.000000000000        2.65340406439233     
   717.000000000000        2.65889883142008     
   718.000000000000        2.66439739224510     
   719.000000000000        2.66989977835860     
   720.000000000000        2.67540596393521     
   721.000000000000        2.68091597588893     
   722.000000000000        2.68642977147323     
   723.000000000000        2.69194740838261     
   724.000000000000        2.69746887266273     
   725.000000000000        2.70299412912907     
   726.000000000000        2.70852325707705     
   727.000000000000        2.71405616435946     
   728.000000000000        2.71959290330906     
   729.000000000000        2.72513350382355     
   730.000000000000        2.73067789653701     
   731.000000000000        2.73622615120536     
   732.000000000000        2.74177820093312     
   733.000000000000        2.74733413818318     
   734.000000000000        2.75289386838936     
   735.000000000000        2.75845750374914     
   736.000000000000        2.76402491647805     
   737.000000000000        2.76959618988646     
   738.000000000000        2.77517133837833     
   739.000000000000        2.78075031419240     
   740.000000000000        2.78633315266219     
   741.000000000000        2.79191983120488     
   742.000000000000        2.79751039631778     
   743.000000000000        2.80310481486008     
   744.000000000000        2.80870307136016     
   745.000000000000        2.81430518980126     
   746.000000000000        2.81991118889121     
   747.000000000000        2.82552105064468     
   748.000000000000        2.83113478851340     
   749.000000000000        2.83675237941307     
   750.000000000000        2.84237386116695     
   751.000000000000        2.84799922307831     
   752.000000000000        2.85362844625699     
   753.000000000000        2.85926155925123     
   754.000000000000        2.86489856555347     
   755.000000000000        2.87053945879333     
   756.000000000000        2.87618423554616     
   757.000000000000        2.88183288506622     
   758.000000000000        2.88748545649334     
   759.000000000000        2.89314189978189     
   760.000000000000        2.89880222674918     
   761.000000000000        2.90446648660918     
   762.000000000000        2.91013464093788     
   763.000000000000        2.91580670531119     
   764.000000000000        2.92148268693971     
   765.000000000000        2.92716256993795     
   766.000000000000        2.93284635180587     
   767.000000000000        2.93853403633292     
   768.000000000000        2.94422567622769     
   769.000000000000        2.94992119341337     
   770.000000000000        2.95562067455333     
   771.000000000000        2.96132405690948     
   772.000000000000        2.96703137808662     
   773.000000000000        2.97274262639431     
   774.000000000000        2.97845780035335     
   775.000000000000        2.98417688837955     
   776.000000000000        2.98989996210851     
   777.000000000000        2.99562692756172     
   778.000000000000        3.00135787536614     
   779.000000000000        3.00709275084888     
   780.000000000000        3.01283157721068     
   781.000000000000        3.01857435057645     
   782.000000000000        3.02432109672354     
   783.000000000000        3.03007176421529     
   784.000000000000        3.03582642031499     
   785.000000000000        3.04158500586358     
   786.000000000000        3.04734758511007     
   787.000000000000        3.05311412879497     
   788.000000000000        3.05888462977492     
   789.000000000000        3.06465910324554     
   790.000000000000        3.07043756401190     
   791.000000000000        3.07621999310467     
   792.000000000000        3.08200642046807     
   793.000000000000        3.08779679684983     
   794.000000000000        3.09359117768894     
   795.000000000000        3.09938951112385     
   796.000000000000        3.10519189274790     
   797.000000000000        3.11099823636337     
   798.000000000000        3.11680860787451     
   799.000000000000        3.12262296197645     
   800.000000000000        3.12844130746857     
   801.000000000000        3.13426367171869     
   802.000000000000        3.14009004578351     
   803.000000000000        3.14592041967047     
   804.000000000000        3.15175482237141     
   805.000000000000        3.15759321495921     
   806.000000000000        3.16343565979095     
   807.000000000000        3.16928210095365     
   808.000000000000        3.17513261968684     
   809.000000000000        3.18098711289605     
   810.000000000000        3.18684565475773     
   811.000000000000        3.19270821534668     
   812.000000000000        3.19857483845823     
   813.000000000000        3.20444549881332     
   814.000000000000        3.21032021619941     
   815.000000000000        3.21619896679133     
   816.000000000000        3.22208175808879     
   817.000000000000        3.22796860744693     
   818.000000000000        3.23385952233743     
   819.000000000000        3.23975449961589     
   820.000000000000        3.24565354145368     
   821.000000000000        3.25155663897240     
   822.000000000000        3.25746379142617     
   823.000000000000        3.26337504590737     
   824.000000000000        3.26929036521126     
   825.000000000000        3.27520978335986     
   826.000000000000        3.28113325863031     
   827.000000000000        3.28706080905161     
   828.000000000000        3.29299245788595     
   829.000000000000        3.29892822075076     
   830.000000000000        3.30486806067075     
   831.000000000000        3.31081198413103     
   832.000000000000        3.31676002624365     
   833.000000000000        3.32271219080566     
   834.000000000000        3.32866842629675     
   835.000000000000        3.33462882714452     
   836.000000000000        3.34059327003623     
   837.000000000000        3.34656187240824     
   838.000000000000        3.35253460722753     
   839.000000000000        3.35851142699961     
   840.000000000000        3.36449238500292     
   841.000000000000        3.37047752093962     
   842.000000000000        3.37646675474411     
   843.000000000000        3.38246016494300     
   844.000000000000        3.38845766959857     
   845.000000000000        3.39445935593791     
   846.000000000000        3.40046516791363     
   847.000000000000        3.40647514244844     
   848.000000000000        3.41248926152106     
   849.000000000000        3.41850754832113     
   850.000000000000        3.42452999028965     
   851.000000000000        3.43055662274657     
   852.000000000000        3.43658740764419     
   853.000000000000        3.44262238263159     
   854.000000000000        3.44866151357981     
   855.000000000000        3.45470482921459     
   856.000000000000        3.46075232528334     
   857.000000000000        3.46680402939175     
   858.000000000000        3.47285992444773     
   859.000000000000        3.47892001946000     
   860.000000000000        3.48498431591535     
   861.000000000000        3.49105278850518     
   862.000000000000        3.49712548683482     
   863.000000000000        3.50320237674257     
   864.000000000000        3.50928347980602     
   865.000000000000        3.51536883843670     
   866.000000000000        3.52145843626652     
   867.000000000000        3.52755222643713     
   868.000000000000        3.53365023145972     
   869.000000000000        3.53975247190200     
   870.000000000000        3.54585897481206     
   871.000000000000        3.55196971629799     
   872.000000000000        3.55808471015520     
   873.000000000000        3.56420394411290     
   874.000000000000        3.57032740883475     
   875.000000000000        3.57645515949128     
   876.000000000000        3.58258714701365     
   877.000000000000        3.58872341769984     
   878.000000000000        3.59486394170724     
   879.000000000000        3.60100876407113     
   880.000000000000        3.60715788820351     
   881.000000000000        3.61331124567651     
   882.000000000000        3.61946889530976     
   883.000000000000        3.62563083121461     
   884.000000000000        3.63179708140592     
   885.000000000000        3.63796763340967     
   886.000000000000        3.64414246527410     
   887.000000000000        3.65032160713421     
   888.000000000000        3.65650505169735     
   889.000000000000        3.66269282959696     
   890.000000000000        3.66888490080821     
   891.000000000000        3.67508135551150     
   892.000000000000        3.68128208659403     
   893.000000000000        3.68748714229658     
   894.000000000000        3.69369655696615     
   895.000000000000        3.69991030593111     
   896.000000000000        3.70612838694991     
   897.000000000000        3.71235087674314     
   898.000000000000        3.71857765061377     
   899.000000000000        3.72480882275074     
   900.000000000000        3.73104430560155     
   901.000000000000        3.73728422695146     
   902.000000000000        3.74352849006099     
   903.000000000000        3.74977708730529     
   904.000000000000        3.75603010876979     
   905.000000000000        3.76228751255474     
   906.000000000000        3.76854927731640     
   907.000000000000        3.77481546725488     
   908.000000000000        3.78108604880292     
   909.000000000000        3.78736103267194     
   910.000000000000        3.79364038087264     
   911.000000000000        3.79992418889980     
   912.000000000000        3.80621240887406     
   913.000000000000        3.81250500750278     
   914.000000000000        3.81880208823574     
   915.000000000000        3.82510355126350     
   916.000000000000        3.83140946796623     
   917.000000000000        3.83771986582759     
   918.000000000000        3.84403466555195     
   919.000000000000        3.85035392403338     
   920.000000000000        3.85667763278328     
   921.000000000000        3.86300579416234     
   922.000000000000        3.86933840408724     
   923.000000000000        3.87567550117872     
   924.000000000000        3.88201708093306     
   925.000000000000        3.88836314370375     
   926.000000000000        3.89471366041730     
   927.000000000000        3.90106870741506     
   928.000000000000        3.90742819463978     
   929.000000000000        3.91379222427655     
   930.000000000000        3.92016072407011     
   931.000000000000        3.92653375245259     
   932.000000000000        3.93291130017687     
   933.000000000000        3.93929334210924     
   934.000000000000        3.94567991280641     
   935.000000000000        3.95207102156790     
   936.000000000000        3.95846664798330     
   937.000000000000        3.96486681706523     
   938.000000000000        3.97127153827335     
   939.000000000000        3.97768080097290     
   940.000000000000        3.98409463374893     
   941.000000000000        3.99051301687441     
   942.000000000000        3.99693594082133     
   943.000000000000        4.00336346067643     
   944.000000000000        4.00979554224899     
   945.000000000000        4.01623218317214     
   946.000000000000        4.02267346543151     
   947.000000000000        4.02911930130223     
   948.000000000000        4.03556970379881     
   949.000000000000        4.04202477772830     
   950.000000000000        4.04848441342693     
   951.000000000000        4.05494868592664     
   952.000000000000        4.06141752384241     
   953.000000000000        4.06789103395183     
   954.000000000000        4.07436915321183     
   955.000000000000        4.08085186873712     
   956.000000000000        4.08733928406633     
   957.000000000000        4.09383133688089     
   958.000000000000        4.10032800797745     
   959.000000000000        4.10682937925820     
   960.000000000000        4.11333537761777     
   961.000000000000        4.11984604749992     
   962.000000000000        4.12636137312930     
   963.000000000000        4.13288140821969     
   964.000000000000        4.13940615993544     
   965.000000000000        4.14593553639211     
   966.000000000000        4.15246963841668     
   967.000000000000        4.15900846334695     
   968.000000000000        4.16555195489745     
   969.000000000000        4.17210017275992     
   970.000000000000        4.17865312549036     
   971.000000000000        4.18521078046305     
   972.000000000000        4.19177316880081     
   973.000000000000        4.19834029566466     
   974.000000000000        4.20491220960446     
   975.000000000000        4.21148880791228     
   976.000000000000        4.21807019433671     
   977.000000000000        4.22465632590923     
   978.000000000000        4.23124721504396     
   979.000000000000        4.23784289979969     
   980.000000000000        4.24444337527989     
   981.000000000000        4.25104860269376     
   982.000000000000        4.25765865512091     
   983.000000000000        4.26427348570791     
   984.000000000000        4.27089312479739     
   985.000000000000        4.27751754780289     
   986.000000000000        4.28414681985488     
   987.000000000000        4.29078090671494     
   988.000000000000        4.29741984871300     
   989.000000000000        4.30406355808161     
   990.000000000000        4.31071216536400     
   991.000000000000        4.31736559538236     
   992.000000000000        4.32402390242849     
   993.000000000000        4.33068706160672     
   994.000000000000        4.33735508321289     
   995.000000000000        4.34402796166579     
   996.000000000000        4.35070576358623     
   997.000000000000        4.35738841821177     
   998.000000000000        4.36407595643337     
   999.000000000000        4.37076842853585     
   1000.00000000000        4.37746576773733     
   1001.00000000000        4.38416804056688     
   1002.00000000000        4.39087523223772     
   1003.00000000000        4.39758735772561     
   1004.00000000000        4.40430443796328     
   1005.00000000000        4.41102646245082     
   1006.00000000000        4.41775337315373     
   1007.00000000000        4.42448525279590     
   1008.00000000000        4.43122215514934     
   1009.00000000000        4.43796396280178     
   1010.00000000000        4.44471073342710     
   1011.00000000000        4.45146254437112     
   1012.00000000000        4.45821931653249     
   1013.00000000000        4.46498107046719     
   1014.00000000000        4.47174783887042     
   1015.00000000000        4.47851962902803     
   1016.00000000000        4.48529642804510     
   1017.00000000000        4.49207821454002     
   1018.00000000000        4.49886507866576     
   1019.00000000000        4.50565697055257     
   1020.00000000000        4.51245391086791     
   1021.00000000000        4.51925585758079     
   1022.00000000000        4.52606293868884     
   1023.00000000000        4.53287503976700     
   1024.00000000000        4.53969220586765     
   1025.00000000000        4.54651448009069     
   1026.00000000000        4.55334184016114     
   1027.00000000000        4.56017426381575     
   1028.00000000000        4.56701184389531     
   1029.00000000000        4.57385448985312     
   1030.00000000000        4.58070225795766     
   1031.00000000000        4.58755516891646     
   1032.00000000000        4.59441321680124     
   1033.00000000000        4.60127640572137     
   1034.00000000000        4.60814470540333     
   1035.00000000000        4.61501822214127     
   1036.00000000000        4.62189685686397     
   1037.00000000000        4.62878071783958     
   1038.00000000000        4.63566972040724     
   1039.00000000000        4.64256388683170     
   1040.00000000000        4.64946326737594     
   1041.00000000000        4.65636788543921     
   1042.00000000000        4.66327766137012     
   1043.00000000000        4.67019271021985     
   1044.00000000000        4.67711295425887     
   1045.00000000000        4.68403841586969     
   1046.00000000000        4.69096914098711     
   1047.00000000000        4.69790511999966     
   1048.00000000000        4.70484635989517     
   1049.00000000000        4.71179285841459     
   1050.00000000000        4.71874459827976     
   1051.00000000000        4.72570167041464     
   1052.00000000000        4.73266402107244     
   1053.00000000000        4.73963168254285     
   1054.00000000000        4.74660460376595     
   1055.00000000000        4.75358293432964     
   1056.00000000000        4.76056652482600     
   1057.00000000000        4.76755545464231     
   1058.00000000000        4.77454968922470     
   1059.00000000000        4.78154930036160     
   1060.00000000000        4.78855431619792     
   1061.00000000000        4.79556467656502     
   1062.00000000000        4.80258035681680     
   1063.00000000000        4.80960151299599     
   1064.00000000000        4.81662799360856     
   1065.00000000000        4.82365988851544     
   1066.00000000000        4.83069720230969     
   1067.00000000000        4.83773993010181     
   1068.00000000000        4.84478809081099     
   1069.00000000000        4.85184169314148     
   1070.00000000000        4.85890072416466     
   1071.00000000000        4.86596519230499     
   1072.00000000000        4.87303517591952     
   1073.00000000000        4.88011056455774     
   1074.00000000000        4.88719147115184     
   1075.00000000000        4.89427789999099     
   1076.00000000000        4.90136977874000     
   1077.00000000000        4.90846721057202     
   1078.00000000000        4.91557010160205     
   1079.00000000000        4.92267854143310     
   1080.00000000000        4.92979250213656     
   1081.00000000000        4.93691205765821     
   1082.00000000000        4.94403711052989     
   1083.00000000000        4.95116776317796     
   1084.00000000000        4.95830396146678     
   1085.00000000000        4.96544580265394     
   1086.00000000000        4.97259313304695     
   1087.00000000000        4.97974610602102     
   1088.00000000000        4.98690472536830     
   1089.00000000000        4.99406892071059     
   1090.00000000000        5.00123878348609     
   1091.00000000000        5.00841426767458     
   1092.00000000000        5.01559536987941     
   1093.00000000000        5.02278219230680     
   1094.00000000000        5.02997467237666     
   1095.00000000000        5.03717277469904     
   1096.00000000000        5.04437664768684     
   1097.00000000000        5.05158612085660     
   1098.00000000000        5.05880137991365     
   1099.00000000000        5.06602231072028     
   1100.00000000000        5.07324900151303     
   1101.00000000000        5.08048141655266     
   1102.00000000000        5.08771953218044     
   1103.00000000000        5.09496344946256     
   1104.00000000000        5.10221314558307     
   1105.00000000000        5.10946863217748     
   1106.00000000000        5.11672984518004     
   1107.00000000000        5.12399692738680     
   1108.00000000000        5.13126972575393     
   1109.00000000000        5.13854844664404     
   1110.00000000000        5.14583292879989     
   1111.00000000000        5.15312330204120     
   1112.00000000000        5.16041948204912     
   1113.00000000000        5.16772152827644     
   1114.00000000000        5.17502946160786     
   1115.00000000000        5.18234328080003     
   1116.00000000000        5.18966295105070     
   1117.00000000000        5.19698858668554     
   1118.00000000000        5.20432008773668     
   1119.00000000000        5.21165747756762     
   1120.00000000000        5.21900089743334     
   1121.00000000000        5.22635022613922     
   1122.00000000000        5.23370554024226     
   1123.00000000000        5.24106676646468     
   1124.00000000000        5.24843398122132     
   1125.00000000000        5.25580722350284     
   1126.00000000000        5.26318641987492     
   1127.00000000000        5.27057166758304     
   1128.00000000000        5.27796292043482     
   1129.00000000000        5.28536020849292     
   1130.00000000000        5.29276356250460     
   1131.00000000000        5.30017298804878     
   1132.00000000000        5.30758841441366     
   1133.00000000000        5.31501001150779     
   1134.00000000000        5.32243763114705     
   1135.00000000000        5.32987137010881     
   1136.00000000000        5.33731124103580     
   1137.00000000000        5.34475721963062     
   1138.00000000000        5.35220941719300     
   1139.00000000000        5.35966762666976     
   1140.00000000000        5.36713205755908     
   1141.00000000000        5.37460267022016     
   1142.00000000000        5.38207948691815     
   1143.00000000000        5.38956250097422     
   1144.00000000000        5.39705172467105     
   1145.00000000000        5.40454711552171     
   1146.00000000000        5.41204880107854     
   1147.00000000000        5.41955668679946     
   1148.00000000000        5.42707086947824     
   1149.00000000000        5.43459131281888     
   1150.00000000000        5.44211805195757     
   1151.00000000000        5.44965106210559     
   1152.00000000000        5.45719037674911     
   1153.00000000000        5.46473601943207     
   1154.00000000000        5.47228796185673     
   1155.00000000000        5.47984632883220     
   1156.00000000000        5.48741097995904     
   1157.00000000000        5.49498200242443     
   1158.00000000000        5.50255946996531     
   1159.00000000000        5.51014329336100     
   1160.00000000000        5.51773356181454     
   1161.00000000000        5.52533013965721     
   1162.00000000000        5.53293323240464     
   1163.00000000000        5.54054279840085     
   1164.00000000000        5.54815880459640     
   1165.00000000000        5.55578123357054     
   1166.00000000000        5.56341019471333     
   1167.00000000000        5.57104565732093     
   1168.00000000000        5.57868762996921     
   1169.00000000000        5.58633611114093     
   1170.00000000000        5.59399113756494     
   1171.00000000000        5.60165274164912     
   1172.00000000000        5.60932084526987     
   1173.00000000000        5.61699560741784     
   1174.00000000000        5.62467688852161     
   1175.00000000000        5.63236484401049     
   1176.00000000000        5.64005936342863     
   1177.00000000000        5.64776054974698     
   1178.00000000000        5.65546840975382     
   1179.00000000000        5.66318287576045     
   1180.00000000000        5.67090403046873     
   1181.00000000000        5.67863187873268     
   1182.00000000000        5.68636644363549     
   1183.00000000000        5.69410775076479     
   1184.00000000000        5.70185573277863     
   1185.00000000000        5.70961046939688     
   1186.00000000000        5.71737202088095     
   1187.00000000000        5.72514029563246     
   1188.00000000000        5.73291534451500     
   1189.00000000000        5.74069719966793     
   1190.00000000000        5.74848594659882     
   1191.00000000000        5.75628143401054     
   1192.00000000000        5.76408382852962     
   1193.00000000000        5.77189306189401     
   1194.00000000000        5.77970917753270     
   1195.00000000000        5.78753220866008     
   1196.00000000000        5.79536208778068     
   1197.00000000000        5.80319888686017     
   1198.00000000000        5.81104266465845     
   1199.00000000000        5.81889336747390     
   1200.00000000000        5.82675106469658     
   1201.00000000000        5.83461572591791     
   1202.00000000000        5.84248735841072     
   1203.00000000000        5.85036605752660     
   1204.00000000000        5.85825174163841     
   1205.00000000000        5.86614448389678     
   1206.00000000000        5.87404430840421     
   1207.00000000000        5.88195112608732     
   1208.00000000000        5.88986503954754     
   1209.00000000000        5.89778615652832     
   1210.00000000000        5.90571433051468     
   1211.00000000000        5.91364968061984     
   1212.00000000000        5.92159212674378     
   1213.00000000000        5.92954173558106     
   1214.00000000000        5.93749857831384     
   1215.00000000000        5.94546259808167     
   1216.00000000000        5.95343381594706     
   1217.00000000000        5.96141228029209     
   1218.00000000000        5.96939803496835     
   1219.00000000000        5.97739101438109     
   1220.00000000000        5.98539132586612     
   1221.00000000000        5.99339881202569     
   1222.00000000000        6.00141371381326     
   1223.00000000000        6.00943592270337     
   1224.00000000000        6.01746552133652     
   1225.00000000000        6.02550242120826     
   1226.00000000000        6.03354671024661     
   1227.00000000000        6.04159843025052     
   1228.00000000000        6.04965754668221     
   1229.00000000000        6.05772407425920     
   1230.00000000000        6.06579808017300     
   1231.00000000000        6.07387955407718     
   1232.00000000000        6.08196849996753     
   1233.00000000000        6.09006492104416     
   1234.00000000000        6.09816893499260     
   1235.00000000000        6.10628043101273     
   1236.00000000000        6.11439951522012     
   1237.00000000000        6.12252610518789     
   1238.00000000000        6.13066034373236     
   1239.00000000000        6.13880217653602     
   1240.00000000000        6.14695165141784     
   1241.00000000000        6.15510872837056     
   1242.00000000000        6.16327346961561     
   1243.00000000000        6.17144586999623     
   1244.00000000000        6.17962610013016     
   1245.00000000000        6.18781390545620     
   1246.00000000000        6.19600950113618     
   1247.00000000000        6.20421283080927     
   1248.00000000000        6.21242392963767     
   1249.00000000000        6.22064282441701     
   1250.00000000000        6.22886956401284     
   1251.00000000000        6.23710410847447     
   1252.00000000000        6.24534642873200     
   1253.00000000000        6.25359670113432     
   1254.00000000000        6.26185484906054     
   1255.00000000000        6.27012084254405     
   1256.00000000000        6.27839481405807     
   1257.00000000000        6.28667670873116     
   1258.00000000000        6.29496658114526     
   1259.00000000000        6.30326442209132     
   1260.00000000000        6.31157025065805     
   1261.00000000000        6.31988409378837     
   1262.00000000000        6.32820594975370     
   1263.00000000000        6.33653587439112     
   1264.00000000000        6.34487395006012     
   1265.00000000000        6.35322006484369     
   1266.00000000000        6.36157430582291     
   1267.00000000000        6.36993667466561     
   1268.00000000000        6.37830726006286     
   1269.00000000000        6.38668594703840     
   1270.00000000000        6.39507288012439     
   1271.00000000000        6.40346795955375     
   1272.00000000000        6.41187136278504     
   1273.00000000000        6.42028296358258     
   1274.00000000000        6.42870286922299     
   1275.00000000000        6.43713110536706     
   1276.00000000000        6.44556765712388     
   1277.00000000000        6.45401252162207     
   1278.00000000000        6.46246577863034     
   1279.00000000000        6.47092733844692     
   1280.00000000000        6.47939741918330     
   1281.00000000000        6.48787589418361     
   1282.00000000000        6.49636280006135     
   1283.00000000000        6.50485819388575     
   1284.00000000000        6.51336203500088     
   1285.00000000000        6.52187442090902     
   1286.00000000000        6.53039536498454     
   1287.00000000000        6.53892483729622     
   1288.00000000000        6.54746288089090     
   1289.00000000000        6.55600955314579     
   1290.00000000000        6.56456481095849     
   1291.00000000000        6.57312882751663     
   1292.00000000000        6.58170136007014     
   1293.00000000000        6.59028269619730     
   1294.00000000000        6.59887269848064     
   1295.00000000000        6.60747139307116     
   1296.00000000000        6.61607894955571     
   1297.00000000000        6.62469516747391     
   1298.00000000000        6.63332025667509     
   1299.00000000000        6.64195419878344     
   1300.00000000000        6.65059702023368     
   1301.00000000000        6.65924859514439     
   1302.00000000000        6.66790919948430     
   1303.00000000000        6.67657859472031     
   1304.00000000000        6.68525701513401     
   1305.00000000000        6.69394438366937     
   1306.00000000000        6.70264077086235     
   1307.00000000000        6.71134613466111     
   1308.00000000000        6.72006054516694     
   1309.00000000000        6.72878399978672     
   1310.00000000000        6.73751662792156     
   1311.00000000000        6.74625829828458     
   1312.00000000000        6.75500913556578     
   1313.00000000000        6.76376912431760     
   1314.00000000000        6.77253826342147     
   1315.00000000000        6.78131664185692     
   1316.00000000000        6.79010424082537     
   1317.00000000000        6.79890114765248     
   1318.00000000000        6.80770728385813     
   1319.00000000000        6.81652272824997     
   1320.00000000000        6.82534755220713     
   1321.00000000000        6.83418171450505     
   1322.00000000000        6.84302524116715     
   1323.00000000000        6.85187826971559     
   1324.00000000000        6.86074058672165     
   1325.00000000000        6.86961249171232     
   1326.00000000000        6.87849382167802     
   1327.00000000000        6.88738467614833     
   1328.00000000000        6.89628510784383     
   1329.00000000000        6.90519508751734     
   1330.00000000000        6.91411463325780     
   1331.00000000000        6.92304383825086     
   1332.00000000000        6.93198267363169     
   1333.00000000000        6.94093122536587     
   1334.00000000000        6.94988947419957     
   1335.00000000000        6.95885742606172     
   1336.00000000000        6.96783512861724     
   1337.00000000000        6.97682260253734     
   1338.00000000000        6.98581985023765     
   1339.00000000000        6.99482701519331     
   1340.00000000000        7.00384397614163     
   1341.00000000000        7.01287087718621     
   1342.00000000000        7.02190768569738     
   1343.00000000000        7.03095444248056     
   1344.00000000000        7.04001119213399     
   1345.00000000000        7.04907794324818     
   1346.00000000000        7.05815470548076     
   1347.00000000000        7.06724152846205     
   1348.00000000000        7.07633847898196     
   1349.00000000000        7.08544554361019     
   1350.00000000000        7.09456275499210     
   1351.00000000000        7.10369007103348     
   1352.00000000000        7.11282769758984     
   1353.00000000000        7.12197551502869     
   1354.00000000000        7.13113359728141     
   1355.00000000000        7.14030198853114     
   1356.00000000000        7.14948068206379     
   1357.00000000000        7.15866972028926     
   1358.00000000000        7.16786921231482     
