   15.0614168365493       -575.664766042064     
   15.0614168365493       -575.664766042064     
   15.0614168365493       -575.664766042064     
   15.0614168364993       -575.664766040834     
   15.0614168365493       -575.664766042068     
   15.0614168367994       -575.664766048227     
   15.0614168377995       -575.664766072834     
   15.0614168416501       -575.664766167600     
   15.0614168519017       -575.664766419890     
   15.0614168742052       -575.664766968777     
   15.0614169170122       -575.664768022260     
   15.0614169905253       -575.664769831419     
   15.0614171076506       -575.664772713870     
   15.0614172836601       -575.664777045466     
   15.0614175359567       -575.664783254480     
   15.0614178854507       -575.664791855532     
   15.0614198854636       -575.664841075788     
   15.0614205024101       -575.664856258805     
   15.0614227078377       -575.664910534197     
   15.0614237139283       -575.664935293975     
   15.0614272263171       -575.665021733297     
   15.0614303092421       -575.665097603389     
   15.0614340525171       -575.665189724299     
   15.0614385446513       -575.665300274035     
   15.0614438784625       -575.665431536610     
   15.0614501506311       -575.665585890994     
   15.0614574571007       -575.665765697944     
   15.0614658979961       -575.665973420968     
   15.0614755719343       -575.666211486357     
   15.0614865790438       -575.666482357421     
   15.0614990198912       -575.666788508082     
   15.0615129943147       -575.667132394086     
   15.0615286001561       -575.667516421840     
   15.0615459342857       -575.667942973567     
   15.0615650920661       -575.668414394066     
   15.0615861673846       -575.668932991513     
   15.0616092526087       -575.669501036326     
   15.0616344382176       -575.670120752038     
   15.0616618108069       -575.670794266196     
   15.0616914559901       -575.671523681736     
   15.0617234574999       -575.672311054786     
   15.0617578943189       -575.673158324098     
   15.0617948449347       -575.674067415668     
   15.0618343844572       -575.675040171805     
   15.0618765847489       -575.676078354310     
   15.0619215144190       -575.677183644264     
   15.0619692388356       -575.678357642388     
   15.0620198213987       -575.679601900247     
   15.0620733218155       -575.680917877875     
   15.0621297971220       -575.682306968811     
   15.0621893006710       -575.683770475265     
   15.0622518821043       -575.685309607383     
   15.0623175891136       -575.686925526545     
   15.0623864648801       -575.688619282388     
   15.0624585501637       -575.690391864191     
   15.0625338829554       -575.692244192305     
   15.0626124971527       -575.694177085588     
   15.0626944238912       -575.696191294155     
   15.0627796920356       -575.698287511441     
   15.0628683273220       -575.700466353126     
   15.0629603507801       -575.702728318356     
   15.0630557839633       -575.705073918303     
   15.0631546414255       -575.707503491292     
   15.0632569396335       -575.710017421818     
   15.0633626879512       -575.712615919052     
   15.0634718979835       -575.715299246403     
   15.0635845736426       -575.718067477508     
   15.0637007218779       -575.720920759850     
   15.0638203437890       -575.723859096441     
   15.0639434391670       -575.726882457453     
   15.0640700057096       -575.729990760905     
   15.0642000406174       -575.733183911947     
   15.0643335372041       -575.736461719596     
   15.0644704884408       -575.739823983815     
   15.0646108840277       -575.743270423645     
   15.0647547141962       -575.746800770579     
   15.0649019671537       -575.750414705857     
   15.0650526275990       -575.754111824030     
   15.0652066818953       -575.757891760022     
   15.0653641136597       -575.761754080850     
   15.0655249043550       -575.765698300213     
   15.0656890365354       -575.769723958143     
   15.0658564908902       -575.773830548511     
   15.0660272485936       -575.778017576657     
   15.0662012837594       -575.782284374476     
   15.0663785782614       -575.786630463754     
   15.0665591099654       -575.791055267677     
   15.0667428511578       -575.795558072441     
   15.0669297824975       -575.800138369115     
   15.0671198768015       -575.804795456363     
   15.0673131089761       -575.809528683858     
   15.0675094567556       -575.814337470307     
   15.0677088895797       -575.819221031074     
   15.0679113849552       -575.824178778974     
   15.0681169129856       -575.829209945376     
   15.0683254506305       -575.834313929401     
   15.0685369694904       -575.839489998863     
   15.0687514413330       -575.844737425636     
   15.0689688415296       -575.850055569681     
   15.0691891392792       -575.855443639928     
   15.0694123085821       -575.860900962754     
   15.0696383218580       -575.866426825851     
   15.0698671529616       -575.872020552000     
   15.0700987735261       -575.877681409711     
   15.0703331545793       -575.883408652746     
   15.0705702694012       -575.889201589976     
   15.0708100931862       -575.895059577088     
   15.0710525964148       -575.900981854684     
   15.0712977511111       -575.906967701208     
   15.0715455317666       -575.913016455441     
   15.0717959123987       -575.919127444718     
   15.0720488613647       -575.925299858340     
   15.0723043606651       -575.931533218700     
   15.0725623740207       -575.937826602327     
   15.0728228829745       -575.944179520699     
   15.0730858611294       -575.950591291738     
   15.0733512759412       -575.957061083733     
   15.0736191106105       -575.963588448958     
   15.0738893338208       -575.970172586036     
   15.0741619254093       -575.976812965589     
   15.0744368544337       -575.983508795845     
   15.0747141012800       -575.990259561193     
   15.0749936406978       -575.997064608920     
   15.0752754493899       -576.003923334116     
   15.0755595021920       -576.010835086647     
   15.0758457743053       -576.017799225534     
   15.0761342480492       -576.024815283185     
   15.0764248921540       -576.031882461728     
   15.0767176933100       -576.039000400298     
   15.0770126223224       -576.046168352019     
   15.0773096624956       -576.053385874107     
   15.0776087844281       -576.060652215310     
   15.0779099777810       -576.067967087689     
   15.0782132124038       -576.075329722349     
   15.0785184685249       -576.082739602774     
   15.0788257273071       -576.090196235360     
   15.0791349679777       -576.097699079761     
   15.0794461768119       -576.105247766864     
   15.0797593232183       -576.112841518690     
   15.0800743918887       -576.120479928257     
   15.0803913687268       -576.128162618159     
   15.0807102252182       -576.135888861758     
   15.0810309541597       -576.143658449157     
   15.0813535278170       -576.151470673256     
   15.0816779308230       -576.159325126857     
   15.0820041499501       -576.167221454743     
   15.0823321595381       -576.175159001043     
   15.0826619479373       -576.183137449236     
   15.0829934984828       -576.191156361663     
   15.0833267916654       -576.199215232162     
   15.0836618094423       -576.207313590323     
   15.0839985413220       -576.215451148513     
   15.0843369683206       -576.223627414096     
   15.0846770749660       -576.231841979527     
   15.0850188398604       -576.240094294470     
   15.0853622594323       -576.248384239301     
   15.0857073117233       -576.256711250619     
   15.0860539805016       -576.265074903626     
   15.0864022562985       -576.273474936934     
   15.0867521183003       -576.281910815709     
   15.0871035595883       -576.290382340489     
   15.0874565572280       -576.298888925910     
   15.0878111102502       -576.307430516248     
   15.0881671955937       -576.316006523648     
   15.0885248030962       -576.324616671300     
   15.0888839157007       -576.333260516622     
   15.0892445309342       -576.341937968242     
   15.0896066210094       -576.350648325897     
   15.0899701896333       -576.359391647242     
   15.0903352146488       -576.368167368008     
   15.0907016879468       -576.376975262010     
   15.0910695905486       -576.385814842055     
   15.0914389254193       -576.394686148378     
   15.0918096660426       -576.403588513222     
   15.0921818068738       -576.412521772829     
   15.0925553424754       -576.421485766041     
   15.0929302555359       -576.430480046954     
   15.0933065373651       -576.439504376816     
   15.0936841729497       -576.448558365406     
   15.0940631634092       -576.457642009482     
   15.0944434863294       -576.466754741868     
   15.0948251348427       -576.475896368298     
   15.0952081073324       -576.485066820311     
   15.0955923842322       -576.494265599795     
   15.0959779584208       -576.503492506890     
   15.0963648244692       -576.512747382356     
   15.0967529701971       -576.522029905558     
   15.0971423875097       -576.531339853838     
   15.0975330644435       -576.540676912220     
   15.0979249950515       -576.550040909733     
   15.0983181726080       -576.559431656908     
   15.0987125831450       -576.568848791510     
   15.0991082247703       -576.578292239828     
   15.0995050857514       -576.587761693365     
   15.0999031609738       -576.597257001751     
   15.1003024365739       -576.606777806090     
   15.1007029106122       -576.616324032031     
   15.1011045714922       -576.625895375146     
   15.1015074148463       -576.635491703426     
   15.1019114338820       -576.645112827217     
   15.1023166159407       -576.654758417379     
   15.1027229565802       -576.664428340584     
   15.1031304494602       -576.674122418437     
   15.1035390950475       -576.683840634505     
   15.1039488706106       -576.693582420878     
   15.1043597812345       -576.703347871255     
   15.1047718175011       -576.713136734608     
   15.1051849713781       -576.722948793031     
   15.1055992403297       -576.732783959313     
   15.1060146111539       -576.742641893117     
   15.1064310886334       -576.752522681116     
   15.1068486547041       -576.762425867986     
   15.1072673148272       -576.772351556574     
   15.1076870534085       -576.782299350554     
   15.1081078679205       -576.792269163598     
   15.1085297544168       -576.802260875749     
   15.1089527028691       -576.812274223197     
   15.1093767183246       -576.822309299099     
   15.1098017876924       -576.832365767350     
   15.1102278986128       -576.842443309502     
   15.1106550603076       -576.852542117613     
   15.1110832609633       -576.862661886298     
   15.1115124946011       -576.872802448350     
   15.1119427571161       -576.882963680931     
   15.1123740444836       -576.893145463197     
   15.1128063501815       -576.903347615451     
   15.1132396711449       -576.913570039680     
   15.1136740063813       -576.923812686822     
   15.1141093438195       -576.934075246634     
   15.1145456810799       -576.944357637596     
   15.1149830181595       -576.954659834188     
   15.1154213479496       -576.964981643527     
   15.1158606677479       -576.975322976636     
   15.1163009647691       -576.985683507362     
   15.1167422467632       -576.996063392864     
   15.1171845075843       -577.006462463345     
   15.1176277381253       -577.016880479518     
   15.1180719405714       -577.027317467684     
   15.1185170992654       -577.037773035008     
   15.1189632269273       -577.048247455281     
   15.1194103070172       -577.058740315202     
   15.1198583425241       -577.069251660087     
   15.1203073270024       -577.079781313863     
   15.1207572596539       -577.090329233033     
   15.1212081355522       -577.100895277323     
   15.1216599474446       -577.111479252115     
   15.1221127036599       -577.122081327791     
   15.1225663883988       -577.132701109716     
   15.1230210009191       -577.143338556030     
   15.1234765456830       -577.153993746546     
   15.1239330141347       -577.164666456556     
   15.1243904008710       -577.175356535285     
   15.1248487030585       -577.186063892128     
   15.1253079220002       -577.196788533129     
   15.1257680526822       -577.207530316780     
   15.1262290952048       -577.218289221066     
   15.1266910440968       -577.229065093939     
   15.1271538911448       -577.239857719596     
   15.1276176434130       -577.250667238524     
   15.1280822930486       -577.261493443424     
   15.1285478418256       -577.272336351365     
   15.1290142789075       -577.283195685835     
   15.1294816089355       -577.294071530767     
   15.1299498302320       -577.304963822920     
   15.1304189335797       -577.315872323783     
   15.1308889241489       -577.326797129510     
   15.1313597931409       -577.337738011513     
   15.1318315440095       -577.348695026001     
   15.1323041661245       -577.359667902107     
   15.1327776706418       -577.370656874806     
   15.1332520442394       -577.381661610878     
   15.1337272886434       -577.392682126465     
   15.1342034005405       -577.403718320784     
   15.1346803796095       -577.414770162461     
   15.1351582228045       -577.425837557021     
   15.1356369278461       -577.436920427761     
   15.1361164926013       -577.448018701452     
   15.1365969197740       -577.459132416749     
   15.1370782032871       -577.470261409173     
   15.1375603377939       -577.481405531293     
   15.1380433280813       -577.492564869961     
   15.1385271702837       -577.503739311993     
   15.1390118631371       -577.514928804350     
   15.1394974070672       -577.526133333020     
   15.1399837905500       -577.537352608335     
   15.1404710244954       -577.548586858160     
   15.1409591015907       -577.559835890057     
   15.1414480172576       -577.571099574758     
   15.1419377796823       -577.582378077044     
   15.1424283784038       -577.593671132199     
   15.1429198062150       -577.604978550728     
   15.1434120834081       -577.616300775691     
   15.1439051885878       -577.627637291163     
   15.1443991329044       -577.638988329742     
   15.1448939005247       -577.650353503868     
   15.1453895046294       -577.661733092613     
   15.1458859389113       -577.673126927290     
   15.1463831948755       -577.684534789281     
   15.1468812892307       -577.695957038082     
   15.1473802026759       -577.707393207260     
   15.1478799416886       -577.718843421630     
   15.1483805066838       -577.730307666887     
   15.1488818948197       -577.741785854138     
   15.1493841029012       -577.753277886481     
   15.1498871362477       -577.764783861829     
   15.1503909823143       -577.776303469480     
   15.1508956487589       -577.787836860804     
   15.1514011350320       -577.799383999380     
   15.1519074394219       -577.810944822264     
   15.1524145526393       -577.822519093614     
   15.1529224890271       -577.834107116927     
   15.1534312369114       -577.845708601984     
   15.1539407934891       -577.857323461125     
   15.1544511737929       -577.868952013047     
   15.1549623586103       -577.880593796097     
   15.1554743510698       -577.892248857788     
   15.1559871586352       -577.903917344127     
   15.1565007749583       -577.915599086700     
   15.1570152014587       -577.927294093864     
   15.1575304274494       -577.939002098854     
   15.1580464719483       -577.950723509843     
   15.1585633112968       -577.962457765509     
   15.1590809698531       -577.974205394898     
   15.1595994263289       -577.985965890810     
   15.1601186924274       -577.997739494778     
   15.1606387565743       -578.009525920374     
   15.1611596313375       -578.021325428366     
   15.1616813032647       -578.033137689970     
   15.1622037848038       -578.044962962969     
   15.1627270620060       -578.056800907558     
   15.1632511417281       -578.068651654830     
   15.1637760283708       -578.080515280089     
   15.1643017084025       -578.092391453363     
   15.1648281961916       -578.104280475090     
   15.1653554795408       -578.116182045615     
   15.1658835677638       -578.128096350934     
   15.1664124501597       -578.140023125397     
   15.1669421310318       -578.151962441872     
   15.1674726173032       -578.163914432036     
   15.1680038999017       -578.175878867103     
   15.1685359762319       -578.187855664426     
   15.1690688443797       -578.199844756709     
   15.1696025256537       -578.211846598853     
   15.1701369959817       -578.223860624988     
   15.1706722616849       -578.235886952942     
   15.1712083278496       -578.247925672506     
   15.1717451939266       -578.259976746758     
   15.1722828518888       -578.272039971023     
   15.1728213026141       -578.284115340597     
   15.1733605602029       -578.296203147020     
   15.1739005995312       -578.308302802590     
   15.1744414516048       -578.320414977326     
   15.1749830856239       -578.332538956791     
   15.1755255183552       -578.344675091779     
   15.1760687526143       -578.356823420436     
   15.1766127775374       -578.368983675064     
   15.1771576044666       -578.381156084379     
   15.1777032136726       -578.393340182898     
   15.1782496268427       -578.405536430178     
   15.1787968344788       -578.417744589213     
   15.1793448400057       -578.429964711489     
   15.1798936394044       -578.442196682445     
   15.1804432349551       -578.454440527952     
   15.1809936288321       -578.466696271385     
   15.1815448116062       -578.478963677815     
   15.1820967971791       -578.491243031567     
   15.1826495690110       -578.503533939635     
   15.1832031436422       -578.515836744693     
   15.1837575142139       -578.528151269016     
   15.1843126841285       -578.540477562914     
   15.1848686416576       -578.552815340834     
   15.1854254026531       -578.565164929289     
   15.1859829600047       -578.577526145120     
   15.1865413093930       -578.589898867296     
   15.1871004581735       -578.602283233417     
   15.1876604084187       -578.614679263861     
   15.1882211478349       -578.627086661032     
   15.1887826842666       -578.639505573134     
   15.1893450266609       -578.651936172355     
   15.1899081686491       -578.664378292142     
   15.1904721024296       -578.676831734578     
   15.1910368345308       -578.689296618235     
   15.1916023615074       -578.701772841421     
   15.1921686966492       -578.714260671477     
   15.1927358265324       -578.726759786510     
   15.1933037545699       -578.739270236001     
   15.1938724832766       -578.751792049443     
   15.1944420109559       -578.764325163575     
   15.1950123432993       -578.776869677611     
   15.1955834802123       -578.789425563304     
   15.1961554154672       -578.801992657685     
   15.1967281448069       -578.814570841256     
   15.1973016839981       -578.827160434121     
   15.1978760252095       -578.839761238043     
   15.1984511661957       -578.852373177579     
   15.1990271120388       -578.864996337881     
   15.1996038599355       -578.877630631170     
   15.2001814088522       -578.890276008475     
   15.2007597745287       -578.902932787834     
   15.2013389352752       -578.915600468059     
   15.2019188979241       -578.928279172287     
   15.2024996777420       -578.940969207539     
   15.2030812523894       -578.953670059058     
   15.2036636458581       -578.966382224120     
   15.2042468404277       -578.979105289094     
   15.2048308421794       -578.991839359969     
   15.2054156542453       -579.004584478196     
   15.2060012667857       -579.017340402548     
   15.2065876990532       -579.030107525432     
   15.2071749401402       -579.042885582207     
   15.2077629839810       -579.055674414012     
   15.2083518462201       -579.068474333999     
   15.2089415174076       -579.081285109529     
   15.2095320000397       -579.094106767687     
   15.2101233022510       -579.106939457750     
   15.2107154014067       -579.119782661346     
   15.2113083238637       -579.132636922939     
   15.2119020749818       -579.145502330910     
   15.2124966197428       -579.158378099142     
   15.2130919869145       -579.171264823373     
   15.2136881712270       -579.184162361827     
   15.2142851734869       -579.197070704293     
   15.2148829942801       -579.209989835716     
   15.2154816303189       -579.222919657332     
   15.2160810880049       -579.235860279605     
   15.2166813620876       -579.248811561352     
   15.2172824592368       -579.261773618557     
   15.2178843756530       -579.274746341292     
   15.2184871197759       -579.287729883341     
   15.2190906824148       -579.300724018605     
   15.2196950603950       -579.313728650777     
   15.2203002715506       -579.326744135356     
   15.2209063004615       -579.339770112416     
   15.2215131562959       -579.352806750761     
   15.2221208437104       -579.365854121916     
   15.2227293574465       -579.378912084427     
   15.2233386887319       -579.391980421715     
   15.2239488492144       -579.405059355176     
   15.2245598463690       -579.418149016255     
   15.2251716698930       -579.431249155452     
   15.2257843227791       -579.444359808160     
   15.2263978104958       -579.457481062549     
   15.2270121245220       -579.470612707508     
   15.2276272806714       -579.483755052086     
   15.2282432642380       -579.496907753011     
   15.2288600791165       -579.510070864551     
   15.2294777377724       -579.523244623477     
   15.2300962265694       -579.536428709696     
   15.2307155513010       -579.549623217568     
   15.2313357162313       -579.562828208585     
   15.2319567218426       -579.576043663517     
   15.2325785656951       -579.589269500975     
   15.2332012487966       -579.602505712894     
   15.2338247686900       -579.615752217542     
   15.2344491351387       -579.629009192675     
   15.2350743412004       -579.642276461138     
   15.2357003950775       -579.655554167166     
   15.2363272906746       -579.668842151601     
   15.2369550383677       -579.682140604375     
   15.2375836246662       -579.695449209717     
   15.2382130661043       -579.708768287630     
   15.2388433476371       -579.722097489608     
   15.2394744852149       -579.735437122785     
   15.2401064706897       -579.748786984579     
   15.2407393019614       -579.762147000412     
   15.2413729915612       -579.775517404400     
   15.2420075310422       -579.788897987750     
   15.2426429269024       -579.802288856925     
   15.2432791845277       -579.815690094638     
   15.2439162858332       -579.829101289353     
   15.2445542478672       -579.842522769297     
   15.2451930728046       -579.855954549213     
   15.2458327524413       -579.869396425653     
   15.2464732936654       -579.882848512403     
   15.2471146949245       -579.896310745749     
   15.2477569480500       -579.909782923292     
   15.2484000742974       -579.923265459656     
   15.2490440692152       -579.936758229949     
   15.2496889190634       -579.950260914989     
   15.2503346460200       -579.963773947704     
   15.2509812266978       -579.977296807181     
   15.2516286853902       -579.990829969938     
   15.2522770084077       -580.004373118063     
   15.2529262087881       -580.017926492088     
   15.2535762631924       -580.031489573128     
   15.2542272146047       -580.045063225949     
   15.2548790244134       -580.058646613237     
   15.2555317095156       -580.072240055313     
   15.2561852659866       -580.085843438341     
   15.2568397065251       -580.099456994325     
   15.2574950236785       -580.113080535830     
   15.2581512201855       -580.126714087382     
   15.2588082902303       -580.140357495777     
   15.2594662419083       -580.154010896680     
   15.2601250884832       -580.167674532418     
   15.2607848089460       -580.181347934515     
   15.2614454105626       -580.195031221010     
   15.2621069076417       -580.208724655258     
   15.2627692848330       -580.222427886481     
   15.2634325371763       -580.236140779361     
   15.2640967018895       -580.249864070065     
   15.2647617408938       -580.263596938428     
   15.2654276796141       -580.277339876287     
   15.2660945048551       -580.291092577914     
   15.2667622210670       -580.304855101786     
   15.2674308428628       -580.318627715373     
   15.2681003561459       -580.332410094557     
   15.2687707708547       -580.346202410197     
   15.2694420747372       -580.360004376511     
   15.2701142805558       -580.373816222138     
   15.2707873938863       -580.387638027481     
   15.2714613950398       -580.401469354303     
   15.2721363093169       -580.415310687727     
   15.2728121342591       -580.429161942779     
   15.2734888559944       -580.443022800857     
   15.2741664998103       -580.456893745344     
   15.2748450224648       -580.470773856880     
   15.2755244781519       -580.484664209562     
   15.2762048376045       -580.498564170062     
   15.2768861002449       -580.512473692092     
   15.2775682836880       -580.526393100448     
   15.2782513802078       -580.540322202378     
   15.2789353918493       -580.554261004581     
   15.2796203311139       -580.568209726443     
   15.2803061717022       -580.582167797249     
   15.2809929437823       -580.596135795760     
   15.2816806336833       -580.610113408311     
   15.2823692457545       -580.624100687826     
   15.2830587785385       -580.638097569154     
   15.2837492402672       -580.652104183631     
   15.2844406173596       -580.666120220110     
   15.2851329373742       -580.680146201244     
   15.2858261682553       -580.694181441668     
   15.2865203496214       -580.708226707353     
   15.2872154453796       -580.722281231785     
   15.2879114852454       -580.736345579619     
   15.2886084420974       -580.750419166561     
   15.2893063590299       -580.764502826176     
   15.2900051868251       -580.778595528725     
   15.2907049766495       -580.792698269412     
   15.2914056843342       -580.806810121274     
   15.2921073533603       -580.820931923143     
   15.2928099534165       -580.835063027826     
   15.2935134936920       -580.849203583359     
   15.2942179893504       -580.863353857203     
   15.2949234204710       -580.877513411971     
   15.2956298115835       -580.891682702644     
   15.2963371386843       -580.905861210260     
   15.2970454320149       -580.920049503417     
   15.2977546547916       -580.934246807708     
   15.2984648498987       -580.948453943918     
   15.2991759903285       -580.962670333680     
   15.2998880850439       -580.976896118424     
   15.3006011441506       -580.991131461837     
   15.3013151629162       -581.005376231111     
   15.3020301352183       -581.019630265931     
   15.3027460738239       -581.033893782482     
   15.3034629775388       -581.048166718334     
   15.3041808435568       -581.062448979032     
   15.3048996765531       -581.076740618904     
   15.3056194773700       -581.091041615851     
   15.3063402462215       -581.105351935239     
   15.3070619821087       -581.119671518278     
   15.3077847007654       -581.134000637838     
   15.3085083757117       -581.148338729814     
   15.3092330480294       -581.162686568689     
   15.3099586747910       -581.177043265056     
   15.3106852969621       -581.191409589956     
   15.3114128955671       -581.205785128233     
   15.3121414600519       -581.220169631946     
   15.3128710279033       -581.234563801190     
   15.3136015648444       -581.248966919564     
   15.3143330982988       -581.263379487697     
   15.3150656099859       -581.277801105130     
   15.3157991127983       -581.292231985481     
   15.3165336105871       -581.306672163904     
   15.3172690890810       -581.321121319372     
   15.3180055815341       -581.335580064282     
   15.3187430504035       -581.350047620770     
   15.3194815223202       -581.364524470577     
   15.3202209863803       -581.379010358902     
   15.3209614684635       -581.393505751301     
   15.3217029278602       -581.408009809697     
   15.3224454051831       -581.422523287336     
   15.3231888755237       -581.437045655737     
   15.3239333632416       -581.451577349093     
   15.3246788481931       -581.466117932447     
   15.3254253526327       -581.480667798020     
   15.3261728609620       -581.495226599734     
   15.3269213936600       -581.509794694230     
   15.3276709181992       -581.524371406478     
   15.3284214780242       -581.538957539069     
   15.3291730456805       -581.553552515805     
   15.3299256399031       -581.568156657959     
   15.3306792429515       -581.582769578661     
   15.3314338713700       -581.597391556083     
   15.3321895294762       -581.612022630739     
   15.3329462029779       -581.626662482919     
   15.3337039099235       -581.641311418713     
   15.3344626435267       -581.655969263516     
   15.3352224024318       -581.670635947856     
   15.3359832120045       -581.685311917539     
   15.3367450354907       -581.699996419939     
   15.3375079078882       -581.714690085963     
   15.3382718092373       -581.729392487112     
   15.3390367524176       -581.744103827339     
   15.3398027273060       -581.758823867876     
   15.3405697532400       -581.773552936003     
   15.3413378367831       -581.788291112847     
   15.3421069368819       -581.803037566413     
   15.3428771094503       -581.817793324153     
   15.3436482989607       -581.832557277521     
   15.3444205699117       -581.847330616387     
   15.3451938776888       -581.862112441861     
   15.3459682408758       -581.876903064262     
   15.3467436718496       -581.891702674347     
   15.3475201566474       -581.906510959965     
   15.3482976955580       -581.921327881217     
   15.3490762846093       -581.936153317001     
   15.3498559491291       -581.950987703687     
   15.3506366800026       -581.965830821526     
   15.3514184704793       -581.980682496134     
   15.3522013379189       -581.995543010951     
   15.3529852712787       -582.010412109856     
   15.3537702655670       -582.025289651931     
   15.3545563426288       -582.040176004535     
   15.3553435027394       -582.055071125687     
   15.3561317166042       -582.069974414426     
   15.3569210362466       -582.084886807210     
   15.3577114312566       -582.099807681792     
   15.3585028945679       -582.114736857839     
   15.3592954523067       -582.129674780725     
   15.3600890815559       -582.144620970965     
   15.3608838207265       -582.159576103979     
   15.3616796475957       -582.174539713189     
   15.3624765563001       -582.189511640543     
   15.3632745507474       -582.204491911634     
   15.3640736420943       -582.219480687669     
   15.3648738483503       -582.234478257506     
   15.3656751446029       -582.249484105389     
   15.3664775401431       -582.264498356755     
   15.3672810414421       -582.279521083718     
   15.3680856324392       -582.294551937186     
   15.3688913475839       -582.309591511428     
   15.3696981605890       -582.324639266226     
   15.3705060928489       -582.339695551120     
   15.3713151288076       -582.354760026519     
   15.3721252748861       -582.369832762462     
   15.3729365618808       -582.384914281465     
   15.3737489465212       -582.400003728912     
   15.3745624512726       -582.415101472285     
   15.3753770689210       -582.430207327470     
   15.3761928206544       -582.445321636769     
   15.3770097020946       -582.460444268007     
   15.3778277109595       -582.475575127974     
   15.3786468285406       -582.490713820076     
   15.3794670984274       -582.505861098740     
   15.3802884920822       -582.521016385392     
   15.3811110324865       -582.536180052535     
   15.3819346980481       -582.551351650494     
   15.3827595098495       -582.566531515928     
   15.3835854611488       -582.581719472673     
   15.3844125542534       -582.596915511149     
   15.3852407830578       -582.612119467165     
   15.3860701677759       -582.627331659380     
   15.3869007037053       -582.642551948727     
   15.3877323757600       -582.657780006310     
   15.3885652205094       -582.673016448724     
   15.3893992059389       -582.688260637093     
   15.3902343638110       -582.703513098779     
   15.3910706674986       -582.718773294062     
   15.3919081424799       -582.734041634387     
   15.3927467642995       -582.749317620357     
   15.3935865741704       -582.764601948667     
   15.3944275189155       -582.779893597730     
   15.3952696660677       -582.795193741338     
   15.3961129600708       -582.810501315598     
   15.3969574423091       -582.825817017430     
   15.3978030807721       -582.841140211720     
   15.3986499169220       -582.856471594892     
   15.3994979206075       -582.871810565881     
   15.4003471143183       -582.887157476391     
   15.4011974627820       -582.902511634104     
   15.4020490206479       -582.917873970422     
   15.4029017831531       -582.933244342730     
   15.4037557178349       -582.948622110118     
   15.4046108437705       -582.964007560520     
   15.4054671657621       -582.979400724140     
   15.4063246830203       -582.994801530385     
   15.4071833769783       -583.010209589811     
   15.4080432967056       -583.025625726106     
   15.4089044118043       -583.041049336982     
   15.4097667236663       -583.056480390685     
   15.4106302481863       -583.071919114471     
   15.4114949913314       -583.087365557225     
   15.4123609342778       -583.102819325180     
   15.4132280937460       -583.118280659150     
   15.4140964625389       -583.133749372959     
   15.4149660506020       -583.149225585763     
   15.4158368636094       -583.164709340061     
   15.4167088869539       -583.180200317827     
   15.4175821505756       -583.195698992153     
   15.4184566187982       -583.211204671155     
   15.4193323420027       -583.226718189027     
   15.4202092763734       -583.242238710212     
   15.4210874459606       -583.257766601389     
   15.4219668502913       -583.273301794590     
   15.4228474813074       -583.288844087991     
   15.4237293735707       -583.304394031351     
   15.4246124943962       -583.319950988021     
   15.4254968533564       -583.335515066810     
   15.4263824716305       -583.351086579765     
   15.4272693162672       -583.366664887064     
   15.4281574371677       -583.382250804316     
   15.4290467945464       -583.397843572024     
   15.4299374123796       -583.413443549583     
   15.4308292886951       -583.429050640851     
   15.4317224068736       -583.444664493803     
   15.4326168117076       -583.460285829537     
   15.4335124547274       -583.475913739505     
   15.4344093792063       -583.491548916860     
   15.4353075748030       -583.507191118497     
   15.4362070236807       -583.522839971585     
   15.4371077663754       -583.538496118519     
   15.4380097692879       -583.554158912208     
   15.4389130549538       -583.569828681048     
   15.4398176083457       -583.585505101175     
   15.4407234606609       -583.601188649587     
   15.4416305994657       -583.616879046796     
   15.4425390105247       -583.632575982934     
   15.4434487109932       -583.648279690657     
   15.4443597187319       -583.663990413537     
   15.4452720094481       -583.679707667940     
   15.4461856054852       -583.695431774111     
   15.4471004633775       -583.711161919695     
   15.4480166511901       -583.726899210054     
   15.4489341367098       -583.742643025893     
   15.4498529243005       -583.758393376764     
   15.4507730276488       -583.774150431404     
   15.4516944472917       -583.789914132671     
   15.4526171535547       -583.805683907241     
   15.4535412070589       -583.821460724615     
   15.4544665605604       -583.837243711201     
   15.4553932154747       -583.853032825260     
   15.4563212172994       -583.868828774845     
   15.4572505498527       -583.884631216482     
   15.4581811729599       -583.900439400397     
   15.4591131484023       -583.916254308744     
   15.4600464710459       -583.932075785549     
   15.4609811044818       -583.947903145752     
   15.4619170915343       -583.963737046437     
   15.4628543943449       -583.979576778816     
   15.4637930507727       -583.995422914268     
   15.4647330400607       -584.011275033416     
   15.4656743705036       -584.027133207423     
   15.4666170810795       -584.042998022887     
   15.4675611324449       -584.058868747554     
   15.4685065253478       -584.074745324793     
   15.4694532832275       -584.090628078317     
   15.4704013878629       -584.106516632270     
   15.4713508727042       -584.122411476579     
   15.4723017023787       -584.138311948380     
   15.4732539048625       -584.154218444939     
   15.4742074789221       -584.170130874234     
   15.4751624070090       -584.186048872460     
   15.4761187301287       -584.201973051444     
   15.4770764166746       -584.217902812848     
   15.4780354899009       -584.233838471555     
   15.4789959515649       -584.249779984093     
   15.4799577701449       -584.265726755300     
   15.4809209788869       -584.281679264259     
   15.4818855949234       -584.297637721182     
   15.4828515997674       -584.313601746580     
   15.4838189903359       -584.329571216382     
   15.4847877744998       -584.345546187160     
   15.4857579730288       -584.361526927172     
   15.4867295688031       -584.377513080013     
   15.4877025523779       -584.393504416468     
   15.4886769615169       -584.409501482547     
   15.4896527646555       -584.425503685121     
   15.4906299821597       -584.441511283447     
   15.4916086141017       -584.457524203332     
   15.4925886627477       -584.473542406326     
   15.4935701404561       -584.489566018376     
   15.4945530373411       -584.505594801903     
   15.4955373640723       -584.521628854556     
   15.4965231057236       -584.537667856901     
   15.4975102614871       -584.553711719836     
   15.4984988791812       -584.569761143164     
   15.4994889139213       -584.585815320661     
   15.5004804180163       -584.601875022719     
   15.5014733257387       -584.617939107138     
   15.5024676857265       -584.634008283614     
   15.5034634894878       -584.650082336495     
   15.5044607659984       -584.666161654408     
   15.5054594781687       -584.682245560369     
   15.5064596325226       -584.698334081211     
   15.5074612602022       -584.714427638522     
   15.5084643237843       -584.730525551691     
   15.5094688864342       -584.746628754325     
   15.5104749063317       -584.762736495202     
   15.5114823708402       -584.778848492573     
   15.5124913122592       -584.794965182937     
   15.5135017390289       -584.811086619797     
   15.5145136169907       -584.827212177432     
   15.5155269914491       -584.843342496733     
   15.5165418501332       -584.859477300197     
   15.5175581712336       -584.875616159788     
   15.5185760038137       -584.891759772439     
   15.5195953150201       -584.907907534314     
   15.5206161284882       -584.924059737248     
   15.5216384064810       -584.940215701827     
   15.5226622149896       -584.956376387749     
   15.5236875031009       -584.972540907595     
   15.5247143007969       -584.988709650785     
   15.5257426066385       -585.004882510486     
   15.5267724192116       -585.021059380197     
   15.5278037643084       -585.037240580063     
   15.5288366035614       -585.053425423332     
   15.5298709615911       -585.069614211308     
   15.5309068256154       -585.085806658968     
   15.5319442257570       -585.102003151649     
   15.5329831712971       -585.118203747406     
   15.5340236125689       -585.134407586025     
   15.5350656039852       -585.150615428902     
   15.5361091453504       -585.166827185294     
   15.5371542021753       -585.183042232591     
   15.5382007940863       -585.199260788824     
   15.5392488941772       -585.215482350643     
   15.5402986274690       -585.231708763637     
   15.5413498231673       -585.247937299573     
   15.5424026411378       -585.264170338538     
   15.5434569772137       -585.280406184716     
   15.5445128468617       -585.296644989059     
   15.5455703317347       -585.312887917182     
   15.5466293267754       -585.329133265768     
   15.5476899216093       -585.345382320455     
   15.5487520832089       -585.361634484147     
   15.5498158120660       -585.377889674146     
   15.5508811024532       -585.394147712730     
   15.5519479969001       -585.410409157575     
   15.5530164372244       -585.426673030808     
   15.5540864900541       -585.442940255205     
   15.5551581011396       -585.459209914141     
   15.5562313294334       -585.475482810449     
   15.5573061426973       -585.491758362230     
   15.5583825509623       -585.508036628802     
   15.5594605461438       -585.524317395149     
   15.5605401549684       -585.540600971497     
   15.5616213745561       -585.556887220137     
   15.5627041938555       -585.573175880603     
   15.5637886133111       -585.589466865811     
   15.5648746500841       -585.605760339127     
   15.5659622956351       -585.622056077609     
   15.5670515902411       -585.638354588802     
   15.5681424847848       -585.654655041988     
   15.5692350061131       -585.670957743117     
   15.5703291562872       -585.687262626707     
   15.5714249506803       -585.703569824946     
   15.5725223310974       -585.719878376087     
   15.5736214184603       -585.736189979423     
   15.5747220983918       -585.752502839387     
   15.5758244499075       -585.768818029908     
   15.5769284195880       -585.785134662307     
   15.5780340685220       -585.801453541040     
   15.5791413403405       -585.817773735420     
   15.5802502833181       -585.834095858398     
   15.5813608978274       -585.850419815244     
   15.5824731619984       -585.866745184816     
   15.5835871048077       -585.883072292381     
   15.5847026812230       -585.899400378210     
   15.5858199650995       -585.915730422596     
   15.5869388930282       -585.932061397565     
   15.5880595230391       -585.948394048966     
   15.5891818087424       -585.964727599043     
   15.5903058387253       -585.981063233994     
   15.5914314828846       -585.997398961095     
   15.5925588393069       -586.013736102723     
   15.5936878810107       -586.030074164461     
   15.5948186567060       -586.046413746917     
   15.5959510931937       -586.062753688755     
   15.5970852350994       -586.079094531015     
   15.5982211112124       -586.095436583175     
   15.5993586675249       -586.111778963561     
   15.6004979498850       -586.128122226270     
   15.6016389718458       -586.144466459184     
   15.6027816661505       -586.160810593869     
   15.6039260913483       -586.177155362882     
   15.6050722782968       -586.193501099089     
   15.6062201419322       -586.209846483111     
   15.6073697589572       -586.226192501017     
   15.6085211108339       -586.242538781062     
   15.6096742081533       -586.258885365569     
   15.6108290546914       -586.275232199405     
   15.6119856297118       -586.291578880770     
   15.6131439626745       -586.307925717367     
   15.6143040369907       -586.324272365819     
   15.6154658568525       -586.340618776205     
   15.6166294519937       -586.356965256615     
   15.6177947902297       -586.373311244595     
   15.6189619012215       -586.389657045820     
   15.6201308034069       -586.406002806420     
   15.6213014370811       -586.422347580581     
   15.6224738602728       -586.438692067521     
   15.6236480592348       -586.455035962972     
   15.6248240485736       -586.471379357499     
   15.6260017958665       -586.487721688136     
   15.6271813801934       -586.504063938159     
   15.6283626904325       -586.520404454925     
   15.6295458246824       -586.536744482517     
   15.6307307661628       -586.553083673502     
   15.6319174909242       -586.569421583128     
   15.6331060279236       -586.585758495228     
   15.6342963710799       -586.602094210462     
   15.6354885346935       -586.618428808932     
   15.6366825029610       -586.634761957794     
   15.6378782460929       -586.651093134627     
   15.6390758678363       -586.667423638821     
   15.6402753056411       -586.683752498408     
   15.6414765378660       -586.700079302333     
   15.6426796257481       -586.716404764982     
   15.6438845376431       -586.732728337905     
   15.6450913124710       -586.749050428894     
   15.6462999113538       -586.765370392492     
   15.6475103393115       -586.781688177798     
   15.6487226304075       -586.798004123884     
   15.6499367729131       -586.814317951841     
   15.6511527201406       -586.830628915086     
   15.6523705986609       -586.846938589351     
   15.6535903145940       -586.863245594042     
   15.6548118784420       -586.879549948804     
   15.6560353165704       -586.895851883401     
   15.6572606451171       -586.912151489094     
   15.6584878149184       -586.928447989092     
   15.6597168960839       -586.944742190721     
   15.6609478513108       -586.961033474490     
   15.6621806750352       -586.977321643048     
   15.6634153975663       -586.993606972137     
   15.6646519923241       -587.009888986162     
   15.6658905434565       -587.026168665943     
   15.6671309173171       -587.042444129176     
   15.6683732554771       -587.058717107386     
   15.6696174556502       -587.074986133153     
   15.6708635823714       -587.091251923837     
   15.6721116042534       -587.107513941944     
   15.6733615614720       -587.123772582687     
   15.6746134487088       -587.140027647212     
   15.6758672139303       -587.156278332041     
   15.6771229419045       -587.172525606700     
   15.6783806099830       -587.188769046661     
   15.6796401936612       -587.205008205361     
   15.6809017330037       -587.221243468568     
   15.6821652057622       -587.237474418358     
   15.6834306053893       -587.253700839861     
   15.6846979894868       -587.269923338990     
   15.6859672903408       -587.286140916440     
   15.6872385546815       -587.302354037249     
   15.6885117877257       -587.318562633933     
   15.6897869643106       -587.334766252668     
   15.6910641366601       -587.350965422404     
   15.6923432604588       -587.367159445941     
   15.6936243552957       -587.383348436852     
   15.6949074297134       -587.399532367472     
   15.6961924554521       -587.415710746238     
   15.6974795308900       -587.431884673941     
   15.6987685383787       -587.448052534874     
   15.7000595547349       -587.464215156491     
   15.7013525876451       -587.480372495811     
   15.7026475716519       -587.496523597503     
   15.7039445551248       -587.512668927870     
   15.7052436212439       -587.528809380536     
   15.7065446507945       -587.544943333553     
   15.7078476835332       -587.561071141790     
   15.7091527243473       -587.577192725847     
   15.7104598050899       -587.593308337779     
   15.7117689001647       -587.609417520143     
   15.7130800478197       -587.625520601105     
   15.7143931829875       -587.641616639776     
   15.7157083728432       -587.657706317535     
   15.7170256376377       -587.673789736757     
   15.7183449060693       -587.689865883123     
   15.7196662305600       -587.705935252168     
   15.7209895684757       -587.721997181550     
   15.7223150238694       -587.738052787969     
   15.7236424820047       -587.754100535505     
   15.7249720169469       -587.770141174726     
   15.7263036472092       -587.786174780606     
   15.7276372967054       -587.802200290527     
   15.7289730391299       -587.818218443397     
   15.7303108540405       -587.834228845291     
   15.7316507896473       -587.850231923163     
   15.7329927294491       -587.866226137900     
   15.7343368046308       -587.882212904569     
   15.7356829690815       -587.898191522927     
   15.7370312175036       -587.914161779936     
   15.7383815573352       -587.930123613281     
   15.7397339648311       -587.946076592216     
   15.7410885705913       -587.962022103093     
   15.7424452042030       -587.977957986968     
   15.7438040196151       -587.993885899643     
   15.7451648736320       -588.009804009398     
   15.7465278465201       -588.025713104060     
   15.7478930336404       -588.041614138871     
   15.7492602874830       -588.057505239605     
   15.7506296836555       -588.073387131371     
   15.7520011852999       -588.089259231354     
   15.7533748669221       -588.105122244855     
   15.7547506490121       -588.120975096703     
   15.7561286595465       -588.136819102496     
   15.7575087686168       -588.152652609377     
   15.7588909829164       -588.168475539340     
   15.7602753850016       -588.184288679069     
   15.7616619803018       -588.200091928647     
   15.7630507079468       -588.215884434248     
   15.7644416168779       -588.231666592568     
   15.7658347176533       -588.247438361072     
   15.7672299758399       -588.263199188244     
   15.7686274152966       -588.278949182095     
   15.7700270499285       -588.294688336162     
   15.7714288712689       -588.310416391600     
   15.7728328311331       -588.326132646103     
   15.7742390434455       -588.341838210516     
   15.7756474306201       -588.357532052214     
   15.7770580638258       -588.373214798179     
   15.7784708419302       -588.388885158889     
   15.7798858530305       -588.404543946592     
   15.7813030991563       -588.420191015135     
   15.7827224992537       -588.435825303830     
   15.7841442075568       -588.451448342621     
   15.7855681102318       -588.467058709910     
   15.7869942342294       -588.482656533568     
   15.7884225798578       -588.498241648082     
   15.7898531740990       -588.513814177677     
   15.7912860313379       -588.529374106871     
   15.7927211344607       -588.544921077624     
   15.7941584660609       -588.560454730261     
   15.7955980047942       -588.575974664269     
   15.7970398798484       -588.591482098134     
   15.7984840051965       -588.606975930375     
   15.7999303372241       -588.622455521625     
   15.8013789953371       -588.637921975180     
   15.8028298693530       -588.653373939414     
   15.8042830428120       -588.668812129548     
   15.8057385071352       -588.684236276746     
   15.8071962872770       -588.699646466845     
   15.8086563021188       -588.715041665673     
   15.8101186649387       -588.730422889508     
   15.8115832648229       -588.745788793218     
   15.8130501863004       -588.761140085873     
   15.8145194021979       -588.776476302803     
   15.8159909106437       -588.791797245056     
   15.8174647790845       -588.807103432569     
   15.8189409031748       -588.822393600618     
   15.8204193936773       -588.837668714899     
   15.8219001704783       -588.852927764608     
   15.8233833069574       -588.868171322771     
   15.8248687519199       -588.883398678940     
   15.8263565452644       -588.898610058026     
   15.8278466285968       -588.913804679374     
   15.8293391235217       -588.928983596546     
   15.8308339058764       -588.944145360176     
   15.8323310724984       -588.959290766699     
   15.8338305939307       -588.974419329323     
   15.8353324381484       -588.989530538369     
   15.8368366769144       -589.004624927409     
   15.8383432457593       -589.019701660472     
   15.8398521963834       -589.034761066130     
   15.8413635421444       -589.049803085923     
   15.8428772310244       -589.064827011684     
   15.8443933232878       -589.079833250453     
   15.8459118122062       -589.094821542098     
   15.8474326774672       -589.109791493353     
   15.8489559104468       -589.124742827502     
   15.8504816015844       -589.139676236769     
   15.8520096078507       -589.154590127557     
   15.8535400904158       -589.169485878287     
   15.8550728591067       -589.184361444321     
   15.8566081606866       -589.199219024129     
   15.8581458296346       -589.214056815850     
   15.8596859543283       -589.228875475150     
   15.8612284766549       -589.243674244168     
   15.8627734375252       -589.258453317150     
   15.8643208201109       -589.273212333515     
   15.8658706115244       -589.287950971702     
   15.8674228782240       -589.302669662567     
   15.8689775761747       -589.317367786138     
   15.8705347444269       -589.332045509087     
   15.8720943137892       -589.346701977662     
   15.8736563502276       -589.361337610088     
   15.8752208440473       -589.375952111131     
   15.8767878121600       -589.390545433762     
   15.8783572093909       -589.405116953149     
   15.8799291126711       -589.419667177805     
   15.8815035037278       -589.434195730013     
   15.8830803312261       -589.448701930130     
   15.8846596423885       -589.463186006531     
   15.8862415149375       -589.477648460292     
   15.8878257736431       -589.492087481518     
   15.8894125627715       -589.506504178215     
   15.8910018477409       -589.520898024341     
   15.8925936337992       -589.535268856507     
   15.8941879385226       -589.549616621167     
   15.8957846984518       -589.563940536689     
   15.8973840208919       -589.578241352883     
   15.8989858336922       -589.592518209996     
   15.9005901938534       -589.606771401795     
   15.9021970355337       -589.621000129126     
   15.9038064309199       -589.635204816386     
   15.9054183060207       -589.649384595479     
   15.9070328182797       -589.663540632413     
   15.9086498302485       -589.677671501831     
   15.9102693471878       -589.691777034914     
   15.9118914086606       -589.705857359186     
   15.9135160223897       -589.719912322216     
   15.9151432276937       -589.733942042305     
   15.9167729356187       -589.747945532472     
   15.9184052603180       -589.761923552145     
   15.9200400963128       -589.775874975898     
   15.9216775524304       -589.789800509796     
   15.9233175586506       -589.803699333632     
   15.9249601505709       -589.817571525578     
   15.9266052991597       -589.831416616275     
   15.9282530157047       -589.845234477016     
   15.9299033629673       -589.859025406775     
   15.9315562165442       -589.872788141067     
   15.9332117891731       -589.886524222038     
   15.9348698812430       -589.900231763386     
   15.9365305607186       -589.913911102365     
   15.9381939406623       -589.927562937210     
   15.9398597935504       -589.941185172302     
   15.9415284000372       -589.954779871598     
   15.9431995544764       -589.968345124878     
   15.9448733147552       -589.981881173582     
   15.9465496874413       -589.995387839135     
   15.9482287430329       -590.008865453983     
   15.9499103478942       -590.022312712423     
   15.9515947018773       -590.035730976193     
   15.9532815956253       -590.049118341147     
   15.9549712040652       -590.062475960400     
   15.9566634139689       -590.075802700510     
   15.9583583207288       -590.089099074878     
   15.9600557523505       -590.102363499525     
   15.9617559969294       -590.115597985376     
   15.9634588638589       -590.128800803559     
   15.9651643368158       -590.141971591427     
   15.9668725381282       -590.155111052365     
   15.9685833517964       -590.168218052120     
   15.9702968533413       -590.181292928806     
   15.9720130951774       -590.194335835615     
   15.9737319799502       -590.207345787607     
   15.9754534891172       -590.220322404399     
   15.9771777608801       -590.233266481762     
   15.9789046831863       -590.246176930948     
   15.9806343327826       -590.259054079404     
   15.9823666720921       -590.271897398874     
   15.9841017272014       -590.284706834394     
   15.9858395198415       -590.297482295442     
   15.9875799226661       -590.310222599412     
   15.9893231571510       -590.322929116377     
   15.9910689930756       -590.335599917085     
   15.9928176521734       -590.348236359645     
   15.9945690388948       -590.360837496104     
   15.9963230640018       -590.373402435231     
   15.9980798822256       -590.385932032787     
   15.9998394068397       -590.398425414016     
   16.0016017176926       -590.410882889555     
   16.0033667375099       -590.423303656327     
   16.0051344459420       -590.435687318557     
   16.0069050092390       -590.448034780984     
   16.0086782216488       -590.460344350315     
   16.0104542171560       -590.472616701281     
   16.0122330368164       -590.484851853409     
   16.0140146167590       -590.497049103902     
   16.0157988899218       -590.509207736028     
   16.0175859464059       -590.521328104667     
   16.0193758370505       -590.533410288335     
   16.0211684626856       -590.545453353254     
   16.0229637858417       -590.557456789527     
   16.0247620342012       -590.569421851647     
   16.0265629916122       -590.581346832674     
   16.0283667239814       -590.593231907143     
   16.0301733272781       -590.605077437267     
   16.0319826165579       -590.616881944206     
   16.0337947989856       -590.628646511850     
   16.0356097214597       -590.640369875542     
   16.0374274993611       -590.652052511228     
   16.0392480831311       -590.663693827431     
   16.0410714361568       -590.675293320885     
   16.0428976163284       -590.686851089209     
   16.0447266212563       -590.698366843550     
   16.0465584906111       -590.709840557622     
   16.0483930919629       -590.721271130111     
   16.0502305532697       -590.732659086163     
   16.0520708958081       -590.744004277782     
   16.0539140562995       -590.755306036648     
   16.0557599886040       -590.766563806610     
   16.0576088107074       -590.777778029998     
   16.0594604606407       -590.788948050507     
   16.0613149557863       -590.800073694343     
   16.0631723017551       -590.811154714967     
   16.0650325152775       -590.822190930401     
   16.0668955379991       -590.833181714326     
   16.0687614704657       -590.844127377226     
   16.0706302437876       -590.855027230326     
   16.0725018817877       -590.865881129666     
   16.0743764237543       -590.876689016630     
   16.0762537700021       -590.887450032576     
   16.0781340217286       -590.898164473168     
   16.0800171303179       -590.908831773890     
   16.0819031241827       -590.919451808768     
   16.0837919971316       -590.930024254452     
   16.0856838380310       -590.940549315234     
   16.0875785009432       -590.951025888498     
   16.0894759525212       -590.961453507865     
   16.0913764166312       -590.971833111438     
   16.0932797416125       -590.982163574630     
   16.0951860002703       -590.992444999869     
   16.0970951266313       -591.002676737819     
   16.0990070860394       -591.012858313912     
   16.1009221104574       -591.022990664016     
   16.1028399590181       -591.033072214308     
   16.1047606666353       -591.043102859046     
   16.1066843395250       -591.053082855946     
   16.1086109128964       -591.063011569309     
   16.1105404080757       -591.072888811221     
   16.1124728434057       -591.082714375279     
   16.1144081523950       -591.092487625116     
   16.1163464205556       -591.102208692831     
   16.1182876028796       -591.111877050396     
   16.1202318072215       -591.121492928949     
   16.1221788768028       -591.131055249098     
   16.1241288126534       -591.140563719600     
   16.1260817754257       -591.150018818629     
   16.1280376490182       -591.159419676045     
   16.1299964669695       -591.168766148898     
   16.1319582114158       -591.178057846464     
   16.1339229982870       -591.187295006741     
   16.1358906428057       -591.196476453064     
   16.1378613190605       -591.205602689897     
   16.1398348063297       -591.214672389182     
   16.1418114133057       -591.223686658581     
   16.1437908926744       -591.232644055490     
   16.1457733140337       -591.241544589026     
   16.1477587597662       -591.250388314704     
   16.1497471525234       -591.259174572886     
   16.1517385149079       -591.267903150758     
   16.1537327947464       -591.276573508047     
   16.1557301250721       -591.285185906730     
   16.1577304270938       -591.293739687262     
   16.1597335810063       -591.302234027691     
   16.1617398234219       -591.310669614977     
   16.1637490508034       -591.319045689746     
   16.1657612805022       -591.327362004427     
   16.1677764573841       -591.335618012785     
   16.1697946249158       -591.343813574684     
   16.1718157030315       -591.351948048246     
   16.1738398705306       -591.360021830526     
   16.1758670115180       -591.368034132774     
   16.1778970949051       -591.375984513092     
   16.1799302649467       -591.383873210762     
   16.1819664008362       -591.391699429605     
   16.1840055151612       -591.399462895963     
   16.1860476137156       -591.407163308326     
   16.1880927153520       -591.414800412385     
   16.1901408626436       -591.422374037851     
   16.1921920204345       -591.429883724544     
   16.1942461054126       -591.437328843222     
   16.1963032607516       -591.444709584852     
   16.1983634291074       -591.452025410465     
   16.2004265687733       -591.459275843667     
   16.2024928051711       -591.466460991815     
   16.2045619994266       -591.473580038801     
   16.2066341744526       -591.480632736169     
   16.2087093682525       -591.487618882104     
   16.2107876000845       -591.494538206578     
   16.2128689147869       -591.501390519938     
   16.2149531931738       -591.508175094456     
   16.2170405364807       -591.514891924806     
   16.2191309061087       -591.521540547921     
   16.2212242053657       -591.528120324438     
   16.2233206289647       -591.534631528568     
   16.2254200621412       -591.541073461020     
   16.2275225114254       -591.547445804546     
   16.2296279706547       -591.553748202638     
   16.2317364820986       -591.559980441441     
   16.2338479889774       -591.566142013035     
   16.2359626287958       -591.572232973467     
   16.2380802247874       -591.578252470117     
   16.2402008590653       -591.584200397701     
   16.2423245123091       -591.590076359287     
   16.2444512813541       -591.595880275141     
   16.2465810522573       -591.601611487029     
   16.2487138445327       -591.607269705069     
   16.2508496157737       -591.612854475126     
   16.2529885915743       -591.618366034469     
   16.2551303450848       -591.623802941562     
   16.2572753657280       -591.629166093066     
   16.2594233880597       -591.634454466115     
   16.2615744175561       -591.639667729425     
   16.2637284908907       -591.644805624153     
   16.2658856529466       -591.649867904369     
   16.2680457545742       -591.654853872569     
   16.2702090316448       -591.659763720138     
   16.2723751833559       -591.664596414550     
   16.2745445732612       -591.669352412871     
   16.2767169515440       -591.674030806258     
   16.2788922670755       -591.678631140378     
   16.2810708028547       -591.683153655460     
   16.2832521978596       -591.687597247794     
   16.2854367936763       -591.691962259531     
   16.2876243680292       -591.696247885357     
   16.2898149717522       -591.700453873149     
   16.2920086916484       -591.704580029247     
   16.2942054375551       -591.708625823398     
   16.2964051485925       -591.712590791096     
   16.2986080150844       -591.716474914912     
   16.3008138032654       -591.720277424152     
   16.3030227477199       -591.723998364079     
   16.3052347199343       -591.727637152308     
   16.3074497199314       -591.731193429958     
   16.3096677243749       -591.734666801527     
   16.3118889107426       -591.738057177161     
   16.3141130745197       -591.741363877976     
   16.3163401825178       -591.744586501496     
   16.3185704485455       -591.747724992660     
   16.3208036897450       -591.750778727288     
   16.3230400468247       -591.753747532912     
   16.3252794286749       -591.756630920132     
   16.3275218336417       -591.759428523404     
   16.3297672390793       -591.762139951945     
   16.3320157807480       -591.764764999811     
   16.3342673410033       -591.767303158103     
   16.3365218535243       -591.769753991055     
   16.3387795031025       -591.772117330824     
   16.3410401451863       -591.774392654363     
   16.3433038533264       -591.776579667705     
   16.3455705566887       -591.778677933700     
   16.3478403658585       -591.780687183000     
   16.3501132157948       -591.782606983015     
   16.3523889400635       -591.784436831644     
   16.3546678582335       -591.786176614405     
   16.3569498154117       -591.787825831048     
   16.3592346935221       -591.789384030308     
   16.3615227397453       -591.790851006368     
   16.3638137261233       -591.792226236928     
   16.3661077424123       -591.793509407631     
   16.3684047874935       -591.794700143622     
   16.3707048176908       -591.795798050214     
   16.3730079604024       -591.796802810426     
   16.3753141083294       -591.797713997872     
   16.3776231673261       -591.798531207609     
   16.3799352902624       -591.799254121845     
   16.3822505976479       -591.799882388823     
   16.3845689009392       -591.800415571601     
   16.3868899411194       -591.800853251996     
   16.3892142262516       -591.801195151213     
   16.3915415097283       -591.801440841511     
   16.3938716365824       -591.801589939510     
   16.3962049355366       -591.801642087816     
