  0.000000000000000E+000  0.000000000000000E+000
   1.00000000000000       0.000000000000000E+000
   2.00000000000000       8.930268984068046E-005
   3.00000000000000       1.359885538657657E-004
   4.00000000000000       1.816855281267916E-004
   5.00000000000000       2.267961934293452E-004
   6.00000000000000       2.742953247194082E-004
   7.00000000000000       3.339502348305175E-004
   8.00000000000000       4.574614856076876E-004
   9.00000000000000       6.701754564952917E-004
   10.0000000000000       1.081456330498329E-003
   11.0000000000000       1.783243836828304E-003
   12.0000000000000       2.837562438391627E-003
   13.0000000000000       4.335873630825382E-003
   14.0000000000000       6.367844858391418E-003
   15.0000000000000       9.006880921936631E-003
   16.0000000000000       1.231722182974046E-002
   17.0000000000000       1.633361651965965E-002
   18.0000000000000       2.119427449470219E-002
   19.0000000000000       2.688317628106724E-002
   20.0000000000000       3.343085047286439E-002
   21.0000000000000       4.095332139864073E-002
   22.0000000000000       4.936221041308919E-002
   23.0000000000000       5.872216821094862E-002
   24.0000000000000       6.906231030068215E-002
   25.0000000000000       8.030007789641380E-002
   26.0000000000000       9.241375324971872E-002
   27.0000000000000       0.105484863026555     
   28.0000000000000       0.119343377628966     
   29.0000000000000       0.134063558355217     
   30.0000000000000       0.149548826340236     
   31.0000000000000       0.165789160294038     
   32.0000000000000       0.182698842927646     
   33.0000000000000       0.200297335915845     
   34.0000000000000       0.218548036827941     
   35.0000000000000       0.237339757708823     
   36.0000000000000       0.256718733207787     
   37.0000000000000       0.276588551976608     
   38.0000000000000       0.296960294444035     
   39.0000000000000       0.317770963468705     
   40.0000000000000       0.339020591473233     
   41.0000000000000       0.360574802928860     
   42.0000000000000       0.382604383961233     
   43.0000000000000       0.404854436075183     
   44.0000000000000       0.427451156194782     
   45.0000000000000       0.450342343909533     
   46.0000000000000       0.473419194326544     
   47.0000000000000       0.496800263440233     
   48.0000000000000       0.520322149375571     
   49.0000000000000       0.544037746927395     
   50.0000000000000       0.567900208118606     
   51.0000000000000       0.591899076655795     
   52.0000000000000       0.616028792060454     
   53.0000000000000       0.640216751991462     
   54.0000000000000       0.664528863519898     
   55.0000000000000       0.688834847174058     
   56.0000000000000       0.713197867612150     
   57.0000000000000       0.737643344164504     
   58.0000000000000       0.761980356261425     
   59.0000000000000       0.786406014490229     
   60.0000000000000       0.810721008929534     
   61.0000000000000       0.835096803878021     
   62.0000000000000       0.859303957997237     
   63.0000000000000       0.883499210314784     
   64.0000000000000       0.907574190941191     
   65.0000000000000       0.931652594855387     
   66.0000000000000       0.955514475141408     
   67.0000000000000       0.979275175252881     
   68.0000000000000        1.00299421770757     
   69.0000000000000        1.02648210853086     
   70.0000000000000        1.04985465590051     
   71.0000000000000        1.07307208267144     
   72.0000000000000        1.09615201053502     
   73.0000000000000        1.11901377742834     
   74.0000000000000        1.14178487988199     
   75.0000000000000        1.16426835050853     
   76.0000000000000        1.18659926192294     
   77.0000000000000        1.20878247481563     
   78.0000000000000        1.23074329558678     
   79.0000000000000        1.25245572129900     
   80.0000000000000        1.27399133027915     
   81.0000000000000        1.29536565295991     
   82.0000000000000        1.31645424053655     
   83.0000000000000        1.33737559766768     
   84.0000000000000        1.35796576318816     
   85.0000000000000        1.37852036920540     
   86.0000000000000        1.39875207839771     
   87.0000000000000        1.41872853244609     
   88.0000000000000        1.43849192127858     
   89.0000000000000        1.45805371439532     
   90.0000000000000        1.47743705343792     
   91.0000000000000        1.49647548610362     
   92.0000000000000        1.51537667383913     
   93.0000000000000        1.53404832567021     
   94.0000000000000        1.55236778684353     
   95.0000000000000        1.57065958342041     
   96.0000000000000        1.58856652355468     
   97.0000000000000        1.60638021354572     
   98.0000000000000        1.62375875421418     
   99.0000000000000        1.64110851440788     
   100.000000000000        1.65822439406671     
   101.000000000000        1.67495536324526     
   102.000000000000        1.69165427726489     
   103.000000000000        1.70809663653410     
   104.000000000000        1.72417037228338     
   105.000000000000        1.74020593580703     
   106.000000000000        1.75589750078701     
   107.000000000000        1.77153831356663     
   108.000000000000        1.78683853217720     
   109.000000000000        1.80198943924093     
   110.000000000000        1.81685233621370     
   111.000000000000        1.83161920550586     
   112.000000000000        1.84613182205327     
   113.000000000000        1.86041108763522     
   114.000000000000        1.87454384622654     
   115.000000000000        1.88856113707754     
   116.000000000000        1.90221341412646     
   117.000000000000        1.91573953477957     
   118.000000000000        1.92920731093660     
   119.000000000000        1.94226475998489     
   120.000000000000        1.95540954475103     
   121.000000000000        1.96805872282477     
   122.000000000000        1.98076696409589     
   123.000000000000        1.99324209216738     
   124.000000000000        2.00550832132904     
   125.000000000000        2.01767150331389     
   126.000000000000        2.02957034371690     
   127.000000000000        2.04139566583990     
   128.000000000000        2.05297405732543     
   129.000000000000        2.06448081104264     
   130.000000000000        2.07576169801472     
   131.000000000000        2.08683754977196     
   132.000000000000        2.09796390515616     
   133.000000000000        2.10868723392381     
   134.000000000000        2.11940739608271     
   135.000000000000        2.13002320065077     
   136.000000000000        2.14035103835803     
   137.000000000000        2.15058540166562     
   138.000000000000        2.16081585804808     
   139.000000000000        2.17066212265155     
   140.000000000000        2.18058666085192     
   141.000000000000        2.19020359489421     
   142.000000000000        2.19986453723288     
   143.000000000000        2.20932415404425     
   144.000000000000        2.21851109125790     
   145.000000000000        2.22780027048675     
   146.000000000000        2.23685122995407     
   147.000000000000        2.24580061477169     
   148.000000000000        2.25465651438211     
   149.000000000000        2.26327788770726     
   150.000000000000        2.27192357259004     
   151.000000000000        2.28034777588641     
   152.000000000000        2.28883325792554     
   153.000000000000        2.29692164398481     
   154.000000000000        2.30510283437638     
   155.000000000000        2.31324472315453     
   156.000000000000        2.32105870040993     
   157.000000000000        2.32899828557857     
   158.000000000000        2.33655448953359     
   159.000000000000        2.34431584758639     
   160.000000000000        2.35176185787983     
   161.000000000000        2.35927846301414     
   162.000000000000        2.36650406977312     
   163.000000000000        2.37375071340561     
   164.000000000000        2.38096773897910     
   165.000000000000        2.38796277501186     
   166.000000000000        2.39498637536863     
   167.000000000000        2.40171267115142     
   168.000000000000        2.40865903003121     
   169.000000000000        2.41518034733872     
   170.000000000000        2.42197065346960     
   171.000000000000        2.42844216693825     
   172.000000000000        2.43492033244680     
   173.000000000000        2.44122455602848     
   174.000000000000        2.44763874631344     
   175.000000000000        2.45360558826685     
   176.000000000000        2.45998677503140     
   177.000000000000        2.46602146941281     
   178.000000000000        2.47187359745170     
   179.000000000000        2.47781194803199     
   180.000000000000        2.48381079380851     
   181.000000000000        2.48946427388775     
   182.000000000000        2.49514281664855     
   183.000000000000        2.50084930770367     
   184.000000000000        2.50637735549219     
   185.000000000000        2.51190142340468     
   186.000000000000        2.51721683557696     
   187.000000000000        2.52287084792747     
   188.000000000000        2.52791180806573     
   189.000000000000        2.53328467311217     
   190.000000000000        2.53840526319339     
   191.000000000000        2.54348356067495     
   192.000000000000        2.54873659443744     
   193.000000000000        2.55361517671493     
   194.000000000000        2.55846912861239     
   195.000000000000        2.56361395459848     
   196.000000000000        2.56825792683227     
   197.000000000000        2.57313556345015     
   198.000000000000        2.57771730587781     
   199.000000000000        2.58257793683400     
   200.000000000000        2.58712097206286     
   201.000000000000        2.59164102776318     
   202.000000000000        2.59629402158966     
   203.000000000000        2.60053743132566     
   204.000000000000        2.60520917082750     
   205.000000000000        2.60944053826383     
   206.000000000000        2.61380900472860     
   207.000000000000        2.61813209574338     
   208.000000000000        2.62214563183939     
   209.000000000000        2.62659396871486     
   210.000000000000        2.63064649570755     
   211.000000000000        2.63477356499450     
   212.000000000000        2.63863714649515     
   213.000000000000        2.64298279014069     
   214.000000000000        2.64663600560816     
   215.000000000000        2.65068199674200     
   216.000000000000        2.65457762799778     
   217.000000000000        2.65837582659296     
   218.000000000000        2.66233136673601     
   219.000000000000        2.66588062989533     
   220.000000000000        2.66973476830929     
   221.000000000000        2.67346013760504     
   222.000000000000        2.67691325960459     
   223.000000000000        2.68073798800467     
   224.000000000000        2.68424617981617     
   225.000000000000        2.68779386777677     
   226.000000000000        2.69124214799912     
   227.000000000000        2.69485810717983     
   228.000000000000        2.69811393756580     
   229.000000000000        2.70163325573809     
   230.000000000000        2.70482454890848     
   231.000000000000        2.70838476550797     
   232.000000000000        2.71167590682380     
   233.000000000000        2.71478165832771     
   234.000000000000        2.71821394879700     
   235.000000000000        2.72124899468278     
   236.000000000000        2.72442844549296     
   237.000000000000        2.72774994248228     
   238.000000000000        2.73079756023711     
   239.000000000000        2.73381216906777     
   240.000000000000        2.73689281195808     
   241.000000000000        2.73998715340332     
   242.000000000000        2.74297984454610     
   243.000000000000        2.74583108662622     
   244.000000000000        2.74885709200613     
   245.000000000000        2.75188478606391     
   246.000000000000        2.75466111839347     
   247.000000000000        2.75753487797987     
   248.000000000000        2.76026350853679     
   249.000000000000        2.76340446829894     
   250.000000000000        2.76582740222831     
   251.000000000000        2.76890454617806     
   252.000000000000        2.77146050739577     
   253.000000000000        2.77426022994032     
   254.000000000000        2.77688534049063     
   255.000000000000        2.77958670903193     
   256.000000000000        2.78232312101650     
   257.000000000000        2.78470758281103     
   258.000000000000        2.78759554080101     
   259.000000000000        2.78993063916387     
   260.000000000000        2.79270050858547     
   261.000000000000        2.79504423946963     
   262.000000000000        2.79756076668159     
   263.000000000000        2.80025564799796     
   264.000000000000        2.80268439368110     
   265.000000000000        2.80485612529344     
   266.000000000000        2.80767995135051     
   267.000000000000        2.80965116259717     
   268.000000000000        2.81257471791676     
   269.000000000000        2.81443420623515     
   270.000000000000        2.81708082919066     
   271.000000000000        2.81934079354653     
   272.000000000000        2.82172342886707     
   273.000000000000        2.82396742508495     
   274.000000000000        2.82600527831530     
   275.000000000000        2.82864824562094     
   276.000000000000        2.83081260108831     
   277.000000000000        2.83291286515106     
   278.000000000000        2.83505939628572     
   279.000000000000        2.83730986621910     
   280.000000000000        2.83960625197940     
   281.000000000000        2.84167861097799     
   282.000000000000        2.84394269030411     
   283.000000000000        2.84572138146538     
   284.000000000000        2.84814885456088     
   285.000000000000        2.85016223141862     
   286.000000000000        2.85203590463117     
   287.000000000000        2.85438314796532     
   288.000000000000        2.85636210821701     
   289.000000000000        2.85829433397075     
   290.000000000000        2.86044161893121     
   291.000000000000        2.86225795815252     
   292.000000000000        2.86422490582527     
   293.000000000000        2.86646095039677     
   294.000000000000        2.86819331504467     
   295.000000000000        2.87032204616358     
   296.000000000000        2.87208236450957     
   297.000000000000        2.87388753684182     
   298.000000000000        2.87614516676940     
   299.000000000000        2.87776326601563     
   300.000000000000        2.87969724799436     
   301.000000000000        2.88163200811586     
   302.000000000000        2.88335836107052     
   303.000000000000        2.88547892169039     
   304.000000000000        2.88680300995997     
   305.000000000000        2.88897469564027     
   306.000000000000        2.89067008229551     
   307.000000000000        2.89262403660522     
   308.000000000000        2.89415969054473     
   309.000000000000        2.89586788143110     
   310.000000000000        2.89797860448914     
   311.000000000000        2.89935680880539     
   312.000000000000        2.90131852833144     
   313.000000000000        2.90296413276291     
   314.000000000000        2.90469318219841     
   315.000000000000        2.90619629193790     
   316.000000000000        2.90818041819294     
   317.000000000000        2.90969217396315     
   318.000000000000        2.91134442773263     
   319.000000000000        2.91293296836132     
   320.000000000000        2.91485622385819     
   321.000000000000        2.91606313409449     
   322.000000000000        2.91809603747224     
   323.000000000000        2.91944632051303     
   324.000000000000        2.92128897879224     
   325.000000000000        2.92244356162947     
   326.000000000000        2.92461731154960     
   327.000000000000        2.92570756521636     
   328.000000000000        2.92732565905882     
   329.000000000000        2.92914084997918     
   330.000000000000        2.93049286762987     
   331.000000000000        2.93209961355701     
   332.000000000000        2.93361845637053     
   333.000000000000        2.93518755693952     
   334.000000000000        2.93651176949578     
   335.000000000000        2.93817309619375     
   336.000000000000        2.93963661251629     
   337.000000000000        2.94102385463653     
   338.000000000000        2.94267516815017     
   339.000000000000        2.94396861434648     
   340.000000000000        2.94562252977498     
   341.000000000000        2.94688405860850     
   342.000000000000        2.94844129790409     
   343.000000000000        2.94969113027917     
   344.000000000000        2.95126883094684     
   345.000000000000        2.95265656210820     
   346.000000000000        2.95431110437393     
   347.000000000000        2.95529570354524     
   348.000000000000        2.95692127080051     
   349.000000000000        2.95818379933133     
   350.000000000000        2.95970558990095     
   351.000000000000        2.96106340579601     
   352.000000000000        2.96229612983779     
   353.000000000000        2.96383032746150     
   354.000000000000        2.96526527946003     
   355.000000000000        2.96613527819598     
   356.000000000000        2.96804990117155     
   357.000000000000        2.96892325564817     
   358.000000000000        2.97038836067886     
   359.000000000000        2.97197523694663     
   360.000000000000        2.97290707911922     
   361.000000000000        2.97445356221221     
   362.000000000000        2.97575550853748     
   363.000000000000        2.97689456634579     
   364.000000000000        2.97839685471236     
   365.000000000000        2.97929725235196     
   366.000000000000        2.98098544929228     
   367.000000000000        2.98194415360158     
   368.000000000000        2.98335090062676     
   369.000000000000        2.98473309832845     
   370.000000000000        2.98573295234023     
   371.000000000000        2.98713955346364     
   372.000000000000        2.98830016960918     
   373.000000000000        2.98966258681371     
   374.000000000000        2.99059615008679     
   375.000000000000        2.99213725642943     
   376.000000000000        2.99326296962969     
   377.000000000000        2.99454678360740     
   378.000000000000        2.99542035423480     
   379.000000000000        2.99694875361415     
   380.000000000000        2.99813127934193     
   381.000000000000        2.99900149693053     
   382.000000000000        3.00061308463487     
   383.000000000000        3.00160825898251     
   384.000000000000        3.00275644105512     
   385.000000000000        3.00379072788425     
   386.000000000000        3.00529871452544     
   387.000000000000        3.00612370796959     
   388.000000000000        3.00757212886286     
   389.000000000000        3.00853918469746     
   390.000000000000        3.00952193848159     
   391.000000000000        3.01099300657159     
   392.000000000000        3.01224254173936     
   393.000000000000        3.01270313200734     
   394.000000000000        3.01458431916096     
   395.000000000000        3.01524082848514     
   396.000000000000        3.01649425977051     
   397.000000000000        3.01779698964231     
   398.000000000000        3.01838506022955     
   399.000000000000        3.02014530562465     
   400.000000000000        3.02091232743279     
   401.000000000000        3.02175801731298     
   402.000000000000        3.02347285483548     
   403.000000000000        3.02402849740373     
   404.000000000000        3.02533222156906     
   405.000000000000        3.02620694049741     
   406.000000000000        3.02776422032127     
   407.000000000000        3.02824767934051     
   408.000000000000        3.02990726872668     
   409.000000000000        3.03034172906867     
   410.000000000000        3.03210012907659     
   411.000000000000        3.03249284259962     
   412.000000000000        3.03385111241128     
   413.000000000000        3.03503732621154     
   414.000000000000        3.03601912623041     
   415.000000000000        3.03661247900203     
   416.000000000000        3.03834791299084     
   417.000000000000        3.03905150805797     
   418.000000000000        3.04013793315425     
   419.000000000000        3.04080185104601     
   420.000000000000        3.04262802242538     
   421.000000000000        3.04287565285097     
   422.000000000000        3.04415954788522     
   423.000000000000        3.04528041120263     
   424.000000000000        3.04648015333908     
   425.000000000000        3.04685123017022     
   426.000000000000        3.04849432725278     
   427.000000000000        3.04928542825649     
   428.000000000000        3.05007331401752     
   429.000000000000        3.05145743005729     
   430.000000000000        3.05210955692464     
   431.000000000000        3.05332320566114     
   432.000000000000        3.05395979128828     
   433.000000000000        3.05562647041964     
   434.000000000000        3.05601114853786     
   435.000000000000        3.05703031021699     
   436.000000000000        3.05835280707653     
   437.000000000000        3.05912843438713     
   438.000000000000        3.06027077228335     
   439.000000000000        3.06070196604686     
   440.000000000000        3.06218156128467     
   441.000000000000        3.06316077019620     
   442.000000000000        3.06386923405938     
   443.000000000000        3.06509288247079     
   444.000000000000        3.06572573139152     
   445.000000000000        3.06675829712015     
   446.000000000000        3.06810429227008     
   447.000000000000        3.06838555305330     
   448.000000000000        3.06984047468092     
   449.000000000000        3.07071562591081     
   450.000000000000        3.07139879743223     
   451.000000000000        3.07278573964329     
   452.000000000000        3.07321552842681     
   453.000000000000        3.07461459399407     
   454.000000000000        3.07516182559555     
   455.000000000000        3.07618929286795     
   456.000000000000        3.07749458953012     
   457.000000000000        3.07776468882806     
   458.000000000000        3.07919687409676     
   459.000000000000        3.08016068496795     
   460.000000000000        3.08064948291116     
   461.000000000000        3.08164557860145     
   462.000000000000        3.08305009116807     
   463.000000000000        3.08327084324565     
   464.000000000000        3.08477005146377     
   465.000000000000        3.08565023900655     
   466.000000000000        3.08603472258908     
   467.000000000000        3.08729454923530     
   468.000000000000        3.08830759654958     
   469.000000000000        3.08883673362989     
   470.000000000000        3.09011207719937     
   471.000000000000        3.09095504898365     
   472.000000000000        3.09176603045426     
   473.000000000000        3.09252963708027     
   474.000000000000        3.09386942059749     
   475.000000000000        3.09393595990957     
   476.000000000000        3.09575396889556     
   477.000000000000        3.09602631075771     
   478.000000000000        3.09723856802364     
   479.000000000000        3.09794211986062     
   480.000000000000        3.09871493180746     
   481.000000000000        3.10009172573995     
   482.000000000000        3.10040946196529     
   483.000000000000        3.10162311070179     
   484.000000000000        3.10230121889147     
   485.000000000000        3.10341423863788     
   486.000000000000        3.10391582730280     
   487.000000000000        3.10520369140553     
   488.000000000000        3.10578366714649     
   489.000000000000        3.10710223276394     
   490.000000000000        3.10708418147292     
   491.000000000000        3.10897699483599     
   492.000000000000        3.10908501348046     
   493.000000000000        3.11019339409101     
   494.000000000000        3.11124059322665     
   495.000000000000        3.11197626776965     
   496.000000000000        3.11268008709320     
   497.000000000000        3.11393747123574     
   498.000000000000        3.11420183713455     
   499.000000000000        3.11544114837099     
   500.000000000000        3.11639422735654     
   501.000000000000        3.11716641516804     
   502.000000000000        3.11775404264620     
   503.000000000000        3.11886691919273     
   504.000000000000        3.11949653125570     
   505.000000000000        3.12054611885733     
   506.000000000000        3.12163687237274     
   507.000000000000        3.12185272323165     
   508.000000000000        3.12339294065425     
   509.000000000000        3.12365249179470     
   510.000000000000        3.12445800194899     
   511.000000000000        3.12596054969648     
   512.000000000000        3.12622763909496     
   513.000000000000        3.12749063505182     
   514.000000000000        3.12794315208861     
   515.000000000000        3.12899847849313     
   516.000000000000        3.12977495419549     
   517.000000000000        3.13044428396211     
   518.000000000000        3.13161478089964     
   519.000000000000        3.13218447326781     
   520.000000000000        3.13306744915550     
   521.000000000000        3.13406856224550     
   522.000000000000        3.13495166241988     
   523.000000000000        3.13525269019084     
   524.000000000000        3.13658666465618     
   525.000000000000        3.13737091638242     
   526.000000000000        3.13800744526998     
   527.000000000000        3.13902236228840     
   528.000000000000        3.13952203531713     
   529.000000000000        3.14074856123564     
   530.000000000000        3.14161499618580     
   531.000000000000        3.14211796821563     
   532.000000000000        3.14290092573916     
   533.000000000000        3.14396700294250     
   534.000000000000        3.14462391214561     
   535.000000000000        3.14579169098723     
   536.000000000000        3.14609172176278     
   537.000000000000        3.14751715231998     
   538.000000000000        3.14766574786739     
   539.000000000000        3.14895670292610     
   540.000000000000        3.14970257438159     
   541.000000000000        3.15027462819690     
   542.000000000000        3.15169417134756     
   543.000000000000        3.15174477764614     
   544.000000000000        3.15273982770709     
   545.000000000000        3.15420607563496     
   546.000000000000        3.15413842584831     
   547.000000000000        3.15571495659995     
   548.000000000000        3.15606497224062     
   549.000000000000        3.15693366056254     
   550.000000000000        3.15758986187188     
   551.000000000000        3.15888556143995     
   552.000000000000        3.15956109203172     
   553.000000000000        3.15994785870674     
   554.000000000000        3.16124336644100     
   555.000000000000        3.16181213746653     
   556.000000000000        3.16289569316136     
   557.000000000000        3.16318308992451     
   558.000000000000        3.16448835686596     
   559.000000000000        3.16529463435547     
   560.000000000000        3.16539960527411     
   561.000000000000        3.16722936475624     
   562.000000000000        3.16726130643599     
   563.000000000000        3.16853887635839     
   564.000000000000        3.16933009084125     
   565.000000000000        3.16951947944238     
   566.000000000000        3.17118526965370     
   567.000000000000        3.17140932883803     
   568.000000000000        3.17251833628581     
   569.000000000000        3.17320876236739     
   570.000000000000        3.17376647728113     
   571.000000000000        3.17498231724604     
   572.000000000000        3.17585372636575     
   573.000000000000        3.17602289676440     
   574.000000000000        3.17732403252429     
   575.000000000000        3.17821577872940     
   576.000000000000        3.17891084394684     
   577.000000000000        3.17974502920240     
   578.000000000000        3.18011320961324     
   579.000000000000        3.18131149543390     
   580.000000000000        3.18227238826972     
   581.000000000000        3.18296177142385     
   582.000000000000        3.18342078108933     
   583.000000000000        3.18457925734227     
   584.000000000000        3.18547363518298     
   585.000000000000        3.18593509005403     
   586.000000000000        3.18682596625229     
   587.000000000000        3.18787417048901     
   588.000000000000        3.18843239335705     
   589.000000000000        3.18957559585634     
   590.000000000000        3.18970157122587     
   591.000000000000        3.19115094048064     
   592.000000000000        3.19147205676361     
   593.000000000000        3.19295364599225     
   594.000000000000        3.19319268172292     
   595.000000000000        3.19403815004858     
   596.000000000000        3.19503747449097     
   597.000000000000        3.19551403559882     
   598.000000000000        3.19680310204020     
   599.000000000000        3.19719006054902     
   600.000000000000        3.19839534425079     
   601.000000000000        3.19878468041806     
   602.000000000000        3.19947800021805     
   603.000000000000        3.20085162483991     
   604.000000000000        3.20162141607977     
   605.000000000000        3.20192992266731     
   606.000000000000        3.20304223451995     
   607.000000000000        3.20359461591349     
   608.000000000000        3.20482792626423     
   609.000000000000        3.20499649144073     
   610.000000000000        3.20675689354514     
   611.000000000000        3.20643729572131     
   612.000000000000        3.20802748720150     
   613.000000000000        3.20887034820851     
   614.000000000000        3.20919785174668     
   615.000000000000        3.20998128210001     
   616.000000000000        3.21103819721268     
   617.000000000000        3.21237166642559     
   618.000000000000        3.21206454050108     
   619.000000000000        3.21371140941454     
   620.000000000000        3.21416078686142     
   621.000000000000        3.21480963364088     
   622.000000000000        3.21612954749874     
   623.000000000000        3.21633451516648     
   624.000000000000        3.21788749629193     
   625.000000000000        3.21775880552838     
   626.000000000000        3.21956674459046     
   627.000000000000        3.21933788956096     
   628.000000000000        3.22124851104543     
   629.000000000000        3.22099731683406     
   630.000000000000        3.22232907035024     
   631.000000000000        3.22346466704438     
   632.000000000000        3.22330695804021     
   633.000000000000        3.22535083377133     
   634.000000000000        3.22491148842197     
   635.000000000000        3.22686695308517     
   636.000000000000        3.22678140871681     
   637.000000000000        3.22801002589400     
   638.000000000000        3.22843534576039     
   639.000000000000        3.22993553746450     
   640.000000000000        3.23035593719904     
   641.000000000000        3.23082420352117     
   642.000000000000        3.23221140241126     
   643.000000000000        3.23260042786180     
   644.000000000000        3.23380673017407     
   645.000000000000        3.23424134182160     
   646.000000000000        3.23495321546315     
   647.000000000000        3.23643492627659     
   648.000000000000        3.23657161191669     
   649.000000000000        3.23765771819058     
   650.000000000000        3.23856493808880     
   651.000000000000        3.23906208215355     
   652.000000000000        3.24014263875647     
   653.000000000000        3.24074193567422     
   654.000000000000        3.24203112640229     
   655.000000000000        3.24216052505961     
   656.000000000000        3.24348221135378     
   657.000000000000        3.24379343333534     
   658.000000000000        3.24537237416805     
   659.000000000000        3.24521576212902     
   660.000000000000        3.24702667326416     
   661.000000000000        3.24670108806406     
   662.000000000000        3.24858828691092     
   663.000000000000        3.24921061199113     
   664.000000000000        3.24962445965550     
   665.000000000000        3.25057639574387     
   666.000000000000        3.25109540345881     
   667.000000000000        3.25245731541092     
   668.000000000000        3.25299107271390     
   669.000000000000        3.25395829606534     
   670.000000000000        3.25478894455396     
   671.000000000000        3.25538999769670     
   672.000000000000        3.25606733044550     
   673.000000000000        3.25727956879824     
   674.000000000000        3.25811133316520     
   675.000000000000        3.25850444116337     
   676.000000000000        3.25957845109991     
   677.000000000000        3.26045478035148     
   678.000000000000        3.26125716982905     
   679.000000000000        3.26204771964830     
   680.000000000000        3.26276579951878     
   681.000000000000        3.26343138177145     
   682.000000000000        3.26495088924858     
   683.000000000000        3.26501586146759     
   684.000000000000        3.26577482355397     
   685.000000000000        3.26704950245984     
   686.000000000000        3.26785244312187     
   687.000000000000        3.26886656308434     
   688.000000000000        3.26912806768735     
   689.000000000000        3.27018443431744     
   690.000000000000        3.27085721439070     
   691.000000000000        3.27187478465980     
   692.000000000000        3.27300684999076     
   693.000000000000        3.27296948292673     
   694.000000000000        3.27473533743426     
   695.000000000000        3.27490216529897     
   696.000000000000        3.27602435794360     
   697.000000000000        3.27662023427544     
   698.000000000000        3.27761167191668     
   699.000000000000        3.27821475687664     
   700.000000000000        3.27973476960619     
   701.000000000000        3.27967937016433     
   702.000000000000        3.28089073310646     
   703.000000000000        3.28159836749106     
   704.000000000000        3.28259525483354     
   705.000000000000        3.28354933081451     
   706.000000000000        3.28417814311965     
   707.000000000000        3.28486813149593     
   708.000000000000        3.28552013137471     
   709.000000000000        3.28713973827255     
   710.000000000000        3.28734084494719     
   711.000000000000        3.28820758521031     
   712.000000000000        3.28912337548648     
   713.000000000000        3.28985729380449     
   714.000000000000        3.29078287300857     
   715.000000000000        3.29125959082573     
   716.000000000000        3.29293577788900     
   717.000000000000        3.29329033269580     
   718.000000000000        3.29378048428320     
   719.000000000000        3.29475069862090     
   720.000000000000        3.29628084071582     
   721.000000000000        3.29594405620404     
   722.000000000000        3.29757951235695     
   723.000000000000        3.29832387075706     
   724.000000000000        3.29914372521669     
   725.000000000000        3.29949290867691     
   726.000000000000        3.30093092461258     
   727.000000000000        3.30180644059688     
   728.000000000000        3.30206996350770     
   729.000000000000        3.30301308875038     
   730.000000000000        3.30414162271817     
   731.000000000000        3.30489742089768     
   732.000000000000        3.30543325865180     
   733.000000000000        3.30696033140582     
   734.000000000000        3.30711481976355     
   735.000000000000        3.30807363485011     
   736.000000000000        3.30902081021781     
   737.000000000000        3.30953418450336     
   738.000000000000        3.31122118180692     
   739.000000000000        3.31119540582782     
   740.000000000000        3.31233905954184     
   741.000000000000        3.31321942811089     
   742.000000000000        3.31375328538360     
   743.000000000000        3.31519997977261     
   744.000000000000        3.31504445659308     
   745.000000000000        3.31693773468029     
   746.000000000000        3.31721769585702     
   747.000000000000        3.31829581265815     
   748.000000000000        3.31890816238041     
   749.000000000000        3.31965800290437     
   750.000000000000        3.32053579387552     
   751.000000000000        3.32184645377862     
   752.000000000000        3.32202725038672     
   753.000000000000        3.32322216155351     
   754.000000000000        3.32396643619519     
   755.000000000000        3.32480297479224     
   756.000000000000        3.32536042492128     
   757.000000000000        3.32670333181711     
   758.000000000000        3.32767361640380     
   759.000000000000        3.32768332697706     
   760.000000000000        3.32910452368109     
   761.000000000000        3.33005734868949     
   762.000000000000        3.33018586653243     
   763.000000000000        3.33163292837775     
   764.000000000000        3.33272553538600     
   765.000000000000        3.33238338222952     
   766.000000000000        3.33476292929596     
   767.000000000000        3.33420909158663     
   768.000000000000        3.33585238320488     
   769.000000000000        3.33648508082007     
   770.000000000000        3.33740147091462     
   771.000000000000        3.33821731307563     
   772.000000000000        3.33917212396921     
   773.000000000000        3.33965244339854     
   774.000000000000        3.34052642741428     
   775.000000000000        3.34154017721856     
   776.000000000000        3.34242589551912     
   777.000000000000        3.34275275060498     
   778.000000000000        3.34447354037925     
   779.000000000000        3.34452282275438     
   780.000000000000        3.34589943836249     
   781.000000000000        3.34644349795145     
   782.000000000000        3.34778085787819     
   783.000000000000        3.34749014860452     
   784.000000000000        3.34930392103546     
   785.000000000000        3.34994487560999     
   786.000000000000        3.35075072079797     
   787.000000000000        3.35120753653315     
   788.000000000000        3.35272135113943     
   789.000000000000        3.35281908911300     
   790.000000000000        3.35433639725606     
   791.000000000000        3.35479956512195     
   792.000000000000        3.35577102232656     
   793.000000000000        3.35633569999691     
   794.000000000000        3.35743816618207     
   795.000000000000        3.35775946889508     
   796.000000000000        3.35968826865915     
   797.000000000000        3.35966893397294     
   798.000000000000        3.36058117667463     
   799.000000000000        3.36168375093518     
   800.000000000000        3.36276341321430     
   801.000000000000        3.36246314737479     
   802.000000000000        3.36441605875704     
   803.000000000000        3.36482294636668     
   804.000000000000        3.36574175464795     
   805.000000000000        3.36685470144348     
   806.000000000000        3.36681235480613     
   807.000000000000        3.36884182679043     
   808.000000000000        3.36839249797748     
   809.000000000000        3.37058531509724     
   810.000000000000        3.37002226936518     
   811.000000000000        3.37180530785878     
   812.000000000000        3.37283874089238     
   813.000000000000        3.37259702219030     
   814.000000000000        3.37444485457852     
   815.000000000000        3.37464431580544     
   816.000000000000        3.37552417642018     
   817.000000000000        3.37690154855598     
   818.000000000000        3.37746546429488     
   819.000000000000        3.37787681811976     
   820.000000000000        3.37899914585862     
   821.000000000000        3.38019844488601     
   822.000000000000        3.38038009528963     
   823.000000000000        3.38181520399747     
   824.000000000000        3.38226643763908     
   825.000000000000        3.38348896206649     
   826.000000000000        3.38344355689577     
   827.000000000000        3.38492541901475     
   828.000000000000        3.38618395416013     
   829.000000000000        3.38608724560460     
   830.000000000000        3.38728785234412     
   831.000000000000        3.38851518882801     
   832.000000000000        3.38890840490157     
   833.000000000000        3.38984867965600     
   834.000000000000        3.39034878498627     
   835.000000000000        3.39202928155548     
   836.000000000000        3.39228781408544     
   837.000000000000        3.39235632847516     
   838.000000000000        3.39460703617439     
   839.000000000000        3.39504447129133     
   840.000000000000        3.39507611576378     
   841.000000000000        3.39650928992225     
   842.000000000000        3.39756998767335     
   843.000000000000        3.39778770013075     
   844.000000000000        3.39921180406261     
   845.000000000000        3.39906581313195     
   846.000000000000        3.40154775081724     
   847.000000000000        3.40068484182649     
   848.000000000000        3.40270647564357     
   849.000000000000        3.40238592405448     
   850.000000000000        3.40456305403224     
   851.000000000000        3.40405029037262     
   852.000000000000        3.40579668590726     
   853.000000000000        3.40670118230579     
   854.000000000000        3.40652317404261     
   855.000000000000        3.40874715199748     
   856.000000000000        3.40832114315051     
   857.000000000000        3.40951494654462     
   858.000000000000        3.41018528141230     
   859.000000000000        3.41211280588684     
   860.000000000000        3.41141916726447     
   861.000000000000        3.41271764166802     
   862.000000000000        3.41428474284241     
   863.000000000000        3.41425371439964     
   864.000000000000        3.41511218959777     
   865.000000000000        3.41641456011892     
   866.000000000000        3.41737620678055     
   867.000000000000        3.41696057046857     
   868.000000000000        3.41915215552895     
   869.000000000000        3.41952944939655     
   870.000000000000        3.41947543061772     
   871.000000000000        3.42171380961752     
   872.000000000000        3.42179487966498     
   873.000000000000        3.42247804037887     
   874.000000000000        3.42348910180796     
   875.000000000000        3.42490723187297     
   876.000000000000        3.42451610975998     
   877.000000000000        3.42603212640220     
   878.000000000000        3.42627115672911     
   879.000000000000        3.42800280537759     
   880.000000000000        3.42811984021098     
   881.000000000000        3.42960412592045     
   882.000000000000        3.42943624161886     
   883.000000000000        3.43139917969487     
   884.000000000000        3.43122246833629     
   885.000000000000        3.43230866647426     
   886.000000000000        3.43313240354207     
   887.000000000000        3.43417691970630     
   888.000000000000        3.43450726832896     
   889.000000000000        3.43602102079189     
   890.000000000000        3.43601693554237     
   891.000000000000        3.43733784369377     
   892.000000000000        3.43825538749305     
   893.000000000000        3.43858003243731     
   894.000000000000        3.43988228947931     
   895.000000000000        3.44006889784118     
   896.000000000000        3.44141177231439     
   897.000000000000        3.44180871158493     
   898.000000000000        3.44283366070088     
   899.000000000000        3.44387420779663     
   900.000000000000        3.44420091698073     
   901.000000000000        3.44476814793203     
   902.000000000000        3.44708529227172     
   903.000000000000        3.44615416069478     
   904.000000000000        3.44713963797859     
   905.000000000000        3.44922653041444     
   906.000000000000        3.44852144120513     
   907.000000000000        3.45053145962031     
   908.000000000000        3.45017743168101     
   909.000000000000        3.45160713391776     
   910.000000000000        3.45300457565238     
   911.000000000000        3.45255806490506     
   912.000000000000        3.45371870536757     
   913.000000000000        3.45559389163549     
   914.000000000000        3.45441749918576     
   915.000000000000        3.45693611495451     
   916.000000000000        3.45711069452614     
   917.000000000000        3.45771594639755     
   918.000000000000        3.45877562824005     
   919.000000000000        3.45863754842750     
   920.000000000000        3.46095433071465     
   921.000000000000        3.46089897720483     
   922.000000000000        3.46196631078451     
   923.000000000000        3.46189560516638     
   924.000000000000        3.46429317920688     
   925.000000000000        3.46350628773938     
   926.000000000000        3.46504140130197     
   927.000000000000        3.46532192447070     
   928.000000000000        3.46691384515703     
   929.000000000000        3.46682442628615     
   930.000000000000        3.46834247204371     
   931.000000000000        3.46869613252670     
   932.000000000000        3.46919111238189     
   933.000000000000        3.47115386132597     
   934.000000000000        3.47043786460852     
   935.000000000000        3.47186474337587     
   936.000000000000        3.47281886799076     
   937.000000000000        3.47312658562800     
   938.000000000000        3.47460552160596     
   939.000000000000        3.47487459959151     
   940.000000000000        3.47589321278807     
   941.000000000000        3.47638745502875     
   942.000000000000        3.47704287008967     
   943.000000000000        3.47776826936553     
   944.000000000000        3.47899239330863     
   945.000000000000        3.48001214129672     
   946.000000000000        3.47999363068532     
   947.000000000000        3.48109055800704     
   948.000000000000        3.48167231699185     
   949.000000000000        3.48293728802635     
   950.000000000000        3.48311913296566     
   951.000000000000        3.48432400057721     
   952.000000000000        3.48452825224553     
   953.000000000000        3.48602555833689     
   954.000000000000        3.48599496489755     
   955.000000000000        3.48771640312412     
   956.000000000000        3.48729506853752     
   957.000000000000        3.48928543074222     
   958.000000000000        3.48890134974050     
   959.000000000000        3.48988214195641     
   960.000000000000        3.49141764729227     
   961.000000000000        3.49205557035228     
   962.000000000000        3.49215441339664     
   963.000000000000        3.49273506731065     
   964.000000000000        3.49437207164343     
   965.000000000000        3.49452659782755     
   966.000000000000        3.49557960871696     
   967.000000000000        3.49544896449084     
   968.000000000000        3.49745782920129     
   969.000000000000        3.49825903795530     
   970.000000000000        3.49766802501573     
   971.000000000000        3.49913044437312     
   972.000000000000        3.50025491740836     
   973.000000000000        3.50004141989094     
   974.000000000000        3.50206749830819     
   975.000000000000        3.50168783488779     
   976.000000000000        3.50270292212494     
   977.000000000000        3.50391071047374     
   978.000000000000        3.50440809230433     
   979.000000000000        3.50467696494666     
   980.000000000000        3.50613324562223     
   981.000000000000        3.50635533783457     
   982.000000000000        3.50741432259084     
   983.000000000000        3.50754391308197     
   984.000000000000        3.50939994298807     
   985.000000000000        3.50886525623679     
   986.000000000000        3.51058935581970     
   987.000000000000        3.51102701519306     
   988.000000000000        3.51138093235510     
   989.000000000000        3.51233227402885     
   990.000000000000        3.51321950538479     
   991.000000000000        3.51324185537421     
   992.000000000000        3.51535573963724     
   993.000000000000        3.51515133396150     
   994.000000000000        3.51564033994982     
   995.000000000000        3.51680336617643     
   996.000000000000        3.51787819748589     
   997.000000000000        3.51795677909763     
   998.000000000000        3.51896411192598     
   999.000000000000        3.51944275078309     
   1000.00000000000        3.51996392270760     
   1001.00000000000        3.52133914954702     
   1002.00000000000        3.52197370876070     
   1003.00000000000        3.52248869336947     
   1004.00000000000        3.52295429293150     
   1005.00000000000        3.52366907109899     
   1006.00000000000        3.52504694038155     
   1007.00000000000        3.52530233061972     
   1008.00000000000        3.52613137418888     
   1009.00000000000        3.52621904223854     
   1010.00000000000        3.52754433014488     
   1011.00000000000        3.52876698426275     
   1012.00000000000        3.52868908622782     
   1013.00000000000        3.52929659957664     
   1014.00000000000        3.53061623243851     
   1015.00000000000        3.53037939063813     
   1016.00000000000        3.53261131483561     
   1017.00000000000        3.53158737082074     
   1018.00000000000        3.53349212921562     
   1019.00000000000        3.53374462843726     
   1020.00000000000        3.53454750695595     
   1021.00000000000        3.53481550418766     
   1022.00000000000        3.53656559319855     
   1023.00000000000        3.53625865910785     
   1024.00000000000        3.53785340326358     
   1025.00000000000        3.53743944212006     
   1026.00000000000        3.53895842543157     
   1027.00000000000        3.53943585384438     
   1028.00000000000        3.53933254458477     
   1029.00000000000        3.54173288535510     
   1030.00000000000        3.54133156092586     
   1031.00000000000        3.54187824944853     
   1032.00000000000        3.54277623700707     
   1033.00000000000        3.54370838179073     
   1034.00000000000        3.54473625974959     
   1035.00000000000        3.54419627460260     
   1036.00000000000        3.54634420531349     
   1037.00000000000        3.54619215135378     
   1038.00000000000        3.54651839040996     
   1039.00000000000        3.54798964493000     
   1040.00000000000        3.54836408020369     
   1041.00000000000        3.54875235723220     
   1042.00000000000        3.55038203135206     
   1043.00000000000        3.55008636952392     
   1044.00000000000        3.55115450015956     
   1045.00000000000        3.55122711871199     
   1046.00000000000        3.55294385025559     
   1047.00000000000        3.55357673700270     
   1048.00000000000        3.55370598705637     
   1049.00000000000        3.55414927985913     
   1050.00000000000        3.55496143394765     
   1051.00000000000        3.55613216054538     
   1052.00000000000        3.55693484723026     
   1053.00000000000        3.55700713074899     
   1054.00000000000        3.55759712237618     
   1055.00000000000        3.55888304382388     
   1056.00000000000        3.55929763450652     
   1057.00000000000        3.55942959995421     
   1058.00000000000        3.56147927122780     
   1059.00000000000        3.56071665889533     
   1060.00000000000        3.56186226337003     
   1061.00000000000        3.56230994403338     
   1062.00000000000        3.56334896996810     
   1063.00000000000        3.56450713010054     
   1064.00000000000        3.56421800413125     
   1065.00000000000        3.56531186751583     
   1066.00000000000        3.56632660891176     
   1067.00000000000        3.56581767922638     
   1068.00000000000        3.56799668701395     
   1069.00000000000        3.56766934829074     
   1070.00000000000        3.56904373754593     
   1071.00000000000        3.56836859872743     
   1072.00000000000        3.57073300443256     
   1073.00000000000        3.57024576817865     
   1074.00000000000        3.57154184060679     
   1075.00000000000        3.57160551592119     
   1076.00000000000        3.57217188767319     
   1077.00000000000        3.57380981064674     
   1078.00000000000        3.57374654601880     
   1079.00000000000        3.57451953899191     
   1080.00000000000        3.57506896722558     
   1081.00000000000        3.57613024858376     
   1082.00000000000        3.57679562819509     
   1083.00000000000        3.57639100746663     
   1084.00000000000        3.57845733585878     
   1085.00000000000        3.57809113322747     
   1086.00000000000        3.57966651027438     
   1087.00000000000        3.57950591565745     
   1088.00000000000        3.58049718307996     
   1089.00000000000        3.58093105711300     
   1090.00000000000        3.58184856308589     
   1091.00000000000        3.58201888448739     
   1092.00000000000        3.58347284424409     
   1093.00000000000        3.58363882912080     
   1094.00000000000        3.58434594744545     
   1095.00000000000        3.58455132579964     
   1096.00000000000        3.58681509711092     
   1097.00000000000        3.58545209359743     
   1098.00000000000        3.58710070792835     
   1099.00000000000        3.58730028803819     
   1100.00000000000        3.58825810883122     
   1101.00000000000        3.58977396876414     
   1102.00000000000        3.58837766182106     
   1103.00000000000        3.59104978786531     
   1104.00000000000        3.59015332957346     
   1105.00000000000        3.59229165778647     
   1106.00000000000        3.59156818225245     
   1107.00000000000        3.59268594921010     
   1108.00000000000        3.59376095073829     
   1109.00000000000        3.59371138466528     
   1110.00000000000        3.59433967280480     
   1111.00000000000        3.59555460763837     
   1112.00000000000        3.59654957664278     
   1113.00000000000        3.59650904567188     
   1114.00000000000        3.59680876843258     
   1115.00000000000        3.59806424774648     
   1116.00000000000        3.59791105629336     
   1117.00000000000        3.59987950081018     
   1118.00000000000        3.59984901004245     
   1119.00000000000        3.60066832412517     
   1120.00000000000        3.60023658998473     
   1121.00000000000        3.60204571787604     
   1122.00000000000        3.60252150354301     
   1123.00000000000        3.60320177053849     
   1124.00000000000        3.60298163989438     
   1125.00000000000        3.60518406491578     
   1126.00000000000        3.60462532058401     
   1127.00000000000        3.60475415724934     
   1128.00000000000        3.60733705625652     
   1129.00000000000        3.60551099565442     
   1130.00000000000        3.60865568942109     
   1131.00000000000        3.60699041797161     
   1132.00000000000        3.60931405764188     
   1133.00000000000        3.60933105789979     
   1134.00000000000        3.61038113454253     
   1135.00000000000        3.61030198823690     
   1136.00000000000        3.61138958054733     
   1137.00000000000        3.61162560367667     
   1138.00000000000        3.61254826754727     
   1139.00000000000        3.61273146072701     
   1140.00000000000        3.61446795655646     
   1141.00000000000        3.61427206992287     
   1142.00000000000        3.61486944039690     
   1143.00000000000        3.61550863334267     
   1144.00000000000        3.61733651501500     
   1145.00000000000        3.61579306884030     
   1146.00000000000        3.61797870975456     
   1147.00000000000        3.61796232012257     
   1148.00000000000        3.61953780524487     
   1149.00000000000        3.61911747305746     
   1150.00000000000        3.61974735801078     
   1151.00000000000        3.62075537441593     
   1152.00000000000        3.62221099583166     
   1153.00000000000        3.62155775848973     
   1154.00000000000        3.62208588236332     
   1155.00000000000        3.62428840195068     
   1156.00000000000        3.62273812270983     
   1157.00000000000        3.62515610678661     
   1158.00000000000        3.62540147843667     
   1159.00000000000        3.62534123991948     
   1160.00000000000        3.62612172521860     
   1161.00000000000        3.62812782319922     
   1162.00000000000        3.62690449361019     
   1163.00000000000        3.62832577407265     
   1164.00000000000        3.62877547304379     
   1165.00000000000        3.63048910552576     
   1166.00000000000        3.62933976704654     
   1167.00000000000        3.63121008722029     
   1168.00000000000        3.63106487713428     
   1169.00000000000        3.63292289832934     
   1170.00000000000        3.63169660477290     
   1171.00000000000        3.63450321171942     
   1172.00000000000        3.63262589636643     
   1173.00000000000        3.63594091964025     
   1174.00000000000        3.63459027995069     
   1175.00000000000        3.63553690143205     
   1176.00000000000        3.63735047662541     
   1177.00000000000        3.63684356794972     
   1178.00000000000        3.63754001383019     
   1179.00000000000        3.63885675837742     
   1180.00000000000        3.63909925522227     
   1181.00000000000        3.63919334024785     
   1182.00000000000        3.64040332522883     
   1183.00000000000        3.64106037492993     
   1184.00000000000        3.64183489176596     
   1185.00000000000        3.64171223431072     
   1186.00000000000        3.64355170166421     
   1187.00000000000        3.64289072882667     
   1188.00000000000        3.64519577682900     
   1189.00000000000        3.64357381388779     
   1190.00000000000        3.64577331547006     
   1191.00000000000        3.64605025053603     
   1192.00000000000        3.64667999769324     
   1193.00000000000        3.64728954826305     
   1194.00000000000        3.64818856253773     
   1195.00000000000        3.64834780621236     
   1196.00000000000        3.64973338667358     
   1197.00000000000        3.64925330501009     
   1198.00000000000        3.65026275071220     
   1199.00000000000        3.65143077002155     
   1200.00000000000        3.65246596468390     
   1201.00000000000        3.65168711942875     
   1202.00000000000        3.65329219018743     
   1203.00000000000        3.65388075792143     
   1204.00000000000        3.65364547781035     
   1205.00000000000        3.65596705324079     
   1206.00000000000        3.65473570986203     
   1207.00000000000        3.65710089100805     
   1208.00000000000        3.65683102137031     
   1209.00000000000        3.65705547502979     
   1210.00000000000        3.65791607120733     
   1211.00000000000        3.65952237402539     
   1212.00000000000        3.65943987468097     
   1213.00000000000        3.66054194368909     
   1214.00000000000        3.66031241589033     
   1215.00000000000        3.66121994920716     
   1216.00000000000        3.66270554533066     
   1217.00000000000        3.66227818824328     
   1218.00000000000        3.66386907951158     
   1219.00000000000        3.66371203517102     
   1220.00000000000        3.66388931662724     
   1221.00000000000        3.66662528550274     
   1222.00000000000        3.66574545190684     
   1223.00000000000        3.66650485710230     
   1224.00000000000        3.66688689547926     
   1225.00000000000        3.66828739034347     
   1226.00000000000        3.66888696555534     
   1227.00000000000        3.66890910209588     
   1228.00000000000        3.67050572406141     
   1229.00000000000        3.67044308897258     
   1230.00000000000        3.67085404562044     
   1231.00000000000        3.67200584281464     
   1232.00000000000        3.67347421982758     
   1233.00000000000        3.67207844515576     
   1234.00000000000        3.67473320078392     
   1235.00000000000        3.67375362711796     
   1236.00000000000        3.67550939819217     
   1237.00000000000        3.67639755899641     
   1238.00000000000        3.67680067747703     
   1239.00000000000        3.67668745770470     
   1240.00000000000        3.67789934481244     
   1241.00000000000        3.67864903403086     
   1242.00000000000        3.67905622154970     
   1243.00000000000        3.68043323973861     
   1244.00000000000        3.68015402428203     
   1245.00000000000        3.68173317045797     
   1246.00000000000        3.68151236434270     
   1247.00000000000        3.68243537135264     
   1248.00000000000        3.68421496764526     
   1249.00000000000        3.68377891048946     
   1250.00000000000        3.68437089880936     
   1251.00000000000        3.68537486238761     
   1252.00000000000        3.68574652552771     
   1253.00000000000        3.68741070811770     
   1254.00000000000        3.68632843581805     
   1255.00000000000        3.68923757388141     
   1256.00000000000        3.68823388049162     
   1257.00000000000        3.68976092082302     
   1258.00000000000        3.69047676353305     
   1259.00000000000        3.69052575140275     
   1260.00000000000        3.69124422304650     
   1261.00000000000        3.69294723442009     
   1262.00000000000        3.69188297018131     
   1263.00000000000        3.69470601809562     
   1264.00000000000        3.69425032904631     
   1265.00000000000        3.69502314639693     
   1266.00000000000        3.69488268892593     
   1267.00000000000        3.69800321163296     
   1268.00000000000        3.69621803594864     
   1269.00000000000        3.69795356450341     
   1270.00000000000        3.69838673604645     
   1271.00000000000        3.70009348412645     
   1272.00000000000        3.69962971644218     
   1273.00000000000        3.70085975481067     
   1274.00000000000        3.70104072704127     
   1275.00000000000        3.70210275952337     
   1276.00000000000        3.70382384110117     
   1277.00000000000        3.70311405331454     
   1278.00000000000        3.70385232436864     
   1279.00000000000        3.70595567398360     
   1280.00000000000        3.70554697340939     
   1281.00000000000        3.70638603016289     
   1282.00000000000        3.70734311063954     
   1283.00000000000        3.70753800297960     
   1284.00000000000        3.70961941599348     
   1285.00000000000        3.70838735661531     
   1286.00000000000        3.71172843686422     
   1287.00000000000        3.71006983096405     
   1288.00000000000        3.71170322828089     
   1289.00000000000        3.71301427455350     
   1290.00000000000        3.71262896419428     
   1291.00000000000        3.71356408105100     
   1292.00000000000        3.71574241606931     
   1293.00000000000        3.71493269637881     
   1294.00000000000        3.71624998130296     
   1295.00000000000        3.71722196537507     
   1296.00000000000        3.71806145443010     
   1297.00000000000        3.71745051509160     
   1298.00000000000        3.72021149531286     
   1299.00000000000        3.72027682688252     
   1300.00000000000        3.72056264304317     
   1301.00000000000        3.72063358372527     
   1302.00000000000        3.72379946296909     
   1303.00000000000        3.72220954167737     
   1304.00000000000        3.72478785018262     
   1305.00000000000        3.72467895072376     
   1306.00000000000        3.72514420714645     
   1307.00000000000        3.72607900788267     
   1308.00000000000        3.72839622787513     
   1309.00000000000        3.72709451931571     
   1310.00000000000        3.72842337100784     
   1311.00000000000        3.72937089221677     
   1312.00000000000        3.73157040190469     
   1313.00000000000        3.73044839839198     
   1314.00000000000        3.73200791267440     
   1315.00000000000        3.73275895013324     
   1316.00000000000        3.73334680456970     
   1317.00000000000        3.73526563167771     
   1318.00000000000        3.73427722014722     
   1319.00000000000        3.73670423932611     
   1320.00000000000        3.73706921259993     
   1321.00000000000        3.73780164217952     
   1322.00000000000        3.73843088138242     
   1323.00000000000        3.73948931765612     
   1324.00000000000        3.73974018764135     
   1325.00000000000        3.74239292496170     
   1326.00000000000        3.74068884093992     
   1327.00000000000        3.74352780025265     
   1328.00000000000        3.74400940307717     
   1329.00000000000        3.74433307804487     
   1330.00000000000        3.74535373116430     
   1331.00000000000        3.74606960089317     
   1332.00000000000        3.74797715303673     
   1333.00000000000        3.74740543425511     
   1334.00000000000        3.74880740434831     
   1335.00000000000        3.75085652443744     
   1336.00000000000        3.75000229119814     
   1337.00000000000        3.75234678941754     
   1338.00000000000        3.75219254693130     
   1339.00000000000        3.75312646144938     
   1340.00000000000        3.75478892834265     
   1341.00000000000        3.75556924882680     
   1342.00000000000        3.75644445409438     
   1343.00000000000        3.75692489781040     
   1344.00000000000        3.75772507714637     
   1345.00000000000        3.75920548294955     
   1346.00000000000        3.76005114040713     
   1347.00000000000        3.76142525947387     
   1348.00000000000        3.76129306706787     
   1349.00000000000        3.76315390903044     
   1350.00000000000        3.76350328972823     
   1351.00000000000        3.76500253307085     
   1352.00000000000        3.76623320368034     
   1353.00000000000        3.76589329849185     
   1354.00000000000        3.76791572666300     
   1355.00000000000        3.76895952952970     
   1356.00000000000        3.76972232018655     
   1357.00000000000        3.77036847318706     
   1358.00000000000        3.77267727951087     
