  0.000000000000000E+000  0.000000000000000E+000
   1.00000000000000       1.432223249589318E-007
   2.00000000000000       2.828188295974200E-007
   3.00000000000000       4.138608895998842E-007
   4.00000000000000       5.382082473168733E-007
   5.00000000000000       6.560388698322631E-007
   6.00000000000000       7.672342164820438E-007
   7.00000000000000       8.713299319089675E-007
   8.00000000000000       9.670520749657828E-007
   9.00000000000000       1.052715342544156E-006
   10.0000000000000       1.125478040088684E-006
   11.0000000000000       1.181596507917000E-006
   12.0000000000000       1.217471040376519E-006
   13.0000000000000       1.228992099887364E-006
   14.0000000000000       1.212283612416419E-006
   15.0000000000000       1.164306363054132E-006
   16.0000000000000       1.083004130226238E-006
   17.0000000000000       9.683089581196546E-007
   18.0000000000000       8.228197464607308E-007
   19.0000000000000       6.527250253728968E-007
   20.0000000000000       4.686555890605176E-007
   21.0000000000000       2.866509511148080E-007
   22.0000000000000       1.286766012383537E-007
   23.0000000000000       5.865198551854105E-009
   24.0000000000000       1.706791335535784E-009
   25.0000000000000       9.723952100064299E-008
   26.0000000000000       4.202151761462701E-007
   27.0000000000000       9.597788801104378E-007
   28.0000000000000       1.806515235175312E-006
   29.0000000000000       3.034222120764298E-006
   30.0000000000000       4.723073891294960E-006
   31.0000000000000       6.959472159717037E-006
   32.0000000000000       9.836984809215530E-006
   33.0000000000000       1.345514980151069E-005
   34.0000000000000       1.791797671943643E-005
   35.0000000000000       2.333460957237462E-005
   36.0000000000000       2.982000646526237E-005
   37.0000000000000       3.749080369569662E-005
   38.0000000000000       4.647009049894520E-005
   39.0000000000000       5.688013255357431E-005
   40.0000000000000       6.885066101169562E-005
   41.0000000000000       8.250870891922251E-005
   42.0000000000000       9.798570546148075E-005
   43.0000000000000       1.154132789234397E-004
   44.0000000000000       1.349236566464999E-004
   45.0000000000000       1.566486083032342E-004
   46.0000000000000       1.807200940035952E-004
   47.0000000000000       2.072631710755727E-004
   48.0000000000000       2.364201311832685E-004
   49.0000000000000       2.683033926806637E-004
   50.0000000000000       3.030377018582483E-004
   51.0000000000000       3.407574997635927E-004
   52.0000000000000       3.815654397812029E-004
   53.0000000000000       4.255763361753827E-004
   54.0000000000000       4.729180846876540E-004
   55.0000000000000       5.236714488523885E-004
   56.0000000000000       5.779461208505451E-004
   57.0000000000000       6.358450917754472E-004
   58.0000000000000       6.974325131428715E-004
   59.0000000000000       7.628447213291467E-004
   60.0000000000000       8.320839626460554E-004
   61.0000000000000       9.053043018250275E-004
   62.0000000000000       9.825000337851573E-004
   63.0000000000000       1.063779478444292E-003
   64.0000000000000       1.149183716856876E-003
   65.0000000000000       1.238768236554769E-003
   66.0000000000000       1.332557163245421E-003
   67.0000000000000       1.430599235649677E-003
   68.0000000000000       1.532952741942960E-003
   69.0000000000000       1.639592579629397E-003
   70.0000000000000       1.750552356826749E-003
   71.0000000000000       1.865894425387021E-003
   72.0000000000000       1.985557191336322E-003
   73.0000000000000       2.109640457618972E-003
   74.0000000000000       2.238038173234154E-003
   75.0000000000000       2.370787912121131E-003
   76.0000000000000       2.507946777094603E-003
   77.0000000000000       2.649376001230287E-003
   78.0000000000000       2.795196588762017E-003
   79.0000000000000       2.945250632371870E-003
   80.0000000000000       3.099607665008543E-003
   81.0000000000000       3.258208129071330E-003
   82.0000000000000       3.421089763195388E-003
   83.0000000000000       3.588068996963450E-003
   84.0000000000000       3.759244579517234E-003
   85.0000000000000       3.934512740366837E-003
   86.0000000000000       4.113870433298974E-003
   87.0000000000000       4.297221356610588E-003
   88.0000000000000       4.484565796473142E-003
   89.0000000000000       4.675905236794177E-003
   90.0000000000000       4.871022453687481E-003
   91.0000000000000       5.070018263724332E-003
   92.0000000000000       5.272833720033019E-003
   93.0000000000000       5.479403733265165E-003
   94.0000000000000       5.689634356331229E-003
   95.0000000000000       5.903359253557394E-003
   96.0000000000000       6.120878517405575E-003
   97.0000000000000       6.341741039400025E-003
   98.0000000000000       6.566094770509873E-003
   99.0000000000000       6.793908519099488E-003
   100.000000000000       7.025034045959564E-003
   101.000000000000       7.259490260102675E-003
   102.000000000000       7.497150536419125E-003
   103.000000000000       7.737941996764432E-003
   104.000000000000       7.982033613616104E-003
   105.000000000000       8.229041502822563E-003
   106.000000000000       8.478952531412561E-003
   107.000000000000       8.732088391014407E-003
   108.000000000000       8.988067836283004E-003
   109.000000000000       9.246635713503381E-003
   110.000000000000       9.508330667489392E-003
   111.000000000000       9.772456867652315E-003
   112.000000000000       1.003965113461195E-002
   113.000000000000       1.030905014307837E-002
   114.000000000000       1.058138314953991E-002
   115.000000000000       1.085595537543383E-002
   116.000000000000       1.113335373218034E-002
   117.000000000000       1.141283915698400E-002
   118.000000000000       1.169487220188683E-002
   119.000000000000       1.197954576006587E-002
   120.000000000000       1.226576260698428E-002
   121.000000000000       1.255473687962734E-002
   122.000000000000       1.284603436623584E-002
   123.000000000000       1.313907298217966E-002
   124.000000000000       1.343435946971596E-002
   125.000000000000       1.373210004011927E-002
   126.000000000000       1.403141457865175E-002
   127.000000000000       1.433251390794170E-002
   128.000000000000       1.463622851276747E-002
   129.000000000000       1.494122325190227E-002
   130.000000000000       1.524855995957734E-002
   131.000000000000       1.555731687136299E-002
   132.000000000000       1.586827703588827E-002
   133.000000000000       1.618035580732415E-002
   134.000000000000       1.649497977927702E-002
   135.000000000000       1.681075426682947E-002
   136.000000000000       1.712792053380174E-002
   137.000000000000       1.744727941745605E-002
   138.000000000000       1.776790906571630E-002
   139.000000000000       1.809046482371392E-002
   140.000000000000       1.841388937777894E-002
   141.000000000000       1.873931774982358E-002
   142.000000000000       1.906599828794298E-002
   143.000000000000       1.939394761304712E-002
   144.000000000000       1.972357392450522E-002
   145.000000000000       2.005460088396034E-002
   146.000000000000       2.038631256864944E-002
   147.000000000000       2.072035643408447E-002
   148.000000000000       2.105511002652357E-002
   149.000000000000       2.139101554022352E-002
   150.000000000000       2.172849973704287E-002
   151.000000000000       2.206705757313126E-002
   152.000000000000       2.240691195924949E-002
   153.000000000000       2.274782471455928E-002
   154.000000000000       2.308987753791062E-002
   155.000000000000       2.343297639500957E-002
   156.000000000000       2.377705243651368E-002
   157.000000000000       2.412285497254816E-002
   158.000000000000       2.446888689202497E-002
   159.000000000000       2.481656349016529E-002
   160.000000000000       2.516534231444912E-002
   161.000000000000       2.551457153827964E-002
   162.000000000000       2.586506786653710E-002
   163.000000000000       2.621681504545858E-002
   164.000000000000       2.656887748431282E-002
   165.000000000000       2.692270612817712E-002
   166.000000000000       2.727639960340541E-002
   167.000000000000       2.763222428133858E-002
   168.000000000000       2.798812306659390E-002
   169.000000000000       2.834507087262370E-002
   170.000000000000       2.870270855972369E-002
   171.000000000000       2.906164395010438E-002
   172.000000000000       2.942103157864423E-002
   173.000000000000       2.978145929953777E-002
   174.000000000000       3.014260537730500E-002
   175.000000000000       3.050454571906141E-002
   176.000000000000       3.086763756255179E-002
   177.000000000000       3.123104638525137E-002
   178.000000000000       3.159479911632513E-002
   179.000000000000       3.195980690877011E-002
   180.000000000000       3.232611184123328E-002
   181.000000000000       3.269221572268934E-002
   182.000000000000       3.305943967002724E-002
   183.000000000000       3.342719042066843E-002
   184.000000000000       3.379610487320486E-002
   185.000000000000       3.416507613985587E-002
   186.000000000000       3.453547219974461E-002
   187.000000000000       3.490583456477048E-002
   188.000000000000       3.527729871113642E-002
   189.000000000000       3.564883153237644E-002
   190.000000000000       3.602153485658027E-002
   191.000000000000       3.639464693694484E-002
   192.000000000000       3.676828317628920E-002
   193.000000000000       3.714339596847008E-002
   194.000000000000       3.751741825704569E-002
   195.000000000000       3.789348902812361E-002
   196.000000000000       3.827032121489025E-002
   197.000000000000       3.864664153995761E-002
   198.000000000000       3.902383908799918E-002
   199.000000000000       3.940224067021481E-002
   200.000000000000       3.978038708924749E-002
   201.000000000000       4.015940711661524E-002
   202.000000000000       4.053966384103332E-002
   203.000000000000       4.091946751842817E-002
   204.000000000000       4.129999078714322E-002
   205.000000000000       4.168139623150610E-002
   206.000000000000       4.206317251360714E-002
   207.000000000000       4.244584627140865E-002
   208.000000000000       4.282855645396387E-002
   209.000000000000       4.321172826289867E-002
   210.000000000000       4.359573698473534E-002
   211.000000000000       4.398005099662512E-002
   212.000000000000       4.436446021565203E-002
   213.000000000000       4.475082999077747E-002
   214.000000000000       4.513570263093183E-002
   215.000000000000       4.552217832229497E-002
   216.000000000000       4.590906982146817E-002
   217.000000000000       4.629764796522110E-002
   218.000000000000       4.668410114290142E-002
   219.000000000000       4.707281564920531E-002
   220.000000000000       4.746126038768844E-002
   221.000000000000       4.785105208118808E-002
   222.000000000000       4.823988379827363E-002
   223.000000000000       4.863046957043522E-002
   224.000000000000       4.902113017606814E-002
   225.000000000000       4.941196439965767E-002
   226.000000000000       4.980413866807955E-002
   227.000000000000       5.019509080891818E-002
   228.000000000000       5.058814965995408E-002
   229.000000000000       5.098077693085141E-002
   230.000000000000       5.137395206573407E-002
   231.000000000000       5.176825157599366E-002
   232.000000000000       5.216091830027644E-002
   233.000000000000       5.255695929395394E-002
   234.000000000000       5.295098772261791E-002
   235.000000000000       5.334689917579784E-002
   236.000000000000       5.374232584408237E-002
   237.000000000000       5.413901187227435E-002
   238.000000000000       5.453534342976995E-002
   239.000000000000       5.493180850766340E-002
   240.000000000000       5.533086019475090E-002
   241.000000000000       5.572744737187327E-002
   242.000000000000       5.612591427021066E-002
   243.000000000000       5.652501681062302E-002
   244.000000000000       5.692355140270552E-002
   245.000000000000       5.732384763792485E-002
   246.000000000000       5.772363528559491E-002
   247.000000000000       5.812421156652321E-002
   248.000000000000       5.852390646760422E-002
   249.000000000000       5.892566159682428E-002
   250.000000000000       5.932791583162282E-002
   251.000000000000       5.972818553766007E-002
   252.000000000000       6.013200540441638E-002
   253.000000000000       6.053418682908732E-002
   254.000000000000       6.093689048774899E-002
   255.000000000000       6.134072976614697E-002
   256.000000000000       6.174432999684266E-002
   257.000000000000       6.214840765759681E-002
   258.000000000000       6.255363311255761E-002
   259.000000000000       6.295781187731068E-002
   260.000000000000       6.336456142762804E-002
   261.000000000000       6.376934269684982E-002
   262.000000000000       6.417512176804703E-002
   263.000000000000       6.458204704191593E-002
   264.000000000000       6.498956037369201E-002
   265.000000000000       6.539624986725436E-002
   266.000000000000       6.580525211685528E-002
   267.000000000000       6.621138356905008E-002
   268.000000000000       6.662130973500426E-002
   269.000000000000       6.702882773752007E-002
   270.000000000000       6.743945075892104E-002
   271.000000000000       6.784803778138260E-002
   272.000000000000       6.825628776021560E-002
   273.000000000000       6.867037384802845E-002
   274.000000000000       6.907881089508011E-002
   275.000000000000       6.949000020214594E-002
   276.000000000000       6.990159637024861E-002
   277.000000000000       7.031393241270315E-002
   278.000000000000       7.072578996237215E-002
   279.000000000000       7.113817650351752E-002
   280.000000000000       7.155020654024749E-002
   281.000000000000       7.196481991223681E-002
   282.000000000000       7.237840141923955E-002
   283.000000000000       7.279267591399521E-002
   284.000000000000       7.320490981821794E-002
   285.000000000000       7.362142862162659E-002
   286.000000000000       7.403569297915868E-002
   287.000000000000       7.445182812676715E-002
   288.000000000000       7.486741241232286E-002
   289.000000000000       7.528343359105930E-002
   290.000000000000       7.570093516144091E-002
   291.000000000000       7.611678601261954E-002
   292.000000000000       7.653547359911743E-002
   293.000000000000       7.695202619977581E-002
   294.000000000000       7.736974334189060E-002
   295.000000000000       7.778899284744346E-002
   296.000000000000       7.820708502920969E-002
   297.000000000000       7.862815045601036E-002
   298.000000000000       7.904476940926634E-002
   299.000000000000       7.946587643627614E-002
   300.000000000000       7.988724019237352E-002
   301.000000000000       8.030721326919361E-002
   302.000000000000       8.072711818058191E-002
   303.000000000000       8.114877512678285E-002
   304.000000000000       8.157069369646273E-002
   305.000000000000       8.199228020440247E-002
   306.000000000000       8.241599857781511E-002
   307.000000000000       8.283793114070681E-002
   308.000000000000       8.326220206704232E-002
   309.000000000000       8.368574827101506E-002
   310.000000000000       8.410810951365802E-002
   311.000000000000       8.453351970952265E-002
   312.000000000000       8.495792685602292E-002
   313.000000000000       8.538346947259545E-002
   314.000000000000       8.580843657713898E-002
   315.000000000000       8.623363285812298E-002
   316.000000000000       8.666022189312478E-002
   317.000000000000       8.708577359213059E-002
   318.000000000000       8.751471182811761E-002
   319.000000000000       8.793894613561537E-002
   320.000000000000       8.836867373397760E-002
   321.000000000000       8.879508810447674E-002
   322.000000000000       8.922626756223560E-002
   323.000000000000       8.965165411713559E-002
   324.000000000000       9.008313602355413E-002
   325.000000000000       9.051182239822610E-002
   326.000000000000       9.093945972486334E-002
   327.000000000000       9.137163029980457E-002
   328.000000000000       9.180363620465309E-002
   329.000000000000       9.223206401122216E-002
   330.000000000000       9.266351246618100E-002
   331.000000000000       9.309650886464693E-002
   332.000000000000       9.352977359792226E-002
   333.000000000000       9.395917704933057E-002
   334.000000000000       9.439137218801613E-002
   335.000000000000       9.482820855642279E-002
   336.000000000000       9.525893934738365E-002
   337.000000000000       9.569586838897415E-002
   338.000000000000       9.612580958335171E-002
   339.000000000000       9.656322280649686E-002
   340.000000000000       9.699937139277383E-002
   341.000000000000       9.743033941503472E-002
   342.000000000000       9.787152353732449E-002
   343.000000000000       9.830516246769136E-002
   344.000000000000       9.874021997971270E-002
   345.000000000000       9.917996185574787E-002
   346.000000000000       9.961507595251751E-002
   347.000000000000       0.100052573182732     
   348.000000000000       0.100494673050304     
   349.000000000000       0.100927957209584     
   350.000000000000       0.101369426611261     
   351.000000000000       0.101808037564067     
   352.000000000000       0.102245933838133     
   353.000000000000       0.102688578319683     
   354.000000000000       0.103128369574648     
   355.000000000000       0.103569373356934     
   356.000000000000       0.104008476834733     
   357.000000000000       0.104453115565497     
   358.000000000000       0.104892822847811     
   359.000000000000       0.105335174931843     
   360.000000000000       0.105779489292138     
   361.000000000000       0.106223065380006     
   362.000000000000       0.106662397186295     
   363.000000000000       0.107111286083378     
   364.000000000000       0.107548886184927     
   365.000000000000       0.107998754558615     
   366.000000000000       0.108442153419732     
   367.000000000000       0.108889925930720     
   368.000000000000       0.109330639722359     
   369.000000000000       0.109785437711915     
   370.000000000000       0.110223835276959     
   371.000000000000       0.110672978958512     
   372.000000000000       0.111121244757439     
   373.000000000000       0.111566401641213     
   374.000000000000       0.112017707245771     
   375.000000000000       0.112465661509552     
   376.000000000000       0.112916517992037     
   377.000000000000       0.113361938671715     
   378.000000000000       0.113815772762401     
   379.000000000000       0.114260806218845     
   380.000000000000       0.114715806711971     
   381.000000000000       0.115164753064642     
   382.000000000000       0.115616976450387     
   383.000000000000       0.116067588870387     
   384.000000000000       0.116519460346738     
   385.000000000000       0.116975601305925     
   386.000000000000       0.117424881291238     
   387.000000000000       0.117877418002454     
   388.000000000000       0.118337328173331     
   389.000000000000       0.118787235448913     
   390.000000000000       0.119240451553463     
   391.000000000000       0.119695954304311     
   392.000000000000       0.120155537673720     
   393.000000000000       0.120606580302241     
   394.000000000000       0.121066872401078     
   395.000000000000       0.121520447761185     
   396.000000000000       0.121973411001070     
   397.000000000000       0.122440501661448     
   398.000000000000       0.122893337312158     
   399.000000000000       0.123353465289779     
   400.000000000000       0.123810742794769     
   401.000000000000       0.124271197133098     
   402.000000000000       0.124726203434801     
   403.000000000000       0.125189833446306     
   404.000000000000       0.125649276088110     
   405.000000000000       0.126113257681330     
   406.000000000000       0.126570290578043     
   407.000000000000       0.127031544377953     
   408.000000000000       0.127498833386485     
   409.000000000000       0.127956424971425     
   410.000000000000       0.128422065299256     
   411.000000000000       0.128884480901400     
   412.000000000000       0.129347364938826     
   413.000000000000       0.129809887668348     
   414.000000000000       0.130276898960623     
   415.000000000000       0.130741306824058     
   416.000000000000       0.131210441442927     
   417.000000000000       0.131669629184892     
   418.000000000000       0.132135514894161     
   419.000000000000       0.132604485648923     
   420.000000000000       0.133074362768596     
   421.000000000000       0.133545466785370     
   422.000000000000       0.134002536876919     
   423.000000000000       0.134478411214654     
   424.000000000000       0.134941195520104     
   425.000000000000       0.135412697645563     
   426.000000000000       0.135888433379788     
   427.000000000000       0.136350837793554     
   428.000000000000       0.136824594675183     
   429.000000000000       0.137296811449313     
   430.000000000000       0.137768608567911     
   431.000000000000       0.138235507480921     
   432.000000000000       0.138707981072282     
   433.000000000000       0.139185376684499     
   434.000000000000       0.139664167296971     
   435.000000000000       0.140127117792808     
   436.000000000000       0.140601654152638     
   437.000000000000       0.141076939848734     
   438.000000000000       0.141551237819232     
   439.000000000000       0.142031322088362     
   440.000000000000       0.142504579859275     
   441.000000000000       0.142979906751118     
   442.000000000000       0.143457516978719     
   443.000000000000       0.143930770967196     
   444.000000000000       0.144415826038613     
   445.000000000000       0.144886132463532     
   446.000000000000       0.145367914009641     
   447.000000000000       0.145843123986734     
   448.000000000000       0.146330248301116     
   449.000000000000       0.146797477693642     
   450.000000000000       0.147287170537821     
   451.000000000000       0.147765726186376     
   452.000000000000       0.148248434706687     
   453.000000000000       0.148729095960720     
   454.000000000000       0.149210905182808     
   455.000000000000       0.149690017088761     
   456.000000000000       0.150175557060634     
   457.000000000000       0.150653855952388     
   458.000000000000       0.151148959234306     
   459.000000000000       0.151625303297241     
   460.000000000000       0.152104096110500     
   461.000000000000       0.152599442476098     
   462.000000000000       0.153076455200352     
   463.000000000000       0.153574240110065     
   464.000000000000       0.154044366555497     
   465.000000000000       0.154536595805783     
   466.000000000000       0.155033793322812     
   467.000000000000       0.155505288951222     
   468.000000000000       0.156002499802902     
   469.000000000000       0.156490670470545     
   470.000000000000       0.156986001303596     
   471.000000000000       0.157467647307252     
   472.000000000000       0.157954818579358     
   473.000000000000       0.158453174905432     
   474.000000000000       0.158933102539627     
   475.000000000000       0.159433285202534     
   476.000000000000       0.159921875669424     
   477.000000000000       0.160418747952484     
   478.000000000000       0.160909070124685     
   479.000000000000       0.161390942644096     
   480.000000000000       0.161896587190184     
   481.000000000000       0.162387726941459     
   482.000000000000       0.162872343349567     
   483.000000000000       0.163372606915384     
   484.000000000000       0.163871817383494     
   485.000000000000       0.164374227733485     
   486.000000000000       0.164852064144046     
   487.000000000000       0.165356784364426     
   488.000000000000       0.165858120471130     
   489.000000000000       0.166349172529926     
   490.000000000000       0.166840231239327     
   491.000000000000       0.167352448739191     
   492.000000000000       0.167828681672989     
   493.000000000000       0.168346036488755     
   494.000000000000       0.168862024842448     
   495.000000000000       0.169352003442233     
   496.000000000000       0.169833827036938     
   497.000000000000       0.170354032007061     
   498.000000000000       0.170834128373649     
   499.000000000000       0.171346899502013     
   500.000000000000       0.171865203424821     
   501.000000000000       0.172357529011230     
   502.000000000000       0.172859087226084     
   503.000000000000       0.173356825149907     
   504.000000000000       0.173859735476523     
   505.000000000000       0.174370932616240     
   506.000000000000       0.174881070827223     
   507.000000000000       0.175366995606394     
   508.000000000000       0.175877825606604     
   509.000000000000       0.176393899888811     
   510.000000000000       0.176895938463213     
   511.000000000000       0.177403752946342     
   512.000000000000       0.177906281157154     
   513.000000000000       0.178418673966466     
   514.000000000000       0.178942613821014     
   515.000000000000       0.179429930100802     
   516.000000000000       0.179937946109698     
   517.000000000000       0.180456274157017     
   518.000000000000       0.180969445504320     
   519.000000000000       0.181459548992322     
   520.000000000000       0.181990820159597     
   521.000000000000       0.182506239134650     
   522.000000000000       0.182996155933776     
   523.000000000000       0.183517744363136     
   524.000000000000       0.184025232123933     
   525.000000000000       0.184559363611291     
   526.000000000000       0.185032338106243     
   527.000000000000       0.185584254863367     
   528.000000000000       0.186085611771679     
   529.000000000000       0.186587870099671     
   530.000000000000       0.187120703363297     
   531.000000000000       0.187629110409227     
   532.000000000000       0.188148351813608     
   533.000000000000       0.188667405959712     
   534.000000000000       0.189162831311021     
   535.000000000000       0.189696381094245     
   536.000000000000       0.190215840272591     
   537.000000000000       0.190723715184247     
   538.000000000000       0.191251704796816     
   539.000000000000       0.191753644033718     
   540.000000000000       0.192302337636251     
   541.000000000000       0.192795252562258     
   542.000000000000       0.193329634314084     
   543.000000000000       0.193842478753680     
   544.000000000000       0.194350134463446     
   545.000000000000       0.194896438523225     
   546.000000000000       0.195388954771323     
   547.000000000000       0.195927076028042     
   548.000000000000       0.196449703637028     
   549.000000000000       0.196967671632467     
   550.000000000000       0.197512047776172     
   551.000000000000       0.197996410947315     
   552.000000000000       0.198557588607595     
   553.000000000000       0.199055126378521     
   554.000000000000       0.199599347483806     
   555.000000000000       0.200127620754060     
   556.000000000000       0.200631282255683     
   557.000000000000       0.201151571508222     
   558.000000000000       0.201713475083368     
   559.000000000000       0.202235504525857     
   560.000000000000       0.202742374056521     
   561.000000000000       0.203243229807004     
   562.000000000000       0.203812595453226     
   563.000000000000       0.204306752574857     
   564.000000000000       0.204846938925125     
   565.000000000000       0.205385977863963     
   566.000000000000       0.205908086291432     
   567.000000000000       0.206443258350974     
   568.000000000000       0.206955823489231     
   569.000000000000       0.207493755482128     
   570.000000000000       0.208009560493099     
   571.000000000000       0.208584832324179     
   572.000000000000       0.209107793146453     
   573.000000000000       0.209588437236204     
   574.000000000000       0.210158214617057     
   575.000000000000       0.210696316153316     
   576.000000000000       0.211224750488678     
   577.000000000000       0.211742835772039     
   578.000000000000       0.212279930009224     
   579.000000000000       0.212814475954707     
   580.000000000000       0.213354384501634     
   581.000000000000       0.213856952876897     
   582.000000000000       0.214435857341076     
   583.000000000000       0.214926517697053     
   584.000000000000       0.215495392792925     
   585.000000000000       0.216006507759953     
   586.000000000000       0.216547627143863     
   587.000000000000       0.217089763454499     
   588.000000000000       0.217628552838293     
   589.000000000000       0.218132713368522     
   590.000000000000       0.218695393746736     
   591.000000000000       0.219262938011276     
   592.000000000000       0.219790589448322     
   593.000000000000       0.220294189584075     
   594.000000000000       0.220869558487809     
   595.000000000000       0.221364407817445     
   596.000000000000       0.221913928586939     
   597.000000000000       0.222446763722922     
   598.000000000000       0.223026549208636     
   599.000000000000       0.223526245082480     
   600.000000000000       0.224100787237759     
   601.000000000000       0.224615587906477     
   602.000000000000       0.225132650296645     
   603.000000000000       0.225704445107794     
   604.000000000000       0.226236675985313     
   605.000000000000       0.226760767422821     
   606.000000000000       0.227289278326996     
   607.000000000000       0.227871069031098     
   608.000000000000       0.228361924903428     
   609.000000000000       0.228956183903446     
   610.000000000000       0.229456605182955     
   611.000000000000       0.230038916922123     
   612.000000000000       0.230545081895590     
   613.000000000000       0.231088796511751     
   614.000000000000       0.231654010007544     
   615.000000000000       0.232167212004570     
   616.000000000000       0.232723398654577     
   617.000000000000       0.233307864685150     
   618.000000000000       0.233769750655535     
   619.000000000000       0.234372159973425     
   620.000000000000       0.234887539273664     
   621.000000000000       0.235404804964525     
   622.000000000000       0.236027272533135     
   623.000000000000       0.236503323173186     
   624.000000000000       0.237061795328697     
   625.000000000000       0.237616403238869     
   626.000000000000       0.238187068210846     
   627.000000000000       0.238666847766567     
   628.000000000000       0.239287026823776     
   629.000000000000       0.239751460598307     
   630.000000000000       0.240334291446150     
   631.000000000000       0.240937695616865     
   632.000000000000       0.241369702934690     
   633.000000000000       0.241977177907930     
   634.000000000000       0.242521240556171     
   635.000000000000       0.243046113165003     
   636.000000000000       0.243616113718354     
   637.000000000000       0.244148301293718     
   638.000000000000       0.244714180811712     
   639.000000000000       0.245271534174589     
   640.000000000000       0.245735984513589     
   641.000000000000       0.246379548871647     
   642.000000000000       0.246872175165500     
   643.000000000000       0.247441221275869     
   644.000000000000       0.247963777238452     
   645.000000000000       0.248519246127621     
   646.000000000000       0.249071707606360     
   647.000000000000       0.249531389927013     
   648.000000000000       0.250187059684005     
   649.000000000000       0.250758545829540     
   650.000000000000       0.251262457263091     
   651.000000000000       0.251774370882733     
   652.000000000000       0.252308505796026     
   653.000000000000       0.252871046708518     
   654.000000000000       0.253461476598252     
   655.000000000000       0.254017702097980     
   656.000000000000       0.254465739140801     
   657.000000000000       0.255148892046785     
   658.000000000000       0.255600672622189     
   659.000000000000       0.256154923003085     
   660.000000000000       0.256683777405093     
   661.000000000000       0.257262328598533     
   662.000000000000       0.257788692058524     
   663.000000000000       0.258380924344872     
   664.000000000000       0.258949489901446     
   665.000000000000       0.259387939115517     
   666.000000000000       0.260005340122756     
   667.000000000000       0.260511761648120     
   668.000000000000       0.261100660893638     
   669.000000000000       0.261586402845448     
   670.000000000000       0.262167035807684     
   671.000000000000       0.262686849513532     
   672.000000000000       0.263250132445475     
   673.000000000000       0.263784618368259     
   674.000000000000       0.264376272762323     
   675.000000000000       0.264837686458396     
   676.000000000000       0.265492549167419     
   677.000000000000       0.265956182899835     
   678.000000000000       0.266538424064265     
   679.000000000000       0.267082707449656     
   680.000000000000       0.267563634247053     
   681.000000000000       0.268261077382643     
   682.000000000000       0.268634181902325     
   683.000000000000       0.269198389675348     
   684.000000000000       0.269824584384931     
   685.000000000000       0.270412508927640     
   686.000000000000       0.270842281069576     
   687.000000000000       0.271423991116794     
   688.000000000000       0.271966183214150     
   689.000000000000       0.272529125568657     
   690.000000000000       0.273049526025273     
   691.000000000000       0.273614522236188     
   692.000000000000       0.274107831756571     
   693.000000000000       0.274666283399772     
   694.000000000000       0.275166427770036     
   695.000000000000       0.275821276125902     
   696.000000000000       0.276272356741314     
   697.000000000000       0.276942828040657     
   698.000000000000       0.277326108285684     
   699.000000000000       0.277930379459648     
   700.000000000000       0.278421012266602     
   701.000000000000       0.279066877204213     
   702.000000000000       0.279455770937074     
   703.000000000000       0.280068738617727     
   704.000000000000       0.280593735596701     
   705.000000000000       0.281157514649939     
   706.000000000000       0.281656796185880     
   707.000000000000       0.282182549221151     
   708.000000000000       0.282857981358672     
   709.000000000000       0.283212899694693     
   710.000000000000       0.283916617698914     
   711.000000000000       0.284330331369043     
   712.000000000000       0.284814240035045     
   713.000000000000       0.285423028604795     
   714.000000000000       0.286018469244263     
   715.000000000000       0.286525100030846     
   716.000000000000       0.287037091471122     
   717.000000000000       0.287599813532618     
   718.000000000000       0.288067414561865     
   719.000000000000       0.288682597707707     
   720.000000000000       0.289151652245656     
   721.000000000000       0.289734019634214     
   722.000000000000       0.290197583252031     
   723.000000000000       0.290840882636255     
   724.000000000000       0.291337201579426     
   725.000000000000       0.291798462705327     
   726.000000000000       0.292351149005797     
   727.000000000000       0.292925316802320     
   728.000000000000       0.293470869394527     
   729.000000000000       0.293962155926254     
   730.000000000000       0.294485370438992     
   731.000000000000       0.294909986803569     
   732.000000000000       0.295539453188947     
   733.000000000000       0.296045218808413     
   734.000000000000       0.296588224654207     
   735.000000000000       0.297165583005883     
   736.000000000000       0.297676312410859     
   737.000000000000       0.298182928225602     
   738.000000000000       0.298676833998020     
   739.000000000000       0.299133275988418     
   740.000000000000       0.299853325648805     
   741.000000000000       0.300127144440770     
   742.000000000000       0.300711218317090     
   743.000000000000       0.301373927954354     
   744.000000000000       0.301796487169853     
   745.000000000000       0.302285179714552     
   746.000000000000       0.302908223851291     
   747.000000000000       0.303268955898890     
   748.000000000000       0.303958420624027     
   749.000000000000       0.304355435765514     
   750.000000000000       0.304891071913311     
   751.000000000000       0.305429452499457     
   752.000000000000       0.306002476652677     
   753.000000000000       0.306457374947610     
   754.000000000000       0.306967591231084     
   755.000000000000       0.307523074025834     
   756.000000000000       0.307918679802981     
   757.000000000000       0.308444238004984     
   758.000000000000       0.309150750249974     
   759.000000000000       0.309466464526257     
   760.000000000000       0.309958501098143     
   761.000000000000       0.310642696566466     
   762.000000000000       0.310969061149423     
   763.000000000000       0.311473711996087     
   764.000000000000       0.312128010632995     
   765.000000000000       0.312559768664142     
   766.000000000000       0.312967903444798     
   767.000000000000       0.313484139875201     
   768.000000000000       0.314097214652883     
   769.000000000000       0.314717646070002     
   770.000000000000       0.314773295905682     
   771.000000000000       0.315706249595742     
   772.000000000000       0.316087550464388     
   773.000000000000       0.316574966857764     
   774.000000000000       0.316980809596555     
   775.000000000000       0.317630657722913     
   776.000000000000       0.317737112214113     
   777.000000000000       0.318694224394751     
   778.000000000000       0.318964769561623     
   779.000000000000       0.319467518837638     
   780.000000000000       0.320076421861199     
   781.000000000000       0.320443175739974     
   782.000000000000       0.320891059536725     
   783.000000000000       0.321547934085502     
   784.000000000000       0.321753251442202     
   785.000000000000       0.322426511840017     
   786.000000000000       0.323190192296055     
   787.000000000000       0.323172123684623     
   788.000000000000       0.323979332246806     
   789.000000000000       0.324411959617178     
   790.000000000000       0.324832501166920     
   791.000000000000       0.325319043767452     
   792.000000000000       0.325681551953450     
   793.000000000000       0.326349750916294     
   794.000000000000       0.326858450049727     
   795.000000000000       0.327008132862059     
   796.000000000000       0.327853328172117     
   797.000000000000       0.328061325432158     
   798.000000000000       0.328623905663710     
   799.000000000000       0.329145986597896     
   800.000000000000       0.329458284963019     
   801.000000000000       0.330092044096303     
   802.000000000000       0.330440481266039     
   803.000000000000       0.331052173012127     
   804.000000000000       0.331458245801671     
   805.000000000000       0.331777453910364     
   806.000000000000       0.332390773840075     
   807.000000000000       0.332923412202591     
   808.000000000000       0.333226306721852     
   809.000000000000       0.333825161634187     
   810.000000000000       0.334159700954080     
   811.000000000000       0.334609240303983     
   812.000000000000       0.334991674858711     
   813.000000000000       0.335846338971374     
   814.000000000000       0.335981069998160     
   815.000000000000       0.336533587867036     
   816.000000000000       0.336944285451614     
   817.000000000000       0.337350494867021     
   818.000000000000       0.337856395686492     
   819.000000000000       0.338175354018881     
   820.000000000000       0.338675110476560     
   821.000000000000       0.339169533940898     
   822.000000000000       0.339586030929428     
   823.000000000000       0.340121952790806     
   824.000000000000       0.340658875120009     
   825.000000000000       0.340649999991193     
   826.000000000000       0.341544764081953     
   827.000000000000       0.341780813795688     
   828.000000000000       0.342231960696265     
   829.000000000000       0.342689680425425     
   830.000000000000       0.343096862498312     
   831.000000000000       0.343658501877493     
   832.000000000000       0.344011113718499     
   833.000000000000       0.344197616050653     
   834.000000000000       0.344893893829416     
   835.000000000000       0.345269045076713     
   836.000000000000       0.345577444938161     
   837.000000000000       0.346037569591369     
   838.000000000000       0.346524760646439     
   839.000000000000       0.346795797346358     
   840.000000000000       0.347340152818441     
   841.000000000000       0.347925363152410     
   842.000000000000       0.347980241789018     
   843.000000000000       0.348771253676058     
   844.000000000000       0.348852928961118     
   845.000000000000       0.349507654454907     
   846.000000000000       0.349870496096586     
   847.000000000000       0.350289626979186     
   848.000000000000       0.350521646803483     
   849.000000000000       0.351250132410239     
   850.000000000000       0.351402479432068     
   851.000000000000       0.351737931200011     
   852.000000000000       0.352244060153282     
   853.000000000000       0.352626231753579     
   854.000000000000       0.353106930027541     
   855.000000000000       0.353306670355359     
   856.000000000000       0.354160657532521     
   857.000000000000       0.354086310373948     
   858.000000000000       0.354422577477077     
   859.000000000000       0.354995758147684     
   860.000000000000       0.355393310184076     
   861.000000000000       0.355832677659071     
   862.000000000000       0.356051272396129     
   863.000000000000       0.356618959772762     
   864.000000000000       0.356785523522347     
   865.000000000000       0.357361133427996     
   866.000000000000       0.357564786948392     
   867.000000000000       0.357975602401794     
   868.000000000000       0.358399486479544     
   869.000000000000       0.358818960303254     
   870.000000000000       0.359144414328043     
   871.000000000000       0.359363075243528     
   872.000000000000       0.359977983508762     
   873.000000000000       0.360246519968895     
   874.000000000000       0.360460665121129     
   875.000000000000       0.361018550080319     
   876.000000000000       0.361549912543281     
   877.000000000000       0.361917314609350     
   878.000000000000       0.361821379334403     
   879.000000000000       0.362402693370164     
   880.000000000000       0.362621046795087     
   881.000000000000       0.363258504934554     
   882.000000000000       0.363376808121043     
   883.000000000000       0.363908119634180     
   884.000000000000       0.364212801157369     
   885.000000000000       0.364418819142234     
   886.000000000000       0.364909970812940     
   887.000000000000       0.365071169335008     
   888.000000000000       0.365497826763783     
   889.000000000000       0.365999984480054     
   890.000000000000       0.366040457676722     
   891.000000000000       0.366674731931125     
   892.000000000000       0.366729504315108     
   893.000000000000       0.367255895411645     
   894.000000000000       0.367504252127824     
   895.000000000000       0.367899286124446     
   896.000000000000       0.368139053461971     
   897.000000000000       0.368700811946795     
   898.000000000000       0.368692067927930     
   899.000000000000       0.369049371083648     
   900.000000000000       0.369507031165757     
   901.000000000000       0.369519423500751     
   902.000000000000       0.370389349147375     
   903.000000000000       0.370142079122148     
   904.000000000000       0.370902493038687     
   905.000000000000       0.371031562283826     
   906.000000000000       0.371317233036111     
   907.000000000000       0.371665450873796     
   908.000000000000       0.372192715273754     
   909.000000000000       0.371848627465982     
   910.000000000000       0.372560537673970     
   911.000000000000       0.373098490659035     
   912.000000000000       0.372760032614101     
   913.000000000000       0.373392209250760     
   914.000000000000       0.373569737544008     
   915.000000000000       0.373897944142758     
   916.000000000000       0.374493823590989     
   917.000000000000       0.374587073014608     
   918.000000000000       0.374750176241985     
   919.000000000000       0.375239325744304     
   920.000000000000       0.375294736084548     
   921.000000000000       0.375550470508900     
   922.000000000000       0.376199813670761     
   923.000000000000       0.376029112473190     
   924.000000000000       0.376680931070339     
   925.000000000000       0.376586272796252     
   926.000000000000       0.376901585141665     
   927.000000000000       0.377383602158730     
   928.000000000000       0.377748793722096     
   929.000000000000       0.377795943796824     
   930.000000000000       0.378030418450730     
   931.000000000000       0.378358641939767     
   932.000000000000       0.378648959582287     
   933.000000000000       0.378720167084105     
   934.000000000000       0.379173303507305     
   935.000000000000       0.379604782037348     
   936.000000000000       0.379800538370690     
   937.000000000000       0.379832965467561     
   938.000000000000       0.380165359971756     
   939.000000000000       0.380133951491173     
   940.000000000000       0.380608938972727     
   941.000000000000       0.380678177560209     
   942.000000000000       0.381138219695110     
   943.000000000000       0.381605038414940     
   944.000000000000       0.381344164668025     
   945.000000000000       0.381890692102803     
   946.000000000000       0.381751581797307     
   947.000000000000       0.382215194688437     
   948.000000000000       0.382900727979123     
   949.000000000000       0.382703212600095     
   950.000000000000       0.382553321834419     
   951.000000000000       0.383018974164278     
   952.000000000000       0.383090126787626     
   953.000000000000       0.383551917958533     
   954.000000000000       0.383913961245529     
   955.000000000000       0.383985723003977     
   956.000000000000       0.384421908979592     
   957.000000000000       0.383828136122098     
   958.000000000000       0.384422388571566     
   959.000000000000       0.385035088187566     
   960.000000000000       0.385049877584448     
   961.000000000000       0.384791900226969     
   962.000000000000       0.385791103597323     
   963.000000000000       0.385459330315126     
   964.000000000000       0.385494325959880     
   965.000000000000       0.386530784746021     
   966.000000000000       0.385695879006270     
   967.000000000000       0.386287669274553     
   968.000000000000       0.386515468466793     
   969.000000000000       0.386838236364107     
   970.000000000000       0.386505850235645     
   971.000000000000       0.387368053614284     
   972.000000000000       0.386812137468218     
   973.000000000000       0.387204020370564     
   974.000000000000       0.387898178267511     
   975.000000000000       0.387592255112326     
   976.000000000000       0.388107067571743     
   977.000000000000       0.387829379626475     
   978.000000000000       0.388309500178744     
   979.000000000000       0.387921080902227     
   980.000000000000       0.389035283864318     
   981.000000000000       0.388765504511250     
   982.000000000000       0.388462150482439     
   983.000000000000       0.388913287585950     
   984.000000000000       0.389381767999068     
   985.000000000000       0.389106374559737     
   986.000000000000       0.389359031081653     
   987.000000000000       0.389659610989195     
   988.000000000000       0.390024130952321     
   989.000000000000       0.389504312739298     
   990.000000000000       0.389428361914942     
   991.000000000000       0.390398740623616     
   992.000000000000       0.390490496997780     
   993.000000000000       0.390188377239613     
   994.000000000000       0.390866439844133     
   995.000000000000       0.390432628349557     
   996.000000000000       0.390492137016952     
   997.000000000000       0.391280920735887     
   998.000000000000       0.391202766086345     
   999.000000000000       0.390730962705165     
   1000.00000000000       0.391688254427056     
   1001.00000000000       0.391107892013272     
   1002.00000000000       0.391728305514317     
   1003.00000000000       0.391624429213736     
   1004.00000000000       0.391765926431352     
   1005.00000000000       0.391814660976936     
   1006.00000000000       0.392044824946121     
   1007.00000000000       0.391870727752948     
   1008.00000000000       0.391896778556377     
   1009.00000000000       0.392660863327887     
   1010.00000000000       0.392418769397750     
   1011.00000000000       0.392104940346105     
   1012.00000000000       0.392454878962061     
   1013.00000000000       0.392919560501761     
   1014.00000000000       0.392937065400091     
   1015.00000000000       0.392202306779413     
   1016.00000000000       0.392958031335650     
   1017.00000000000       0.393228570162467     
   1018.00000000000       0.393189737121946     
   1019.00000000000       0.392982626154235     
   1020.00000000000       0.393352726352272     
   1021.00000000000       0.393521790216791     
   1022.00000000000       0.392949255700559     
   1023.00000000000       0.393426708898531     
   1024.00000000000       0.392852972800458     
   1025.00000000000       0.394508097850600     
   1026.00000000000       0.393136260308369     
   1027.00000000000       0.393717555928707     
   1028.00000000000       0.394108116201711     
   1029.00000000000       0.393793124704162     
   1030.00000000000       0.393629945353488     
   1031.00000000000       0.394492697461406     
   1032.00000000000       0.394364741603369     
   1033.00000000000       0.393884442188818     
   1034.00000000000       0.394065569434529     
   1035.00000000000       0.393575270778748     
   1036.00000000000       0.394921586556117     
   1037.00000000000       0.394511589796375     
   1038.00000000000       0.393868034469958     
   1039.00000000000       0.394688370130884     
   1040.00000000000       0.394233962514773     
   1041.00000000000       0.394050542365919     
   1042.00000000000       0.395048422487970     
   1043.00000000000       0.394505985259102     
   1044.00000000000       0.394056692002556     
   1045.00000000000       0.394770496326746     
   1046.00000000000       0.394690571324920     
   1047.00000000000       0.394766196593590     
   1048.00000000000       0.394737957207746     
   1049.00000000000       0.394683639761018     
   1050.00000000000       0.394759035598094     
   1051.00000000000       0.394354738650579     
   1052.00000000000       0.394570487270197     
   1053.00000000000       0.394691550708186     
   1054.00000000000       0.395115502040321     
   1055.00000000000       0.395011898489496     
   1056.00000000000       0.394916896241214     
   1057.00000000000       0.394364994272261     
   1058.00000000000       0.394885403364539     
   1059.00000000000       0.395107714239105     
   1060.00000000000       0.394978898828042     
   1061.00000000000       0.394812127912654     
   1062.00000000000       0.394556458913579     
   1063.00000000000       0.395119997710856     
   1064.00000000000       0.394674785289116     
   1065.00000000000       0.395027385321198     
   1066.00000000000       0.394714910397900     
   1067.00000000000       0.395021919297334     
   1068.00000000000       0.393464879649669     
   1069.00000000000       0.395510435452143     
   1070.00000000000       0.394765169916615     
   1071.00000000000       0.394863141111725     
   1072.00000000000       0.395603631319103     
   1073.00000000000       0.393600941357235     
   1074.00000000000       0.394981816860950     
   1075.00000000000       0.394299968374624     
   1076.00000000000       0.395016422817896     
   1077.00000000000       0.394844163746295     
   1078.00000000000       0.394266404814965     
   1079.00000000000       0.394372937775203     
   1080.00000000000       0.394931387423731     
   1081.00000000000       0.394300932230611     
   1082.00000000000       0.393884660899942     
   1083.00000000000       0.394549608898510     
   1084.00000000000       0.393926201841108     
   1085.00000000000       0.395699105942193     
   1086.00000000000       0.393510833898138     
   1087.00000000000       0.394611535592962     
   1088.00000000000       0.393950792792013     
   1089.00000000000       0.394875723243822     
   1090.00000000000       0.393725344689295     
   1091.00000000000       0.394351969290393     
   1092.00000000000       0.393872413904030     
   1093.00000000000       0.394585611059617     
   1094.00000000000       0.393250905040470     
   1095.00000000000       0.394868291607390     
   1096.00000000000       0.392968948661928     
   1097.00000000000       0.394465742475201     
   1098.00000000000       0.393657280354798     
   1099.00000000000       0.393420098215064     
   1100.00000000000       0.393455206699494     
   1101.00000000000       0.393204176056520     
   1102.00000000000       0.393567773691597     
   1103.00000000000       0.393938218018650     
   1104.00000000000       0.392500413433244     
   1105.00000000000       0.393499245280264     
   1106.00000000000       0.393523994922583     
   1107.00000000000       0.393466788479970     
   1108.00000000000       0.393528637931502     
   1109.00000000000       0.392310516923192     
   1110.00000000000       0.392666319782219     
   1111.00000000000       0.393191040657448     
   1112.00000000000       0.393119402213254     
   1113.00000000000       0.392374400906256     
   1114.00000000000       0.393268669096329     
   1115.00000000000       0.392014298737632     
   1116.00000000000       0.392087698414909     
   1117.00000000000       0.393284049305501     
   1118.00000000000       0.391688324966283     
   1119.00000000000       0.392872944813104     
   1120.00000000000       0.391070241529707     
   1121.00000000000       0.392011208198698     
   1122.00000000000       0.392610069490347     
   1123.00000000000       0.391423248772061     
   1124.00000000000       0.391321512977943     
   1125.00000000000       0.391853825340797     
   1126.00000000000       0.390875250722779     
   1127.00000000000       0.392017508841777     
   1128.00000000000       0.391237605291194     
   1129.00000000000       0.390881913451291     
   1130.00000000000       0.391594211583129     
   1131.00000000000       0.391119862408527     
   1132.00000000000       0.391161211335635     
   1133.00000000000       0.391271141973486     
   1134.00000000000       0.391003018045748     
   1135.00000000000       0.390977205476485     
   1136.00000000000       0.389963579667978     
   1137.00000000000       0.390131754153317     
   1138.00000000000       0.390519466169735     
   1139.00000000000       0.389502418195466     
   1140.00000000000       0.390262338624676     
   1141.00000000000       0.390429038898404     
   1142.00000000000       0.390218332530842     
   1143.00000000000       0.390079808486279     
   1144.00000000000       0.389027640888894     
   1145.00000000000       0.390346811937930     
   1146.00000000000       0.388851084873537     
   1147.00000000000       0.389558895694102     
   1148.00000000000       0.389293109756545     
   1149.00000000000       0.388435029192225     
   1150.00000000000       0.389128506401430     
   1151.00000000000       0.388996097547008     
   1152.00000000000       0.389274223011802     
   1153.00000000000       0.388282941685755     
   1154.00000000000       0.388777717594421     
   1155.00000000000       0.388489193688888     
   1156.00000000000       0.388336423482559     
   1157.00000000000       0.388335389324156     
   1158.00000000000       0.387942541878513     
   1159.00000000000       0.386947626384020     
   1160.00000000000       0.388477648000880     
   1161.00000000000       0.387137260902061     
   1162.00000000000       0.388078348924766     
   1163.00000000000       0.386521419034451     
   1164.00000000000       0.387334124781703     
   1165.00000000000       0.386558357033474     
   1166.00000000000       0.388063073280927     
   1167.00000000000       0.386818400901713     
   1168.00000000000       0.386508258911174     
   1169.00000000000       0.387192209863896     
   1170.00000000000       0.386171326074676     
   1171.00000000000       0.385469832583962     
   1172.00000000000       0.387001543558772     
   1173.00000000000       0.385687889512580     
   1174.00000000000       0.385747515590983     
   1175.00000000000       0.385840446612758     
   1176.00000000000       0.385487711395295     
   1177.00000000000       0.385672321543996     
   1178.00000000000       0.384378970202815     
   1179.00000000000       0.385767984236791     
   1180.00000000000       0.384967078856063     
   1181.00000000000       0.385518961243663     
   1182.00000000000       0.384324015353098     
   1183.00000000000       0.384780341922134     
   1184.00000000000       0.384465566294577     
   1185.00000000000       0.383973615251013     
   1186.00000000000       0.384023761713122     
   1187.00000000000       0.383620101987440     
   1188.00000000000       0.384177123843341     
   1189.00000000000       0.382692864408640     
   1190.00000000000       0.384024609011417     
   1191.00000000000       0.384042968190315     
   1192.00000000000       0.383185105074704     
   1193.00000000000       0.383136782889475     
   1194.00000000000       0.382952420805278     
   1195.00000000000       0.382005200733000     
   1196.00000000000       0.382850060374551     
   1197.00000000000       0.382607700465950     
   1198.00000000000       0.381758123838173     
   1199.00000000000       0.383106132323440     
   1200.00000000000       0.381494437979893     
   1201.00000000000       0.382283645000367     
   1202.00000000000       0.381803017015903     
   1203.00000000000       0.381703090311673     
   1204.00000000000       0.381977627064492     
   1205.00000000000       0.381551345405549     
   1206.00000000000       0.381253936302293     
   1207.00000000000       0.381214840912686     
   1208.00000000000       0.380545362630331     
   1209.00000000000       0.381603148332639     
   1210.00000000000       0.380215039090106     
   1211.00000000000       0.379500672701387     
   1212.00000000000       0.380440204732867     
   1213.00000000000       0.379864154503919     
   1214.00000000000       0.380967548001955     
   1215.00000000000       0.378922427209662     
   1216.00000000000       0.379248861245554     
   1217.00000000000       0.380063988873803     
   1218.00000000000       0.379222746260325     
   1219.00000000000       0.379187616564617     
   1220.00000000000       0.379253587393068     
   1221.00000000000       0.378799718674788     
   1222.00000000000       0.377793852844106     
   1223.00000000000       0.378212454451836     
   1224.00000000000       0.379036902210925     
   1225.00000000000       0.378907651144926     
   1226.00000000000       0.378554910242385     
   1227.00000000000       0.377420034305782     
   1228.00000000000       0.377390773305352     
   1229.00000000000       0.377681076324403     
   1230.00000000000       0.377943563415023     
   1231.00000000000       0.377986813047749     
   1232.00000000000       0.377375894943404     
   1233.00000000000       0.376572734457735     
   1234.00000000000       0.376804241208667     
   1235.00000000000       0.376137881271361     
   1236.00000000000       0.376283725656117     
   1237.00000000000       0.376586949900070     
   1238.00000000000       0.376542793579641     
   1239.00000000000       0.376400161886350     
   1240.00000000000       0.375722662291068     
   1241.00000000000       0.376646414340661     
   1242.00000000000       0.375624680464423     
   1243.00000000000       0.375457390083489     
   1244.00000000000       0.376129724859664     
   1245.00000000000       0.374490486804223     
   1246.00000000000       0.376760422748018     
   1247.00000000000       0.374184272608898     
   1248.00000000000       0.375353580405765     
   1249.00000000000       0.374925473375053     
   1250.00000000000       0.374811966643840     
   1251.00000000000       0.375348010295022     
   1252.00000000000       0.373847097871448     
   1253.00000000000       0.373637488032133     
   1254.00000000000       0.374176805424946     
   1255.00000000000       0.375577818109464     
   1256.00000000000       0.373607104671792     
   1257.00000000000       0.373467352556382     
   1258.00000000000       0.373494942345244     
   1259.00000000000       0.373361442319905     
   1260.00000000000       0.372634713203146     
   1261.00000000000       0.374288967528266     
   1262.00000000000       0.372308780109261     
   1263.00000000000       0.373949116301993     
   1264.00000000000       0.372772664615972     
   1265.00000000000       0.372393336930026     
   1266.00000000000       0.373459071538682     
   1267.00000000000       0.372568701135002     
   1268.00000000000       0.370375057843205     
   1269.00000000000       0.373606020885966     
   1270.00000000000       0.372847848689909     
   1271.00000000000       0.372109709529522     
   1272.00000000000       0.371758297061961     
   1273.00000000000       0.371824896424881     
   1274.00000000000       0.371178631880917     
   1275.00000000000       0.372260112635674     
   1276.00000000000       0.371911519204758     
   1277.00000000000       0.370090458678716     
   1278.00000000000       0.371708701828100     
   1279.00000000000       0.371755085967820     
   1280.00000000000       0.370488764396147     
   1281.00000000000       0.373023332479191     
   1282.00000000000       0.368994734499837     
   1283.00000000000       0.371854770694959     
   1284.00000000000       0.370702272604653     
   1285.00000000000       0.371351338306847     
   1286.00000000000       0.369393523339971     
   1287.00000000000       0.370740530860444     
   1288.00000000000       0.370615156834701     
   1289.00000000000       0.370256768206803     
   1290.00000000000       0.369080350884941     
   1291.00000000000       0.370757858866248     
   1292.00000000000       0.369955233809316     
   1293.00000000000       0.369939426129142     
   1294.00000000000       0.368121924285737     
   1295.00000000000       0.371631826687744     
   1296.00000000000       0.369627163644649     
   1297.00000000000       0.368678190108634     
   1298.00000000000       0.369724434913226     
   1299.00000000000       0.371528345195943     
   1300.00000000000       0.367712249682397     
   1301.00000000000       0.368768125878407     
   1302.00000000000       0.370641789132451     
   1303.00000000000       0.369405170169652     
   1304.00000000000       0.367584154343265     
   1305.00000000000       0.371126686711877     
   1306.00000000000       0.367975183673214     
   1307.00000000000       0.369472248342056     
   1308.00000000000       0.368077996242170     
   1309.00000000000       0.369426084966182     
   1310.00000000000       0.368375487119374     
   1311.00000000000       0.368243816997398     
   1312.00000000000       0.368367738700584     
   1313.00000000000       0.369230375326165     
   1314.00000000000       0.367667119460103     
   1315.00000000000       0.370016915600995     
   1316.00000000000       0.368149627453102     
   1317.00000000000       0.369444763930994     
   1318.00000000000       0.368533225633189     
   1319.00000000000       0.368870294335903     
   1320.00000000000       0.368849475699237     
   1321.00000000000       0.368806788741543     
   1322.00000000000       0.368528437574705     
   1323.00000000000       0.369976867287823     
   1324.00000000000       0.368243083556148     
   1325.00000000000       0.366778218569245     
   1326.00000000000       0.369214019836885     
   1327.00000000000       0.368471318936810     
   1328.00000000000       0.370213228416212     
   1329.00000000000       0.367166001821308     
   1330.00000000000       0.369082663782294     
   1331.00000000000       0.368433346879640     
   1332.00000000000       0.370408235355525     
   1333.00000000000       0.369058136833310     
   1334.00000000000       0.368944842356788     
   1335.00000000000       0.368242477112209     
   1336.00000000000       0.370097809898873     
   1337.00000000000       0.367888216015253     
   1338.00000000000       0.371091267550973     
   1339.00000000000       0.368869484674143     
   1340.00000000000       0.369947099224247     
   1341.00000000000       0.368498704267268     
   1342.00000000000       0.368556509592893     
   1343.00000000000       0.368686340606527     
   1344.00000000000       0.369874771921192     
   1345.00000000000       0.370260450658927     
   1346.00000000000       0.370221928861403     
   1347.00000000000       0.369719596027200     
   1348.00000000000       0.370397614018276     
   1349.00000000000       0.368157362988032     
   1350.00000000000       0.372183346340753     
   1351.00000000000       0.369057416583665     
   1352.00000000000       0.371892451833822     
   1353.00000000000       0.371059228140448     
   1354.00000000000       0.369242480554233     
   1355.00000000000       0.371614701184750     
   1356.00000000000       0.371447244587432     
   1357.00000000000       0.371954306444956     
   1358.00000000000       0.373321992739182     
