3.09611
3.09611
3.09611
3.09611
3.09727
3.09611
3.09492
3.09492
3.09494
3.09963
3.09371
3.09835
3.0994
3.09785
3.09344
3.09381
3.08725
3.07756
3.0624
3.03364
2.98091
2.89113
3.09373
3.06665
2.95838
3.08548
3.00693
3.09134
2.95662
3.09606
3.6202
3.089
3.09132
3.0878
3.08783
3.09014
3.09016
3.08661
3.08543
3.0831
3.08423
3.08192
3.07718
3.08541
3.07601
3.06889
3.07366
3.07599
3.07835
3.6148
3.07363
3.2462
2.78681
3.53597
3.09133
2.56825
2.95823
2.83985
3.04599
3.05709
3.05712
3.04653
3.04885
3.04297
3.04416
3.04179
3.03707
3.03705
3.02765
3.03122
3.02652
3.02531
3.02059
3.01944
3.0206
3.00409
3.0124
3.00647
3.00766
2.99703
2.99
2.99119
2.98764
2.98293
2.99476
2.97825
2.96996
2.96119
2.95837
2.94606
2.94677
2.94859
2.93983
2.93227
2.92938
2.92413
2.92243
2.91485
2.91312
2.91141
2.90733
2.89975
2.89685
2.89389
2.88042
2.88106
2.86866
2.87286
2.8605
2.85523
2.85112
2.85055
2.8429
2.83885
2.83354
2.83297
2.82769
2.82002
2.80298
2.80949
2.80179
2.79887
2.79358
2.78356
2.783
2.77064
2.77241
2.76475
2.75708
2.75179
2.75122
2.73882
2.74297
2.73062
2.7206
2.70816
2.7147
2.70229
2.69228
2.6941
2.69586
2.68347
2.68055
2.6705
2.66521
2.65756
2.64988
2.64694
2.64872
2.64577
2.63103
2.62337
2.62041
2.61513
2.60507
2.59746
2.59685
2.58922
2.57679
2.58097
2.56383
2.5609
2.56033
2.55499
2.53791
2.53734
2.52494
2.52909
2.51902
2.50905
2.51086
2.50789
2.4955
2.47839
2.48252
2.47014
2.4601
2.46194
2.44477
2.44891
2.44597
2.4289
2.43066
2.42065
2.41058
2.40769
2.40472
2.39709
2.38469
2.37703
2.38596
2.36167
2.35642
2.3558
2.34342
2.33815
2.32807
2.32046
2.31747
2.30745
2.30218
2.29451
2.28446
2.28154
2.26438
2.27332
2.26562
2.25564
2.24791
2.2332
2.22784
2.23677
2.22198
2.21196
2.20428
2.20613
2.18426
2.18601
2.18073
2.1683
2.16538
2.15771
2.15481
2.14715
2.14423
2.11753
2.1194
2.11176
2.09924
2.09166
2.0958
2.06918
2.07812
2.05858
2.06516
2.04796
2.04979
2.04449
2.03682
2.02202
2.01673
2.01376
2.00381
1.98418
1.98607
1.97593
1.9707
1.96061
1.96244
1.9453
1.94236
1.92758
1.9199
1.90983
1.90928
1.90633
1.89864
1.88385
1.86912
1.87086
1.86319
1.86039
1.84294
1.84029
1.84665
1.82249
1.81712
1.81185
1.80887
1.79406
1.78404
1.78585
1.77576
1.75866
1.75328
1.74082
1.74036
1.71836
1.72979
1.71487
1.70953
1.69477
1.68465
1.67239
1.67875
1.67112
1.66106
1.65106
1.63144
1.62608
1.62088
1.60121
1.6007
1.60016
1.59005
1.58948
1.5699
1.56943
1.55916
1.55887
1.53901
1.53388
1.52847
1.51846
1.52266
1.49832
1.48828
1.4971
1.47752
1.4723
1.46705
1.45193
1.43744
1.42246
1.42188
1.43545
1.41599
1.40605
1.4005
1.39539
1.37561
1.37987
1.36506
1.35974
1.34476
1.34913
1.32002
1.33358
1.32352
1.30407
1.28434
1.28851
1.28312
1.26849
1.25349
1.25782
1.23324
1.23283
1.2273
1.23182
1.2072
1.19242
1.20136
1.18649
1.1669
1.1711
1.17523
1.1461
1.13135
1.12116
1.12071
1.11519
1.10048
1.09498
1.0754
1.08921
1.07909
1.07368
1.04929
1.03934
1.03846
1.02375
1.0233
1.00837
1.00308
0.973707
0.987535
0.958457
0.962467
0.952535
0.956753
0.951296
0.936416
0.911987
0.91144
0.910972
0.890981
0.885948
0.870957
0.865774
0.860321
0.854982
0.844598
0.825405
0.834117
0.809848
0.799492
0.789481
0.779305
0.797903
0.768501
0.754005
0.743545
0.742964
0.733081
0.717954
0.703135
0.712096
0.692479
0.668023
0.672241
0.671513
0.671185
0.646501
0.64604
0.62633
0.625671
0.61564
0.590977
0.581263
0.575507
0.560634
0.565127
0.564207
0.544823
0.539167
0.538654
0.514437
0.50397
0.479823
0.474219
0.468793
0.492178
0.472685
0.452845
0.442815
0.418234
0.417569
0.412217
0.407111
0.382425
0.395909
0.366935
0.380828
0.365772
0.336213
0.35049
0.311315
0.30123
0.305216
0.295412
0.280147
0.265701
0.250395
0.245152
0.248959
0.243825
0.215139
0.218649
0.203965
0.198402
0.188394
0.173359
0.153935
0.162418
0.15732
0.123156
0.12263
0.107789
0.116542
0.10655
0.0821187
0.091025
0.0616978
0.0467425
0.0507089
0.0360932
0.0303134
0.0299671
0.0103256
-0.00474424
0.0187412
-0.0298519
-0.0398976
-0.0503755
-0.0699741
-0.0608047
-0.0857694
-0.0908028
-0.0916805
-0.110995
-0.111968
-0.126677
-0.127417
-0.161751
-0.133113
-0.167754
-0.177302
-0.20234
-0.188523
-0.217651
-0.232771
-0.228987
-0.233751
-0.244053
-0.240003
-0.250089
-0.269746
-0.280048
-0.309559
-0.29086
-0.329957
-0.315677
-0.355402
-0.341238
-0.36089
-0.361511
-0.381327
-0.396524
-0.396535
-0.416875
-0.441228
-0.432376
-0.451963
-0.476895
-0.482077
-0.468242
-0.483272
-0.512664
-0.498868
-0.523657
-0.528627
-0.534019
-0.539444
-0.564517
-0.578972
-0.589925
-0.59431
-0.595458
-0.61524
-0.644711
-0.640354
-0.646164
-0.67043
-0.690352
-0.671312
-0.696407
-0.696674
-0.711955
-0.726604
-0.73225
-0.747247
-0.767121
-0.757935
-0.787402
-0.798036
-0.802711
-0.808631
-0.808604
-0.814697
-0.84394
-0.859172
-0.859169
-0.87959
-0.884813
-0.889915
-0.919725
-0.944382
-0.930102
-0.926582
-0.951003
-0.951252
-0.990645
-0.971827
-1.01079
-1.01179
-1.01662
-1.04687
-1.03702
-1.07666
-1.04796
-1.07811
-1.0636
-1.10804
-1.11287
-1.14252
-1.1287
-1.12947
-1.16335
-1.16953
-1.17411
-1.19415
-1.20953
-1.19564
-1.21993
-1.21603
-1.23598
-1.24091
-1.28048
-1.29055
-1.27664
-1.28655
-1.31185
-1.31678
-1.35129
-1.33241
-1.35731
-1.37778
-1.41141
-1.37371
-1.40679
-1.42863
-1.41861
-1.45843
-1.439
-1.48798
-1.4784
-1.45036
-1.47041
-1.50902
-1.51026
-1.53983
-1.5598
-1.5407
-1.57094
-1.56049
-1.56236
-1.58111
-1.61115
-1.6315
-1.6317
-1.65143
-1.67187
-1.64275
-1.6729
-1.6828
-1.68312
-1.7133
-1.75222
-1.72385
-1.76302
-1.74468
-1.75425
-1.78379
-1.7849
-1.78498
-1.8437
-1.80567
-1.85477
-1.8747
-1.87548
-1.89499
-1.88567
-1.8863
-1.90724
-1.91535
-1.94645
-1.94669
-1.92915
-1.97573
-2.00741
-1.98721
-1.99794
-2.03743
-2.04733
-2.06805
-2.04771
-2.08761
-2.06922
-2.08853
-2.0801
-2.0901
-2.12929
-2.11052
-2.14992
-2.17019
-2.15995
-2.18053
-2.22036
-2.21139
-2.23055
-2.22101
-2.26031
-2.2805
-2.23424
-2.28105
-2.30202
-2.28309
-2.33225
-2.34188
-2.37207
-2.3633
-2.37281
-2.39302
-2.39286
-2.41431
-2.45225
-2.41424
-2.44437
-2.47383
-2.49347
-2.48475
-2.48483
-2.5053
-2.51517
-2.53528
-2.51619
-2.57536
-2.5953
-2.56612
-2.59608
-2.61686
-2.61572
-2.6378
-2.6552
-2.66803
-2.66715
-2.65692
-2.68844
-2.68762
-2.68896
-2.75723
-2.75926
-2.73739
-2.76925
-2.76817
-2.82907
-2.78938
-2.79022
-2.83957
-2.83928
-2.8595
-2.88915
-2.89114
-2.89953
-2.89144
-2.90022
-2.96088
-3.00004
-2.9412
-2.97139
-2.97067
-3.01275
-2.99173
-3.0412
-3.04243
-3.06251
-3.06204
-3.06328
-3.07326
-3.10247
-3.10369
-3.12324
-3.12382
-3.1628
-3.13515
-3.14479
-3.22387
-3.22281
-3.20606
-3.22391
-3.26358
-3.25553
-3.24604
-3.28387
-3.29605
-3.31532
-3.3264
-3.34482
-3.33693
-3.32683
-3.37692
-3.37589
-3.41713
-3.42634
-3.43669
-3.42726
-3.44823
-3.46762
-3.50648
-3.47952
-3.53578
-3.52784
-3.50938
-3.53866
-3.5393
-3.56849
-3.55993
-3.61936
-3.60793
-3.60968
-3.63974
-3.6591
-3.6698
-3.6609
-3.71927
-3.70973
-3.71091
-3.70137
-3.72021
-3.7521
-3.75993
-3.78258
-3.79982
-3.78188
-3.81258
-3.85181
-3.852
-3.88264
-3.87093
-3.84228
-3.88354
-3.92309
-3.94376
-3.94124
-3.98391
-3.96184
-4.00307
-4.04376
-4.02401
-4.00323
-4.06263
-4.07513
-4.02486
-4.0252
-4.10477
-4.07632
-4.11335
-4.13454
-4.1658
-4.1241
-4.17728
-4.17481
-4.15534
-4.19588
-4.24641
-4.24478
-4.26685
-4.2771
-4.24723
-4.28664
-4.3158
-4.32768
-4.32742
-4.3358
-4.32843
-4.3377
-4.3781
-4.38741
-4.43844
-4.40753
-4.43899
-4.46731
-4.47849
-4.51721
-4.48916
-4.50817
-4.48039
-4.54729
-4.5391
-4.54045
-4.57002
-4.59946
-4.56899
-4.58973
-4.61989
-4.60984
-4.66049
-4.69014
-4.68981
-4.70075
-4.69186
-4.73927
-4.71105
-4.73086
-4.74102
-4.76128
-4.80043
-4.80166
-4.81257
-4.85193
-4.86974
-4.85211
-4.86134
-4.88379
-4.92089
-4.90063
-4.91359
-4.96209
-4.97296
-5.00344
-4.99188
-5.04193
-5.02423
-5.02201
-5.04328
-5.06296
-5.08389
-5.0836
-5.12234
-5.11438
-5.12318
-5.14473
-5.14513
-5.19141
-5.18621
-5.17317
-5.24377
-5.23443
-5.21487
-5.26254
-5.25587
-5.2746
-5.28487
-5.33624
-5.31405
-5.32636
-5.35511
-5.36369
-5.36624
-5.40573
-5.35343
-5.38778
-5.43605
-5.42481
-5.4474
-5.44516
-5.48749
-5.51505
-5.52667
-5.52614
-5.51408
-5.53834
-5.56729
-5.57518
-5.57701
-5.63514
-5.65579
-5.6584
-5.63681
-5.64748
-5.66716
-5.70622
-5.73782
-5.75721
-5.72614
-5.76996
-5.75738
-5.7967
-5.79674
-5.80821
-5.79642
-5.82975
-5.89632
-5.86851
-5.89556
-5.91993
-5.92736
-5.91738
-5.98978
-5.94661
-5.90729
-5.99991
-5.95785
-6.02866
-6.0182
-6.04635
-6.04986
-6.08928
-6.08862
-6.06802
-6.14933
-6.12819
-6.11958
-6.13828
-6.16787
-6.19017
-6.19736
-6.15933
-6.17945
-6.23989
-6.26599
-6.29027
-6.26754
-6.31156
-6.30899
-6.3112
-6.31711
-6.35836
-6.34993
-6.37863
-6.34043
-6.4305
-6.42762
-6.41
-6.4605
-6.4563
-6.49064
-6.521
-6.48822
-6.53977
-6.49919
-6.5497
-6.59064
-6.5894
-6.58917
-6.61773
-6.63855
-6.59933
-6.65024
-6.6597
-6.72205
-6.69875
-6.72868
-6.71766
-6.71992
-6.7316
-6.79865
-6.78029
-6.79856
-6.82021
-6.87134
-6.82896
-6.83903
-6.84768
-6.84196
-6.88756
-6.9115
-6.93785
-6.92976
-6.9414
-6.96704
-6.98074
-6.99891
-6.98844
-7.01743
-7.0617
-7.03973
-7.06876
-7.10107
-7.07937
-7.09988
-7.10701
-7.10663
-7.15264
-7.15755
-7.19004
-7.19592
-7.21207
-7.20825
-7.2095
-7.28898
-7.25818
-7.29744
-7.27915
-7.30682
-7.25994
-7.34858
-7.3491
-7.3274
-7.36887
-7.38718
-7.40823
-7.41955
-7.40643
-7.45702
-7.4597
-7.45412
-7.4778
-7.52056
-7.5079
-7.52443
-7.55
-7.56979
-7.58655
-7.57623
-7.61709
-7.58797
-7.66907
-7.63493
-7.66606
-7.65725
-7.68748
-7.68532
-7.72952
-7.70365
-7.75738
-7.75767
-7.76497
-7.75652
-7.78541
-7.798
-7.8012
-7.84562
-7.87664
-7.85721
-7.92632
-7.89493
-7.93431
-7.90383
-7.93694
-7.9143
-7.96368
-7.95418
-7.98406
-8.02394
-8.03768
-8.05203
-8.03642
-8.06447
-8.07058
-8.05479
-8.08493
-8.12179
-8.13261
-8.14338
-8.20562
-8.21244
-8.20432
-8.20161
-8.25432
-8.26325
-8.24124
-8.27624
-8.30091
-8.30341
-8.32037
-8.30182
-8.32332
-8.36862
-8.34596
-8.36969
-8.37146
-8.36843
-8.42334
-8.4197
-8.47096
-8.42655
-8.44265
-8.47094
-8.5194
-8.50002
-8.49923
-8.57909
-8.52689
-8.54846
-8.54179
-8.58649
-8.59695
-8.62208
-8.61457
-8.65834
-8.656
-8.68834
-8.73166
-8.67518
-8.74027
-8.73683
-8.74319
-8.77967
-8.75427
-8.77578
-8.79773
-8.78364
-8.82534
-8.86568
-8.8868
-8.86509
-8.8627
-8.9144
-8.9355
-8.94559
-8.92401
-8.9663
-8.93035
-8.93393
-8.99449
-9.0187
-9.00667
-9.06201
-9.0537
-9.08264
-9.10295
-9.09274
-9.08787
-9.15218
-9.12302
-9.14125
-9.09723
-9.18393
-9.16511
-9.27552
-9.23893
-9.20875
-9.25118
-9.20148
-9.2952
-9.25848
-9.29425
-9.29897
-9.32107
-9.33608
-9.29567
-9.39718
-9.35851
-9.37517
-9.39667
-9.41142
-9.42092
-9.45432
-9.45254
-9.43367
-9.47368
-9.5127
-9.53457
-9.53773
-9.51151
-9.48853
-9.59781
-9.55252
-9.57426
-9.5696
-9.61769
-9.64904
-9.65177
-9.62638
-9.65419
-9.627
-9.66974
-9.73425
-9.72473
-9.79304
-9.7295
-9.78859
-9.79032
-9.82814
-9.78563
-9.79207
-9.80707
-9.86801
-9.92777
-9.8277
-9.88674
-9.90483
-9.92697
-9.92816
-9.98658
-9.94279
-10.0307
-9.9849
-10.0044
-9.96192
-9.96062
-10.0022
-10.0445
-10.0843
-10.1025
-10.0609
-10.1029
-10.0533
-10.1698
-10.1196
-10.1419
-10.1774
-10.1983
-10.181
-10.1783
-10.2153
-10.1625
-10.2114
-10.2587
-10.2355
-10.258
-10.317
-10.296
-10.3136
-10.3815
-10.33
-10.4654
-10.3466
-10.3577
-10.389
-10.3738
-10.4096
-10.4496
-10.4783
-10.4054
-10.4952
-10.4694
-10.4927
-10.4429
-10.4678
-10.5522
-10.593
-10.505
-10.5693
-10.5885
-10.65
-10.6033
-10.6512
-10.6916
-10.6634
-10.6909
-10.6821
-10.686
-10.6847
-10.7014
-10.6821
-10.8039
-10.7499
-10.7809
-10.7567
-10.8703
-10.8246
-10.7963
-10.8264
-10.8391
-10.8362
-10.9485
-10.8366
-10.9196
-10.9207
-10.9186
-10.9344
-10.8713
-10.9186
-10.9318
-10.9781
-11.0383
-10.9453
-10.9944
-10.9749
-11.0119
-11.0535
-11.0699
-11.0573
-11.1306
-11.0511
-11.1268
-11.0761
-11.1314
-11.1244
-11.2158
-11.2079
-11.2065
-11.2317
-11.2267
-11.2454
-11.2319
-11.2432
-11.2918
-11.2382
-11.2651
-11.2844
-11.3456
-11.2527
-11.3116
-11.3163
-11.3004
-11.3158
-11.3649
-11.3292
-11.3799
-11.4244
-11.3966
-11.4178
-11.441
-11.4134
-11.4102
