  0.000000000000000E+000  0.000000000000000E+000
   1.00000000000000      -6.456488948085699E-002
   2.00000000000000      -6.759359705958035E-002
   3.00000000000000      -6.863835886604124E-002
   4.00000000000000      -6.968053414391327E-002
   5.00000000000000      -7.071593988005709E-002
   6.00000000000000      -7.174719719773269E-002
   7.00000000000000      -7.276865843126050E-002
   8.00000000000000      -7.377702386697285E-002
   9.00000000000000      -7.475343486993283E-002
   10.0000000000000      -7.566376948617572E-002
   11.0000000000000      -7.648354118888988E-002
   12.0000000000000      -7.716496141341711E-002
   13.0000000000000      -7.765624360926524E-002
   14.0000000000000      -7.790671824666391E-002
   15.0000000000000      -7.785107627293972E-002
   16.0000000000000      -7.742244751458785E-002
   17.0000000000000      -7.656010992999335E-002
   18.0000000000000      -7.519232795984465E-002
   19.0000000000000      -7.325337344803046E-002
   20.0000000000000      -7.068930564588165E-002
   21.0000000000000      -6.744503066503954E-002
   22.0000000000000      -6.346989508575336E-002
   23.0000000000000      -5.872514164272152E-002
   24.0000000000000      -5.317816245995059E-002
   25.0000000000000      -4.679834112111183E-002
   26.0000000000000      -3.956692173097379E-002
   27.0000000000000      -3.146412106010174E-002
   28.0000000000000      -2.247903520355174E-002
   29.0000000000000      -6.304977431025639E-003
   30.0000000000000      -9.195362895112412E-004
   31.0000000000000       4.918542417491630E-003
   32.0000000000000       2.008467061367239E-002
   33.0000000000000       3.583954864492790E-002
   34.0000000000000       5.017292137297307E-002
   35.0000000000000       6.538035657631383E-002
   36.0000000000000       8.145126381696938E-002
   37.0000000000000       9.837011088227707E-002
   38.0000000000000       0.116124497719860     
   39.0000000000000       0.134695235505846     
   40.0000000000000       0.154062346438000     
   41.0000000000000       0.174206507075353     
   42.0000000000000       0.195104653439228     
   43.0000000000000       0.216730590069543     
   44.0000000000000       0.239061565502969     
   45.0000000000000       0.262066704886416     
   46.0000000000000       0.285721286347600     
   47.0000000000000       0.309996157221227     
   48.0000000000000       0.334857567020967     
   49.0000000000000       0.360280071480670     
   50.0000000000000       0.386227308442026     
   51.0000000000000       0.412670831019399     
   52.0000000000000       0.439578491605382     
   53.0000000000000       0.466915732699220     
   54.0000000000000       0.494656196134062     
   55.0000000000000       0.522760170131835     
   56.0000000000000       0.551202752615107     
   57.0000000000000       0.579949768161944     
   58.0000000000000       0.608972016039951     
   59.0000000000000       0.638237785321630     
   60.0000000000000       0.667718255979468     
   61.0000000000000       0.697385102954754     
   62.0000000000000       0.727210702637210     
   63.0000000000000       0.757168189940743     
   64.0000000000000       0.787228692048641     
   65.0000000000000       0.817370519633627     
   66.0000000000000       0.847566689278888     
   67.0000000000000       0.877795265736706     
   68.0000000000000       0.908032718376234     
   69.0000000000000       0.938261003783332     
   70.0000000000000       0.968454768313122     
   71.0000000000000       0.998595090963645     
   72.0000000000000        1.02866803887791     
   73.0000000000000        1.05865104391278     
   74.0000000000000        1.08853490391780     
   75.0000000000000        1.11829032014169     
   76.0000000000000        1.14792013780089     
   77.0000000000000        1.17739696150338     
   78.0000000000000        1.20671197720528     
   79.0000000000000        1.23585532759657     
   80.0000000000000        1.26481269769447     
   81.0000000000000        1.29357772858514     
   82.0000000000000        1.32213713261349     
   83.0000000000000        1.35048194768862     
   84.0000000000000        1.37860737422364     
   85.0000000000000        1.40649629664000     
   86.0000000000000        1.43416106508079     
   87.0000000000000        1.46157754764261     
   88.0000000000000        1.48874153051317     
   89.0000000000000        1.51565461545960     
   90.0000000000000        1.54231753015055     
   91.0000000000000        1.56871228592419     
   92.0000000000000        1.59483774437949     
   93.0000000000000        1.62070495707290     
   94.0000000000000        1.64629507505994     
   95.0000000000000        1.67161159187046     
   96.0000000000000        1.69665826986677     
   97.0000000000000        1.72142243845697     
   98.0000000000000        1.74591180632094     
   99.0000000000000        1.77012527937381     
   100.000000000000        1.79405187636744     
   101.000000000000        1.81770994715097     
   102.000000000000        1.84107927764675     
   103.000000000000        1.86418215742245     
   104.000000000000        1.88699433115087     
   105.000000000000        1.90953357897343     
   106.000000000000        1.93180529744736     
   107.000000000000        1.95379291273425     
   108.000000000000        1.97550631564075     
   109.000000000000        1.99695054035923     
   110.000000000000        2.01812325729475     
   111.000000000000        2.03903006246217     
   112.000000000000        2.05967081447689     
   113.000000000000        2.08004085822958     
   114.000000000000        2.10015012805866     
   115.000000000000        2.12000521478740     
   116.000000000000        2.13959714207079     
   117.000000000000        2.15893526405467     
   118.000000000000        2.17801715855527     
   119.000000000000        2.19685687874882     
   120.000000000000        2.21544120244428     
   121.000000000000        2.23378176129210     
   122.000000000000        2.25188473244504     
   123.000000000000        2.26974790046187     
   124.000000000000        2.28735758307731     
   125.000000000000        2.30476011079620     
   126.000000000000        2.32191140267168     
   127.000000000000        2.33884148403648     
   128.000000000000        2.35554644618026     
   129.000000000000        2.37202627187234     
   130.000000000000        2.38829471575185     
   131.000000000000        2.40433679691650     
   132.000000000000        2.42016100389723     
   133.000000000000        2.43579310160250     
   134.000000000000        2.45119798696541     
   135.000000000000        2.46640489053754     
   136.000000000000        2.48141459382463     
   137.000000000000        2.49621455829544     
   138.000000000000        2.51081957871138     
   139.000000000000        2.52523804019316     
   140.000000000000        2.53946522017015     
   141.000000000000        2.55350086496833     
   142.000000000000        2.56733672455505     
   143.000000000000        2.58101399939049     
   144.000000000000        2.59449567505463     
   145.000000000000        2.60781149792504     
   146.000000000000        2.62094297124361     
   147.000000000000        2.63389612632668     
   148.000000000000        2.64669661391084     
   149.000000000000        2.65931573701567     
   150.000000000000        2.67177778767534     
   151.000000000000        2.68408035173780     
   152.000000000000        2.69621696911927     
   153.000000000000        2.70820174498520     
   154.000000000000        2.72001983696636     
   155.000000000000        2.73170756954703     
   156.000000000000        2.74322446867181     
   157.000000000000        2.75460522226891     
   158.000000000000        2.76584283310888     
   159.000000000000        2.77692544818852     
   160.000000000000        2.78787446174443     
   161.000000000000        2.79869174873618     
   162.000000000000        2.80936201923387     
   163.000000000000        2.81989443228198     
   164.000000000000        2.83031155204378     
   165.000000000000        2.84059063658021     
   166.000000000000        2.85073404659544     
   167.000000000000        2.86076681254674     
   168.000000000000        2.87065966025575     
   169.000000000000        2.88044656372089     
   170.000000000000        2.89009838470730     
   171.000000000000        2.89964232532744     
   172.000000000000        2.90906386528521     
   173.000000000000        2.91837696818640     
   174.000000000000        2.92756832161083     
   175.000000000000        2.93665981927227     
   176.000000000000        2.94564708267912     
   177.000000000000        2.95450217288682     
   178.000000000000        2.96327433405277     
   179.000000000000        2.97192669669049     
   180.000000000000        2.98049275442774     
   181.000000000000        2.98895342533555     
   182.000000000000        2.99730672197858     
   183.000000000000        3.00557027130015     
   184.000000000000        3.01373673117080     
   185.000000000000        3.02180806413785     
   186.000000000000        3.02978751770810     
   187.000000000000        3.03766986989023     
   188.000000000000        3.04546988297359     
   189.000000000000        3.05317152133690     
   190.000000000000        3.06080457023639     
   191.000000000000        3.06832738491952     
   192.000000000000        3.07579581540295     
   193.000000000000        3.08314980748009     
   194.000000000000        3.09043863287240     
   195.000000000000        3.09764744175345     
   196.000000000000        3.10477183012660     
   197.000000000000        3.11182069001389     
   198.000000000000        3.11878607351398     
   199.000000000000        3.12568966111362     
   200.000000000000        3.13250661275515     
   201.000000000000        3.13925898876548     
   202.000000000000        3.14593426843477     
   203.000000000000        3.15253616584182     
   204.000000000000        3.15907303655005     
   205.000000000000        3.16554952742844     
   206.000000000000        3.17193236279805     
   207.000000000000        3.17827307503126     
   208.000000000000        3.18453494457489     
   209.000000000000        3.19074119907906     
   210.000000000000        3.19687825570708     
   211.000000000000        3.20295546726800     
   212.000000000000        3.20896666198236     
   213.000000000000        3.21492002171069     
   214.000000000000        3.22081533596966     
   215.000000000000        3.22664890062053     
   216.000000000000        3.23242569414393     
   217.000000000000        3.23814857435938     
   218.000000000000        3.24380396611329     
   219.000000000000        3.24942431443375     
   220.000000000000        3.25496610443631     
   221.000000000000        3.26047461723420     
   222.000000000000        3.26591207335635     
   223.000000000000        3.27131566451296     
   224.000000000000        3.27665030346317     
   225.000000000000        3.28194629455996     
   226.000000000000        3.28719062609132     
   227.000000000000        3.29238901919556     
   228.000000000000        3.29753046082658     
   229.000000000000        3.30262655981624     
   230.000000000000        3.30767924496507     
   231.000000000000        3.31268869169090     
   232.000000000000        3.31764792591474     
   233.000000000000        3.32256437475380     
   234.000000000000        3.32743206838838     
   235.000000000000        3.33225837768754     
   236.000000000000        3.33704569680677     
   237.000000000000        3.34179205836691     
   238.000000000000        3.34648977800633     
   239.000000000000        3.35115051314522     
   240.000000000000        3.35576963884824     
   241.000000000000        3.36034605162853     
   242.000000000000        3.36489340653273     
   243.000000000000        3.36939553129395     
   244.000000000000        3.37386350456693     
   245.000000000000        3.37828655986506     
   246.000000000000        3.38267775802892     
   247.000000000000        3.38702618808683     
   248.000000000000        3.39135334617954     
   249.000000000000        3.39563452794313     
   250.000000000000        3.39987716803790     
   251.000000000000        3.40409343862599     
   252.000000000000        3.40827817568323     
   253.000000000000        3.41241964348114     
   254.000000000000        3.41654240863926     
   255.000000000000        3.42060975113131     
   256.000000000000        3.42466042856987     
   257.000000000000        3.42868556625216     
   258.000000000000        3.43268100307767     
   259.000000000000        3.43662719716174     
   260.000000000000        3.44055523089065     
   261.000000000000        3.44445212642360     
   262.000000000000        3.44832589444150     
   263.000000000000        3.45216713165562     
   264.000000000000        3.45596418840696     
   265.000000000000        3.45975984399360     
   266.000000000000        3.46350605652899     
   267.000000000000        3.46724165612938     
   268.000000000000        3.47094630346816     
   269.000000000000        3.47461442316031     
   270.000000000000        3.47826029759481     
   271.000000000000        3.48188755276744     
   272.000000000000        3.48549301051936     
   273.000000000000        3.48905134965843     
   274.000000000000        3.49261984644606     
   275.000000000000        3.49612640686148     
   276.000000000000        3.49963235981105     
   277.000000000000        3.50310832278910     
   278.000000000000        3.50655763586837     
   279.000000000000        3.51000081792294     
   280.000000000000        3.51339584772213     
   281.000000000000        3.51678923905892     
   282.000000000000        3.52015173911298     
   283.000000000000        3.52349403704077     
   284.000000000000        3.52681139155381     
   285.000000000000        3.53011000206375     
   286.000000000000        3.53339014810390     
   287.000000000000        3.53665141794007     
   288.000000000000        3.53988692062782     
   289.000000000000        3.54310858797094     
   290.000000000000        3.54630202473641     
   291.000000000000        3.54948998347383     
   292.000000000000        3.55264218552640     
   293.000000000000        3.55578275181802     
   294.000000000000        3.55891522998697     
   295.000000000000        3.56200742745315     
   296.000000000000        3.56509620690239     
   297.000000000000        3.56816891098088     
   298.000000000000        3.57121683462866     
   299.000000000000        3.57425490792760     
   300.000000000000        3.57726402215792     
   301.000000000000        3.58027610374219     
   302.000000000000        3.58325064393140     
   303.000000000000        3.58622202213154     
   304.000000000000        3.58916342572041     
   305.000000000000        3.59210967856141     
   306.000000000000        3.59501606206657     
   307.000000000000        3.59792698244796     
   308.000000000000        3.60080878466764     
   309.000000000000        3.60368855720446     
   310.000000000000        3.60654414550499     
   311.000000000000        3.60938419649561     
   312.000000000000        3.61222024761789     
   313.000000000000        3.61503294457812     
   314.000000000000        3.61782285631933     
   315.000000000000        3.62062611804647     
   316.000000000000        3.62338898868279     
   317.000000000000        3.62615328638814     
   318.000000000000        3.62888624863243     
   319.000000000000        3.63163138923819     
   320.000000000000        3.63434236285314     
   321.000000000000        3.63706897263676     
   322.000000000000        3.63974183442044     
   323.000000000000        3.64242888412666     
   324.000000000000        3.64510287847334     
   325.000000000000        3.64774957658192     
   326.000000000000        3.65040838325545     
   327.000000000000        3.65304081217410     
   328.000000000000        3.65566187249486     
   329.000000000000        3.65826808049843     
   330.000000000000        3.66086763020900     
   331.000000000000        3.66345374365714     
   332.000000000000        3.66604374657512     
   333.000000000000        3.66859677175297     
   334.000000000000        3.67115289637165     
   335.000000000000        3.67370608250339     
   336.000000000000        3.67623184143367     
   337.000000000000        3.67875802837359     
   338.000000000000        3.68127109979235     
   339.000000000000        3.68377953524780     
   340.000000000000        3.68627439276803     
   341.000000000000        3.68874815001302     
   342.000000000000        3.69123025468313     
   343.000000000000        3.69369835411031     
   344.000000000000        3.69613978713883     
   345.000000000000        3.69861157705508     
   346.000000000000        3.70102444703372     
   347.000000000000        3.70346644728874     
   348.000000000000        3.70588344592079     
   349.000000000000        3.70828982234112     
   350.000000000000        3.71069965331539     
   351.000000000000        3.71308207908965     
   352.000000000000        3.71548464205064     
   353.000000000000        3.71784496076484     
   354.000000000000        3.72022043303405     
   355.000000000000        3.72258312994353     
   356.000000000000        3.72494136066683     
   357.000000000000        3.72726996757940     
   358.000000000000        3.72962038630698     
   359.000000000000        3.73194924514126     
   360.000000000000        3.73426504521040     
   361.000000000000        3.73658611161817     
   362.000000000000        3.73888933020317     
   363.000000000000        3.74118409344545     
   364.000000000000        3.74348755720586     
   365.000000000000        3.74577571170378     
   366.000000000000        3.74804190158946     
   367.000000000000        3.75032143772566     
   368.000000000000        3.75258111459876     
   369.000000000000        3.75485047797780     
   370.000000000000        3.75709351760827     
   371.000000000000        3.75935254781327     
   372.000000000000        3.76158447007669     
   373.000000000000        3.76380864828195     
   374.000000000000        3.76604243460211     
   375.000000000000        3.76826507959512     
   376.000000000000        3.77047311767181     
   377.000000000000        3.77269969911678     
   378.000000000000        3.77487742271614     
   379.000000000000        3.77709444406269     
   380.000000000000        3.77928397833131     
   381.000000000000        3.78146354183105     
   382.000000000000        3.78364106067636     
   383.000000000000        3.78582564248600     
   384.000000000000        3.78798403135254     
   385.000000000000        3.79015576118408     
   386.000000000000        3.79231134479485     
   387.000000000000        3.79446698722328     
   388.000000000000        3.79661707013641     
   389.000000000000        3.79875391212787     
   390.000000000000        3.80090814064600     
   391.000000000000        3.80302767908094     
   392.000000000000        3.80516068202081     
   393.000000000000        3.80728089446215     
   394.000000000000        3.80940117732207     
   395.000000000000        3.81151824677950     
   396.000000000000        3.81363560590346     
   397.000000000000        3.81573472475903     
   398.000000000000        3.81782546949512     
   399.000000000000        3.81994337252411     
   400.000000000000        3.82202009825236     
   401.000000000000        3.82411404311080     
   402.000000000000        3.82619933326799     
   403.000000000000        3.82828027886621     
   404.000000000000        3.83035584706287     
   405.000000000000        3.83242611548773     
   406.000000000000        3.83449662868029     
   407.000000000000        3.83655515204694     
   408.000000000000        3.83862006981843     
   409.000000000000        3.84068901060160     
   410.000000000000        3.84271523548817     
   411.000000000000        3.84478323368825     
   412.000000000000        3.84683336956991     
   413.000000000000        3.84886244618539     
   414.000000000000        3.85090745591294     
   415.000000000000        3.85294867221678     
   416.000000000000        3.85497122926511     
   417.000000000000        3.85699163173344     
   418.000000000000        3.85903605305424     
   419.000000000000        3.86104288015325     
   420.000000000000        3.86306838102102     
   421.000000000000        3.86508758905310     
   422.000000000000        3.86709420764749     
   423.000000000000        3.86910760318218     
   424.000000000000        3.87111037505563     
   425.000000000000        3.87311097140910     
   426.000000000000        3.87512110222778     
   427.000000000000        3.87711619303783     
   428.000000000000        3.87911227240594     
   429.000000000000        3.88109624964792     
   430.000000000000        3.88308757952375     
   431.000000000000        3.88508276797438     
   432.000000000000        3.88705218150782     
   433.000000000000        3.88904648753920     
   434.000000000000        3.89102363412098     
   435.000000000000        3.89300206399569     
   436.000000000000        3.89496608991229     
   437.000000000000        3.89694607805424     
   438.000000000000        3.89891073890856     
   439.000000000000        3.90088082173425     
   440.000000000000        3.90283972661749     
   441.000000000000        3.90480568089973     
   442.000000000000        3.90676869293311     
   443.000000000000        3.90871168413947     
   444.000000000000        3.91068496293056     
   445.000000000000        3.91263388220621     
   446.000000000000        3.91457682399078     
   447.000000000000        3.91653506613934     
   448.000000000000        3.91848151429116     
   449.000000000000        3.92040796489128     
   450.000000000000        3.92238079292037     
   451.000000000000        3.92430092005845     
   452.000000000000        3.92624736614813     
   453.000000000000        3.92817911546889     
   454.000000000000        3.93012103110269     
   455.000000000000        3.93204442654457     
   456.000000000000        3.93398843554146     
   457.000000000000        3.93590987163153     
   458.000000000000        3.93785164330575     
   459.000000000000        3.93976253803943     
   460.000000000000        3.94170232033789     
   461.000000000000        3.94360832136304     
   462.000000000000        3.94553912108652     
   463.000000000000        3.94745820729408     
   464.000000000000        3.94937862870414     
   465.000000000000        3.95130038992027     
   466.000000000000        3.95320721419116     
   467.000000000000        3.95513043788336     
   468.000000000000        3.95704089838113     
   469.000000000000        3.95895170106583     
   470.000000000000        3.96085577767266     
   471.000000000000        3.96277119647128     
   472.000000000000        3.96466399934016     
   473.000000000000        3.96658836649465     
   474.000000000000        3.96848941822085     
   475.000000000000        3.97038856331141     
   476.000000000000        3.97228897467301     
   477.000000000000        3.97419709587623     
   478.000000000000        3.97609515801860     
   479.000000000000        3.97799415069683     
   480.000000000000        3.97988654799235     
   481.000000000000        3.98179018247273     
   482.000000000000        3.98368739618273     
   483.000000000000        3.98556822703669     
   484.000000000000        3.98748142604398     
   485.000000000000        3.98936471127571     
   486.000000000000        3.99125421321502     
   487.000000000000        3.99315223298597     
   488.000000000000        3.99503005220738     
   489.000000000000        3.99692764396762     
   490.000000000000        3.99880528293136     
   491.000000000000        4.00070441187084     
   492.000000000000        4.00258711154315     
   493.000000000000        4.00446788859662     
   494.000000000000        4.00636349572626     
   495.000000000000        4.00823621059424     
   496.000000000000        4.01012103910009     
   497.000000000000        4.01200898757490     
   498.000000000000        4.01389320129480     
   499.000000000000        4.01576086571665     
   500.000000000000        4.01764598023253     
   501.000000000000        4.01953215865765     
   502.000000000000        4.02141465284691     
   503.000000000000        4.02327367921807     
   504.000000000000        4.02516675972737     
   505.000000000000        4.02703990019401     
   506.000000000000        4.02891274146313     
   507.000000000000        4.03079559988634     
   508.000000000000        4.03266331722176     
   509.000000000000        4.03453459483553     
   510.000000000000        4.03641993822358     
   511.000000000000        4.03829640968783     
   512.000000000000        4.04015532688419     
   513.000000000000        4.04204222761845     
   514.000000000000        4.04389939641677     
   515.000000000000        4.04577813468399     
   516.000000000000        4.04765695629785     
   517.000000000000        4.04951614959386     
   518.000000000000        4.05139997648674     
   519.000000000000        4.05325534751118     
   520.000000000000        4.05514715064013     
   521.000000000000        4.05698919400920     
   522.000000000000        4.05887469222115     
   523.000000000000        4.06073723590676     
   524.000000000000        4.06262098629215     
   525.000000000000        4.06447424420574     
   526.000000000000        4.06635140089019     
   527.000000000000        4.06820546810733     
   528.000000000000        4.07007638290287     
   529.000000000000        4.07195083434577     
   530.000000000000        4.07382411711214     
   531.000000000000        4.07567275772065     
   532.000000000000        4.07755413814414     
   533.000000000000        4.07941791171834     
   534.000000000000        4.08128471908019     
   535.000000000000        4.08314668389974     
   536.000000000000        4.08501878435579     
   537.000000000000        4.08687659074193     
   538.000000000000        4.08875427876672     
   539.000000000000        4.09060714844996     
   540.000000000000        4.09247998663302     
   541.000000000000        4.09434694237804     
   542.000000000000        4.09620683941117     
   543.000000000000        4.09807204279445     
   544.000000000000        4.09994149412104     
   545.000000000000        4.10180267957197     
   546.000000000000        4.10367893497981     
   547.000000000000        4.10553292228684     
   548.000000000000        4.10740362996363     
   549.000000000000        4.10926119974555     
   550.000000000000        4.11113447823933     
   551.000000000000        4.11299610139455     
   552.000000000000        4.11486773338056     
   553.000000000000        4.11672685961702     
   554.000000000000        4.11859352890492     
   555.000000000000        4.12045764976061     
   556.000000000000        4.12232621195033     
   557.000000000000        4.12418542699135     
   558.000000000000        4.12606569983007     
   559.000000000000        4.12792275013251     
   560.000000000000        4.12978928100631     
   561.000000000000        4.13165295800966     
   562.000000000000        4.13350956566210     
   563.000000000000        4.13539630363483     
   564.000000000000        4.13724839584916     
   565.000000000000        4.13911648998880     
   566.000000000000        4.14099299341528     
   567.000000000000        4.14286306601602     
   568.000000000000        4.14471097860814     
   569.000000000000        4.14658800027829     
   570.000000000000        4.14845803396204     
   571.000000000000        4.15031395571323     
   572.000000000000        4.15219700344110     
   573.000000000000        4.15405321826680     
   574.000000000000        4.15593808365657     
   575.000000000000        4.15778925007645     
   576.000000000000        4.15966392931058     
   577.000000000000        4.16154080140911     
   578.000000000000        4.16339632209046     
   579.000000000000        4.16527645714690     
   580.000000000000        4.16713939349237     
   581.000000000000        4.16901883045769     
   582.000000000000        4.17087781004775     
   583.000000000000        4.17274885103682     
   584.000000000000        4.17462679847957     
   585.000000000000        4.17649551249552     
   586.000000000000        4.17836524855456     
   587.000000000000        4.18023270458385     
   588.000000000000        4.18211529016718     
   589.000000000000        4.18398522149333     
   590.000000000000        4.18585876671888     
   591.000000000000        4.18772270744637     
   592.000000000000        4.18961055147215     
   593.000000000000        4.19147215599542     
   594.000000000000        4.19334968012001     
   595.000000000000        4.19522537486666     
   596.000000000000        4.19710414256190     
   597.000000000000        4.19896782017896     
   598.000000000000        4.20084294420173     
   599.000000000000        4.20273542936759     
   600.000000000000        4.20459628818428     
   601.000000000000        4.20648860151832     
   602.000000000000        4.20835180363286     
   603.000000000000        4.21022720798953     
   604.000000000000        4.21211452365100     
   605.000000000000        4.21398911583855     
   606.000000000000        4.21587718540118     
   607.000000000000        4.21774088475496     
   608.000000000000        4.21962934743753     
   609.000000000000        4.22150365763953     
   610.000000000000        4.22337707770518     
   611.000000000000        4.22526896806728     
   612.000000000000        4.22715670902323     
   613.000000000000        4.22902045445325     
   614.000000000000        4.23091335755768     
   615.000000000000        4.23279002518647     
   616.000000000000        4.23468504837359     
   617.000000000000        4.23655383426512     
   618.000000000000        4.23843806959574     
   619.000000000000        4.24034489791393     
   620.000000000000        4.24219911664919     
   621.000000000000        4.24409906992067     
   622.000000000000        4.24598882343146     
   623.000000000000        4.24787943499406     
   624.000000000000        4.24973960719352     
   625.000000000000        4.25165210838053     
   626.000000000000        4.25352250965068     
   627.000000000000        4.25541822730168     
   628.000000000000        4.25731349866509     
   629.000000000000        4.25918712355488     
   630.000000000000        4.26108823750132     
   631.000000000000        4.26297465502427     
   632.000000000000        4.26486738983453     
   633.000000000000        4.26675541691743     
   634.000000000000        4.26864977458300     
   635.000000000000        4.27053584452996     
   636.000000000000        4.27242176662489     
   637.000000000000        4.27432682668929     
   638.000000000000        4.27622219737072     
   639.000000000000        4.27811330589488     
   640.000000000000        4.28000896356573     
   641.000000000000        4.28189055937375     
   642.000000000000        4.28379819595052     
   643.000000000000        4.28569091901276     
   644.000000000000        4.28759139352790     
   645.000000000000        4.28949213916065     
   646.000000000000        4.29137556367536     
   647.000000000000        4.29327897623688     
   648.000000000000        4.29518399931752     
   649.000000000000        4.29707197259468     
   650.000000000000        4.29898431667027     
   651.000000000000        4.30087564638758     
   652.000000000000        4.30278819129984     
   653.000000000000        4.30467720472703     
   654.000000000000        4.30657884950242     
   655.000000000000        4.30849032717027     
   656.000000000000        4.31037634302240     
   657.000000000000        4.31229605953763     
   658.000000000000        4.31418659554893     
   659.000000000000        4.31610825326089     
   660.000000000000        4.31799632926699     
   661.000000000000        4.31990627721511     
   662.000000000000        4.32182257056762     
   663.000000000000        4.32371140835396     
   664.000000000000        4.32563908825524     
   665.000000000000        4.32752853934076     
   666.000000000000        4.32944358682082     
   667.000000000000        4.33135590067972     
   668.000000000000        4.33325862789674     
   669.000000000000        4.33517607706450     
   670.000000000000        4.33707785555122     
   671.000000000000        4.33899289280250     
   672.000000000000        4.34090309429629     
   673.000000000000        4.34282403022069     
   674.000000000000        4.34471926537628     
   675.000000000000        4.34664808627700     
   676.000000000000        4.34855537188618     
   677.000000000000        4.35047121292683     
   678.000000000000        4.35238139966243     
   679.000000000000        4.35429351279307     
   680.000000000000        4.35622708392785     
   681.000000000000        4.35813224762119     
   682.000000000000        4.36003887188804     
   683.000000000000        4.36196861376472     
   684.000000000000        4.36388371703319     
   685.000000000000        4.36580455912500     
   686.000000000000        4.36772711898297     
   687.000000000000        4.36964673643714     
   688.000000000000        4.37155553832524     
   689.000000000000        4.37348998453786     
   690.000000000000        4.37539473485511     
   691.000000000000        4.37734219398422     
   692.000000000000        4.37923571266476     
   693.000000000000        4.38117063150105     
   694.000000000000        4.38309471212571     
   695.000000000000        4.38503053718144     
   696.000000000000        4.38692669424399     
   697.000000000000        4.38888242987894     
   698.000000000000        4.39078846074231     
   699.000000000000        4.39271694074277     
   700.000000000000        4.39465455432264     
   701.000000000000        4.39657126493565     
   702.000000000000        4.39850774107549     
   703.000000000000        4.40043114455282     
   704.000000000000        4.40235372833554     
   705.000000000000        4.40428808856041     
   706.000000000000        4.40621780942338     
   707.000000000000        4.40815852373644     
   708.000000000000        4.41008440614922     
   709.000000000000        4.41200829006531     
   710.000000000000        4.41394819883801     
   711.000000000000        4.41586521129598     
   712.000000000000        4.41782496941066     
   713.000000000000        4.41973905878855     
   714.000000000000        4.42167987360292     
   715.000000000000        4.42361453087181     
   716.000000000000        4.42553951147879     
   717.000000000000        4.42748974562012     
   718.000000000000        4.42942492287757     
   719.000000000000        4.43135552833082     
   720.000000000000        4.43328722520385     
   721.000000000000        4.43524387755268     
   722.000000000000        4.43717194300256     
   723.000000000000        4.43910235804961     
   724.000000000000        4.44104406489540     
   725.000000000000        4.44299599407339     
   726.000000000000        4.44492720204301     
   727.000000000000        4.44687371491784     
   728.000000000000        4.44881260097940     
   729.000000000000        4.45075060921517     
   730.000000000000        4.45270519693562     
   731.000000000000        4.45463569307229     
   732.000000000000        4.45658942740315     
   733.000000000000        4.45851659034882     
   734.000000000000        4.46047867590635     
   735.000000000000        4.46242646238901     
   736.000000000000        4.46435037985525     
   737.000000000000        4.46631507016386     
   738.000000000000        4.46825030454106     
   739.000000000000        4.47020253992318     
   740.000000000000        4.47215303782240     
   741.000000000000        4.47409507909824     
   742.000000000000        4.47604229179820     
   743.000000000000        4.47799409422491     
   744.000000000000        4.47993450400241     
   745.000000000000        4.48190306201653     
   746.000000000000        4.48384083752536     
   747.000000000000        4.48579629253485     
   748.000000000000        4.48774749892282     
   749.000000000000        4.48969680724543     
   750.000000000000        4.49164479288727     
   751.000000000000        4.49360167532125     
   752.000000000000        4.49555002553595     
   753.000000000000        4.49751678730111     
   754.000000000000        4.49946155270545     
   755.000000000000        4.50141253545171     
   756.000000000000        4.50336101816695     
   757.000000000000        4.50533853483188     
   758.000000000000        4.50727348017328     
   759.000000000000        4.50924324381697     
   760.000000000000        4.51118938030578     
   761.000000000000        4.51316298368967     
   762.000000000000        4.51509481948814     
   763.000000000000        4.51707037062701     
   764.000000000000        4.51902517499101     
   765.000000000000        4.52099121594831     
   766.000000000000        4.52293417242077     
   767.000000000000        4.52489990182000     
   768.000000000000        4.52686757365663     
   769.000000000000        4.52883085426203     
   770.000000000000        4.53076377713904     
   771.000000000000        4.53275485435352     
   772.000000000000        4.53469828300560     
   773.000000000000        4.53667394097401     
   774.000000000000        4.53863592344648     
   775.000000000000        4.54058576848924     
   776.000000000000        4.54255544790354     
   777.000000000000        4.54452760712920     
   778.000000000000        4.54648615346307     
   779.000000000000        4.54843695030794     
   780.000000000000        4.55041376546839     
   781.000000000000        4.55238389364398     
   782.000000000000        4.55434584869948     
   783.000000000000        4.55631022153828     
   784.000000000000        4.55826605373809     
   785.000000000000        4.56023276303257     
   786.000000000000        4.56221783067501     
   787.000000000000        4.56417692867765     
   788.000000000000        4.56613431174848     
   789.000000000000        4.56811113198559     
   790.000000000000        4.57007204675540     
   791.000000000000        4.57205404914538     
   792.000000000000        4.57401007494717     
   793.000000000000        4.57599170892974     
   794.000000000000        4.57795201765597     
   795.000000000000        4.57992357389700     
   796.000000000000        4.58190171914331     
   797.000000000000        4.58386561115472     
   798.000000000000        4.58582452021593     
   799.000000000000        4.58781287539086     
   800.000000000000        4.58978502091634     
   801.000000000000        4.59174590044359     
   802.000000000000        4.59372226023248     
   803.000000000000        4.59569003541989     
   804.000000000000        4.59766947001705     
   805.000000000000        4.59963891088281     
   806.000000000000        4.60161843083139     
   807.000000000000        4.60357527145706     
   808.000000000000        4.60556123342835     
   809.000000000000        4.60755067543464     
   810.000000000000        4.60949663710677     
   811.000000000000        4.61147740264136     
   812.000000000000        4.61346649319697     
   813.000000000000        4.61543808302931     
   814.000000000000        4.61741288440652     
   815.000000000000        4.61938216647642     
   816.000000000000        4.62135689621254     
   817.000000000000        4.62332662142317     
   818.000000000000        4.62532704704930     
   819.000000000000        4.62727364677177     
   820.000000000000        4.62928383600826     
   821.000000000000        4.63123331313915     
   822.000000000000        4.63321240261538     
   823.000000000000        4.63521101085485     
   824.000000000000        4.63717080292799     
   825.000000000000        4.63915287841865     
   826.000000000000        4.64113397483956     
   827.000000000000        4.64310106413768     
   828.000000000000        4.64508989644047     
   829.000000000000        4.64707149987529     
   830.000000000000        4.64904722068591     
   831.000000000000        4.65102403661783     
   832.000000000000        4.65299596094372     
   833.000000000000        4.65499324263953     
   834.000000000000        4.65695915663377     
   835.000000000000        4.65894036861811     
   836.000000000000        4.66091981887400     
   837.000000000000        4.66290014255856     
   838.000000000000        4.66488396141289     
   839.000000000000        4.66686589627299     
   840.000000000000        4.66884116030609     
   841.000000000000        4.67080998590554     
   842.000000000000        4.67281971533888     
   843.000000000000        4.67477847928988     
   844.000000000000        4.67677060791154     
   845.000000000000        4.67874087710385     
   846.000000000000        4.68073599629229     
   847.000000000000        4.68271350233195     
   848.000000000000        4.68468141972107     
   849.000000000000        4.68667715782054     
   850.000000000000        4.68865413212810     
   851.000000000000        4.69064300967240     
   852.000000000000        4.69261533348468     
   853.000000000000        4.69458467380794     
   854.000000000000        4.69659442159375     
   855.000000000000        4.69857076809625     
   856.000000000000        4.70053891102290     
   857.000000000000        4.70253450633096     
   858.000000000000        4.70451253947004     
   859.000000000000        4.70649209958056     
   860.000000000000        4.70847812852845     
   861.000000000000        4.71046006202761     
   862.000000000000        4.71243906185924     
   863.000000000000        4.71441761246545     
   864.000000000000        4.71640730812336     
   865.000000000000        4.71839105149637     
   866.000000000000        4.72036812161145     
   867.000000000000        4.72236901476401     
   868.000000000000        4.72431939153302     
   869.000000000000        4.72633152636748     
   870.000000000000        4.72829950729524     
   871.000000000000        4.73028217164058     
   872.000000000000        4.73227126551615     
   873.000000000000        4.73424757949042     
   874.000000000000        4.73621403712175     
   875.000000000000        4.73822523498925     
   876.000000000000        4.74020270627840     
   877.000000000000        4.74218289725237     
   878.000000000000        4.74415887078988     
   879.000000000000        4.74614391957130     
   880.000000000000        4.74811864307096     
   881.000000000000        4.75012289030696     
   882.000000000000        4.75209477453366     
   883.000000000000        4.75407421200224     
   884.000000000000        4.75604467019492     
   885.000000000000        4.75803499644494     
   886.000000000000        4.76002889962993     
   887.000000000000        4.76200342607297     
   888.000000000000        4.76397623117835     
   889.000000000000        4.76596996325184     
   890.000000000000        4.76794652717313     
   891.000000000000        4.76992582311638     
   892.000000000000        4.77191008601784     
   893.000000000000        4.77390101616005     
   894.000000000000        4.77586608157327     
   895.000000000000        4.77785179553806     
   896.000000000000        4.77984329417127     
   897.000000000000        4.78180170268212     
   898.000000000000        4.78381237689373     
   899.000000000000        4.78576839318345     
   900.000000000000        4.78775455594927     
   901.000000000000        4.78972937784880     
   902.000000000000        4.79172334763438     
   903.000000000000        4.79369055724317     
   904.000000000000        4.79568318593753     
   905.000000000000        4.79765436988870     
   906.000000000000        4.79963043644684     
   907.000000000000        4.80161667497385     
   908.000000000000        4.80359338984552     
   909.000000000000        4.80557130117561     
   910.000000000000        4.80754388910958     
   911.000000000000        4.80952880842323     
   912.000000000000        4.81151082221638     
   913.000000000000        4.81347880897893     
   914.000000000000        4.81546186331301     
   915.000000000000        4.81742837729468     
   916.000000000000        4.81943043355306     
   917.000000000000        4.82139022070741     
   918.000000000000        4.82336074205052     
   919.000000000000        4.82533566117997     
   920.000000000000        4.82732920593329     
   921.000000000000        4.82928892584202     
   922.000000000000        4.83128003673447     
   923.000000000000        4.83324400651001     
   924.000000000000        4.83522080425348     
   925.000000000000        4.83720493754812     
   926.000000000000        4.83916143999768     
   927.000000000000        4.84114152861320     
   928.000000000000        4.84311598435380     
   929.000000000000        4.84508758683723     
   930.000000000000        4.84706592121349     
   931.000000000000        4.84904291698209     
   932.000000000000        4.85100569214472     
   933.000000000000        4.85297442170257     
   934.000000000000        4.85495790597749     
   935.000000000000        4.85691469272183     
   936.000000000000        4.85890643380119     
   937.000000000000        4.86086034641981     
   938.000000000000        4.86283291696153     
   939.000000000000        4.86480413856182     
   940.000000000000        4.86676677090585     
   941.000000000000        4.86874963894072     
   942.000000000000        4.87071717396491     
   943.000000000000        4.87266202629555     
   944.000000000000        4.87465200420003     
   945.000000000000        4.87660654563366     
   946.000000000000        4.87858082308139     
   947.000000000000        4.88055269208170     
   948.000000000000        4.88250894433113     
   949.000000000000        4.88448220774414     
   950.000000000000        4.88644098130581     
   951.000000000000        4.88839834955326     
   952.000000000000        4.89036635835975     
   953.000000000000        4.89235460893524     
   954.000000000000        4.89428955273732     
   955.000000000000        4.89626642234768     
   956.000000000000        4.89821223316750     
   957.000000000000        4.90018022570266     
   958.000000000000        4.90215533173545     
   959.000000000000        4.90410620496211     
   960.000000000000        4.90607059743433     
   961.000000000000        4.90801816964458     
   962.000000000000        4.90998339026395     
   963.000000000000        4.91194631644115     
   964.000000000000        4.91390794361825     
   965.000000000000        4.91585132671576     
   966.000000000000        4.91781557229930     
   967.000000000000        4.91975783171423     
   968.000000000000        4.92174228317584     
   969.000000000000        4.92368102920601     
   970.000000000000        4.92564536274446     
   971.000000000000        4.92758415906777     
   972.000000000000        4.92952949403816     
   973.000000000000        4.93151050269954     
   974.000000000000        4.93345278855059     
   975.000000000000        4.93539910056583     
   976.000000000000        4.93734446577001     
   977.000000000000        4.93930852453141     
   978.000000000000        4.94124183826818     
   979.000000000000        4.94321001406827     
   980.000000000000        4.94514439529711     
   981.000000000000        4.94711073803358     
   982.000000000000        4.94903109006174     
   983.000000000000        4.95097798920250     
   984.000000000000        4.95293691728268     
   985.000000000000        4.95488013864357     
   986.000000000000        4.95683203107315     
   987.000000000000        4.95876542497847     
   988.000000000000        4.96071880503026     
   989.000000000000        4.96264847800697     
   990.000000000000        4.96459579577047     
   991.000000000000        4.96652624661951     
   992.000000000000        4.96849279483047     
   993.000000000000        4.97039377938108     
   994.000000000000        4.97236809154930     
   995.000000000000        4.97428718225319     
   996.000000000000        4.97621826523548     
   997.000000000000        4.97817512272287     
   998.000000000000        4.98009390798414     
   999.000000000000        4.98203306143896     
   1000.00000000000        4.98396643084648     
   1001.00000000000        4.98591289354603     
   1002.00000000000        4.98781346195089     
   1003.00000000000        4.98977760068268     
   1004.00000000000        4.99169468159480     
   1005.00000000000        4.99361798913485     
   1006.00000000000        4.99555197928664     
   1007.00000000000        4.99747851487017     
   1008.00000000000        4.99941579858735     
   1009.00000000000        5.00131910702448     
   1010.00000000000        5.00327361970594     
   1011.00000000000        5.00519177630745     
   1012.00000000000        5.00710279997129     
   1013.00000000000        5.00901599957450     
   1014.00000000000        5.01096673196674     
   1015.00000000000        5.01287202357943     
   1016.00000000000        5.01480242325338     
   1017.00000000000        5.01670778521091     
   1018.00000000000        5.01862844926211     
   1019.00000000000        5.02054578830554     
   1020.00000000000        5.02247905500967     
   1021.00000000000        5.02437345834821     
   1022.00000000000        5.02629759553168     
   1023.00000000000        5.02820391812474     
   1024.00000000000        5.03012635714620     
   1025.00000000000        5.03204227281972     
   1026.00000000000        5.03392407276781     
   1027.00000000000        5.03586166632610     
   1028.00000000000        5.03775748610523     
   1029.00000000000        5.03967765184367     
   1030.00000000000        5.04157217784861     
   1031.00000000000        5.04348205630553     
   1032.00000000000        5.04539441997144     
   1033.00000000000        5.04727792552338     
   1034.00000000000        5.04919866190929     
   1035.00000000000        5.05109923254740     
   1036.00000000000        5.05297789177976     
   1037.00000000000        5.05489225833217     
   1038.00000000000        5.05681477893844     
   1039.00000000000        5.05867478744865     
   1040.00000000000        5.06059254094687     
   1041.00000000000        5.06248224493670     
   1042.00000000000        5.06437177230355     
   1043.00000000000        5.06627388516140     
   1044.00000000000        5.06815232128964     
   1045.00000000000        5.07004021043534     
   1046.00000000000        5.07194390204165     
   1047.00000000000        5.07382032256491     
   1048.00000000000        5.07572643301143     
   1049.00000000000        5.07758391589183     
   1050.00000000000        5.07949208715414     
   1051.00000000000        5.08135626374554     
   1052.00000000000        5.08324962767461     
   1053.00000000000        5.08513967036233     
   1054.00000000000        5.08701394775675     
   1055.00000000000        5.08888462127651     
   1056.00000000000        5.09077702012467     
   1057.00000000000        5.09263605969995     
   1058.00000000000        5.09451858836153     
   1059.00000000000        5.09639719102598     
   1060.00000000000        5.09826199629756     
   1061.00000000000        5.10013684269382     
   1062.00000000000        5.10199821257879     
   1063.00000000000        5.10386627865770     
   1064.00000000000        5.10575105545259     
   1065.00000000000        5.10760857970538     
   1066.00000000000        5.10947153627318     
   1067.00000000000        5.11134197095501     
   1068.00000000000        5.11319039376693     
   1069.00000000000        5.11506839580930     
   1070.00000000000        5.11691498028873     
   1071.00000000000        5.11878941007246     
   1072.00000000000        5.12063843299168     
   1073.00000000000        5.12248110786656     
   1074.00000000000        5.12434083236116     
   1075.00000000000        5.12618777748154     
   1076.00000000000        5.12804684982302     
   1077.00000000000        5.12991628171564     
   1078.00000000000        5.13172755627280     
   1079.00000000000        5.13361170829432     
   1080.00000000000        5.13543813176930     
   1081.00000000000        5.13728293071548     
   1082.00000000000        5.13912735045436     
   1083.00000000000        5.14097235434528     
   1084.00000000000        5.14280622061613     
   1085.00000000000        5.14464585391262     
   1086.00000000000        5.14649101421339     
   1087.00000000000        5.14831702123871     
   1088.00000000000        5.15013782637620     
   1089.00000000000        5.15200673176805     
   1090.00000000000        5.15380148734575     
   1091.00000000000        5.15566100648352     
   1092.00000000000        5.15747802718575     
   1093.00000000000        5.15930198758658     
   1094.00000000000        5.16112026082905     
   1095.00000000000        5.16296662730569     
   1096.00000000000        5.16477426622389     
   1097.00000000000        5.16658718406016     
   1098.00000000000        5.16840526643675     
   1099.00000000000        5.17022715287244     
   1100.00000000000        5.17205534522235     
   1101.00000000000        5.17385607547917     
   1102.00000000000        5.17567808137475     
   1103.00000000000        5.17747566933311     
   1104.00000000000        5.17928515408592     
   1105.00000000000        5.18110560864433     
   1106.00000000000        5.18289319839546     
   1107.00000000000        5.18472813633541     
   1108.00000000000        5.18650808446266     
   1109.00000000000        5.18831444801597     
   1110.00000000000        5.19010876435806     
   1111.00000000000        5.19191525678421     
   1112.00000000000        5.19370670013767     
   1113.00000000000        5.19549276551281     
   1114.00000000000        5.19729890532765     
   1115.00000000000        5.19909222944278     
   1116.00000000000        5.20085972227491     
   1117.00000000000        5.20267329939292     
   1118.00000000000        5.20444580384474     
   1119.00000000000        5.20621618747420     
   1120.00000000000        5.20802041724703     
   1121.00000000000        5.20979203241347     
   1122.00000000000        5.21156945819288     
   1123.00000000000        5.21334198695604     
   1124.00000000000        5.21512593026723     
   1125.00000000000        5.21689823963093     
   1126.00000000000        5.21866185035511     
   1127.00000000000        5.22044679824944     
   1128.00000000000        5.22219497648078     
   1129.00000000000        5.22396326628936     
   1130.00000000000        5.22573194601412     
   1131.00000000000        5.22749731588696     
   1132.00000000000        5.22925663767499     
   1133.00000000000        5.23100829041500     
   1134.00000000000        5.23277506106622     
   1135.00000000000        5.23450797895630     
   1136.00000000000        5.23629189683945     
   1137.00000000000        5.23802346612758     
   1138.00000000000        5.23977431271272     
   1139.00000000000        5.24152527827447     
   1140.00000000000        5.24325211041355     
   1141.00000000000        5.24502515911839     
   1142.00000000000        5.24673919766935     
   1143.00000000000        5.24849525733365     
   1144.00000000000        5.25023449192168     
   1145.00000000000        5.25194536680886     
   1146.00000000000        5.25369443358332     
   1147.00000000000        5.25542513037179     
   1148.00000000000        5.25716514641575     
   1149.00000000000        5.25887423730731     
   1150.00000000000        5.26060238177182     
   1151.00000000000        5.26232456273183     
   1152.00000000000        5.26404843837241     
   1153.00000000000        5.26576416796633     
   1154.00000000000        5.26748724920263     
   1155.00000000000        5.26920182947286     
   1156.00000000000        5.27089794312559     
   1157.00000000000        5.27261293084650     
   1158.00000000000        5.27433385630051     
   1159.00000000000        5.27603058488200     
   1160.00000000000        5.27772226684662     
   1161.00000000000        5.27946489103429     
   1162.00000000000        5.28112607146182     
   1163.00000000000        5.28283052831918     
   1164.00000000000        5.28453453434734     
   1165.00000000000        5.28622186412180     
   1166.00000000000        5.28790962063843     
   1167.00000000000        5.28959464505862     
   1168.00000000000        5.29127537927506     
   1169.00000000000        5.29298837855414     
   1170.00000000000        5.29465185179844     
   1171.00000000000        5.29634444021734     
   1172.00000000000        5.29799246132309     
   1173.00000000000        5.29968723046752     
   1174.00000000000        5.30136249725261     
   1175.00000000000        5.30301355272034     
   1176.00000000000        5.30469794228808     
   1177.00000000000        5.30635651657150     
   1178.00000000000        5.30801759301934     
   1179.00000000000        5.30969864072987     
   1180.00000000000        5.31133446550212     
   1181.00000000000        5.31299474724255     
   1182.00000000000        5.31465780915928     
   1183.00000000000        5.31628613439342     
   1184.00000000000        5.31796119102659     
   1185.00000000000        5.31961381158912     
   1186.00000000000        5.32124454876967     
   1187.00000000000        5.32287273448445     
   1188.00000000000        5.32453954730936     
   1189.00000000000        5.32615375644320     
   1190.00000000000        5.32779173841953     
   1191.00000000000        5.32943215679757     
   1192.00000000000        5.33106962800597     
   1193.00000000000        5.33268487719548     
   1194.00000000000        5.33431039049323     
   1195.00000000000        5.33593673931568     
   1196.00000000000        5.33755342696076     
   1197.00000000000        5.33915591935459     
   1198.00000000000        5.34078455097665     
   1199.00000000000        5.34239002129126     
   1200.00000000000        5.34402353580465     
   1201.00000000000        5.34559829362812     
   1202.00000000000        5.34722995043077     
   1203.00000000000        5.34880987642975     
   1204.00000000000        5.35042073010608     
   1205.00000000000        5.35201060203756     
   1206.00000000000        5.35361131606133     
   1207.00000000000        5.35519766693179     
   1208.00000000000        5.35678290002235     
   1209.00000000000        5.35837820766106     
   1210.00000000000        5.35995098926576     
   1211.00000000000        5.36154841549230     
   1212.00000000000        5.36308859833105     
   1213.00000000000        5.36470389229372     
   1214.00000000000        5.36627709733054     
   1215.00000000000        5.36782784478792     
   1216.00000000000        5.36939657064649     
   1217.00000000000        5.37096870271849     
   1218.00000000000        5.37252897394913     
   1219.00000000000        5.37408454380059     
   1220.00000000000        5.37563425219273     
   1221.00000000000        5.37719210425174     
   1222.00000000000        5.37875500835061     
   1223.00000000000        5.38029258379362     
   1224.00000000000        5.38184512249357     
   1225.00000000000        5.38339366873752     
   1226.00000000000        5.38489656710180     
   1227.00000000000        5.38645340202451     
   1228.00000000000        5.38800120622439     
   1229.00000000000        5.38951386710971     
   1230.00000000000        5.39105059400946     
   1231.00000000000        5.39258186951053     
   1232.00000000000        5.39408434527738     
   1233.00000000000        5.39561342720005     
   1234.00000000000        5.39714307963387     
   1235.00000000000        5.39862897158000     
   1236.00000000000        5.40015677333078     
   1237.00000000000        5.40166874428294     
   1238.00000000000        5.40316039987377     
   1239.00000000000        5.40465620412199     
   1240.00000000000        5.40616864275489     
   1241.00000000000        5.40766103899812     
   1242.00000000000        5.40914562378841     
   1243.00000000000        5.41065088685017     
   1244.00000000000        5.41213099195089     
   1245.00000000000        5.41361619627632     
   1246.00000000000        5.41509110353637     
   1247.00000000000        5.41654843990345     
   1248.00000000000        5.41805475380809     
   1249.00000000000        5.41951403627214     
   1250.00000000000        5.42097534524327     
   1251.00000000000        5.42246169516574     
   1252.00000000000        5.42389715525250     
   1253.00000000000        5.42537995976738     
   1254.00000000000        5.42681453812326     
   1255.00000000000        5.42826467571358     
   1256.00000000000        5.42973138254435     
   1257.00000000000        5.43115701750500     
   1258.00000000000        5.43260773899999     
   1259.00000000000        5.43407009395961     
   1260.00000000000        5.43546442288354     
   1261.00000000000        5.43693141059949     
   1262.00000000000        5.43835296335700     
   1263.00000000000        5.43976350302578     
   1264.00000000000        5.44118540888716     
   1265.00000000000        5.44264494784934     
   1266.00000000000        5.44401443533369     
   1267.00000000000        5.44544881523829     
   1268.00000000000        5.44687455552909     
   1269.00000000000        5.44824398798038     
   1270.00000000000        5.44968602029097     
   1271.00000000000        5.45104386965777     
   1272.00000000000        5.45246843011261     
   1273.00000000000        5.45384454538621     
   1274.00000000000        5.45525625962506     
   1275.00000000000        5.45663528782769     
   1276.00000000000        5.45802976946957     
   1277.00000000000        5.45937421957662     
   1278.00000000000        5.46077215601569     
   1279.00000000000        5.46215670121484     
   1280.00000000000        5.46350017287846     
   1281.00000000000        5.46487005122941     
   1282.00000000000        5.46624896113548     
   1283.00000000000        5.46758690585193     
   1284.00000000000        5.46896154546008     
   1285.00000000000        5.47030740924869     
   1286.00000000000        5.47164360479680     
   1287.00000000000        5.47299074730495     
   1288.00000000000        5.47432647743510     
   1289.00000000000        5.47568244511818     
   1290.00000000000        5.47700874855858     
   1291.00000000000        5.47834477398641     
   1292.00000000000        5.47968425383690     
   1293.00000000000        5.48096603526127     
   1294.00000000000        5.48231884363952     
   1295.00000000000        5.48361342120954     
   1296.00000000000        5.48493717374912     
   1297.00000000000        5.48624788109046     
   1298.00000000000        5.48755116731460     
   1299.00000000000        5.48883502810649     
   1300.00000000000        5.49013660781242     
   1301.00000000000        5.49144572968379     
   1302.00000000000        5.49274741762919     
   1303.00000000000        5.49399135530390     
   1304.00000000000        5.49531925784691     
   1305.00000000000        5.49656402081840     
   1306.00000000000        5.49784443556162     
   1307.00000000000        5.49911954526182     
   1308.00000000000        5.50039667686800     
   1309.00000000000        5.50163352240974     
   1310.00000000000        5.50291996091848     
   1311.00000000000        5.50416455103196     
   1312.00000000000        5.50540180433369     
   1313.00000000000        5.50667609565793     
   1314.00000000000        5.50791159192591     
   1315.00000000000        5.50914593466287     
   1316.00000000000        5.51038366165597     
   1317.00000000000        5.51162359315241     
   1318.00000000000        5.51283420824788     
   1319.00000000000        5.51405803017681     
   1320.00000000000        5.51528775220150     
   1321.00000000000        5.51651579692945     
   1322.00000000000        5.51771002472794     
   1323.00000000000        5.51892884135543     
   1324.00000000000        5.52012837532024     
   1325.00000000000        5.52132085852485     
   1326.00000000000        5.52253533030208     
   1327.00000000000        5.52370460839286     
   1328.00000000000        5.52492883511288     
   1329.00000000000        5.52607520683794     
   1330.00000000000        5.52726104516206     
   1331.00000000000        5.52846162162996     
   1332.00000000000        5.52959075840013     
   1333.00000000000        5.53079147426066     
   1334.00000000000        5.53194159235441     
   1335.00000000000        5.53310697016951     
   1336.00000000000        5.53425872864134     
   1337.00000000000        5.53541107375993     
   1338.00000000000        5.53656521359672     
   1339.00000000000        5.53768210363682     
   1340.00000000000        5.53884237366877     
   1341.00000000000        5.53998274330652     
   1342.00000000000        5.54107733632668     
   1343.00000000000        5.54222385701289     
   1344.00000000000        5.54336069863051     
   1345.00000000000        5.54444890010303     
   1346.00000000000        5.54557104675313     
   1347.00000000000        5.54669409618252     
   1348.00000000000        5.54778614549720     
   1349.00000000000        5.54888251836724     
   1350.00000000000        5.54997749565352     
   1351.00000000000        5.55108264178317     
   1352.00000000000        5.55215582172432     
   1353.00000000000        5.55324059453757     
   1354.00000000000        5.55430933176685     
   1355.00000000000        5.55539928099495     
   1356.00000000000        5.55645565794688     
   1357.00000000000        5.55751486170294     
   1358.00000000000        5.55855733728486     
