0 -873.074707731181 180.514828010462 -11.659012935346 0.244458315252
1 -873.074707731181 180.514828010462 -11.659012935346 0.244458315252
2 -873.074707731181 180.514828010462 -11.659012935346 0.244458315252
3 -873.074707722326 180.514828008704 -11.659012935229 0.244458315250
4 -873.074705963771 180.514827661493 -11.659012912374 0.244458314748
5 -873.074672519445 180.514821003457 -11.659012470405 0.244458304963
6 -873.074455709520 180.514777420719 -11.659009549181 0.244458239651
7 -873.073691596048 180.514622089606 -11.658999023365 0.244458001737
8 -873.071823031612 180.514237440166 -11.658972644926 0.244457398503
9 -873.068189472261 180.513479169499 -11.658919983380 0.244456179571
10 -873.062102522832 180.512190461327 -11.658829316654 0.244454055368
11 -873.052883035364 180.510209368352 -11.658688120912 0.244450707888
12 -873.039879647208 180.507372903652 -11.658483366659 0.244445797697
13 -873.022493484882 180.503522498887 -11.658201913174 0.244438973286
14 -873.000219595324 180.498512844596 -11.657831130344 0.244429885500
15 -872.972702838517 180.492223662345 -11.657359719085 0.244418206485
16 -872.939798540417 180.484572501099 -11.656778606032 0.244403650435
17 -872.901627030060 180.475526400294 -11.656081770102 0.244385993029
18 -872.858613915500 180.465110780774 -11.655266890959 0.244365087103
19 -872.811511648176 180.453414643221 -11.654335755791 0.244340873074
20 -872.761401889301 180.440591933665 -11.653294411813 0.244313383765
21 -872.709681175951 180.426859530740 -11.652153091505 0.244282744160
22 -872.658033491874 180.412492541107 -11.650925953720 0.244249166969
23 -872.608394322135 180.397817791967 -11.649630697920 0.244212945221
24 -872.562910519874 180.383206370985 -11.648288107027 0.244174443106
25 -872.523899184683 180.369065853179 -11.646921561391 0.244134085981
26 -872.493808542477 180.355832814212 -11.645556563900 0.244092350445
27 -872.475182203684 180.343965919528 -11.644220296448 0.244049754940
28 -872.470627941229 180.333939829767 -11.642941224619 0.244006851275
29 -872.482791081295 180.326239958266 -11.641748754159 0.243964217190
30 -872.514332608568 180.321358113756 -11.640672942353 0.243922450020
31 -872.567911159535 180.319788879991 -11.639744255598 0.243882161333
32 -872.646168599384 180.322026680422 -11.638993370375 0.243843972460
33 -872.751718417590 180.328563385946 -11.638451008930 0.243808510763
34 -872.887136278807 180.339886340447 -11.638147801847 0.243776406474
35 -873.054952217750 180.356476707205 -11.638114171441 0.243748289977
36 -873.257644042859 180.378808052834 -11.638380230690 0.243724789431
37 -873.497631535004 180.407345088766 -11.638975692574 0.243706528612
38 -873.777271189781 180.442542521521 -11.639929786683 0.243694124921
39 -874.098851400774 180.484843991159 -11.641271181731 0.243688187521
40 -874.464587852244 180.534681052958 -11.643027911064 0.243689315539
41 -874.876619174579 180.592472212020 -11.645227301751 0.243698096351
42 -875.337002852885 180.658622008502 -11.647895907071 0.243715103941
43 -875.847711322452 180.733520140619 -11.651059441570 0.243740897313
44 -876.410628394610 180.817540653203 -11.654742720463 0.243776019011
45 -877.027545961891 180.911041181659 -11.658969602714 0.243820993704
46 -877.700161155931 181.014362285457 -11.663762940022 0.243876326909
47 -878.430073830846 181.127826846519 -11.669144530115 0.243942503810
48 -879.218784555712 181.251739568592 -11.675135076723 0.244019988218
49 -880.067693089927 181.386386572525 -11.681754155887 0.244109221673
50 -880.978097323124 181.532035084793 -11.689020188496 0.244210622683
51 -881.951192684171 181.688933220069 -11.696950419095 0.244324586104
52 -882.988072150774 181.857309883836 -11.705560902670 0.244451482692
53 -884.089726618598 182.037374748623 -11.714866496448 0.244591658772
54 -885.257045830572 182.229318343039 -11.724880859237 0.244745436071
55 -886.490819628535 182.433312207902 -11.735616455402 0.244913111659
56 -887.791739772757 182.649509166616 -11.747084566489 0.245094958062
57 -889.160401917644 182.878043631230 -11.759295305494 0.245291223431
58 -890.597308134861 183.119032018882 -11.772257638550 0.245502131890
59 -892.102869556334 183.372573196614 -11.785979408771 0.245727883923
60 -893.677409347884 183.638748995251 -11.800467364892 0.245968656883
61 -895.321165899343 183.917624769906 -11.815727193222 0.246224605571
62 -897.034296204908 184.209250002044 -11.831763552593 0.246495862889
63 -898.816879276788 184.513658913064 -11.848580110400 0.246782540527
64 -900.668919811311 184.830871130818 -11.866179582315 0.247084729730
65 -902.590351814390 185.160892353021 -11.884563772130 0.247402502078
66 -904.581042345038 185.503715037431 -11.903733613598 0.247735910312
67 -906.640795218466 185.859319088335 -11.923689212311 0.248084989173
68 -908.769354741746 186.227672553082 -11.944429888487 0.248449756259
69 -910.966409387238 186.608732310231 -11.965954219471 0.248830212888
70 -913.231595450170 187.002444757762 -11.988260082458 0.249226344966
71 -915.564500608932 187.408746485848 -12.011344696463 0.249638123847
72 -917.964667445422 187.827564944618 -12.035204664153 0.250065507198
73 -920.431596790902 188.258819080955 -12.059836011892 0.250508439819
74 -922.964751098659 188.702419982899 -12.085234230443 0.250966854496
75 -925.563557559457 189.158271476651 -12.111394312794 0.251440672784
76 -928.227411209123 189.626270724053 -12.138310792150 0.251929805805
77 -930.955677892770 190.106308794144 -12.165977778406 0.252434155015
78 -933.747697049908 190.598271202084 -12.194388992647 0.252953612928
79 -936.602784405483 191.102038431166 -12.223537800671 0.253488063825
80 -939.520234567884 191.617486438148 -12.253417245533 0.254037384448
81 -942.499323441546 192.144487124181 -12.284020077985 0.254601444645
82 -945.539310534846 192.682908786506 -12.315338785755 0.255180107995
83 -948.639441166715 193.232616551296 -12.347365621675 0.255773232414
84 -951.798948440581 193.793472762815 -12.380092629100 0.256380670697
85 -955.017055303230 194.365337388958 -12.413511668381 0.257002271089
86 -958.292976254284 194.948068360686 -12.447614439197 0.257637877770
87 -961.625919089312 195.541521917872 -12.482392503304 0.258287331350
88 -965.015086490605 196.145552926290 -12.517837305474 0.258950469319
89 -968.459677462589 196.760015165074 -12.553940192577 0.259627126468
90 -971.958888809225 197.384761622194 -12.590692433184 0.260317135318
91 -975.511916295254 198.019644729421 -12.628085233322 0.261020326465
92 -979.117955924267 198.664516619668 -12.666109753667 0.261736528961
93 -982.776204955204 199.319229334123 -12.704757123533 0.262465570623
94 -986.485862974946 199.983635040072 -12.744018455549 0.263207278358
95 -990.246132778960 200.657586211651 -12.783884857963 0.263961478442
96 -994.056221269996 201.340935814156 -12.824347447180 0.264727996797
97 -997.915340181778 202.033537454208 -12.865397358092 0.265506659224
98 -1001.822706802265 202.735245530070 -12.907025754437 0.266297291640
99 -1005.777544657763 203.445915373823 -12.949223838606 0.267099720301
100 -1009.779084014660 204.165403358599 -12.991982859220 0.267913771972
101 -1013.826562482076 204.893567024813 -13.035294119907 0.268739274133
102 -1017.919225430585 205.630265170659 -13.079148985769 0.269576055128
103 -1022.056326450384 206.375357950281 -13.123538890353 0.270423944327
104 -1026.237127670551 207.128706944641 -13.168455340831 0.271282772247
105 -1030.460900150209 207.890175246091 -13.213889924064 0.272152370697
106 -1034.726924103143 208.659627510630 -13.259834310572 0.273032572877
107 -1039.034489200975 209.436930024985 -13.306280259444 0.273923213489
108 -1043.382894757712 210.221950750537 -13.353219621739 0.274824128826
109 -1047.771449902458 211.014559364833 -13.400644343731 0.275735156854
110 -1052.199473751617 211.814627302604 -13.448546470096 0.276656137289
111 -1056.666295500676 212.622027781059 -13.496918146077 0.277586911653
112 -1061.171254583312 213.436635837853 -13.545751620447 0.278527323355
113 -1065.713700638615 214.258328332000 -13.595039246087 0.279477217706
114 -1070.292993664911 215.086983980189 -13.644773482801 0.280436441995
115 -1074.908503960037 215.922483352022 -13.694946897504 0.281404845502
116 -1079.559612197986 216.764708890988 -13.745552166022 0.282382279547
117 -1084.245709394637 217.613544913994 -13.796582073521 0.283368597504
118 -1088.966196868325 218.468877609705 -13.848029514833 0.284363654827
119 -1093.720486221308 219.330595040497 -13.899887495004 0.285367309061
120 -1098.507999297337 220.198587139740 -13.952149129523 0.286379419861
121 -1103.328168101111 221.072745701468 -14.004807644059 0.287399848996
122 -1108.180434721366 221.952964370504 -14.057856374198 0.288428460349
123 -1113.064251274999 222.839138636458 -14.111288765428 0.289465119923
124 -1117.979079767704 223.731165811543 -14.165098372073 0.290509695833
125 -1122.924392075211 224.628945031119 -14.219278857654 0.291562058313
126 -1127.899669751158 225.532377221085 -14.273823993138 0.292622079695
127 -1132.904403957279 226.441365088261 -14.328727656628 0.293689634399
128 -1137.938095347929 227.355813102052 -14.383983832489 0.294764598930
129 -1143.000253928062 228.275627470759 -14.439586610127 0.295846851857
130 -1148.090398971820 229.200716129264 -14.495530183469 0.296936273803
131 -1153.208058824794 230.130988704387 -14.551808849018 0.298032747416
132 -1158.352770817472 231.066356501424 -14.608417005251 0.299136157358
133 -1163.524081137333 232.006732482350 -14.665349151456 0.300246390290
134 -1168.721544654319 232.952031235310 -14.722599886028 0.301363334837
135 -1173.944724813938 233.902168956650 -14.780163905542 0.302486881576
136 -1179.193193487013 234.857063424641 -14.838036003282 0.303616923010
137 -1184.466530825151 235.816633974182 -14.896211067842 0.304753353540
138 -1189.764325135420 236.780801474969 -14.954684081917 0.305896069451
139 -1195.086172697552 237.749488298630 -15.013450120396 0.307044968867
140 -1200.431677675018 238.722618303731 -15.072504349590 0.308199951747
141 -1205.800451950093 239.700116805989 -15.131842025491 0.309360919847
142 -1211.192114970009 240.681910550687 -15.191458492184 0.310527776693
143 -1216.606293631833 241.667927692370 -15.251349180709 0.311700427559
144 -1222.042622125824 242.658097766382 -15.311509607391 0.312878779436
145 -1227.500741811470 243.652351666594 -15.371935372558 0.314062741010
146 -1232.980301050489 244.650621615046 -15.432622158752 0.315252222625
147 -1238.480955106288 245.652841143912 -15.493565729702 0.316447136266
148 -1244.002366005793 246.658945070361 -15.554761928847 0.317647395530
149 -1249.544202365334 247.668869464427 -15.616206677404 0.318852915588
150 -1255.106139340439 248.682551640532 -15.677895973944 0.320063613181
151 -1260.687858382354 249.699930112029 -15.739825891606 0.321279406560
152 -1266.289047243828 250.720944593151 -15.801992578312 0.322500215497
153 -1271.909399703929 251.745535947442 -15.864392253591 0.323725961218
154 -1277.548615584176 252.773646191621 -15.927021208912 0.324956566414
155 -1283.206400548713 253.805218458309 -15.989875805405 0.326191955194
156 -1288.882465974936 254.840196971875 -16.052952472396 0.327432053056
157 -1294.576528908089 255.878527040626 -16.116247707002 0.328676786881
158 -1300.288311841335 256.920155015351 -16.179758071560 0.329926084882
159 -1306.017542681325 257.965028283399 -16.243480193330 0.331179876597
160 -1311.763954625283 259.013095245660 -16.307410763086 0.332438092865
161 -1317.527286021725 260.064305290654 -16.371546533551 0.333700665791
162 -1323.307280253141 261.118608772455 -16.435884318037 0.334967528719
163 -1329.103685688812 262.175957002222 -16.500420989977 0.336238616227
164 -1334.916255537328 263.236302220412 -16.565153481211 0.337513864091
165 -1340.744747715241 264.299597572077 -16.630078780463 0.338793209252
166 -1346.588924828675 265.365797103724 -16.695193933198 0.340076589818
167 -1352.448553988482 266.434855728343 -16.760496039443 0.341363945017
168 -1358.323406781208 267.506729220173 -16.825982253503 0.342655215192
169 -1364.213259126600 268.581374187690 -16.891649782281 0.343950341770
170 -1370.117891218988 269.658748062776 -16.957495884634 0.345249267246
171 -1376.037087412025 270.738809078892 -17.023517870028 0.346551935158
172 -1381.970636140765 271.821516256399 -17.089713097636 0.347858290068
173 -1387.918329832522 272.906829385688 -17.156078975299 0.349168277542
174 -1393.879964835246 273.994709013722 -17.222612958710 0.350481844132
175 -1399.855341301635 275.085116422078 -17.289312550047 0.351798937351
176 -1405.844263135928 276.178013616878 -17.356175297364 0.353119505659
177 -1411.846537910603 277.273363312976 -17.423198793607 0.354443498444
178 -1417.861976781272 278.371128917904 -17.490380675633 0.355770866001
179 -1423.890394401696 279.471274515615 -17.557718623190 0.357101559513
180 -1429.931608859386 280.573764854372 -17.625210358178 0.358435531035
181 -1435.985441637202 281.678565339424 -17.692853644206 0.359772733486
182 -1442.051717451541 282.785642002153 -17.760646284648 0.361113120609
183 -1448.130264272940 283.894961504050 -17.828586122919 0.362456646977
184 -1454.220913215368 285.006491115666 -17.896671041159 0.363803267964
185 -1460.323498474680 286.120198704788 -17.964898959493 0.365152939735
186 -1466.437857270772 287.236052725480 -18.033267835358 0.366505619228
187 -1472.563829766061 288.354022202494 -18.101775662524 0.367861264135
188 -1478.701259034264 289.474076725307 -18.170420470732 0.369219832897
189 -1484.849990947035 290.596186426430 -18.239200324329 0.370581284671
190 -1491.009874179916 291.720321982593 -18.308113322358 0.371945579339
191 -1497.180760107910 292.846454594736 -18.377157597297 0.373312677476
192 -1503.362502757636 293.974555978801 -18.446331314484 0.374682540341
193 -1509.554958759601 295.104598356713 -18.515632671565 0.376055129868
194 -1515.757987295569 296.236554446150 -18.585059897841 0.377430408646
195 -1521.971450033023 297.370397448040 -18.654611253489 0.378808339911
196 -1528.195211073914 298.506101036746 -18.724285028950 0.380188887529
197 -1534.429136927737 299.643639354808 -18.794079544599 0.381572015987
198 -1540.673096415781 300.782986994672 -18.863993149594 0.382957690377
199 -1546.926960677152 301.924118999715 -18.934024221948 0.384345876390
200 -1553.190603075612 303.067010846419 -19.004171167404 0.385736540296
201 -1559.463899183261 304.211638441163 -19.074432419233 0.387129648941
202 -1565.746726709242 305.357978106624 -19.144806437386 0.388525169727
203 -1572.038965503003 306.506006582194 -19.215291708514 0.389923070616
204 -1578.340497427686 307.655700999812 -19.285886744444 0.391323320092
205 -1584.651206424968 308.807038896251 -19.356590082965 0.392725887187
206 -1590.970978353412 309.959998182133 -19.427400285856 0.394130741431
207 -1597.299701081386 311.114557159687 -19.498315940033 0.395537852882
208 -1603.637264322271 312.270694491059 -19.569335655520 0.396947192080
209 -1609.983559673625 313.428389205811 -19.640458065942 0.398358730060
210 -1616.338480537793 314.587620685658 -19.711681827556 0.399772438331
211 -1622.701922153634 315.748368670375 -19.783005619624 0.401188288884
212 -1629.073781449898 316.910613229788 -19.854428142640 0.402606254155
213 -1635.453957115188 318.074334777025 -19.925948119174 0.404026307042
214 -1641.842349504440 319.239514050539 -19.997564292730 0.405448420882
215 -1648.238860608253 320.406132108166 -20.069275427368 0.406872569445
216 -1654.643394049836 321.574170326511 -20.141080307672 0.408298726928
217 -1661.055855026749 322.743610389606 -20.212977738023 0.409726867948
218 -1667.476150303970 323.914434287651 -20.284966542527 0.411156967532
219 -1673.904188117107 325.086624298312 -20.357045563824 0.412589001098
220 -1680.339878270601 326.260163005462 -20.429213664278 0.414022944479
221 -1686.783131966233 327.435033266290 -20.501469723892 0.415458773877
222 -1693.233861849197 328.611218220054 -20.573812640859 0.416896465877
223 -1699.691982003642 329.788701287070 -20.646241331499 0.418335997446
224 -1706.157407849020 330.967466148934 -20.718754729009 0.419777345903
225 -1712.630056181183 332.147496756147 -20.791351783936 0.421220488936
226 -1719.109845107042 333.328777315690 -20.864031463396 0.422665404577
227 -1725.596694028286 334.511292287673 -20.936792750856 0.424112071207
228 -1732.090523636880 335.695026384531 -21.009634646085 0.425560467545
229 -1738.591255857026 336.879964559748 -21.082556164434 0.427010572643
230 -1745.098813837051 338.066092006269 -21.155556336738 0.428462365874
231 -1751.613121949394 339.253394156378 -21.228634209303 0.429915826942
232 -1758.134105711308 340.441856666557 -21.301788842949 0.431370935853
233 -1764.661691826818 341.631465425241 -21.375019313493 0.432827672931
234 -1771.195808108738 342.822206538013 -21.448324710814 0.434286018795
235 -1777.736383500192 344.014066331522 -21.521704139099 0.435745954367
236 -1784.283348011113 345.207031341342 -21.595156716071 0.437207460854
237 -1790.836632754163 346.401088318655 -21.668681573407 0.438670519757
238 -1797.396169871136 347.596224216252 -21.742277855858 0.440135112852
239 -1803.961892535036 348.792426188684 -21.815944721243 0.441601222193
240 -1810.533734956729 349.989681593612 -21.889681340548 0.443068830111
241 -1817.111632284737 351.187977972434 -21.963486896679 0.444537919187
242 -1823.695520694988 352.387303067486 -22.037360585565 0.446008472279
243 -1830.285337304926 353.587644805476 -22.111301615097 0.447480472497
244 -1836.881020150953 354.788991293149 -22.185309204856 0.448953903199
245 -1843.482508212538 355.991330821714 -22.259382586384 0.450428747992
246 -1850.089741382814 357.194651861314 -22.333521002842 0.451904990734
247 -1856.702660404120 358.398943048473 -22.407723708200 0.453382615507
248 -1863.321206915247 359.604193195186 -22.481989967821 0.454861606636
249 -1869.945323421586 360.810391283056 -22.556319058084 0.456341948679
250 -1876.574953237265 362.017526452198 -22.630710265672 0.457823626410
251 -1883.210040537599 363.225588011210 -22.705162888213 0.459306624838
252 -1889.850530285011 364.434565422876 -22.779676233360 0.460790929180
253 -1896.496368240726 365.644448306442 -22.854249618943 0.462276524872
254 -1903.147500947034 366.855226434079 -22.928882372733 0.463763397558
255 -1909.803875716407 368.066889728719 -23.003573832309 0.465251533091
256 -1916.465440619764 369.279428261868 -23.078323344917 0.466740917529
257 -1923.132144466281 370.492832249520 -23.153130267203 0.468231537126
258 -1929.803936777025 371.707092047202 -23.227993964903 0.469723378333
259 -1936.480767817255 372.922198156023 -23.302913813222 0.471216427798
260 -1943.162588518934 374.138141207724 -23.377889195878 0.472710672352
261 -1949.849350535790 375.354911975306 -23.452919505786 0.474206099018
262 -1956.541006167691 376.572501358372 -23.528004144111 0.475702694998
263 -1963.237508421893 377.790900394878 -23.603142521028 0.477200447681
264 -1969.938810915021 379.010100242234 -23.678334054502 0.478699344623
265 -1976.644867933382 380.230092188880 -23.753578171038 0.480199373562
266 -1983.355634395033 381.450867646933 -23.828874305199 0.481700522404
267 -1990.071065815120 382.672418145445 -23.904221899182 0.483202779221
268 -1996.791118358694 383.894735340635 -23.979620403471 0.484706132257
269 -2003.515748739354 385.117810996188 -24.055069275566 0.486210569907
270 -2010.244914311652 386.341637001112 -24.130567981138 0.487716080739
271 -2016.978572974177 387.566205350983 -24.206115992816 0.489222653468
272 -2023.716683211163 388.791508155998 -24.281712790711 0.490730276971
273 -2030.459204059766 390.017537634528 -24.357357861993 0.492238940269
274 -2037.206095106554 391.244286112522 -24.433050700861 0.493748632539
275 -2043.957316501106 392.471746025931 -24.508790808689 0.495259343105
276 -2050.712828882618 393.699909906738 -24.584577693135 0.496771061427
277 -2057.472593456639 394.928770397580 -24.660410869079 0.498283777118
278 -2064.236571907427 396.158320234802 -24.736289857526 0.499797479923
279 -2071.004726463244 397.388552261096 -24.812214186428 0.501312159730
280 -2077.777019805163 398.619459407851 -24.888183389541 0.502827806556
281 -2084.553415155231 399.851034712124 -24.964197007521 0.504344410561
282 -2091.333876166297 401.083271295346 -25.040254586550 0.505861962023
283 -2098.118366983436 402.316162375168 -25.116355679098 0.507380451355
284 -2104.906852246139 403.549701265835 -25.192499843949 0.508899869103
285 -2111.699297018205 404.783881364606 -25.268686645320 0.510420205929
286 -2118.495666799402 406.018696154121 -25.344915653027 0.511941452615
287 -2125.295927582778 407.254139213167 -25.421186443157 0.513463600076
288 -2132.100045756229 408.490204197940 -25.497498596880 0.514986639333
289 -2138.907988166012 409.726884854028 -25.573851701206 0.516510561535
290 -2145.719722051469 410.964175004022 -25.650245348197 0.518035357935
291 -2152.535215076751 412.202068553451 -25.726679135344 0.519561019905
292 -2159.354435343356 413.440559493163 -25.803152665714 0.521087538934
293 -2166.177351317700 414.679641885440 -25.879665547068 0.522614906609
294 -2173.003931877033 415.919309872772 -25.956217392414 0.524143114633
295 -2179.834146278038 417.159557671820 -26.032807819628 0.525672154809
296 -2186.667964174662 418.400379576686 -26.109436451651 0.527202019050
297 -2193.505355603781 419.641769956299 -26.186102916330 0.528732699372
298 -2200.346290954799 420.883723248444 -26.262806846031 0.530264187889
299 -2207.190740983519 422.126233962434 -26.339547877809 0.531796476814
300 -2214.038676831083 423.369296682689 -26.416325653635 0.533329558465
301 -2220.890069957521 424.612906056040 -26.493139819590 0.534863425248
302 -2227.744892206952 425.857056804032 -26.569990026634 0.536398069671
303 -2234.603115730697 427.101743708384 -26.646875929697 0.537933484328
304 -2241.464713054429 428.346961623672 -26.723797188471 0.539469661917
305 -2248.329656995409 429.592705461445 -26.800753466401 0.541006595212
306 -2255.197920737662 430.838970204679 -26.877744431607 0.542544277089
307 -2262.069477779934 432.085750897739 -26.954769756243 0.544082700509
308 -2268.944301930935 433.333042645461 -27.031829116434 0.545621858518
309 -2275.822367291456 434.580840609657 -27.108922192053 0.547161744244
310 -2282.703648327509 435.829140023130 -27.186048667614 0.548702350910
311 -2289.588119734698 437.077936163669 -27.263208230614 0.550243671807
312 -2296.475756586558 438.327224382454 -27.340400573340 0.551785700324
313 -2303.366534174464 439.577000073306 -27.417625390908 0.553328429914
314 -2310.260428129000 440.827258695999 -27.494882382752 0.554871854121
315 -2317.157414382117 442.077995768930 -27.572171252150 0.556415966570
316 -2324.057469072323 443.329206850891 -27.649491705060 0.557960760943
317 -2330.960568692129 444.580887569454 -27.726843451938 0.559506231021
318 -2337.866689989646 445.833033601888 -27.804226206509 0.561052370653
319 -2344.775809941403 447.085640670098 -27.881639685450 0.562599173749
320 -2351.687905828693 448.338704555125 -27.959083609309 0.564146634305
321 -2358.602955186057 449.592221087329 -28.036557701883 0.565694746385
322 -2365.520935819605 450.846186149806 -28.114061690430 0.567243504126
323 -2372.441825737636 452.100595665172 -28.191595304828 0.568792901723
324 -2379.365603277393 453.355445619689 -28.269158279111 0.570342933459
325 -2386.292246925318 454.610732028965 -28.346750349281 0.571893593659
326 -2393.221735524367 455.866450977545 -28.424371255835 0.573444876742
327 -2400.154048051961 457.122598576374 -28.502020741044 0.574996777169
328 -2407.089163794463 458.379170996220 -28.579698551088 0.576549289482
329 -2414.027062226437 459.636164444570 -28.657404434586 0.578102408276
330 -2420.967723075852 460.893575177963 -28.735138143371 0.579656128212
331 -2427.911126294345 462.151399496434 -28.812899432144 0.581210444018
332 -2434.857252030500 463.409633738286 -28.890688058134 0.582765350470
333 -2441.806080701170 464.668274293755 -28.968503781972 0.584320842421
334 -2448.757592896315 465.927317586767 -29.046346366523 0.585876914769
335 -2455.711769439539 467.186760086580 -29.124215577636 0.587433562479
336 -2462.668591355855 468.446598301415 -29.202111183721 0.588990780567
337 -2469.628039883738 469.706828780977 -29.280032955926 0.590548564111
338 -2476.590096463551 470.967448114010 -29.357980667967 0.592106908242
339 -2483.554742748371 472.228452930601 -29.435954096287 0.593665808149
340 -2490.521960568403 473.489839895017 -29.513953019581 0.595225259071
341 -2497.491731961143 474.751605711830 -29.591977219205 0.596785256303
342 -2504.464039163796 476.013747124163 -29.670026479047 0.598345795193
343 -2511.438864591592 477.276260909694 -29.748100585283 0.599906871141
344 -2518.416190881572 478.539143888932 -29.826199326896 0.601468479603
345 -2525.396000800571 479.802392907644 -29.904322494559 0.603030616076
346 -2532.378277330647 481.066004853184 -29.982469881673 0.604593276110
347 -2539.363003642517 482.329976649307 -30.060641284036 0.606156455312
348 -2546.350163066222 483.594305250760 -30.138836499503 0.607720149328
349 -2553.339739133464 484.858987651077 -30.217055328468 0.609284353863
350 -2560.331715504427 486.124020868798 -30.295297572999 0.610849064653
351 -2567.326076044382 487.389401962038 -30.373563037763 0.612414277493
352 -2574.322804794159 488.655128022761 -30.451851529651 0.613979988226
353 -2581.321885925370 489.921196168314 -30.530162857249 0.615546192728
354 -2588.323303823458 491.187603557229 -30.608496831840 0.617112886937
355 -2595.327042975405 492.454347367718 -30.686853266029 0.618680066816
356 -2602.333088075638 493.721424817995 -30.765231975043 0.620247728386
357 -2609.341423968999 494.988833155259 -30.843632776024 0.621815867709
358 -2616.352035628061 496.256569651455 -30.922055487763 0.623384480881
359 -2623.364908207383 497.524631613525 -31.000499931347 0.624953564047
360 -2630.380027019538 498.793016378893 -31.078965929874 0.626523113399
361 -2637.397377480538 500.061721304983 -31.157453307781 0.628093125152
362 -2644.416945208071 501.330743788005 -31.235961892046 0.629663595580
363 -2651.438715938501 502.600081247082 -31.314491511171 0.631234520988
364 -2658.462675543884 503.869731127478 -31.393041995389 0.632805897718
365 -2665.488810057861 505.139690905500 -31.471613176973 0.634377722155
366 -2672.517105656467 506.409958084910 -31.550204890010 0.635949990725
367 -2679.547548628094 507.680530191138 -31.628816970035 0.637522699884
368 -2686.580125401745 508.951404776592 -31.707449254355 0.639095846124
369 -2693.614822585266 510.222579428096 -31.786101582539 0.640669425990
370 -2700.651626861721 511.494051746956 -31.864773795137 0.642243436043
371 -2707.690525080335 512.765819366396 -31.943465734791 0.643817872893
372 -2714.731504203593 514.037879941446 -32.022177245597 0.645392733179
373 -2721.774551334971 515.310231154138 -32.100908173423 0.646968013579
374 -2728.819653685719 516.582870707289 -32.179658365526 0.648543710799
375 -2735.866798627415 517.855796334450 -32.258427671176 0.650119821591
376 -2742.915973603730 519.129005783036 -32.337215940585 0.651696342726
377 -2749.967166224744 520.402496832369 -32.416023026051 0.653273271018
378 -2757.020364187766 521.676267278530 -32.494848781001 0.654850603308
379 -2764.075555338963 522.950314946106 -32.573693060727 0.656428336475
380 -2771.132727614927 524.224637677072 -32.652555721690 0.658006467425
381 -2778.191869090614 525.499233339887 -32.731436622089 0.659584993099
382 -2785.252967940939 526.774099822153 -32.810335621396 0.661163910467
383 -2792.316012453774 528.049235033163 -32.889252580520 0.662743216530
384 -2799.380991024321 529.324636902693 -32.968187361726 0.664322908317
385 -2806.447892180305 530.600303385899 -33.047139828946 0.665902982894
386 -2813.516704525490 531.876232452569 -33.126109847102 0.667483437347
387 -2820.587416808573 533.152422100108 -33.205097282920 0.669064268801
388 -2827.660017849583 534.428870339595 -33.284102004049 0.670645474401
389 -2834.734496578811 535.705575203235 -33.363123879536 0.672227051324
390 -2841.810842055207 536.982534747779 -33.442162780039 0.673808996778
391 -2848.889043424967 538.259747046645 -33.521218577326 0.675391307997
392 -2855.969089928046 539.537210191202 -33.600291144360 0.676973982241
393 -2863.050970902304 540.814922291451 -33.679380355337 0.678557016795
394 -2870.134675790431 542.092881477451 -33.758486085777 0.680140408974
395 -2877.220194145068 543.371085900208 -33.837608212581 0.681724156121
396 -2884.307515604091 544.649533727046 -33.916746613742 0.683308255605
397 -2891.396629892234 545.928223141753 -33.995901168338 0.684892704815
398 -2898.487526845011 547.207152349336 -34.075071756852 0.686477501173
399 -2905.580196359306 548.486319566427 -34.154258260550 0.688062642116
400 -2912.674628472449 549.765723036430 -34.233460562445 0.689648125120
401 -2919.770813266461 551.045361011296 -34.312678546144 0.691233947673
402 -2926.868740945371 552.325231766143 -34.391912096769 0.692820107295
403 -2933.968401783198 553.605333589451 -34.471161100338 0.694406601526
404 -2941.069786139332 554.885664785945 -34.550425443948 0.695993427930
405 -2948.172884490798 556.166223682697 -34.629705016159 0.697580584101
406 -2955.277687343485 557.447008612261 -34.708999705924 0.699168067642
407 -2962.384185333482 558.728017931960 -34.788309403815 0.700755876190
408 -2969.492369180689 560.009250015051 -34.867634001459 0.702344007407
409 -2976.602229661234 561.290703245421 -34.946973391201 0.703932458968
410 -2983.713757653909 562.572376026510 -35.026327466673 0.705521228577
411 -2990.826944095544 563.854266772698 -35.105696122243 0.707110313953
412 -2997.941780015661 565.136373915997 -35.185079253441 0.708699712841
413 -3005.058256545706 566.418695907753 -35.264476757067 0.710289423012
414 -3012.176364856473 567.701231206764 -35.343888530435 0.711879442249
415 -3019.296096210226 568.983978289154 -35.423314472003 0.713469768361
416 -3026.417441958955 570.266935648067 -35.502754481348 0.715060399177
417 -3033.540393487911 571.550101782878 -35.582208458481 0.716651332540
418 -3040.664942334007 572.833475221824 -35.661676305292 0.718242566330
419 -3047.791080024524 574.117054491138 -35.741157923577 0.719834098426
420 -3054.918798208861 575.400838140287 -35.820653216649 0.721425926741
421 -3062.048088600487 576.684824730782 -35.900162088623 0.723018049203
422 -3069.178942945380 577.969012830253 -35.979684444042 0.724610463751
423 -3076.311353134032 579.253401033786 -36.059220189232 0.726203168362
424 -3083.445311060436 580.537987936983 -36.138769230586 0.727796161014
425 -3090.580808720218 581.822772154689 -36.218331475758 0.729389439712
426 -3097.717838159429 583.107752311255 -36.297906833042 0.730983002475
427 -3104.856391508619 584.392927047006 -36.377495211782 0.732576847344
428 -3111.996460966130 585.678295015033 -36.457096522168 0.734170972381
429 -3119.138038758530 586.963854873722 -36.536710674766 0.735765375652
430 -3126.281117231367 588.249605303944 -36.616337581600 0.737360055257
431 -3133.425688752529 589.535544990691 -36.695977154992 0.738955009303
432 -3140.571745762142 590.821672632648 -36.775629308171 0.740550235913
433 -3147.719280798175 592.107986946923 -36.855293955566 0.742145733240
434 -3154.868286404055 593.394486651540 -36.934971011700 0.743741499436
435 -3162.018755225879 594.681170483967 -37.014660392365 0.745337532682
436 -3169.170679958785 595.968037190813 -37.094362013964 0.746933831172
437 -3176.324053357045 597.255085529854 -37.174075793647 0.748530393115
438 -3183.478868230513 598.542314269261 -37.253801649250 0.750127216736
439 -3190.635117457427 599.829722190103 -37.333539499467 0.751724300278
440 -3197.792793955914 601.117308080854 -37.413289263488 0.753321641994
441 -3204.951890720517 602.405070744378 -37.493050861451 0.754919240160
442 -3212.112400814797 603.693008996594 -37.572824214356 0.756517093066
443 -3219.274317311319 604.981121654888 -37.652609243324 0.758115199009
444 -3226.437633389303 606.269407556841 -37.732405870792 0.759713556312
445 -3233.602342257904 607.557865545545 -37.812214019575 0.761312163308
446 -3240.768437175995 608.846494473391 -37.892033613110 0.762911018340
447 -3247.935911467416 610.135293204978 -37.971864575638 0.764510119772
448 -3255.104758502855 611.424260613618 -38.051706831983 0.766109465978
449 -3262.274971729095 612.713395587020 -38.131560307913 0.767709055355
450 -3269.446544608383 614.002697015543 -38.211424929392 0.769308886301
451 -3276.619470679336 615.292163804012 -38.291300623333 0.770908957237
452 -3283.793743522068 616.581794864919 -38.371187317164 0.772509266593
453 -3290.969356771195 617.871589120937 -38.451084938984 0.774109812816
454 -3298.146304124294 619.161545506606 -38.530993417680 0.775710594368
455 -3305.324579289171 620.451662958108 -38.610912682261 0.777311609715
456 -3312.504176074092 621.741940430719 -38.690842662988 0.778912857347
457 -3319.685088283919 623.032376878750 -38.770783290079 0.780514335757
458 -3326.867309821822 624.322971275081 -38.850734494958 0.782116043463
459 -3334.050834606442 625.613722595395 -38.930696209261 0.783717978985
460 -3341.235656610188 626.904629825287 -39.010668365268 0.785320140859
461 -3348.421769860041 628.195691960697 -39.090650895954 0.786922527637
462 -3355.609168415487 629.486908003425 -39.170643734683 0.788525137877
463 -3362.797846390151 630.778276965470 -39.250646815496 0.790127970153
464 -3369.987797949002 632.069797868342 -39.330660073061 0.791731023052
465 -3377.179017291091 633.361469739894 -39.410683442478 0.793334295171
466 -3384.371498660138 634.653291616238 -39.490716859392 0.794937785118
467 -3391.565236357738 635.945262544315 -39.570760260163 0.796541491516
468 -3398.760224704525 637.237381574462 -39.650813581387 0.798145412995
469 -3405.956458090107 638.529647769960 -39.730876760511 0.799749548201
470 -3413.153930922661 639.822060197416 -39.810949735214 0.801353895787
471 -3420.352637677408 641.114617935990 -39.891032443996 0.802958454422
472 -3427.552572848698 642.407320068256 -39.971124825597 0.804563222782
473 -3434.753730986041 643.700165687084 -40.051226819436 0.806168199555
474 -3441.956106686609 644.993153894213 -40.131338365516 0.807773383445
475 -3449.159694558790 646.286283793306 -40.211459403987 0.809378773157
476 -3456.364489280113 647.579554500941 -40.291589875838 0.810984367414
477 -3463.570485542177 648.872965136160 -40.371729722239 0.812590164944
478 -3470.777678118984 650.166514833549 -40.451878885372 0.814196164495
479 -3477.986061769703 651.460202724541 -40.532037307235 0.815802364814
480 -3485.195631326931 652.754027954383 -40.612204930728 0.817408764664
481 -3492.406381660316 654.047989675190 -40.692381699212 0.819015362821
482 -3499.618307651778 655.342087041106 -40.772567556190 0.820622158062
483 -3506.831404251491 656.636319219082 -40.852762446005 0.822229149183
484 -3514.045666430390 657.930685379871 -40.932966313264 0.823836334986
485 -3521.261089191356 659.225184699937 -41.013179102950 0.825443714280
486 -3528.477667590273 660.519816365739 -41.093400760709 0.827051285890
487 -3535.695396709667 661.814579568510 -41.173631232507 0.828659048645
488 -3542.914271657307 663.109473504099 -41.253870464623 0.830267001385
489 -3550.134287593019 664.404497378015 -41.334118403971 0.831875142959
490 -3557.355439717776 665.699650403364 -41.414374997964 0.833483472230
491 -3564.577723233087 666.994931793120 -41.494640194028 0.835091988061
492 -3571.801133421500 668.290340775527 -41.574913940582 0.836700689336
493 -3579.025665550666 669.585876575677 -41.655196185858 0.838309574933
494 -3586.251314952704 670.881538430712 -41.735486878874 0.839918643751
495 -3593.478076994664 672.177325584243 -41.815785969079 0.841527894694
496 -3600.705947058212 673.473237282410 -41.896093406103 0.843137326673
497 -3607.934920580037 674.769272781555 -41.976409140237 0.844746938612
498 -3615.164992994501 676.065431337374 -42.056733121753 0.846356729434
499 -3622.396159810831 677.361712219618 -42.137065301835 0.847966698084
500 -3629.628416537868 678.658114697658 -42.217405631657 0.849576843505
501 -3636.861758732086 679.954638049757 -42.297754062978 0.851187164652
502 -3644.096181976201 681.251281558886 -42.378110547874 0.852797660488
503 -3651.331681878208 682.548044512659 -42.458475038733 0.854408329982
504 -3658.568254098580 683.844926208396 -42.538847488576 0.856019172119
505 -3665.805894295829 685.141925942782 -42.619227850400 0.857630185879
506 -3673.044598175332 686.439043021250 -42.699616077778 0.859241370260
507 -3680.284361483210 687.736276756721 -42.780012124771 0.860852724265
508 -3687.525179968733 689.033626462500 -42.860415945488 0.862464246901
509 -3694.767049446720 690.331091464079 -42.940827494820 0.864075937193
510 -3702.009965711387 691.628671082845 -43.021246727420 0.865687794159
511 -3709.253924637448 692.926364655234 -43.101673598909 0.867299816837
512 -3716.498922086098 694.224171514900 -43.182108064752 0.868912004264
513 -3723.744953978069 695.522091006572 -43.262550081129 0.870524355490
514 -3730.992016240550 696.820122475952 -43.342999604300 0.872136869570
515 -3738.240104846183 698.118265277216 -43.423456591079 0.873749545568
516 -3745.489215772379 699.416518765135 -43.503920998332 0.875362382550
517 -3752.739345041882 700.714882302905 -43.584392783476 0.876975379595
518 -3759.990488703912 702.013355258539 -43.664871904250 0.878588535787
519 -3767.242642827437 703.311937003552 -43.745358318632 0.880201850216
520 -3774.495803510540 704.610626914750 -43.825851984947 0.881815321980
521 -3781.749966860102 705.909424370360 -43.906352861628 0.883428950180
522 -3789.005129055424 707.208328762216 -43.986860907986 0.885042733933
523 -3796.261286246066 708.507339476209 -44.067376082972 0.886656672352
524 -3803.518434643341 709.806455909703 -44.147898346275 0.888270764564
525 -3810.776570475513 711.105677463125 -44.228427657796 0.889885009699
526 -3818.035689992365 712.405003540726 -44.308963977695 0.891499406896
527 -3825.295789462240 713.704433550038 -44.389507266351 0.893113955296
528 -3832.556865188472 715.003966905009 -44.470057484565 0.894728654051
529 -3839.818913498214 716.303603023917 -44.550614593431 0.896343502318
530 -3847.081930740607 717.603341328948 -44.631178554299 0.897958499260
531 -3854.345913300357 718.903181248845 -44.711749328953 0.899573644049
532 -3861.610857553414 720.203122210404 -44.792326879066 0.901188935856
533 -3868.876759928945 721.503163650347 -44.872911166955 0.902804373864
534 -3876.143616856878 722.803305005252 -44.953502154939 0.904419957258
535 -3883.411424824534 724.103545722477 -45.034099806040 0.906035685236
536 -3890.680180312580 725.403885247788 -45.114704083187 0.907651556995
537 -3897.949879822252 726.704323030618 -45.195314949556 0.909267571739
538 -3905.220519911627 728.004858531058 -45.275932369016 0.910883728683
539 -3912.492097122791 729.305491205831 -45.356556305230 0.912500027042
540 -3919.764608033105 730.606220518188 -45.437186722291 0.914116466038
541 -3927.038049242217 731.907045935357 -45.517823584557 0.915733044899
542 -3934.312417387961 733.207966931610 -45.598466856847 0.917349762862
543 -3941.587709102810 734.508982979917 -45.679116503904 0.918966619164
544 -3948.863921039446 735.810093556930 -45.759772490726 0.920583613047
545 -3956.141049916383 737.111298151537 -45.840434783093 0.922200743770
546 -3963.419092412273 738.412596244806 -45.921103346304 0.923818010580
547 -3970.698045259397 739.713987327754 -46.001778146299 0.925435412740
548 -3977.977905226232 741.015470898100 -46.082459149457 0.927052949522
549 -3985.258669066792 742.317046450543 -46.163146321980 0.928670620194
550 -3992.540333568591 743.618713485920 -46.243839630467 0.930288424032
551 -3999.822895542159 744.920471509185 -46.324539041790 0.931906360318
552 -4007.106351839432 746.222320033009 -46.405244523327 0.933524428346
553 -4014.390699278740 747.524258563325 -46.485956042034 0.935142627399
554 -4021.675934761070 748.826286621671 -46.566673565874 0.936760956784
555 -4028.962055143259 750.128403720838 -46.647397062262 0.938379415795
556 -4036.249057338251 751.430609384111 -46.728126499292 0.939998003740
557 -4043.536938310046 752.732903144283 -46.808861845674 0.941616719942
558 -4050.825694959959 754.035284521926 -46.889603069351 0.943235563706
559 -4058.115324282019 755.337753055053 -46.970350139385 0.944854534362
560 -4065.405823241337 756.640308275914 -47.051103024482 0.946473631231
561 -4072.697188844932 757.942949724521 -47.131861693855 0.948092853648
562 -4079.989418114549 759.245676943410 -47.212626116880 0.949712200947
563 -4087.282508107633 760.548489481769 -47.293396263377 0.951331672475
564 -4094.576455845115 761.851386881482 -47.374172102702 0.952951267569
565 -4101.871258430712 763.154368700074 -47.454953605224 0.954570985586
566 -4109.166912936213 764.457434488626 -47.535740740903 0.956190825875
567 -4116.463416487029 765.760583808310 -47.616533480358 0.957810787799
568 -4123.760766205911 767.063816219487 -47.697331794162 0.959430870722
569 -4131.058959244253 768.367131287783 -47.778135653237 0.961051074013
570 -4138.357992745516 769.670528577006 -47.858945028392 0.962671397038
571 -4145.657863901551 770.974007660017 -47.939759891029 0.964291839180
572 -4152.958569906191 772.277568109803 -48.020580212562 0.965912399817
573 -4160.260107982455 773.581209504637 -48.101405964752 0.967533078338
574 -4167.562475336591 774.884931419404 -48.182237119155 0.969153874128
575 -4174.865669236122 776.188733440389 -48.263073648059 0.970774786584
576 -4182.169686933526 777.492615150830 -48.343915523571 0.972395815103
577 -4189.474525697470 778.796576136736 -48.424762717978 0.974016959085
578 -4196.780182849384 780.100615994057 -48.505615204215 0.975638217941
579 -4204.086655669649 781.404734310506 -48.586472954694 0.977259591076
580 -4211.393941498665 782.708930685199 -48.667335942569 0.978881077906
581 -4218.702037683955 784.013204718224 -48.748204141059 0.980502677852
582 -4226.010941580726 785.317556010989 -48.829077523479 0.982124390334
583 -4233.320650546575 786.621984165036 -48.909956063157 0.983746214776
584 -4240.631161987618 787.926488791032 -48.990839734015 0.985368150611
585 -4247.942473298809 789.231069497211 -49.071728509828 0.986990197272
586 -4255.254581898538 790.535725896002 -49.152622364639 0.988612354196
587 -4262.567485221490 791.840457602838 -49.233521272701 0.990234620824
588 -4269.881180719134 793.145264235985 -49.314425208449 0.991856996602
589 -4277.195665853510 794.450145415607 -49.395334146449 0.993479480980
590 -4284.510938105652 795.755100765176 -49.476248061486 0.995102073411
591 -4291.826994958989 797.060129908397 -49.557166928364 0.996724773348
592 -4299.143833923233 798.365232473780 -49.638090722206 0.998347580253
593 -4306.461452523112 799.670408092463 -49.719019418306 0.999970493589
594 -4313.779848293549 800.975656397310 -49.799952992080 1.001593512824
595 -4321.099018787288 802.280977024310 -49.880891419146 1.003216637429
596 -4328.418961549063 803.586369607735 -49.961834675022 1.004839866875
597 -4335.739674181175 804.891833792589 -50.042782735919 1.006463200644
598 -4343.061154257458 806.197369218233 -50.123735577693 1.008086638213
599 -4350.383399386967 807.502975530498 -50.204693176622 1.009710179069
600 -4357.706407188072 808.808652376765 -50.285655509088 1.011333822699
601 -4365.030175293593 810.114399406950 -50.366622551642 1.012957568596
602 -4372.354701335339 811.420216270549 -50.447594280818 1.014581416249
603 -4379.679983001070 812.726102627516 -50.528570673820 1.016205365165
604 -4387.006017931592 814.032058128581 -50.609551707273 1.017829414838
605 -4394.332803829095 815.338082436008 -50.690537358545 1.019453564777
606 -4401.660338381494 816.644175209060 -50.771527604817 1.021077814486
607 -4408.988619301545 817.950336111547 -50.852522423567 1.022702163478
608 -4416.317644307726 819.256564808167 -50.933521792342 1.024326611265
609 -4423.647411140939 820.562860967624 -51.014525688943 1.025951157368
610 -4430.977917532871 821.869224256609 -51.095534091052 1.027575801301
611 -4438.309161279180 823.175654353934 -51.176546977135 1.029200542597
612 -4445.641140119905 824.482150927398 -51.257564324954 1.030825380775
613 -4452.973851853733 825.788713655911 -51.338586112995 1.032450315369
614 -4460.307294273295 827.095342216919 -51.419612319650 1.034075345909
615 -4467.641465179058 828.402036289191 -51.500642923406 1.035700471929
616 -4474.976362412122 829.708795558962 -51.581677903229 1.037325692973
617 -4482.311983790059 831.015619707838 -51.662717237799 1.038951008580
618 -4489.648327156100 832.322508422048 -51.743760906097 1.040576418292
619 -4496.985390380932 833.629461392871 -51.824808887430 1.042201921661
620 -4504.323171311533 834.936478306776 -51.905861160805 1.043827518233
621 -4511.661667843228 836.243558859323 -51.986917705816 1.045453207565
622 -4519.000877865288 837.550702744650 -52.067978501973 1.047078989212
623 -4526.340799275894 838.857909658383 -52.149043528883 1.048704862732
624 -4533.681429988034 840.165179298794 -52.230112766334 1.050330827686
625 -4541.022767935814 841.472511367881 -52.311186194351 1.051956883643
626 -4548.364811040205 842.779905565001 -52.392263792800 1.053583030165
627 -4555.707557250455 844.087361594626 -52.473345541878 1.055209266822
628 -4563.051004538874 845.394879165498 -52.554431422061 1.056835593192
629 -4570.395150859350 846.702457982538 -52.635521413587 1.058462008845
630 -4577.739994192706 848.010097755626 -52.716615497013 1.060088513361
631 -4585.085532540557 849.317798198418 -52.797713653147 1.061715106322
632 -4592.431763888266 850.625559021236 -52.878815862588 1.063341787309
633 -4599.778686260830 851.933379941749 -52.959922106409 1.064968555910
634 -4607.126297672188 853.241260675304 -53.041032365539 1.066595411712
635 -4614.474596148948 854.549200939445 -53.122146621054 1.068222354306
636 -4621.823579762345 855.857200460035 -53.203264854567 1.069849383290
637 -4629.173246521342 857.165258950828 -53.284387046922 1.071476498252
638 -4636.523594517465 858.473376141136 -53.365513179962 1.073103698796
639 -4643.874621819441 859.781551755717 -53.446643235246 1.074730984523
640 -4651.226326513422 861.089785522416 -53.527777194531 1.076358355037
641 -4658.578706684643 862.398077168724 -53.608915039562 1.077985809942
642 -4665.931760434630 863.706426424969 -53.690056752264 1.079613348846
643 -4673.285485891878 865.014833026538 -53.771202314898 1.081240971364
644 -4680.639881167222 866.323296705128 -53.852351709487 1.082868677107
645 -4687.994944388111 867.631817195425 -53.933504918253 1.084496465689
646 -4695.350673705625 868.940394236427 -54.014661923696 1.086124336730
647 -4702.707067265295 870.249027565902 -54.095822708249 1.087752289849
648 -4710.064123228139 871.557716924317 -54.176987254514 1.089380324670
649 -4717.421839770546 872.866462054889 -54.258155545278 1.091008440818
650 -4724.780215069995 874.175262700799 -54.339327563328 1.092636637919
651 -4732.139247317793 875.484118607762 -54.420503291622 1.094264915606
652 -4739.498934705149 876.793029521163 -54.501682713096 1.095893273507
653 -4746.859275445492 878.101995190460 -54.582865810953 1.097521711258
654 -4754.220267746481 879.411015363837 -54.664052568322 1.099150228493
655 -4761.581909844773 880.720089794768 -54.745242968671 1.100778824853
656 -4768.944199967002 882.029218234635 -54.826436995339 1.102407499978
657 -4776.307136362676 883.338400438971 -54.907634631935 1.104036253511
658 -4783.670717286222 884.647636164069 -54.988835862125 1.105665085098
659 -4791.034940988885 885.956925165382 -55.070040669519 1.107293994384
660 -4798.399805742186 887.266267202079 -55.151249037975 1.108922981019
661 -4805.765309815254 888.575662032597 -55.232460951304 1.110552044651
662 -4813.131451530614 889.885109425462 -55.313676393969 1.112181184943
663 -4820.498229135788 891.194609134588 -55.394895349501 1.113810401538
664 -4827.865640978368 892.504160932885 -55.476117802652 1.115439694105
665 -4835.233685339165 893.813764580237 -55.557343737344 1.117069062295
666 -4842.602360554397 895.123419846947 -55.638573138168 1.118698505775
667 -4849.971664945854 896.433126500380 -55.719805989535 1.120328024206
668 -4857.341596851682 897.742884310777 -55.801042276039 1.121957617253
669 -4864.712154633230 899.052693052674 -55.882281982557 1.123587284589
670 -4872.083336626460 900.362552495534 -55.963525093645 1.125217025879
671 -4879.455141190118 901.672462412968 -56.044771594127 1.126846840793
672 -4886.827566708966 902.982422583379 -56.126021469137 1.128476729009
673 -4894.200611535161 904.292432778705 -56.207274703399 1.130106690195
674 -4901.574274094268 905.602492784796 -56.288531282534 1.131736724040
675 -4908.948552749202 906.912602375224 -56.369791191377 1.133366830214
676 -4916.323445899486 908.222761330485 -56.451054415215 1.134997008398
677 -4923.698951977774 909.532969437102 -56.532320939717 1.136627258281
678 -4931.075069374535 910.843226473446 -56.613590750045 1.138257579542
679 -4938.451796536140 912.153532228290 -56.694863832018 1.139887971873
680 -4945.829131878785 913.463886484511 -56.776140171091 1.141518434958
681 -4953.207073852064 914.774289031145 -56.857419753112 1.143148968489
682 -4960.585620895321 916.084739655062 -56.938702563794 1.144779572158
683 -4967.964771472420 917.395238147667 -57.019988589146 1.146410245660
684 -4975.344524025734 918.705784296078 -57.101277814907 1.148040988687
685 -4982.724877055806 920.016377898266 -57.182570227509 1.149671800943
686 -4990.105829012417 921.327018742387 -57.263865812764 1.151302682121
687 -4997.487378390588 922.637706625033 -57.345164557027 1.152933631924
688 -5004.869523667016 923.948441339105 -57.426466446421 1.154564650052
689 -5012.252263367124 925.259222686585 -57.507771467646 1.156195736217
690 -5019.635595972742 926.570050461027 -57.589079606879 1.157826890117
691 -5027.019520014888 927.880924465136 -57.670390850875 1.159458111466
692 -5034.404033991463 929.191844495078 -57.751705185979 1.161089399968
693 -5041.789136446177 930.502810355668 -57.833022599092 1.162720755337
694 -5049.174825907028 931.813821848500 -57.914343076914 1.164352177287
695 -5056.561100895864 933.124878773733 -57.995666606051 1.165983665525
696 -5063.947959998936 934.435980943794 -58.076993173903 1.167615219779
697 -5071.335401732375 935.747128157379 -58.158322766992 1.169246839756
698 -5078.723424681575 937.058320226379 -58.239655372691 1.170878525182
699 -5086.112027395214 938.369556955346 -58.320990977900 1.172510275772
700 -5093.501208467078 939.680838157389 -58.402329570075 1.174142091255
701 -5100.890966459936 940.992163639432 -58.483671136279 1.175773971351
702 -5108.281299970211 942.303533214684 -58.565015663979 1.177405915785
703 -5115.672207587849 943.614946694932 -58.646363140554 1.179037924286
704 -5123.063687914193 944.926403893937 -58.727713553513 1.180669996582
705 -5130.455739552124 946.237904625615 -58.809066890378 1.182302132402
706 -5137.848361116409 947.549448705954 -58.890423138808 1.183934331478
707 -5145.241551228872 948.861035952109 -58.971782286539 1.185566593545
708 -5152.635308524927 950.172666183641 -59.053144321459 1.187198918338
709 -5160.029631619787 951.484339216107 -59.134509231211 1.188831305591
710 -5167.424519155335 952.796054869980 -59.215877003753 1.190463755042
711 -5174.819969771607 954.107812965133 -59.297247627003 1.192096266428
712 -5182.215982134170 955.419613326273 -59.378621089198 1.193728839494
713 -5189.612554896198 956.731455775430 -59.459997378399 1.195361473982
714 -5197.009686706620 958.043340133764 -59.541376482625 1.196994169631
715 -5204.407376243442 959.355266227702 -59.622758390223 1.198626926188
716 -5211.805622179232 960.667233882556 -59.704143089481 1.200259743399
717 -5219.204423201103 961.979242926188 -59.785530568846 1.201892621014
718 -5226.603777992423 963.291293185618 -59.866920816721 1.203525558780
719 -5234.003685240921 964.603384488437 -59.948313821541 1.205158556447
720 -5241.404143651053 965.915516665374 -60.029709571950 1.206791613768
721 -5248.805151918907 967.227689545295 -60.111108056472 1.208424730494
722 -5256.206708775826 968.539902963699 -60.192509264062 1.210057906386
723 -5263.608812909525 969.852156747538 -60.273913183128 1.211691141191
724 -5271.011463058184 971.164450733253 -60.355319802690 1.213324434672
725 -5278.414657942767 972.476784753817 -60.436729111546 1.214957786585
726 -5285.818396297603 973.789158644584 -60.518141098650 1.216591196691
727 -5293.222676877478 975.101572244668 -60.599555753201 1.218224664755
728 -5300.627498397316 976.414025385386 -60.680973063903 1.219858190532
729 -5308.032859625132 977.726517908021 -60.762393020094 1.221491773791
730 -5315.438759308061 979.039049649690 -60.843815610853 1.223125414294
731 -5322.845196215490 980.351620451682 -60.925240825530 1.224759111810
732 -5330.252169105554 981.664230152839 -61.006668653317 1.226392866105
733 -5337.659676748260 982.976878594185 -61.088099083550 1.228026676948
734 -5345.067717930478 984.289565619799 -61.169532105764 1.229660544110
735 -5352.476291429727 985.602291071779 -61.250967709367 1.231294467363
736 -5359.885396026011 986.915054792577 -61.332405883796 1.232928446477
737 -5367.295030517179 988.227856627825 -61.413846618691 1.234562481227
738 -5374.705193718276 989.540696426310 -61.495289903895 1.236196571393
739 -5382.115884403232 990.853574028846 -61.576735728750 1.237830716742
740 -5389.527101394700 992.166489285329 -61.658184083175 1.239464917058
741 -5396.938843504587 993.479442043471 -61.739634956954 1.241099172117
742 -5404.351109562468 994.792432154174 -61.821088340077 1.242733481702
743 -5411.763898382831 996.105459465319 -61.902544222344 1.244367845592
744 -5419.177208784934 997.418523825549 -61.984002593608 1.246002263567
745 -5426.591039616069 998.731625088662 -62.065463444050 1.247636735413
746 -5434.005389702811 1000.044763104357 -62.146926763593 1.249271260913
747 -5441.420257905304 1001.357937728627 -62.228392542566 1.250905839855
748 -5448.835643059053 1002.671148812513 -62.309860770982 1.252540472023
749 -5456.251544019240 1003.984396210738 -62.391331439094 1.254175157206
750 -5463.667959654104 1005.297679780324 -62.472804537302 1.255809895195
751 -5471.084888824187 1006.610999376683 -62.554280055907 1.257444685779
752 -5478.502330373030 1007.924354851780 -62.635757984991 1.259079528744
753 -5485.920283215913 1009.237746071206 -62.717238315512 1.260714423892
754 -5493.338746197644 1010.551172886829 -62.798721037547 1.262349371010
755 -5500.757718222676 1011.864635161836 -62.880206141904 1.263984369896
756 -5508.177198147779 1013.178132750124 -62.961693618799 1.265619420338
757 -5515.597184894837 1014.491665517895 -63.043183459237 1.267254522142
758 -5523.017677363895 1015.805233326978 -63.124675653942 1.268889675106
759 -5530.438674425444 1017.118836033455 -63.206170193280 1.270524879021
760 -5537.860175006891 1018.432473504058 -63.287667068289 1.272160133692
761 -5545.282178023302 1019.746145603106 -63.369166269868 1.273795438921
762 -5552.704682362350 1021.059852189432 -63.450667788557 1.275430794504
763 -5560.127686968524 1022.373593132648 -63.532171615593 1.277066200250
764 -5567.551190752101 1023.687368295607 -63.613677741780 1.278701655959
765 -5574.975192658270 1025.001177547771 -63.695186158350 1.280337161441
766 -5582.399691605387 1026.315020753241 -63.776696856191 1.281972716498
767 -5589.824686514521 1027.628897776531 -63.858209826223 1.283608320934
768 -5597.250176369167 1028.942808493922 -63.939725060116 1.285243974567
769 -5604.676160081819 1030.256752767941 -64.021242548665 1.286879677196
770 -5612.102636619104 1031.570730471381 -64.102762283325 1.288515428638
771 -5619.529604933116 1032.884741474083 -64.184284255363 1.290151228702
772 -5626.957063966343 1034.198785643830 -64.265808455915 1.291787077196
773 -5634.385012699961 1035.512862855777 -64.347334876593 1.293422973938
774 -5641.813450106409 1036.826972983154 -64.428863508886 1.295058918742
775 -5649.242375131158 1038.141115893955 -64.510394343951 1.296694911417
776 -5656.671786770838 1039.455291465780 -64.591927373562 1.298330951785
777 -5664.101684000972 1040.769499572043 -64.673462589226 1.299967039660
778 -5671.532065809741 1042.083740088419 -64.754999982595 1.301603174862
779 -5678.962931169731 1043.398012887485 -64.836539545130 1.303239357206
780 -5686.394279087974 1044.712317848274 -64.918081268702 1.304875586514
781 -5693.826108556162 1046.026654846685 -64.999625144986 1.306511862606
782 -5701.258418570489 1047.341023759346 -65.081171165704 1.308148185302
783 -5708.691208148170 1048.655424466797 -65.162719322830 1.309784554428
784 -5716.124476283641 1049.969856845077 -65.244269608057 1.311420969804
785 -5723.558221988116 1051.284320773203 -65.325822013260 1.313057431253
786 -5730.992444291466 1052.598816133723 -65.407376530552 1.314693938604
787 -5738.427142202724 1053.913342805021 -65.488933151777 1.316330491680
788 -5745.862314751901 1055.227900669309 -65.570491869025 1.317967090309
789 -5753.297960965260 1056.542489607995 -65.652052674338 1.319603734318
790 -5760.734079863892 1057.857109501350 -65.733615559689 1.321240423533
791 -5768.170670506250 1059.171760236601 -65.815180517491 1.322877157790
792 -5775.607731911988 1060.486441693447 -65.896747539684 1.324513936912
793 -5783.045263126694 1061.801153756438 -65.978316618519 1.326150760733
794 -5790.483263214493 1063.115896313461 -66.059887746458 1.327787629088
795 -5797.921731199632 1064.430669244687 -66.141460915477 1.329424541803
796 -5805.360666164243 1065.745472441193 -66.223036118246 1.331061498719
797 -5812.800067147869 1067.060305785785 -66.304613346913 1.332698499666
798 -5820.239933216551 1068.375169166182 -66.386192593937 1.334335544479
799 -5827.680263431566 1069.690062469090 -66.467773851718 1.335972632993
800 -5835.121056884399 1071.004985586791 -66.549357113010 1.337609765052
801 -5842.562312615123 1072.319938401665 -66.630942369941 1.339246940485
802 -5850.004029720273 1073.634920806699 -66.712529615314 1.340884159134
803 -5857.446207281054 1074.949932691856 -66.794118841743 1.342521420840
804 -5864.888844375469 1076.264973946287 -66.875710041789 1.344158725441
805 -5872.331940091662 1077.580044461047 -66.957303208143 1.345796072779
806 -5879.775493510747 1078.895144125586 -67.038898333386 1.347433462692
807 -5887.219503737570 1080.210272833876 -67.120495410398 1.349070895025
808 -5894.663969881003 1081.525430480416 -67.202094432086 1.350708369625
809 -5902.108891025966 1082.840616955102 -67.283695391074 1.352345886332
810 -5909.554266274878 1084.155832150920 -67.365298280177 1.353983444989
811 -5917.000094744601 1085.471075963623 -67.446903092395 1.355621045445
812 -5924.446375549403 1086.786348288178 -67.528509820671 1.357258687546
813 -5931.893107803124 1088.101649019477 -67.610118457954 1.358896371139
814 -5939.340290603375 1089.416978049089 -67.691728996977 1.360534096066
815 -5946.787923105754 1090.732335279572 -67.773341431178 1.362171862185
816 -5954.236004408780 1092.047720602435 -67.854955753290 1.363809669338
817 -5961.684533655830 1093.363133917624 -67.936571956588 1.365447517379
818 -5969.133509973582 1094.678575121767 -68.018190034135 1.367085406157
819 -5976.582932494350 1095.994044112445 -68.099809979059 1.368723335523
820 -5984.032800363791 1097.309540789642 -68.181431784638 1.370361305331
821 -5991.483112709941 1098.625065049849 -68.263055443935 1.371999315430
822 -5998.933868695764 1099.940616796136 -68.344680950431 1.373637365679
823 -6006.385067461439 1101.256195927048 -68.426308297319 1.375275455931
824 -6013.836708137910 1102.571802339222 -68.507937477672 1.376913586033
825 -6021.288789924433 1103.887435942287 -68.589568485397 1.378551755855
826 -6028.741311929166 1105.203096628283 -68.671201313276 1.380189965240
827 -6036.194273357235 1106.518784307696 -68.752835955274 1.381828214056
828 -6043.647673335905 1107.834498875925 -68.834472404389 1.383466502151
829 -6051.101511052439 1109.150240239772 -68.916110654351 1.385104829389
830 -6058.555785676260 1110.466008302528 -68.997750698671 1.386743195629
831 -6066.010496364486 1111.781802964925 -69.079392530693 1.388381600727
832 -6073.465642310795 1113.097624134640 -69.161036144208 1.390020044548
833 -6080.921222697626 1114.413471717006 -69.242681532857 1.391658526954
834 -6088.377236688591 1115.729345613670 -69.324328690051 1.393297047801
835 -6095.833683476434 1117.045245731723 -69.405977609547 1.394935606955
836 -6103.290562269298 1118.361171981056 -69.487628285282 1.396574204282
837 -6110.747872224023 1119.677124261639 -69.569280710563 1.398212839639
838 -6118.205612558120 1120.993102484934 -69.650934879431 1.399851512895
839 -6125.663782461818 1122.309106557033 -69.732590785585 1.401490223913
840 -6133.122381130498 1123.625136384898 -69.814248422781 1.403128972559
841 -6140.581407789399 1124.941191881085 -69.895907785136 1.404767758704
842 -6148.040861614936 1126.257272948701 -69.977568866162 1.406406582208
843 -6155.500741828467 1127.573379499291 -70.059231659912 1.408045442941
844 -6162.961047652979 1128.889511444617 -70.140896160456 1.409684340774
845 -6170.421778291524 1130.205668692520 -70.222562361613 1.411323275573
846 -6177.882932963705 1131.521851153829 -70.304230257393 1.412962247209
847 -6185.344510885397 1132.838058738606 -70.385899841764 1.414601255549
848 -6192.806511286498 1134.154291359425 -70.467571108848 1.416240300467
849 -6200.268933387220 1135.470548926893 -70.549244052648 1.417879381832
850 -6207.731776424497 1136.786831354758 -70.630918667370 1.419518499518
851 -6215.195039623842 1138.103138554344 -70.712594947059 1.421157653396
852 -6222.658722218354 1139.419470438414 -70.794272885863 1.422796843339
853 -6230.122823449291 1140.735826921135 -70.875952478014 1.424436069222
854 -6237.587342558726 1142.052207916704 -70.957633717750 1.426075330919
855 -6245.052278774665 1143.368613336494 -71.039316599128 1.427714628301
856 -6252.517631361894 1144.685043098825 -71.121001116652 1.429353961249
857 -6259.983399555585 1146.001497116233 -71.202687264459 1.430993329636
858 -6267.449582618417 1147.317975306386 -71.284375037011 1.432632733341
859 -6274.916179790476 1148.634477582507 -71.366064428490 1.434272172238
860 -6282.383190335978 1149.951003862344 -71.447755433369 1.435911646207
861 -6289.850613517782 1151.267554063210 -71.529448046090 1.437551155127
862 -6297.318448578719 1152.584128098559 -71.611142260857 1.439190698872
863 -6304.786694789141 1153.900725886927 -71.692838072195 1.440830277324
864 -6312.255351437479 1155.217347350184 -71.774535474841 1.442469890367
865 -6319.724417772713 1156.533992402614 -71.856234463055 1.444109537878
866 -6327.193893056698 1157.850660960783 -71.937935031241 1.445749219735
867 -6334.663776586956 1159.167352947954 -72.019637174228 1.447388935825
868 -6342.134067619983 1160.484068279486 -72.101340886348 1.449028686025
869 -6349.604765460357 1161.800806879779 -72.183046162507 1.450668470225
870 -6357.075869369340 1163.117568664857 -72.264752997081 1.452308288303
871 -6364.547378633436 1164.434353555432 -72.346461384742 1.453948140142
872 -6372.019292543609 1165.751161472980 -72.428171320216 1.455588025629
873 -6379.491610393370 1167.067992339316 -72.509882798247 1.457227944648
874 -6386.964331453368 1168.384846071839 -72.591595813306 1.458867897081
875 -6394.437455049195 1169.701722598272 -72.673310360517 1.460507882820
876 -6401.910980449265 1171.018621835332 -72.755026434306 1.462147901746
877 -6409.384906982987 1172.335543711268 -72.836744029834 1.463787953752
878 -6416.859233929308 1173.652488144581 -72.918463141644 1.465428038720
879 -6424.333960578046 1174.969455055738 -73.000183764404 1.467068156535
880 -6431.809086275808 1176.286444375942 -73.081905893466 1.468708307096
881 -6439.284610308170 1177.603456024635 -73.163629523438 1.470348490284
882 -6446.760531980213 1178.920489924874 -73.245354649156 1.471988705989
883 -6454.236850613840 1180.237546002814 -73.327081265656 1.473628954102
884 -6461.713565526797 1181.554624183674 -73.408809367911 1.475269234515
885 -6469.190676035205 1182.871724392335 -73.490538950881 1.476909547117
886 -6476.668181457525 1184.188846553977 -73.572270009544 1.478549891799
887 -6484.146081123046 1185.505990595700 -73.654002538997 1.480190268456
888 -6491.624374353481 1186.823156443088 -73.735736534245 1.481830676978
889 -6499.103060470679 1188.140344021640 -73.817471990289 1.483471117257
890 -6506.582138824462 1189.457553262119 -73.899208902467 1.485111589191
891 -6514.061608710209 1190.774784084718 -73.980947265443 1.486752092666
892 -6521.541469484030 1192.092036421146 -74.062687074614 1.488392627580
893 -6529.021720500038 1193.409310202699 -74.144428325358 1.490033193833
894 -6536.502361062372 1194.726605350898 -74.226171012423 1.491673791312
895 -6543.983390531804 1196.043921798050 -74.307915131253 1.493314419917
896 -6551.464808257353 1197.361259474129 -74.389660677141 1.494955079545
897 -6558.946613560793 1198.678618303726 -74.471407645036 1.496595770089
898 -6566.428805807763 1199.995998219767 -74.553156030422 1.498236491448
899 -6573.911384354354 1201.313399153238 -74.634905828661 1.499877243523
900 -6581.394348530997 1202.630821030109 -74.716657034795 1.501518026205
901 -6588.877697704485 1203.948263783186 -74.798409644302 1.503158839397
902 -6596.361431233073 1205.265727343559 -74.880163652554 1.504799682997
903 -6603.845548471313 1206.583211641478 -74.961919054865 1.506440556905
904 -6611.330048776204 1207.900716607618 -75.043675846587 1.508081461019
905 -6618.814931527433 1209.218242176780 -75.125434023325 1.509722395244
906 -6626.300196058720 1210.535788275013 -75.207193580136 1.511363359472
907 -6633.785841765735 1211.853354839994 -75.288954512813 1.513004353611
908 -6641.271868015475 1213.170941803868 -75.370716816801 1.514645377564
909 -6648.758274154457 1214.488549094738 -75.452480487288 1.516286431225
910 -6656.245059587678 1215.806176651798 -75.534245520166 1.517927514505
911 -6663.732223660912 1217.123824402823 -75.616011910606 1.519568627299
912 -6671.219765769419 1218.441492284969 -75.697779654376 1.521209769515
913 -6678.707685290719 1219.759180231825 -75.779548747014 1.522850941057
914 -6686.195981612418 1221.076888178877 -75.861319184184 1.524492141830
915 -6693.684654093293 1222.394616055956 -75.943090961188 1.526133371732
916 -6701.173702137363 1223.712363801509 -76.024864073882 1.527774630673
917 -6708.663125131993 1225.030131350615 -76.106638517904 1.529415918558
918 -6716.152922458729 1226.347918637189 -76.188414288820 1.531057235291
919 -6723.643093532834 1227.665725601480 -76.270191382601 1.532698580784
920 -6731.133637713699 1228.983552172964 -76.351969794533 1.534339954935
921 -6738.624554410070 1230.301398290458 -76.433749520499 1.535981357655
922 -6746.115843024118 1231.619263891388 -76.515530556289 1.537622788852
923 -6753.607502948941 1232.937148911375 -76.597312897586 1.539264248432
924 -6761.099533602025 1234.255053290616 -76.679096540360 1.540905736308
925 -6768.591934358362 1235.572976961068 -76.760881480062 1.542547252381
926 -6776.084704647767 1236.890919865070 -76.842667712800 1.544188796565
927 -6783.577843864849 1238.208881938143 -76.924455234253 1.545830368769
928 -6791.071351416350 1239.526863118017 -77.006244040237 1.547471968899
929 -6798.565226727224 1240.844863345813 -77.088034126790 1.549113596871
930 -6806.059469194253 1242.162882557190 -77.169825489600 1.550755252591
931 -6813.554078242171 1243.480920693029 -77.251618124690 1.552396935972
932 -6821.049053278845 1244.798977690884 -77.333412027869 1.554038646924
933 -6828.544393724273 1246.117053490561 -77.415207195094 1.555680385358
934 -6836.040099006605 1247.435148033306 -77.497003622413 1.557322151188
935 -6843.536168554173 1248.753261260316 -77.578801305871 1.558963944329
936 -6851.032601765095 1250.071393106914 -77.660600241142 1.560605764687
937 -6858.529398075420 1251.389543515568 -77.742400424352 1.562247612177
938 -6866.026556925323 1252.707712429471 -77.824201851679 1.563889486716
939 -6873.524077731145 1254.025899787112 -77.906004518998 1.565531388215
940 -6881.021959928194 1255.344105530579 -77.987808422417 1.567173316590
941 -6888.520202946962 1256.662329600874 -78.069613557973 1.568815271753
942 -6896.018806231021 1257.980571941489 -78.151419921867 1.570457253623
943 -6903.517769203755 1259.298832491875 -78.233227510037 1.572099262112
944 -6911.017091317422 1260.617111196994 -78.315036318779 1.573741297138
945 -6918.516771994581 1261.935407995955 -78.396846344012 1.575383358613
946 -6926.016810692759 1263.253722834541 -78.478657582086 1.577025446458
947 -6933.517206852994 1264.572055655203 -78.560470029133 1.578667560589
948 -6941.017959904964 1265.890406398194 -78.642283681153 1.580309700919
949 -6948.519069311475 1267.208775009993 -78.724098534538 1.581951867369
950 -6956.020534516886 1268.527161433464 -78.805914585454 1.583594059857
951 -6963.522354971669 1269.845565612547 -78.887731830135 1.585236278300
952 -6971.024530130603 1271.163987491883 -78.969550264859 1.586878522617
953 -6978.527059436703 1272.482427013790 -79.051369885758 1.588520792725
954 -6986.029942361602 1273.800884126017 -79.133190689314 1.590163088546
955 -6993.533178349911 1275.119358770977 -79.215012671663 1.591805409998
956 -7001.036766871756 1276.437850895943 -79.296835829258 1.593447757002
957 -7008.540707377111 1277.756360444186 -79.378660158295 1.595090129477
958 -7016.044999325084 1279.074887360638 -79.460485655073 1.596732527342
959 -7023.549642185674 1280.393431592272 -79.542312316029 1.598374950519
960 -7031.054635427879 1281.711993085775 -79.624140137579 1.600017398931
961 -7038.559978518836 1283.030571787317 -79.705969116106 1.601659872499
962 -7046.065670918647 1284.349167641701 -79.787799247906 1.603302371142
963 -7053.571712106243 1285.667780597215 -79.869630529500 1.604944894785
964 -7061.078101555161 1286.986410601059 -79.951462957342 1.606587443351
965 -7068.584838726018 1288.305057597846 -80.033296527718 1.608230016759
966 -7076.091923098442 1289.623721535724 -80.115131237141 1.609872614933
967 -7083.599354156493 1290.942402363622 -80.196967082175 1.611515237799
968 -7091.107131379324 1292.261100029456 -80.278804059321 1.613157885281
969 -7098.615254240721 1293.579814480008 -80.360642165009 1.614800557301
970 -7106.123722225039 1294.898545663980 -80.442481395789 1.616443253784
971 -7113.632534806055 1296.217293527991 -80.524321748081 1.618085974652
972 -7121.141691478926 1297.536058022645 -80.606163218559 1.619728719834
973 -7128.651191728267 1298.854839096471 -80.688005803767 1.621371489253
974 -7136.161035042080 1300.173636698530 -80.769849500283 1.623014282836
975 -7143.671220920309 1301.492450780094 -80.851694304825 1.624657100511
976 -7151.181748822552 1302.811281284611 -80.933540213614 1.626299942196
977 -7158.692618258105 1304.130128165005 -81.015387223478 1.627942807823
978 -7166.203828731065 1305.448991373057 -81.097235331170 1.629585697320
979 -7173.715379738936 1306.767870859227 -81.179084533358 1.631228610615
980 -7181.227270765170 1308.086766571228 -81.260934826541 1.632871547633
981 -7188.739501302796 1309.405678458454 -81.342786207320 1.634514508299
982 -7196.252070862598 1310.724606473673 -81.424638672516 1.636157492544
983 -7203.764978935505 1312.043550565754 -81.506492218700 1.637800500294
984 -7211.278225049729 1313.362510690600 -81.588346842892 1.639443531483
985 -7218.791808682327 1314.681486794296 -81.670202541490 1.641086586035
986 -7226.305729355462 1316.000478831353 -81.752059311423 1.642729663881
987 -7233.819986568240 1317.319486751918 -81.833917149350 1.644372764950
988 -7241.334579829778 1318.638510507916 -81.915776052041 1.646015889171
989 -7248.849508650011 1319.957550051336 -81.997636016268 1.647659036474
990 -7256.364772551074 1321.276605336433 -82.079497038952 1.649302206792
991 -7263.880371017210 1322.595676310104 -82.161359116544 1.650945400048
992 -7271.396303604941 1323.914762933041 -82.243222246375 1.652588616184
993 -7278.912569794717 1325.233865151266 -82.325086424841 1.654231855121
994 -7286.429169116914 1326.552982920258 -82.406951648943 1.655875116795
995 -7293.946101101178 1327.872116195326 -82.488817915671 1.657518401140
996 -7301.463365248129 1329.191264926097 -82.570685221653 1.659161708083
997 -7308.980961092841 1330.510429068701 -82.652553563932 1.660805037560
998 -7316.498888141156 1331.829608573657 -82.734422939196 1.662448389498
999 -7324.017145944465 1333.148803400039 -82.816293344675 1.664091763837
1000 -7331.535734006240 1334.468013497733 -82.898164777019 1.665735160505
1001 -7339.054651866292 1335.787238823488 -82.980037233313 1.667378579438
1002 -7346.573899052773 1337.106479331693 -83.061910710490 1.669022020569
1003 -7354.093475075957 1338.425734973310 -83.143785205272 1.670665483828
1004 -7361.613379487903 1339.745005707154 -83.225660714876 1.672308969154
1005 -7369.133611817076 1341.064291487478 -83.307537236230 1.673952476480
1006 -7376.654171597946 1342.383592269570 -83.389414766330 1.675596005740
1007 -7384.175058349582 1343.702908005756 -83.471293301983 1.677239556866
1008 -7391.696271638840 1345.022238657383 -83.553172840573 1.678883129801
1009 -7399.217810981087 1346.341584175841 -83.635053378847 1.680526724473
1010 -7406.739675917872 1347.660944517520 -83.716934913875 1.682170340819
1011 -7414.261865994761 1348.980319639429 -83.798817442763 1.683813978777
1012 -7421.784380759826 1350.299709499039 -83.880700962650 1.685457638284
1013 -7429.307219737689 1351.619114049224 -83.962585470382 1.687101319271
1014 -7436.830382480488 1352.938533248045 -84.044470963136 1.688745021678
1015 -7444.353868547061 1354.257967054769 -84.126357438165 1.690388745444
1016 -7451.877677469503 1355.577415423488 -84.208244892397 1.692032490503
1017 -7459.401808802158 1356.896878312441 -84.290133323019 1.693676256793
1018 -7466.926262097941 1358.216355679554 -84.372022727204 1.695320044254
1019 -7474.451036887794 1359.535847478413 -84.453913101843 1.696963852817
1020 -7481.976132755727 1360.855353672752 -84.535804444481 1.698607682429
1021 -7489.501549228838 1362.174874215299 -84.617696751959 1.700251533022
1022 -7497.027285879914 1363.494409067441 -84.699590021668 1.701895404539
1023 -7504.553342252990 1364.813958185004 -84.781484250649 1.703539296915
1024 -7512.079717903532 1366.133521525952 -84.863379436080 1.705183210090
1025 -7519.606412404953 1367.453099051532 -84.945275575344 1.706827144006
1026 -7527.133425309315 1368.772690718928 -85.027172665572 1.708471098601
1027 -7534.660756160503 1370.092296483573 -85.109070703777 1.710115073810
1028 -7542.188404549220 1371.411916309903 -85.190969687554 1.711759069581
1029 -7549.716370015810 1372.731550152540 -85.272869613867 1.713403085848
1030 -7557.244652144910 1374.051197974565 -85.354770480222 1.715047122556
1031 -7564.773250481173 1375.370859731302 -85.436672283631 1.716691179641
1032 -7572.302164611690 1376.690535386164 -85.518575021623 1.718335257049
1033 -7579.831394086190 1378.010224895265 -85.600478691258 1.719979354717
1034 -7587.360938492982 1379.329928222131 -85.682383290076 1.721623472589
1035 -7594.890797387980 1380.649645323932 -85.764288815208 1.723267610605
1036 -7602.420970349693 1381.969376162091 -85.846195264055 1.724911768708
1037 -7609.951456958791 1383.289120698443 -85.928102634050 1.726555946842
1038 -7617.482256765581 1384.608878888878 -86.010010922244 1.728200144943
1039 -7625.013369364471 1385.928650697642 -86.091920126221 1.729844362958
1040 -7632.544794329108 1387.248436084961 -86.173830243310 1.731488600829
1041 -7640.076531233436 1388.568235011068 -86.255741270841 1.733132858499
1042 -7647.608579666441 1389.888047438963 -86.337653206322 1.734777135913
1043 -7655.140939193530 1391.207873327057 -86.419566046967 1.736421433010
1044 -7662.673609395671 1392.527712636718 -86.501479790180 1.738065749735
1045 -7670.206589876268 1393.847565333470 -86.583394433630 1.739710086036
1046 -7677.739880193473 1395.167431374166 -86.665309974436 1.741354441851
1047 -7685.273479943315 1396.487310722803 -86.747226410169 1.742998817127
1048 -7692.807388716144 1397.807203342206 -86.829143738329 1.744643211810
1049 -7700.341606095588 1399.127109193855 -86.911061956328 1.746287625844
1050 -7707.876131663674 1400.447028238886 -86.992981061559 1.747932059171
1051 -7715.410965015035 1401.766960440711 -87.074901051560 1.749576511739
1052 -7722.946105737310 1403.086905761402 -87.156821923783 1.751220983491
1053 -7730.481553425918 1404.406864164403 -87.238743675770 1.752865474375
1054 -7738.017307669847 1405.726835611859 -87.320666304977 1.754509984335
1055 -7745.553368065179 1407.046820067236 -87.402589808950 1.756154513319
1056 -7753.089734197389 1408.366817491867 -87.484514185094 1.757799061268
1057 -7760.626405675087 1409.686827851450 -87.566439431097 1.759443628134
1058 -7768.163382084536 1411.006851107336 -87.648365544367 1.761088213860
1059 -7775.700663044038 1412.326887226964 -87.730292522705 1.762732818398
1060 -7783.238248120801 1413.646936167868 -87.812220363274 1.764377441686
1061 -7790.776136937145 1414.966997898108 -87.894149063916 1.766022083678
1062 -7798.314329101405 1416.287072382989 -87.976078622294 1.767666744323
1063 -7805.852824176508 1417.607159579057 -88.058009035513 1.769311423557
1064 -7813.391621804545 1418.927259457942 -88.139940301642 1.770956121340
1065 -7820.930721585821 1420.247371983168 -88.221872418229 1.772600837617
1066 -7828.470123098441 1421.567497114010 -88.303805382559 1.774245572329
1067 -7836.009825986669 1422.887634822278 -88.385739192711 1.775890325435
1068 -7843.549829834490 1424.207785068243 -88.467673846031 1.777535096878
1069 -7851.090134246753 1425.527947815994 -88.549609340106 1.779179886604
1070 -7858.630738839834 1426.848123031876 -88.631545672672 1.780824694564
1071 -7866.171643237228 1428.168310683447 -88.713482841538 1.782469520711
1072 -7873.712847031647 1429.488510732372 -88.795420844143 1.784114364990
1073 -7881.254349847683 1430.808723146261 -88.877359678299 1.785759227352
1074 -7888.796151291076 1432.128947889151 -88.959299341597 1.787404107745
1075 -7896.338250982037 1433.449184927690 -89.041239831790 1.789049006120
1076 -7903.880648536452 1434.769434227722 -89.123181146585 1.790693922429
1077 -7911.423343564651 1436.089695753865 -89.205123283604 1.792338856618
1078 -7918.966335686325 1437.409969472536 -89.287066240592 1.793983808638
1079 -7926.509624529205 1438.730255351615 -89.369010015385 1.795628778444
1080 -7934.053209700543 1440.050553354933 -89.450954605557 1.797273765982
1081 -7941.597090835779 1441.370863451721 -89.532900009033 1.798918771206
1082 -7949.141267535277 1442.691185604406 -89.614846223300 1.800563794064
1083 -7956.685739446414 1444.011519784344 -89.696793246418 1.802208834511
1084 -7964.230506166060 1445.331865953179 -89.778741075827 1.803853892493
1085 -7971.775567350713 1446.652224083873 -89.860689709688 1.805498967969
1086 -7979.320922590442 1447.972594136620 -89.942639145350 1.807144060882
1087 -7986.866571537730 1449.292976083503 -90.024589380919 1.808789171191
1088 -7994.412513826958 1450.613369893044 -90.106540414274 1.810434298850
1089 -8001.958749056414 1451.933775526833 -90.188492242855 1.812079443803
1090 -8009.505276877855 1453.254192956612 -90.270444864747 1.813724606008
1091 -8017.052096914961 1454.574622148713 -90.352398277693 1.815369785416
1092 -8024.599208790589 1455.895063069178 -90.434352479415 1.817014981979
1093 -8032.146612167532 1457.215515691687 -90.516307468125 1.818660195656
1094 -8039.694306639360 1458.535979976586 -90.598263241183 1.820305426391
1095 -8047.242291866934 1459.856455897035 -90.680219796768 1.821950674143
1096 -8054.790567478823 1461.176943419979 -90.762177132664 1.823595938866
1097 -8062.339133108402 1462.497442513133 -90.844135246700 1.825241220511
1098 -8069.887988387296 1463.817953143950 -90.926094136694 1.826886519032
1099 -8077.437132969600 1465.138475284010 -91.008053800726 1.828531834385
1100 -8084.986566479702 1466.459008899170 -91.090014236509 1.830177166523
1101 -8092.536288574682 1467.779553961503 -91.171975442155 1.831822515403
1102 -8100.086298875653 1469.100110436129 -91.253937415333 1.833467880976
1103 -8107.636597022232 1470.420678291654 -91.335900153935 1.835113263194
1104 -8115.187182682365 1471.741257501996 -91.417863656190 1.836758662020
1105 -8122.738055479217 1473.061848032495 -91.499827919783 1.838404077404
1106 -8130.289215058047 1474.382449852634 -91.581792942661 1.840049509300
1107 -8137.840661075761 1475.703062934076 -91.663758722912 1.841694957668
1108 -8145.392393167615 1477.023687244250 -91.745725258355 1.843340422459
1109 -8152.944410989196 1478.344322754456 -91.827692547055 1.844985903632
1110 -8160.496714186491 1479.664969434070 -91.909660586955 1.846631401142
1111 -8168.049302399037 1480.985627251157 -91.991629375914 1.848276914943
1112 -8175.602175270705 1482.306296174574 -92.073598911843 1.849922444989
1113 -8183.155332481860 1483.626976180102 -92.155569193095 1.851567991244
1114 -8190.708773674570 1484.947667236129 -92.237540217551 1.853213553662
1115 -8198.262498471380 1486.268369307222 -92.319511982849 1.854859132192
1116 -8205.816506564921 1487.589082371347 -92.401484487483 1.856504726801
1117 -8213.370797591417 1488.909806395566 -92.483457729249 1.858150337441
1118 -8220.925371201765 1490.230541349726 -92.565431706125 1.859795964069
1119 -8228.480227064005 1491.551287206867 -92.647406416290 1.861441606644
1120 -8236.035364818128 1492.872043934613 -92.729381857578 1.863087265120
1121 -8243.590784140230 1494.192811507460 -92.811358028265 1.864732939458
1122 -8251.146484670140 1495.513589892853 -92.893334926173 1.866378629613
1123 -8258.702466079661 1496.834379064341 -92.975312549516 1.868024335545
1124 -8266.258728035902 1498.155178994490 -93.057290896446 1.869670057213
1125 -8273.815270184557 1499.475989651728 -93.139269964851 1.871315794572
1126 -8281.372092197496 1500.796811009410 -93.221249752933 1.872961547583
1127 -8288.929193730532 1502.117643037771 -93.303230258696 1.874607316202
1128 -8296.486574451055 1503.438485709200 -93.385211480280 1.876253100390
1129 -8304.044234025478 1504.759338995881 -93.467193415817 1.877898900104
1130 -8311.602172113266 1506.080202868525 -93.549176063340 1.879544715303
1131 -8319.160388368877 1507.401077296882 -93.631159420823 1.881190545943
1132 -8326.718882492374 1508.721962259386 -93.713143486796 1.882836391991
1133 -8334.277654136242 1510.042857725264 -93.795128259199 1.884482253403
1134 -8341.836702947945 1511.363763662754 -93.877113735913 1.886128130133
1135 -8349.396028621208 1512.684680048850 -93.959099915371 1.887774022146
1136 -8356.955630822686 1514.005606855377 -94.041086795686 1.889419929402
1137 -8364.515509217985 1515.326544053843 -94.123074374945 1.891065851859
1138 -8372.075663475949 1516.647491616335 -94.205062651273 1.892711789477
1139 -8379.636093271727 1517.968449516100 -94.287051622870 1.894357742215
1140 -8387.196798300989 1519.289417730239 -94.369041288182 1.896003710041
1141 -8394.757778190318 1520.610396222577 -94.451031644809 1.897649692902
1142 -8402.319032647316 1521.931384972381 -94.533022691336 1.899295690768
1143 -8409.880561352666 1523.252383953732 -94.615014426016 1.900941703600
1144 -8417.442363971504 1524.573393137679 -94.697006846912 1.902587731356
1145 -8425.004440178122 1525.894412496939 -94.778999952191 1.904233773997
1146 -8432.566789650287 1527.215442004854 -94.860993740063 1.905879831484
1147 -8440.129412080372 1528.536481637493 -94.942988208907 1.907525903781
1148 -8447.692307131316 1529.857531365251 -95.024983356747 1.909171990845
1149 -8455.255474486738 1531.178591162442 -95.106979181854 1.910818092639
1150 -8462.818913838581 1532.499661004857 -95.188975682591 1.912464209127
1151 -8470.382624858283 1533.820740864364 -95.270972857076 1.914110340269
1152 -8477.946607223728 1535.141830713987 -95.352970703499 1.915756486025
1153 -8485.510860645116 1536.462930532884 -95.434969220440 1.917402646363
1154 -8493.075384774776 1537.784040289080 -95.516968405771 1.919048821239
1155 -8500.640179314434 1539.105159959981 -95.598968257962 1.920695010618
1156 -8508.205243946357 1540.426289519264 -95.680968775248 1.922341214462
1157 -8515.770578355487 1541.747428940985 -95.762969955882 1.923987432733
1158 -8523.336182228246 1543.068578199511 -95.844971798144 1.925633665395
1159 -8530.902055256511 1544.389737270139 -95.926974300371 1.927279912410
1160 -8538.468197132508 1545.710906128213 -96.008977460902 1.928926173742
1161 -8546.034607537429 1547.032084746868 -96.090981277937 1.930572449353
1162 -8553.601286167424 1548.353273102106 -96.172985749859 1.932218739207
1163 -8561.168232701171 1549.674471166476 -96.254990874830 1.933865043265
1164 -8568.735446846445 1550.995678918102 -96.336996651370 1.935511361494
1165 -8576.302928286033 1552.316896330205 -96.419003077685 1.937157693854
1166 -8583.870676722476 1553.638123379776 -96.501010152221 1.938804040314
1167 -8591.438691834290 1554.959360039115 -96.583017873126 1.940450400831
1168 -8599.006973322646 1556.280606284875 -96.665026238827 1.942096775372
1169 -8606.575520899743 1557.601862095673 -96.747035247875 1.943743163906
1170 -8614.144334242068 1558.923127443323 -96.829044898388 1.945389566391
1171 -8621.713413041565 1560.244402302498 -96.911055188667 1.947035982790
1172 -8629.282757005874 1561.565686650837 -96.993066117202 1.948682413072
1173 -8636.852365838793 1562.886980465158 -97.075077682430 1.950328857201
1174 -8644.422239226920 1564.208283718980 -97.157089882579 1.951975315139
1175 -8651.992376875412 1565.529596389296 -97.239102716099 1.953621786853
1176 -8659.562778482063 1566.850918451655 -97.321116181349 1.955268272306
1177 -8667.133443757661 1568.172249884023 -97.403130276840 1.956914771468
1178 -8674.704372398819 1569.493590661603 -97.485145000909 1.958561284300
1179 -8682.275564105164 1570.814940760118 -97.567160351924 1.960207810768
1180 -8689.847018568873 1572.136300153826 -97.649176328164 1.961854350835
1181 -8697.418735507570 1573.457668821802 -97.731192928212 1.963500904469
1182 -8704.990714628093 1574.779046740982 -97.813210150515 1.965147471637
1183 -8712.562955638361 1576.100433888516 -97.895227993537 1.966794052306
1184 -8720.135458222050 1577.421830236767 -97.977246455433 1.968440646435
1185 -8727.708222103069 1578.743235765847 -98.059265534855 1.970087253994
1186 -8735.281246989654 1580.064650452746 -98.141285230257 1.971733874952
1187 -8742.854532581976 1581.386074272879 -98.223305539988 1.973380509271
1188 -8750.428078582230 1582.707507202011 -98.305326462424 1.975027156916
1189 -8758.001884731169 1584.028949223231 -98.387347996409 1.976673817862
1190 -8765.575950708155 1585.350400307820 -98.469370140032 1.978320492068
1191 -8773.150276224704 1586.671860433147 -98.551392891768 1.979967179500
1192 -8780.724861001145 1587.993329578277 -98.633416250209 1.981613880128
1193 -8788.299704748733 1589.314807720395 -98.715440213816 1.983260593918
1194 -8795.874807180626 1590.636294837071 -98.797464781083 1.984907320838
1195 -8803.450168009764 1591.957790905770 -98.879489950496 1.986554060854
1196 -8811.025786944825 1593.279295903059 -98.961515720481 1.988200813933
1197 -8818.601663705889 1594.600809807689 -99.043542089607 1.989847580043
1198 -8826.177798004661 1595.922332596715 -99.125569056335 1.991494359151
1199 -8833.754189553509 1597.243864247276 -99.207596619127 1.993141151223
1200 -8841.330838083404 1598.565404740031 -99.289624776676 1.994787956232
1201 -8848.907743294187 1599.886954049647 -99.371653527289 1.996434774140
1202 -8856.484904910565 1601.208512155464 -99.453682869573 1.998081604916
1203 -8864.062322647929 1602.530079034990 -99.535712802017 1.999728448529
1204 -8871.639996234995 1603.851654668273 -99.617743323273 2.001375304948
1205 -8879.217925385423 1605.173239032426 -99.699774431808 2.003022174141
1206 -8886.796109815383 1606.494832104942 -99.781806126109 2.004669056074
1207 -8894.374549251497 1607.816433865318 -99.863838404796 2.006315950718
1208 -8901.953243404030 1609.138044289839 -99.945871266281 2.007962858038
1209 -8909.532192026691 1610.459663363080 -100.027904709507 2.009609778011
1210 -8917.111394794125 1611.781291054427 -100.109938732447 2.011256710593
1211 -8924.690851462414 1613.102927348789 -100.191973334065 2.012903655761
1212 -8932.270561755542 1614.424572224889 -100.274008512929 2.014550613485
1213 -8939.850525377275 1615.746225657568 -100.356044267364 2.016197583727
1214 -8947.430742089968 1617.067887632769 -100.438080596398 2.017844566467
1215 -8955.011211578356 1618.389558121574 -100.520117498116 2.019491561664
1216 -8962.591933582815 1619.711237105657 -100.602154971275 2.021138569289
1217 -8970.172907848611 1621.032924567574 -100.684193014691 2.022785589318
1218 -8977.754134078648 1622.354620481748 -100.766231626661 2.024432621713
1219 -8985.335612013199 1623.676324829660 -100.848270805932 2.026079666447
1220 -8992.917341381910 1624.998037590749 -100.930310551120 2.027726723490
1221 -9000.499321907131 1626.319758743016 -101.012350860753 2.029373792810
1222 -9008.081553333433 1627.641488268614 -101.094391733618 2.031020874380
1223 -9015.664035374743 1628.963226143843 -101.176433168136 2.032667968167
1224 -9023.246767762826 1630.284972348349 -101.258475162938 2.034315074141
1225 -9030.829750246505 1631.606726864984 -101.340517716858 2.035962192275
1226 -9038.412982547434 1632.928489671355 -101.422560828398 2.037609322538
1227 -9045.996464385264 1634.250260744665 -101.504604496036 2.039256464897
1228 -9053.580195513070 1635.572040068417 -101.586648718648 2.040903619327
1229 -9061.164175671165 1636.893827623678 -101.668693494958 2.042550785800
1230 -9068.748404577293 1638.215623387134 -101.750738823410 2.044197964282
1231 -9076.332881967259 1639.537427338853 -101.832784702663 2.045845154745
1232 -9083.917607583318 1640.859239460118 -101.914831131455 2.047492357161
1233 -9091.502581171728 1642.181059732913 -101.996878108568 2.049139571503
1234 -9099.087802442300 1643.502888132219 -102.078925632338 2.050786797735
1235 -9106.673271157637 1644.824724643082 -102.160973701743 2.052434035835
1236 -9114.258987044670 1646.146569243657 -102.243022315324 2.054081285772
1237 -9121.844949855415 1647.468421916831 -102.325071471917 2.055728547519
1238 -9129.431159306121 1648.790282638623 -102.407121169928 2.057375821043
1239 -9137.017615150293 1650.112151392199 -102.489171408218 2.059023106319
1240 -9144.604317145335 1651.434028161312 -102.571222185681 2.060670403321
1241 -9152.191264993660 1652.755912919209 -102.653273500543 2.062317712013
1242 -9159.778458460578 1654.077805651121 -102.735325351798 2.063965032372
1243 -9167.365897302292 1655.399706340497 -102.817377738323 2.065612364373
1244 -9174.953581232547 1656.721614962584 -102.899430658472 2.067259707982
1245 -9182.541510013112 1658.043531501825 -102.981484111188 2.068907063174
1246 -9190.129683375842 1659.365455936842 -103.063538095041 2.070554429919
1247 -9197.718101079730 1660.687388251439 -103.145592608932 2.072201808193
1248 -9205.306762862954 1662.009328425396 -103.227647651508 2.073849197966
1249 -9212.895668465320 1663.331276438724 -103.309703221428 2.075496599210
1250 -9220.484817638629 1664.653232273702 -103.391759317495 2.077144011897
1251 -9228.074210118568 1665.975195909510 -103.473815938319 2.078791435999
1252 -9235.663845677891 1667.297167332332 -103.555873082953 2.080438871495
1253 -9243.253724045186 1668.619146519896 -103.637930749912 2.082086318351
1254 -9250.843844979658 1669.941133455695 -103.719988938079 2.083733776545
1255 -9258.434208209625 1671.263128117315 -103.802047645962 2.085381246043
1256 -9266.024813500477 1672.585130489367 -103.884106872513 2.087028726822
1257 -9273.615660610751 1673.907140555119 -103.966166616604 2.088676218859
1258 -9281.206749268807 1675.229158292013 -104.048226876731 2.090323722120
1259 -9288.798079231832 1676.551183682955 -104.130287651741 2.091971236580
1260 -9296.389650278968 1677.873216715038 -104.212348940749 2.093618762221
1261 -9303.981462122285 1679.195257362443 -104.294410742044 2.095266299004
1262 -9311.573514536951 1680.517305611389 -104.376473054685 2.096913846910
1263 -9319.165807262283 1681.839361441207 -104.458535877292 2.098561405909
1264 -9326.758340071803 1683.161424837743 -104.540599208900 2.100208975978
1265 -9334.351112704391 1684.483495780107 -104.622663048113 2.101856557089
1266 -9341.944124909589 1685.805574249489 -104.704727393672 2.103504149214
1267 -9349.537376465129 1687.127660232346 -104.786792244649 2.105151752332
1268 -9357.130867113523 1688.449753708441 -104.868857599695 2.106799366415
1269 -9364.724596602118 1689.771854658333 -104.950923457506 2.108446991433
1270 -9372.318564698840 1691.093963066551 -105.032989817036 2.110094627364
1271 -9379.912771167235 1692.416078916690 -105.115056677177 2.111742274185
1272 -9387.507215742793 1693.738202186963 -105.197124036479 2.113389931863
1273 -9395.101898209614 1695.060332864833 -105.279191894082 2.115037600379
1274 -9402.696818300032 1696.382470927815 -105.361260248493 2.116685279703
1275 -9410.291975797099 1697.704616363082 -105.443329098832 2.118332969813
1276 -9417.887370455615 1699.026769152344 -105.525398443871 2.119980670684
1277 -9425.483002017196 1700.348929274797 -105.607468282227 2.121628382285
1278 -9433.078870273068 1701.671096719041 -105.689538613112 2.123276104600
1279 -9440.674974953805 1702.993271462050 -105.771609434998 2.124923837594
1280 -9448.271315845106 1704.315453491280 -105.853680747025 2.126571581250
1281 -9455.867892702256 1705.637642788369 -105.935752547965 2.128219335541
1282 -9463.464705281371 1706.959839335039 -106.017824836592 2.129867100440
1283 -9471.061753339100 1708.282043113065 -106.099897611684 2.131514875920
1284 -9478.659036664885 1709.604254110492 -106.181970872422 2.133162661963
1285 -9486.256555009259 1710.926472307824 -106.264044617503 2.134810458542
1286 -9493.854308125086 1712.248697686043 -106.346118845657 2.136458265629
1287 -9501.452295792771 1713.570930231300 -106.428193555943 2.138106083203
1288 -9509.050517787755 1714.893169928763 -106.510268747356 2.139753911243
1289 -9516.648973839969 1716.215416754875 -106.592344418337 2.141401749713
1290 -9524.247663750779 1717.537670699691 -106.674420568193 2.143049598601
1291 -9531.846587273276 1718.859931743979 -106.756497195641 2.144697457876
1292 -9539.445744177257 1720.182199871685 -106.838574299600 2.146345327517
1293 -9547.045134224762 1721.504475065232 -106.920651878894 2.147993207497
1294 -9554.644757198128 1722.826757310878 -107.002729932588 2.149641097797
1295 -9562.244612852188 1724.149046589531 -107.084808459407 2.151288998387
1296 -9569.844700972113 1725.471342887937 -107.166887458451 2.152936909250
1297 -9577.445021318592 1726.793646188094 -107.248966928515 2.154584830358
1298 -9585.045573659732 1728.115956473350 -107.331046868482 2.156232761687
1299 -9592.646357764092 1729.438273727122 -107.413127277236 2.157880703214
1300 -9600.247373411903 1730.760597935024 -107.495208153806 2.159528654916
1301 -9607.848620365932 1732.082929079306 -107.577289497005 2.161176616768
1302 -9615.450098409847 1733.405267146114 -107.659371305892 2.162824588750
1303 -9623.051807312189 1734.727612118729 -107.741453579347 2.164472570838
1304 -9630.653746846499 1736.049963981304 -107.823536316304 2.166120563007
1305 -9638.255916779162 1737.372322716591 -107.905619515606 2.167768565234
1306 -9645.858316878828 1738.694688307779 -107.987703176131 2.169416577493
1307 -9653.460946950623 1740.017060744927 -108.069787297186 2.171064599770
1308 -9661.063806749433 1741.339440008493 -108.151871877472 2.172712632036
1309 -9668.666896043809 1742.661826081492 -108.233956915852 2.174360674266
1310 -9676.270214629452 1743.984218952101 -108.316042411518 2.176008726443
1311 -9683.873762252411 1745.306618598940 -108.398128363051 2.177656788537
1312 -9691.477538723966 1746.629025013097 -108.480214769831 2.179304860533
1313 -9699.081543800643 1747.951438175123 -108.562301630563 2.180952942403
1314 -9706.685777273702 1749.273858072189 -108.644388944376 2.182601034129
1315 -9714.290238908941 1750.596284686522 -108.726476710081 2.184249135685
1316 -9721.894928488828 1751.918718003578 -108.808564926700 2.185897247049
1317 -9729.499845789922 1753.241158007571 -108.890653593174 2.187545368199
1318 -9737.104990601281 1754.563604685079 -108.972742708591 2.189193499114
1319 -9744.710362698093 1755.886058020004 -109.054832271874 2.190841639771
1320 -9752.315961853901 1757.208517995914 -109.136922281922 2.192489790146
1321 -9759.921787854710 1758.530984598669 -109.219012737782 2.194137950219
1322 -9767.527840494153 1759.853457815612 -109.301103638593 2.195786119971
1323 -9775.134119530127 1761.175937627159 -109.383194983056 2.197434299373
1324 -9782.740624764177 1762.498424022045 -109.465286770398 2.199082488408
1325 -9790.347355972361 1763.820916984136 -109.547378999541 2.200730687054
1326 -9797.954312941260 1765.143416499207 -109.629471669524 2.202378895290
1327 -9805.561495446913 1766.465922551060 -109.711564779266 2.204027113091
1328 -9813.168903287567 1767.788435127613 -109.793658327941 2.205675340440
1329 -9820.776536221352 1769.110954209161 -109.875752314245 2.207323577308
1330 -9828.384394062068 1770.433479786542 -109.957846737540 2.208971823682
1331 -9835.992476579268 1771.756011842120 -110.039941596652 2.210620079537
1332 -9843.600783567372 1773.078550362986 -110.122036890706 2.212268344852
1333 -9851.209314799462 1774.401095332148 -110.204132618572 2.213916619604
1334 -9858.818070073376 1775.723646737176 -110.286228779401 2.215564903774
1335 -9866.427049170608 1777.046204562633 -110.368325372161 2.217213197339
1336 -9874.036251883661 1778.368768795080 -110.450422395946 2.218861500281
1337 -9881.645677998960 1779.691339419847 -110.532519849768 2.220509812576
1338 -9889.255327298953 1781.013916421573 -110.614617732601 2.222158134204
1339 -9896.865199575321 1782.336499786497 -110.696716043515 2.223806465144
1340 -9904.475294617881 1783.659089500568 -110.778814781567 2.225454805376
1341 -9912.085612219975 1784.981685550282 -110.860913945844 2.227103154878
1342 -9919.696152169028 1786.304287921046 -110.943013535366 2.228751513631
1343 -9927.306914245699 1787.626896596912 -111.025113549071 2.230399881612
1344 -9934.917898258587 1788.949511567203 -111.107213986224 2.232048258803
1345 -9942.529103988672 1790.272132815984 -111.189314845764 2.233696645182
1346 -9950.140531221719 1791.594760328125 -111.271416126675 2.235345040727
1347 -9957.752179761650 1792.917394092006 -111.353517828169 2.236993445422
1348 -9965.364049400061 1794.240034093579 -111.435619949302 2.238641859244
1349 -9972.976139923818 1795.562680317842 -111.517722489068 2.240290282173
1350 -9980.588451122843 1796.885332750366 -111.599825446499 2.241938714187
1351 -9988.200982803752 1798.207991379860 -111.681928820827 2.243587155270
1352 -9995.813734737978 1799.530656188320 -111.764032610859 2.245235605396
1353 -10003.426706749167 1800.853327167583 -111.846136816022 2.246884064552
1354 -10011.039898610210 1802.176004299860 -111.928241435138 2.248532532713
1355 -10018.653310115717 1803.498687571404 -112.010346467281 2.250181009858
1356 -10026.266941080163 1804.821376972262 -112.092451911769 2.251829495973
1357 -10033.880791272062 1806.144072483649 -112.174557767357 2.253477991030
1358 -10041.494860523118 1807.466774098849 -112.256664033571 2.255126495020
