  0.000000000000000E+000   93.4068359602554     
   1.00000000000000        90.4801325085069     
   2.00000000000000        91.3760756082611     
   3.00000000000000        88.5816764449605     
   4.00000000000000        93.4127571581812     
   5.00000000000000        89.4815474322665     
   6.00000000000000        89.4488641941520     
   7.00000000000000        91.3647842182456     
   8.00000000000000        91.4653752513051     
   9.00000000000000        90.4289067371524     
   10.0000000000000        92.4016635825647     
   11.0000000000000        91.5260030078693     
   12.0000000000000        90.5002382822681     
   13.0000000000000        92.3618171618422     
   14.0000000000000        90.5760512421080     
   15.0000000000000        91.4358009145504     
   16.0000000000000        90.5088536564256     
   17.0000000000000        92.3974751840542     
   18.0000000000000        91.4901682451498     
   19.0000000000000        93.4076524137150     
   20.0000000000000        92.4267302998804     
   21.0000000000000        92.4476977719699     
   22.0000000000000        93.4302267501101     
   23.0000000000000        90.4674124885602     
   24.0000000000000        92.4484063840174     
   25.0000000000000        93.3986771023850     
   26.0000000000000        90.5037310397634     
   27.0000000000000        92.4254915884871     
   28.0000000000000        91.4537944358026     
   29.0000000000000        91.4666824361681     
   30.0000000000000        92.4424254974199     
   31.0000000000000        91.4860245149236     
   32.0000000000000        92.4118813542346     
   33.0000000000000        91.4132510473507     
   34.0000000000000        89.5143246261669     
   35.0000000000000        90.4450304591249     
   36.0000000000000        93.3712392788838     
   37.0000000000000        90.5031240300367     
   38.0000000000000        91.3336581692992     
   39.0000000000000        90.5706997002178     
   40.0000000000000        89.4889048291632     
   41.0000000000000        90.4886297747516     
   42.0000000000000        93.2930425382041     
   43.0000000000000        92.3517120913978     
   44.0000000000000        90.3968321147348     
   45.0000000000000        93.3943692941186     
   46.0000000000000        91.3832519087407     
   47.0000000000000        93.3791841128910     
   48.0000000000000        89.4244937155204     
   49.0000000000000        91.3203393915000     
   50.0000000000000        92.3299619178490     
   51.0000000000000        92.3171470895954     
   52.0000000000000        91.3565467317466     
   53.0000000000000        91.3147585279588     
   54.0000000000000        92.3486953676773     
   55.0000000000000        93.2268509871971     
   56.0000000000000        91.3100249935828     
   57.0000000000000        90.3768288813863     
   58.0000000000000        92.2728388332647     
   59.0000000000000        89.3074660889716     
   60.0000000000000        90.3155446416188     
   61.0000000000000        89.3119170299657     
   62.0000000000000        93.1101706329217     
   63.0000000000000        96.0525297132766     
   64.0000000000000        93.1044450809030     
   65.0000000000000        91.1770648931707     
   66.0000000000000        91.1335142206117     
   67.0000000000000        91.1067475167095     
   68.0000000000000        91.1255900686315     
   69.0000000000000        91.0804824232814     
   70.0000000000000        92.0682912339588     
   71.0000000000000        91.0900710179643     
   72.0000000000000        90.1011730960686     
   73.0000000000000        90.0847934768483     
   74.0000000000000        90.0738583060098     
   75.0000000000000        94.9065450069383     
   76.0000000000000        90.9518090676221     
   77.0000000000000        91.9419851945936     
   78.0000000000000        89.0263727706572     
   79.0000000000000        89.9633839270955     
   80.0000000000000        89.9974192212342     
   81.0000000000000        89.8742862567889     
   82.0000000000000        88.9452086271549     
   83.0000000000000        90.8938588044426     
   84.0000000000000        90.8456372891717     
   85.0000000000000        89.8391529284705     
   86.0000000000000        93.7565504400235     
   87.0000000000000        89.8100778266657     
   88.0000000000000        91.7393029365758     
   89.0000000000000        90.7718675365987     
   90.0000000000000        91.7106910525701     
   91.0000000000000        91.7593590429984     
   92.0000000000000        91.6605864863812     
   93.0000000000000        92.6109617939117     
   94.0000000000000        91.6968838915565     
   95.0000000000000        91.5931523130959     
   96.0000000000000        91.5789934481901     
   97.0000000000000        90.6098766190737     
   98.0000000000000        89.6067321116215     
   99.0000000000000        90.5988736884838     
   100.000000000000        91.3745240777418     
   101.000000000000        90.4830239913302     
   102.000000000000        93.3849625815699     
   103.000000000000        89.4709936099857     
   104.000000000000        91.4133902248263     
   105.000000000000        91.3421682167946     
   106.000000000000        88.4692538613627     
   107.000000000000        90.3700971620719     
   108.000000000000        90.3458195984877     
   109.000000000000        91.3031626383801     
   110.000000000000        92.2491963585674     
   111.000000000000        91.3148004027365     
   112.000000000000        90.2358395086052     
   113.000000000000        91.1953246324493     
   114.000000000000        89.2525238924725     
   115.000000000000        92.1290857641525     
   116.000000000000        92.1037392153500     
   117.000000000000        91.1515941454568     
   118.000000000000        90.1041456059486     
   119.000000000000        93.0114508521639     
   120.000000000000        90.0977891257709     
   121.000000000000        91.0314613881341     
   122.000000000000        89.0441968195728     
   123.000000000000        90.9755704763020     
   124.000000000000        90.9507277992371     
   125.000000000000        89.9608566845624     
   126.000000000000        91.8008987291086     
   127.000000000000        88.9080539064332     
   128.000000000000        90.8819479547093     
   129.000000000000        89.7666354375238     
   130.000000000000        88.8582643737705     
   131.000000000000        90.8123612855101     
   132.000000000000        92.6621740826427     
   133.000000000000        92.6252076605332     
   134.000000000000        88.7914540129514     
   135.000000000000        88.6693597905472     
   136.000000000000        89.7624654855424     
   137.000000000000        91.6246613240952     
   138.000000000000        89.6247471514241     
   139.000000000000        90.6085318127854     
   140.000000000000        88.6161415018581     
   141.000000000000        89.5707382641304     
   142.000000000000        87.6349609121672     
   143.000000000000        89.5682556466966     
   144.000000000000        90.4893369338205     
   145.000000000000        90.4605472579441     
   146.000000000000        90.4613928634872     
   147.000000000000        91.3593223656099     
   148.000000000000        89.3705292005757     
   149.000000000000        89.4132536565956     
   150.000000000000        90.3725544648774     
   151.000000000000        90.3407819062478     
   152.000000000000        89.3507968072245     
   153.000000000000        91.2840138523941     
   154.000000000000        89.3152017543892     
   155.000000000000        90.2615735884212     
   156.000000000000        90.1970731502167     
   157.000000000000        88.1509732161477     
   158.000000000000        88.2298800216364     
   159.000000000000        92.0085738203415     
   160.000000000000        90.1496574144336     
   161.000000000000        90.1287225348498     
   162.000000000000        90.0683141871951     
   163.000000000000        91.0111594132346     
   164.000000000000        90.0545623404107     
   165.000000000000        88.0566264405227     
   166.000000000000        88.9764029688980     
   167.000000000000        91.9065548134880     
   168.000000000000        87.9627392139322     
   169.000000000000        88.9616182262177     
   170.000000000000        86.0130206442006     
   171.000000000000        88.9291900477816     
   172.000000000000        86.9840540085272     
   173.000000000000        89.8618233001113     
   174.000000000000        88.9203766503681     
   175.000000000000        90.7918624046159     
   176.000000000000        89.6852096191671     
   177.000000000000        86.8824576732984     
   178.000000000000        86.7792633557890     
   179.000000000000        89.6479624214235     
   180.000000000000        88.7131112914072     
   181.000000000000        90.6544925606092     
   182.000000000000        88.7943989271670     
   183.000000000000        88.7031443922248     
   184.000000000000        88.6644535124931     
   185.000000000000        88.6545361633995     
   186.000000000000        88.6944306198514     
   187.000000000000        88.5902910922325     
   188.000000000000        86.6655196696578     
   189.000000000000        91.5046244866052     
   190.000000000000        90.5632388474451     
   191.000000000000        89.5046460788988     
   192.000000000000        88.4971857501904     
   193.000000000000        87.4986108803949     
   194.000000000000        89.4555102485746     
   195.000000000000        88.5134991654986     
   196.000000000000        89.4166653212826     
   197.000000000000        87.4647940539489     
   198.000000000000        87.4325363444692     
   199.000000000000        89.3779800893521     
   200.000000000000        88.3043026781508     
   201.000000000000        87.3575597877937     
   202.000000000000        88.3407007274670     
   203.000000000000        89.3052979659807     
   204.000000000000        88.3433435690656     
   205.000000000000        87.3454440297862     
   206.000000000000        89.2662420113884     
   207.000000000000        90.2199443265613     
   208.000000000000        88.3671902704412     
   209.000000000000        89.2042533979348     
   210.000000000000        88.2252092352909     
   211.000000000000        87.2003029106370     
   212.000000000000        88.1953180475020     
   213.000000000000        87.2073406411025     
   214.000000000000        88.1746943011659     
   215.000000000000        87.1745229189655     
   216.000000000000        90.0702993358631     
   217.000000000000        86.1446488700760     
   218.000000000000        89.0080926498947     
   219.000000000000        88.9573802813153     
   220.000000000000        89.0537134985344     
   221.000000000000        88.0603155338102     
   222.000000000000        88.0294707279006     
   223.000000000000        89.9396675305658     
   224.000000000000        88.0183716396325     
   225.000000000000        88.0168647312719     
   226.000000000000        87.0619170964811     
   227.000000000000        87.9762824047188     
   228.000000000000        86.9774623113803     
   229.000000000000        86.9778083831383     
   230.000000000000        88.8616184842793     
   231.000000000000        88.9033850050558     
   232.000000000000        89.8634373957357     
   233.000000000000        87.8867388079495     
   234.000000000000        87.8877511795896     
   235.000000000000        87.8968937332980     
   236.000000000000        87.8750127968089     
   237.000000000000        88.7522799860669     
   238.000000000000        86.8794290456811     
   239.000000000000        87.8406956477923     
   240.000000000000        86.7500712703643     
   241.000000000000        88.7350914446995     
   242.000000000000        89.7339533634169     
   243.000000000000        86.8005575844894     
   244.000000000000        85.7782514517493     
   245.000000000000        88.7713223385018     
   246.000000000000        88.7129398552109     
   247.000000000000        88.6878614187182     
   248.000000000000        87.7045078755166     
   249.000000000000        87.6428409055361     
   250.000000000000        88.6510432277888     
   251.000000000000        89.6530674623840     
   252.000000000000        87.6443997300869     
   253.000000000000        84.6815697671535     
   254.000000000000        86.6941987093219     
   255.000000000000        88.6417525650612     
   256.000000000000        88.5772828264815     
   257.000000000000        86.7162554911751     
   258.000000000000        89.5725902566908     
   259.000000000000        87.6416120561322     
   260.000000000000        87.4609353759004     
   261.000000000000        86.5878016219693     
   262.000000000000        87.6009336451842     
   263.000000000000        87.5967848389997     
   264.000000000000        87.5980055012130     
   265.000000000000        87.5782387030442     
   266.000000000000        89.4346287430056     
   267.000000000000        88.5235416170553     
   268.000000000000        88.5070857347688     
   269.000000000000        90.4591720738288     
   270.000000000000        89.4603482584542     
   271.000000000000        88.4553892836716     
   272.000000000000        86.4293927139660     
   273.000000000000        87.5375527547562     
   274.000000000000        91.3769454626269     
   275.000000000000        86.5213162262625     
   276.000000000000        85.5881061289730     
   277.000000000000        89.4469908840237     
   278.000000000000        89.3576867511956     
   279.000000000000        86.5063098042137     
   280.000000000000        87.4911177831878     
   281.000000000000        88.4526392724351     
   282.000000000000        90.3165363683679     
   283.000000000000        86.5119366239237     
   284.000000000000        87.4122593450041     
   285.000000000000        86.4526445578755     
   286.000000000000        86.4321216626605     
   287.000000000000        86.4809936708950     
   288.000000000000        86.4698581034513     
   289.000000000000        86.5235171207514     
   290.000000000000        84.5257478984127     
   291.000000000000        88.4585176243053     
   292.000000000000        88.3750061062802     
   293.000000000000        87.4431416532569     
   294.000000000000        90.3477904592387     
   295.000000000000        85.4880983769434     
   296.000000000000        86.4717284564268     
   297.000000000000        87.4284427384619     
   298.000000000000        87.4302990331858     
   299.000000000000        88.3850157651685     
   300.000000000000        85.4160131915437     
   301.000000000000        88.4267864759041     
   302.000000000000        88.4000434035436     
   303.000000000000        87.4268047518823     
   304.000000000000        86.4987701224423     
   305.000000000000        87.3887876781762     
   306.000000000000        88.3849928464648     
   307.000000000000        91.3032642642825     
   308.000000000000        86.3857535113953     
   309.000000000000        90.3149235335441     
   310.000000000000        87.4251343055261     
   311.000000000000        89.3840847768190     
   312.000000000000        84.4672303396876     
   313.000000000000        88.3849263570226     
   314.000000000000        87.4413194286798     
   315.000000000000        85.4631530868305     
   316.000000000000        86.4624220920500     
   317.000000000000        87.4092245366951     
   318.000000000000        87.3899270918774     
   319.000000000000        86.4200665410107     
   320.000000000000        89.3600644465793     
   321.000000000000        87.4581998039743     
   322.000000000000        86.3748742335102     
   323.000000000000        86.4427946236499     
   324.000000000000        86.5417724803332     
   325.000000000000        88.4161822624050     
   326.000000000000        87.4272222927463     
   327.000000000000        89.3589557193358     
   328.000000000000        88.3519195693210     
   329.000000000000        88.4350036803351     
   330.000000000000        86.4882942362907     
   331.000000000000        86.5031717791949     
   332.000000000000        86.5073218267014     
   333.000000000000        86.4400394501119     
   334.000000000000        87.4244455763053     
   335.000000000000        87.4583497205825     
   336.000000000000        86.4896469945240     
   337.000000000000        87.6098162342882     
   338.000000000000        88.4737551541559     
   339.000000000000        87.4695540282293     
   340.000000000000        88.4767809472210     
   341.000000000000        86.5656407390157     
   342.000000000000        88.4838893618894     
   343.000000000000        86.5527180376908     
   344.000000000000        87.4949608969500     
   345.000000000000        86.5690502598175     
   346.000000000000        86.5000617293746     
   347.000000000000        87.5132261045978     
   348.000000000000        86.5418287023188     
   349.000000000000        86.5844170986828     
   350.000000000000        88.4668084972788     
   351.000000000000        87.5850958752069     
   352.000000000000        85.6489516560055     
   353.000000000000        86.6213451665223     
   354.000000000000        87.5964046062512     
   355.000000000000        88.5853087430190     
   356.000000000000        85.6497960238977     
   357.000000000000        87.6138714813812     
   358.000000000000        87.6294401572912     
   359.000000000000        87.6548505923718     
   360.000000000000        86.6973720188644     
   361.000000000000        86.6780093453035     
   362.000000000000        86.7107155944602     
   363.000000000000        86.6901150193679     
   364.000000000000        88.5796097213418     
   365.000000000000        87.7096751709221     
   366.000000000000        89.6021833498386     
   367.000000000000        85.7553632251954     
   368.000000000000        87.6851277099212     
   369.000000000000        85.8013665154941     
   370.000000000000        86.6877814176038     
   371.000000000000        87.7109920586702     
   372.000000000000        85.8005468910485     
   373.000000000000        85.8054792685555     
   374.000000000000        88.7280431523906     
   375.000000000000        85.8607928434400     
   376.000000000000        85.8422645794706     
   377.000000000000        88.7405267552897     
   378.000000000000        86.8254567460789     
   379.000000000000        88.8038558861973     
   380.000000000000        85.8431453103544     
   381.000000000000        86.8895746739098     
   382.000000000000        87.7961207553687     
   383.000000000000        86.9495885008339     
   384.000000000000        86.8537176946655     
   385.000000000000        87.8595120701249     
   386.000000000000        87.8539431614449     
   387.000000000000        86.9536769834381     
   388.000000000000        86.9720902091430     
   389.000000000000        88.9175159921025     
   390.000000000000        87.9534514598970     
   391.000000000000        88.9903492900345     
   392.000000000000        89.0052532838566     
   393.000000000000        87.0318128837509     
   394.000000000000        87.0508232048767     
   395.000000000000        87.9357118120164     
   396.000000000000        88.0233032619029     
   397.000000000000        86.1670631120988     
   398.000000000000        86.1247598232094     
   399.000000000000        88.1001349741575     
   400.000000000000        86.9962161466241     
   401.000000000000        88.1328146275588     
   402.000000000000        84.2518864082001     
   403.000000000000        88.0597070419575     
   404.000000000000        88.1537508054048     
   405.000000000000        87.2006025154377     
   406.000000000000        89.1591021659240     
   407.000000000000        88.1592676783882     
   408.000000000000        88.1971510271962     
   409.000000000000        88.2333927054600     
   410.000000000000        87.2471379070806     
   411.000000000000        85.3081370713446     
   412.000000000000        87.2870257947822     
   413.000000000000        86.3440309334643     
   414.000000000000        87.3342311289279     
   415.000000000000        88.3281551752980     
   416.000000000000        89.2564183796876     
   417.000000000000        87.3851553015940     
   418.000000000000        86.4041616006368     
   419.000000000000        87.4160057469444     
   420.000000000000        87.4381227402675     
   421.000000000000        88.4246717393868     
   422.000000000000        88.4282543259915     
   423.000000000000        86.5047607239923     
   424.000000000000        88.4654011522441     
   425.000000000000        86.5268189813092     
   426.000000000000        87.5051990419331     
   427.000000000000        89.5050127692054     
   428.000000000000        88.5469760025859     
   429.000000000000        88.5736366349930     
   430.000000000000        88.5795364805977     
   431.000000000000        88.6233105279075     
   432.000000000000        87.6402832343494     
   433.000000000000        89.6092514110086     
   434.000000000000        85.7544785893522     
   435.000000000000        87.6863916044651     
   436.000000000000        87.7153983951557     
   437.000000000000        86.7444396360224     
   438.000000000000        85.7928002139107     
   439.000000000000        87.8098293644641     
   440.000000000000        88.7348304721411     
   441.000000000000        87.8094533896552     
   442.000000000000        86.9144551846926     
   443.000000000000        87.8408221069359     
   444.000000000000        89.8266996146435     
   445.000000000000        86.8776822299576     
   446.000000000000        89.8663691648170     
   447.000000000000        87.9224588029922     
   448.000000000000        87.9513200995442     
   449.000000000000        88.9229307009487     
   450.000000000000        87.9922982840794     
   451.000000000000        87.0273248446325     
   452.000000000000        88.9718688217547     
   453.000000000000        89.0219819775276     
   454.000000000000        90.0265703955888     
   455.000000000000        89.0566898343516     
   456.000000000000        89.0618036011551     
   457.000000000000        87.1517212421650     
   458.000000000000        87.1620576522818     
   459.000000000000        90.1280557184583     
   460.000000000000        89.1644338654907     
   461.000000000000        89.1685646860963     
   462.000000000000        87.2566800848517     
   463.000000000000        90.2253371458690     
   464.000000000000        85.3553043782516     
   465.000000000000        88.2892887598536     
   466.000000000000        87.3197510487268     
   467.000000000000        89.2161932286505     
   468.000000000000        87.3631587991996     
   469.000000000000        88.3834783101773     
   470.000000000000        88.3988007968052     
   471.000000000000        89.5134038265868     
   472.000000000000        88.4547078987602     
   473.000000000000        90.3842090520252     
   474.000000000000        89.4625231296945     
   475.000000000000        89.4843675434790     
   476.000000000000        89.5053871621114     
   477.000000000000        87.5820311648100     
   478.000000000000        89.5098180383072     
   479.000000000000        86.5789865626969     
   480.000000000000        86.6006516596848     
   481.000000000000        88.6214769117502     
   482.000000000000        89.6369335468205     
   483.000000000000        86.6808790068298     
   484.000000000000        88.5401248545634     
   485.000000000000        88.7790055376391     
   486.000000000000        89.6977920197948     
   487.000000000000        89.7465782271410     
   488.000000000000        87.8740177641814     
   489.000000000000        86.9181622052194     
   490.000000000000        88.8823907245766     
   491.000000000000        90.8365538397575     
   492.000000000000        88.8900077365027     
   493.000000000000        90.8714426642736     
   494.000000000000        89.9460812137720     
   495.000000000000        87.9450669308984     
   496.000000000000        88.0402482138020     
   497.000000000000        88.9965766298034     
   498.000000000000        89.9842457140797     
   499.000000000000        89.0657970506161     
   500.000000000000        88.1077588306436     
   501.000000000000        88.1368381903978     
   502.000000000000        89.1241921238670     
   503.000000000000        88.1763630013347     
   504.000000000000        87.2248200959818     
   505.000000000000        90.2031216005129     
   506.000000000000        90.2235109355383     
   507.000000000000        88.2896649941372     
   508.000000000000        88.3012708444764     
   509.000000000000        90.1356480735685     
   510.000000000000        88.2947322485359     
   511.000000000000        89.4285427616696     
   512.000000000000        88.3598650797116     
   513.000000000000        86.4694210460830     
   514.000000000000        89.4299049178414     
   515.000000000000        90.3435975345421     
   516.000000000000        89.4838654476455     
   517.000000000000        90.4917359465743     
   518.000000000000        88.5216670035501     
   519.000000000000        88.4649729901924     
   520.000000000000        87.6593495281362     
   521.000000000000        89.5894701656796     
   522.000000000000        89.6135536463705     
   523.000000000000        90.7285679586952     
   524.000000000000        87.7233323946895     
   525.000000000000        89.7061484472796     
   526.000000000000        90.7091724676214     
   527.000000000000        87.7826636541053     
   528.000000000000        89.7221445898791     
   529.000000000000        88.8002551287140     
   530.000000000000        88.8215442961484     
   531.000000000000        89.8677854059427     
   532.000000000000        87.9448930674017     
   533.000000000000        89.8950909677197     
   534.000000000000        89.9183600850121     
   535.000000000000        87.9749348384105     
   536.000000000000        88.9678425774647     
   537.000000000000        88.9258036045361     
   538.000000000000        88.0625444834622     
   539.000000000000        89.0392286797019     
   540.000000000000        90.0429054467790     
   541.000000000000        89.0533862001562     
   542.000000000000        90.1594222582859     
   543.000000000000        92.0838726682559     
   544.000000000000        90.1840413734014     
   545.000000000000        91.1027949173319     
   546.000000000000        91.3017734447515     
   547.000000000000        88.3148478338632     
   548.000000000000        88.2827301281251     
   549.000000000000        90.2906201723749     
   550.000000000000        90.3308980555076     
   551.000000000000        89.2822463668471     
   552.000000000000        93.3142464171741     
   553.000000000000        88.4516537772974     
   554.000000000000        88.5088147999478     
   555.000000000000        91.4533549535598     
   556.000000000000        92.4452712999184     
   557.000000000000        92.4559600761194     
   558.000000000000        89.5077191798930     
   559.000000000000        89.4737954337112     
   560.000000000000        90.5030710521137     
   561.000000000000        91.5683106156692     
   562.000000000000        91.5661744680104     
   563.000000000000        90.6601926206588     
   564.000000000000        90.6904615104137     
   565.000000000000        88.7846907772738     
   566.000000000000        89.7119868295705     
   567.000000000000        86.8185358268800     
   568.000000000000        89.7744222043325     
   569.000000000000        88.8319273024402     
   570.000000000000        92.7923868240325     
   571.000000000000        88.8900090226554     
   572.000000000000        89.9018081120737     
   573.000000000000        90.8874481987956     
   574.000000000000        88.0168584545838     
   575.000000000000        91.8946531160648     
   576.000000000000        90.9780879838607     
   577.000000000000        91.9489904685550     
   578.000000000000        89.0575676998546     
   579.000000000000        88.1261865952803     
   580.000000000000        92.9824444437743     
   581.000000000000        91.1132978152677     
   582.000000000000        89.1612179685709     
   583.000000000000        90.1660895170790     
   584.000000000000        92.1729089967744     
   585.000000000000        90.2897111874861     
   586.000000000000        91.2224342370280     
   587.000000000000        90.3393579617771     
   588.000000000000        91.3686246567381     
   589.000000000000        89.4255176990166     
   590.000000000000        90.4034787919481     
   591.000000000000        91.2840080654841     
   592.000000000000        89.4112221844999     
   593.000000000000        88.4358965387781     
   594.000000000000        90.4625527103862     
   595.000000000000        89.4191577562735     
   596.000000000000        93.4321845977177     
   597.000000000000        89.5326764949541     
   598.000000000000        89.6316740877749     
   599.000000000000        91.5653941388510     
   600.000000000000        92.5188977646420     
   601.000000000000        93.5808764211767     
   602.000000000000        89.6779823992758     
   603.000000000000        90.6094935238267     
   604.000000000000        92.6384527710489     
   605.000000000000        91.7427963395775     
   606.000000000000        88.7951203915878     
   607.000000000000        92.7085746345108     
   608.000000000000        92.7577682183475     
   609.000000000000        90.7221596228821     
   610.000000000000        90.8002254445281     
   611.000000000000        89.7573561127515     
   612.000000000000        89.8957211738160     
   613.000000000000        93.8345570275430     
   614.000000000000        91.9596730304812     
   615.000000000000        90.9609735094058     
   616.000000000000        92.9070225995028     
   617.000000000000        90.0078344954588     
   618.000000000000        92.0997717662144     
   619.000000000000        92.0448470486491     
   620.000000000000        90.0921744285163     
   621.000000000000        90.0717987331644     
   622.000000000000        92.1022060618277     
   623.000000000000        91.1182951694297     
   624.000000000000        89.0931261139464     
   625.000000000000        92.1692693265261     
   626.000000000000        90.2348196552012     
   627.000000000000        90.2656377787472     
   628.000000000000        91.2462873665006     
   629.000000000000        92.1645245806488     
   630.000000000000        90.3132058905632     
   631.000000000000        89.3557697298476     
   632.000000000000        91.2822878590352     
   633.000000000000        92.3656814320873     
   634.000000000000        91.3944738488729     
   635.000000000000        91.3300863921877     
   636.000000000000        93.3961788738381     
   637.000000000000        91.4626346230876     
   638.000000000000        90.4938406692140     
   639.000000000000        91.4828005642830     
   640.000000000000        91.5057030735856     
   641.000000000000        91.5518921905547     
   642.000000000000        90.6215180330465     
   643.000000000000        90.5909660504763     
   644.000000000000        90.6362826590443     
   645.000000000000        91.6854570510957     
   646.000000000000        91.6580269405273     
   647.000000000000        89.6557088046034     
   648.000000000000        92.6555340614244     
   649.000000000000        91.7234958443180     
   650.000000000000        93.7292634419701     
   651.000000000000        89.7868099297680     
   652.000000000000        89.8442996939621     
   653.000000000000        90.8343779940054     
   654.000000000000        91.8486986147145     
   655.000000000000        89.8717060411110     
   656.000000000000        90.8943913437477     
   657.000000000000        91.8528770049275     
   658.000000000000        92.8987187341728     
   659.000000000000        91.8768465991473     
   660.000000000000        91.9702099188920     
   661.000000000000        91.9291740020495     
   662.000000000000        93.9554094699556     
   663.000000000000        91.0355690061432     
   664.000000000000        92.0015358156715     
   665.000000000000        92.0481906957724     
   666.000000000000        93.0394432328525     
   667.000000000000        91.0234338396562     
   668.000000000000        92.1059706536559     
   669.000000000000        91.1360314927200     
   670.000000000000        92.1561844708400     
   671.000000000000        91.1920371737835     
   672.000000000000        90.2184826871919     
   673.000000000000        90.2588612391254     
   674.000000000000        92.2255829431370     
   675.000000000000        92.2567215165349     
   676.000000000000        92.2574024272043     
   677.000000000000        90.3724740368979     
   678.000000000000        93.2839575595980     
   679.000000000000        91.3208024627085     
   680.000000000000        91.3802535347725     
   681.000000000000        92.3549700235782     
   682.000000000000        93.3739142692264     
   683.000000000000        90.3888616357160     
   684.000000000000        93.3019109350333     
   685.000000000000        90.4298113609543     
   686.000000000000        92.4542316880165     
   687.000000000000        90.4691997428444     
   688.000000000000        90.5020032000468     
   689.000000000000        89.4959190846149     
   690.000000000000        91.5236821716221     
   691.000000000000        90.5313903771345     
   692.000000000000        91.5583916306403     
   693.000000000000        94.5186051602466     
   694.000000000000        92.5327757317604     
   695.000000000000        91.5743608303344     
   696.000000000000        91.6227255157844     
   697.000000000000        91.6111938545380     
   698.000000000000        91.5877035842047     
   699.000000000000        91.6262267006070     
   700.000000000000        91.6811325157155     
   701.000000000000        94.5633696341594     
   702.000000000000        91.7751833501027     
   703.000000000000        92.6631593066704     
   704.000000000000        91.7113867716320     
   705.000000000000        95.6373398709971     
   706.000000000000        93.6870052100725     
   707.000000000000        90.7344077536407     
   708.000000000000        90.8212939063755     
   709.000000000000        90.8181046170238     
   710.000000000000        93.7812461589789     
   711.000000000000        93.7969231291504     
   712.000000000000        91.7312376688422     
   713.000000000000        90.8762790550514     
   714.000000000000        92.9174722051159     
   715.000000000000        92.8414192336585     
   716.000000000000        92.8602414959778     
   717.000000000000        89.9336736942866     
   718.000000000000        91.9044622349326     
   719.000000000000        91.9366277540488     
   720.000000000000        90.9817927581264     
   721.000000000000        91.9303277251814     
   722.000000000000        94.8949230038382     
   723.000000000000        91.9731579242015     
   724.000000000000        93.9470088038455     
   725.000000000000        92.9937576111204     
   726.000000000000        90.9820477220594     
   727.000000000000        91.0076808615394     
   728.000000000000        93.0007326916687     
   729.000000000000        93.0523135652217     
   730.000000000000        93.0370228401331     
   731.000000000000        91.0953220130378     
   732.000000000000        90.1320453391424     
   733.000000000000        91.9207879823652     
   734.000000000000        90.1575956194765     
   735.000000000000        93.0537686155980     
   736.000000000000        90.1474107059655     
   737.000000000000        92.1299250505496     
   738.000000000000        91.1451304771062     
   739.000000000000        92.1278415741706     
   740.000000000000        92.1319843690921     
   741.000000000000        93.1413388689144     
   742.000000000000        90.1759361124061     
   743.000000000000        92.1690773867205     
   744.000000000000        91.1913134769332     
   745.000000000000        92.1570321827976     
   746.000000000000        95.0752485425594     
   747.000000000000        93.1472153201068     
   748.000000000000        92.1701441502940     
   749.000000000000        91.3466749529524     
   750.000000000000        93.2113173018562     
   751.000000000000        93.2388070869664     
   752.000000000000        92.2354292952911     
   753.000000000000        91.2370640596914     
   754.000000000000        94.2252284583583     
   755.000000000000        89.2566908071156     
   756.000000000000        94.2271942867668     
   757.000000000000        91.2757844293598     
   758.000000000000        91.2143553207339     
   759.000000000000        91.2897219561754     
   760.000000000000        90.3172154364743     
   761.000000000000        94.2299674319077     
   762.000000000000        93.2606789921729     
   763.000000000000        93.2670312513023     
   764.000000000000        92.3072519424223     
   765.000000000000        89.3436270966385     
   766.000000000000        93.2308767428368     
   767.000000000000        90.3062552864492     
   768.000000000000        92.3156212415945     
   769.000000000000        92.3527873626340     
   770.000000000000        95.2739618810182     
   771.000000000000        94.2554814870032     
   772.000000000000        91.3345757584815     
   773.000000000000        92.3523865395098     
   774.000000000000        95.2142952288143     
   775.000000000000        93.3050039707219     
   776.000000000000        90.3402601756942     
   777.000000000000        92.3068343827139     
   778.000000000000        91.3645724859863     
   779.000000000000        93.3230438608708     
   780.000000000000        93.3147451413802     
   781.000000000000        94.3042941346871     
   782.000000000000        89.3736905846718     
   783.000000000000        91.3083651103094     
   784.000000000000        90.3693691767446     
   785.000000000000        90.3990554778839     
   786.000000000000        91.3635890638244     
   787.000000000000        93.3182170882096     
   788.000000000000        93.3287041159317     
   789.000000000000        92.3033389972664     
   790.000000000000        91.3382272983532     
   791.000000000000        91.3908375561149     
   792.000000000000        94.3829583090690     
   793.000000000000        92.3127005493839     
   794.000000000000        93.2637731516968     
   795.000000000000        91.3202972891611     
   796.000000000000        92.2962045416775     
   797.000000000000        89.3665256599762     
   798.000000000000        92.3094214784875     
   799.000000000000        91.3036282524252     
   800.000000000000        93.3481888959400     
   801.000000000000        92.3003805795513     
   802.000000000000        92.3219390762618     
   803.000000000000        92.2881654739901     
   804.000000000000        94.2072044959410     
   805.000000000000        92.2397484340155     
   806.000000000000        94.1958173416331     
   807.000000000000        91.2628986733538     
   808.000000000000        91.2932093477419     
   809.000000000000        90.2760260726252     
   810.000000000000        91.2641300764379     
   811.000000000000        92.2464952676838     
   812.000000000000        95.1912641991169     
   813.000000000000        94.2061775777625     
   814.000000000000        93.1683082435373     
   815.000000000000        91.2150605933031     
   816.000000000000        93.1754954307300     
   817.000000000000        92.1739644671580     
   818.000000000000        92.1910657188978     
   819.000000000000        95.0768017730868     
   820.000000000000        91.1754689536761     
   821.000000000000        93.1570405283552     
   822.000000000000        91.1610043514354     
   823.000000000000        92.0262496847597     
   824.000000000000        92.0904559134017     
   825.000000000000        88.2116289857731     
   826.000000000000        91.1251560114102     
   827.000000000000        93.0466748121385     
   828.000000000000        92.1745983465620     
   829.000000000000        91.0411101386899     
   830.000000000000        91.0880909069362     
   831.000000000000        92.9834191949069     
   832.000000000000        93.0673830600358     
   833.000000000000        90.0550541081894     
   834.000000000000        89.0708787928468     
   835.000000000000        91.9982472013904     
   836.000000000000        92.9981893294076     
   837.000000000000        89.9858211036524     
   838.000000000000        91.9414943659438     
   839.000000000000        93.8271087131514     
   840.000000000000        91.8161265513818     
   841.000000000000        91.8709500752606     
   842.000000000000        91.8900722867780     
   843.000000000000        90.8687618728557     
   844.000000000000        91.9027605577233     
   845.000000000000        90.8474870226521     
   846.000000000000        88.8936846707026     
   847.000000000000        92.8012644075007     
   848.000000000000        90.8263663441135     
   849.000000000000        90.8209719328277     
   850.000000000000        92.7923069017723     
   851.000000000000        92.7604031569413     
   852.000000000000        91.6894945621684     
   853.000000000000        92.7101129976159     
   854.000000000000        90.6814387340587     
   855.000000000000        89.6896336421359     
   856.000000000000        90.6826902190760     
   857.000000000000        90.6699308522188     
   858.000000000000        89.6691995444596     
   859.000000000000        89.6247965301119     
   860.000000000000        91.6478998272740     
   861.000000000000        90.5964582105050     
   862.000000000000        91.5680960778176     
   863.000000000000        90.6197123524398     
   864.000000000000        91.5559610153351     
   865.000000000000        90.5338551686681     
   866.000000000000        90.4427991149386     
   867.000000000000        91.4192201161362     
   868.000000000000        92.4209830588339     
   869.000000000000        92.3961106740027     
   870.000000000000        93.3787941463676     
   871.000000000000        91.3694125506983     
   872.000000000000        90.2065721415734     
   873.000000000000        89.3172089959765     
   874.000000000000        91.3107637890245     
   875.000000000000        90.2699355376590     
   876.000000000000        89.2824858393522     
   877.000000000000        90.2525706851065     
   878.000000000000        91.1882397242361     
   879.000000000000        88.2091753256954     
   880.000000000000        91.1314903603503     
   881.000000000000        91.0819030804597     
   882.000000000000        91.0747131550907     
   883.000000000000        89.0932245887181     
   884.000000000000        87.1011280554309     
   885.000000000000        91.0117283011877     
   886.000000000000        89.0239355178089     
   887.000000000000        89.9824924337566     
   888.000000000000        87.8520216483166     
   889.000000000000        89.9664454645132     
   890.000000000000        88.9727438506785     
   891.000000000000        88.7913508462423     
   892.000000000000        89.8614635152701     
   893.000000000000        89.8359696475019     
   894.000000000000        90.8174923295476     
   895.000000000000        89.7487613329180     
   896.000000000000        88.7285921807622     
   897.000000000000        92.6761996765097     
   898.000000000000        89.6630854727315     
   899.000000000000        92.6473452599013     
   900.000000000000        90.5823106220712     
   901.000000000000        88.4701866484955     
   902.000000000000        91.5858520760094     
   903.000000000000        90.5094261636236     
   904.000000000000        89.4922185240089     
   905.000000000000        89.4435001495417     
   906.000000000000        88.4116534392844     
   907.000000000000        89.3773448211656     
   908.000000000000        89.3408566650185     
   909.000000000000        88.1284629301461     
   910.000000000000        88.2610511195473     
   911.000000000000        86.2800834282017     
   912.000000000000        88.2265241298143     
   913.000000000000        89.1555076949827     
   914.000000000000        89.1981893468533     
   915.000000000000        89.0119924745858     
   916.000000000000        90.0340446565759     
   917.000000000000        88.9714484460191     
   918.000000000000        88.0110807246412     
   919.000000000000        88.9506381643784     
   920.000000000000        87.9190386210424     
   921.000000000000        90.8864873858877     
   922.000000000000        87.8632492577954     
   923.000000000000        88.8323886157411     
   924.000000000000        90.7567830156612     
   925.000000000000        88.7513790013141     
   926.000000000000        87.6896401697118     
   927.000000000000        88.6252657386699     
   928.000000000000        88.6146526016207     
   929.000000000000        88.5776044938362     
   930.000000000000        87.4691274119079     
   931.000000000000        88.4455657387611     
   932.000000000000        89.4604805275042     
   933.000000000000        90.3593023585437     
   934.000000000000        87.3933131128887     
   935.000000000000        88.2785777403841     
   936.000000000000        87.2943897185626     
   937.000000000000        86.2260468305732     
   938.000000000000        88.2068663881910     
   939.000000000000        88.1625709958718     
   940.000000000000        88.1233609350601     
   941.000000000000        89.0690566289588     
   942.000000000000        86.0335891041519     
   943.000000000000        84.9800812894946     
   944.000000000000        84.9695041146757     
   945.000000000000        84.9188918190776     
   946.000000000000        87.8070517054775     
   947.000000000000        86.8164716505424     
   948.000000000000        87.7584501175261     
   949.000000000000        85.7544907887095     
   950.000000000000        85.5873598792068     
   951.000000000000        84.6609048592305     
   952.000000000000        87.5870266268491     
   953.000000000000        86.5209492194587     
   954.000000000000        87.5061497198088     
   955.000000000000        86.4443994103826     
   956.000000000000        86.4136442351717     
   957.000000000000        85.3454982025132     
   958.000000000000        87.2965822723018     
   959.000000000000        85.2649736029149     
   960.000000000000        85.1914926941194     
   961.000000000000        88.1170522802493     
   962.000000000000        86.1050189919938     
   963.000000000000        88.0145172720475     
   964.000000000000        86.0239558262751     
   965.000000000000        85.9497457580068     
   966.000000000000        87.8797864575026     
   967.000000000000        86.8696191515098     
   968.000000000000        85.7945909325011     
   969.000000000000        85.7996478823345     
   970.000000000000        86.7252776571640     
   971.000000000000        87.6481382738056     
   972.000000000000        86.5750188305870     
   973.000000000000        84.5791952857098     
   974.000000000000        86.4881536734203     
   975.000000000000        86.4610433377905     
   976.000000000000        86.3424125832099     
   977.000000000000        84.3640804891217     
   978.000000000000        85.3129593618881     
   979.000000000000        87.2122575787367     
   980.000000000000        86.1697442301935     
   981.000000000000        84.1311142803039     
   982.000000000000        85.1101996655613     
   983.000000000000        87.0003129694339     
   984.000000000000        84.9524803727431     
   985.000000000000        86.8987110932613     
   986.000000000000        85.8347508609609     
   987.000000000000        84.7934240225948     
   988.000000000000        85.7117916673972     
   989.000000000000        88.6176719116123     
   990.000000000000        84.5931896327389     
   991.000000000000        85.4961280088834     
   992.000000000000        84.5093463531593     
   993.000000000000        84.4369905302169     
   994.000000000000        83.3679756285161     
   995.000000000000        84.3312067421665     
   996.000000000000        85.2356578420475     
   997.000000000000        81.1440140338365     
   998.000000000000        83.1134364397765     
   999.000000000000        84.0811241535830     
   1000.00000000000        81.0412964014656     
   1001.00000000000        85.9548441749271     
   1002.00000000000        82.9036738985639     
   1003.00000000000        83.8070245080224     
   1004.00000000000        83.7937330022175     
   1005.00000000000        80.7555100747721     
   1006.00000000000        84.6560659885821     
   1007.00000000000        84.6208572758876     
   1008.00000000000        85.5296176688969     
   1009.00000000000        84.4727600388315     
   1010.00000000000        85.4017379014324     
   1011.00000000000        84.3322996994175     
   1012.00000000000        82.2849266109049     
   1013.00000000000        83.2107394336770     
   1014.00000000000        84.2536563077198     
   1015.00000000000        83.2356237827035     
   1016.00000000000        84.0214814685327     
   1017.00000000000        81.9689930019931     
   1018.00000000000        83.8185852137351     
   1019.00000000000        81.8269584090510     
   1020.00000000000        82.7695696637132     
   1021.00000000000        82.8173139081335     
   1022.00000000000        81.6191636357429     
   1023.00000000000        81.5088014906053     
   1024.00000000000        83.5000478410441     
   1025.00000000000        83.4728378037304     
   1026.00000000000        81.4054266418231     
   1027.00000000000        82.2791103248276     
   1028.00000000000        82.2972868804855     
   1029.00000000000        82.0918611359820     
   1030.00000000000        82.1002128447351     
   1031.00000000000        82.0448292150847     
   1032.00000000000        82.9834526959227     
   1033.00000000000        81.9137087832504     
   1034.00000000000        81.8336504006200     
   1035.00000000000        80.7134669723709     
   1036.00000000000        80.7162855005022     
   1037.00000000000        79.6644534066219     
   1038.00000000000        80.5782203835271     
   1039.00000000000        80.5011990697043     
   1040.00000000000        82.4573660150116     
   1041.00000000000        78.3570651163460     
   1042.00000000000        79.3012182926743     
   1043.00000000000        84.2500848322580     
   1044.00000000000        79.1662482331689     
   1045.00000000000        81.0317633437365     
   1046.00000000000        82.0243061440905     
   1047.00000000000        82.9331944475983     
   1048.00000000000        78.8904739081998     
   1049.00000000000        78.8180655533959     
   1050.00000000000        82.7504831424090     
   1051.00000000000        80.5982619955913     
   1052.00000000000        80.6272621922069     
   1053.00000000000        80.5417453423044     
   1054.00000000000        81.4600471526392     
   1055.00000000000        80.3996872290780     
   1056.00000000000        79.3249272377579     
   1057.00000000000        83.1893239335924     
   1058.00000000000        80.1846759967770     
   1059.00000000000        80.1038029574815     
   1060.00000000000        78.1186784489609     
   1061.00000000000        78.9916794351316     
   1062.00000000000        77.8807044486690     
   1063.00000000000        79.8099195229549     
   1064.00000000000        79.7522153723844     
   1065.00000000000        78.7443669337331     
   1066.00000000000        81.6029458834058     
   1067.00000000000        77.4481506534179     
   1068.00000000000        78.4541405999075     
   1069.00000000000        77.3361974304452     
   1070.00000000000        78.3355170801486     
   1071.00000000000        76.2148711455787     
   1072.00000000000        78.1279823724781     
   1073.00000000000        77.9136690635453     
   1074.00000000000        77.0131396699647     
   1075.00000000000        77.9458859704208     
   1076.00000000000        76.9236199405329     
   1077.00000000000        78.8056518231703     
   1078.00000000000        76.7283520369717     
   1079.00000000000        76.7063806242223     
   1080.00000000000        77.5619136173533     
   1081.00000000000        76.5574673260473     
   1082.00000000000        78.4427088426940     
   1083.00000000000        76.4151504905513     
   1084.00000000000        77.1646256381391     
   1085.00000000000        77.2167046222087     
   1086.00000000000        78.0962396746601     
   1087.00000000000        78.0826774683961     
   1088.00000000000        79.9772445484901     
   1089.00000000000        78.9451456877624     
   1090.00000000000        76.8784350647041     
   1091.00000000000        77.7921114340737     
   1092.00000000000        76.6738668460002     
   1093.00000000000        77.5826649983588     
   1094.00000000000        79.5602254115975     
   1095.00000000000        77.3972390717413     
   1096.00000000000        75.4220040475450     
   1097.00000000000        77.3250460350470     
   1098.00000000000        75.2732586489078     
   1099.00000000000        76.2231326967993     
   1100.00000000000        75.1369638276137     
   1101.00000000000        74.0475246783542     
   1102.00000000000        76.0070549901270     
   1103.00000000000        77.8961995056238     
   1104.00000000000        77.8058805785039     
   1105.00000000000        72.6642876186044     
   1106.00000000000        77.6548126126177     
   1107.00000000000        74.6091200008184     
   1108.00000000000        75.5477187168690     
   1109.00000000000        76.4010392374270     
   1110.00000000000        73.4305056695959     
   1111.00000000000        75.2201883277554     
   1112.00000000000        75.3332423893380     
   1113.00000000000        75.2206571380836     
   1114.00000000000        74.1125050538625     
   1115.00000000000        75.0756691915688     
   1116.00000000000        73.9877629154884     
   1117.00000000000        72.9241765807036     
   1118.00000000000        76.8441073654460     
   1119.00000000000        76.8037006767742     
   1120.00000000000        73.8178723758911     
   1121.00000000000        75.6424502431603     
   1122.00000000000        73.6113855180570     
   1123.00000000000        74.4748922179959     
   1124.00000000000        75.3010763242614     
   1125.00000000000        74.3301723409919     
   1126.00000000000        73.2749265525582     
   1127.00000000000        74.1705100988823     
   1128.00000000000        74.1841024486431     
   1129.00000000000        72.0525145310630     
   1130.00000000000        71.9387286725006     
   1131.00000000000        73.8959379883613     
   1132.00000000000        73.8885725649006     
   1133.00000000000        71.8421937161192     
   1134.00000000000        71.7507501192211     
   1135.00000000000        74.7075912133416     
   1136.00000000000        74.6201902609201     
   1137.00000000000        73.5233824039210     
   1138.00000000000        75.5315471247681     
   1139.00000000000        74.4425679221596     
   1140.00000000000        72.3751090762880     
   1141.00000000000        72.2890586035050     
   1142.00000000000        72.2445145012625     
   1143.00000000000        71.1659315267395     
   1144.00000000000        73.0736009604446     
   1145.00000000000        73.0656103893844     
   1146.00000000000        77.0353989089339     
   1147.00000000000        69.9008144441456     
   1148.00000000000        71.8452109707592     
   1149.00000000000        72.8471182352978     
   1150.00000000000        73.6078541924815     
   1151.00000000000        68.7234408894697     
   1152.00000000000        72.6485148223093     
   1153.00000000000        72.5875330905118     
   1154.00000000000        67.4448088486463     
   1155.00000000000        70.3299002441842     
   1156.00000000000        70.5022344186140     
   1157.00000000000        70.3640930186687     
   1158.00000000000        69.2972272993520     
   1159.00000000000        70.2856524252203     
   1160.00000000000        73.2594000772377     
   1161.00000000000        73.1851504111507     
   1162.00000000000        72.0525736726149     
   1163.00000000000        70.9763155293754     
   1164.00000000000        70.9090021549642     
   1165.00000000000        70.9638380599339     
   1166.00000000000        73.9156813068355     
   1167.00000000000        70.9071297806664     
   1168.00000000000        69.7651646703964     
   1169.00000000000        71.7727758394007     
   1170.00000000000        70.7046084026982     
   1171.00000000000        72.6898982960071     
   1172.00000000000        70.6240733212589     
   1173.00000000000        71.5684567569461     
   1174.00000000000        69.5611987246815     
   1175.00000000000        69.4911943247058     
   1176.00000000000        69.3363150643118     
   1177.00000000000        72.4254043415817     
   1178.00000000000        71.4172564733952     
   1179.00000000000        70.3798023669922     
   1180.00000000000        67.0738117196996     
   1181.00000000000        69.2623485262885     
   1182.00000000000        72.2568866824838     
   1183.00000000000        71.0960489721695     
   1184.00000000000        71.1728067976568     
   1185.00000000000        69.1180820486162     
   1186.00000000000        70.0847162093447     
   1187.00000000000        70.0838684618998     
   1188.00000000000        69.0217256523987     
   1189.00000000000        65.9549386424255     
   1190.00000000000        67.9246859941649     
   1191.00000000000        67.9992948745695     
   1192.00000000000        70.8979976365337     
   1193.00000000000        69.9170018744518     
   1194.00000000000        69.8806213311322     
   1195.00000000000        67.8113863925185     
   1196.00000000000        70.8366821119135     
   1197.00000000000        68.8096885779821     
   1198.00000000000        69.7978861766670     
   1199.00000000000        70.8084614256463     
   1200.00000000000        68.7076576557124     
   1201.00000000000        68.6492373054974     
   1202.00000000000        69.5561984973850     
   1203.00000000000        67.6976558124797     
   1204.00000000000        67.7071632569942     
   1205.00000000000        68.6433365466129     
   1206.00000000000        68.6869771315919     
   1207.00000000000        70.4924533312152     
   1208.00000000000        70.6436051636826     
   1209.00000000000        67.7092226651561     
   1210.00000000000        66.6420813188814     
   1211.00000000000        67.7805994777617     
   1212.00000000000        69.6215655692970     
   1213.00000000000        69.4615056738792     
   1214.00000000000        66.6684442363243     
   1215.00000000000        67.6626180046438     
   1216.00000000000        68.6961549754053     
   1217.00000000000        69.6702686850592     
   1218.00000000000        67.6475774082022     
   1219.00000000000        69.5947131041401     
   1220.00000000000        71.7731765010705     
   1221.00000000000        66.7076051745295     
   1222.00000000000        68.7309936190684     
   1223.00000000000        68.7442695870054     
   1224.00000000000        67.7501858071577     
   1225.00000000000        68.5438385607108     
   1226.00000000000        67.7958228059402     
   1227.00000000000        69.8940662130484     
   1228.00000000000        65.6215553451938     
   1229.00000000000        68.7514357656985     
   1230.00000000000        68.8632230937284     
   1231.00000000000        69.9303599442430     
   1232.00000000000        71.9437604997995     
   1233.00000000000        67.9764655124886     
   1234.00000000000        67.0099109861732     
   1235.00000000000        69.0864817059410     
   1236.00000000000        65.9808759578194     
   1237.00000000000        71.1829184605306     
   1238.00000000000        68.0331934296477     
   1239.00000000000        70.1990607349876     
   1240.00000000000        69.2743510183818     
   1241.00000000000        69.3127906051114     
   1242.00000000000        70.3699641656374     
   1243.00000000000        69.4134305118485     
   1244.00000000000        69.4629478887388     
   1245.00000000000        68.5150647655062     
   1246.00000000000        70.6379280120769     
   1247.00000000000        69.6484542809858     
   1248.00000000000        68.5824435707191     
   1249.00000000000        67.6843082953428     
   1250.00000000000        68.8201432730316     
   1251.00000000000        70.8411835488300     
   1252.00000000000        67.8719701733901     
   1253.00000000000        70.0255594506959     
   1254.00000000000        70.0434582658980     
   1255.00000000000        69.1500164661575     
   1256.00000000000        69.2321389768536     
   1257.00000000000        68.2537518049741     
   1258.00000000000        68.3582493965099     
   1259.00000000000        69.4629914704179     
   1260.00000000000        69.6218814777120     
   1261.00000000000        69.6511871578403     
   1262.00000000000        69.7555563708146     
   1263.00000000000        69.8488232987184     
   1264.00000000000        68.7855780609662     
   1265.00000000000        70.0291425253495     
   1266.00000000000        71.1119610522320     
   1267.00000000000        70.2759919703760     
   1268.00000000000        72.3643974742605     
   1269.00000000000        70.4158142806683     
   1270.00000000000        73.6143175187382     
   1271.00000000000        72.6384870152467     
   1272.00000000000        67.7063774198512     
   1273.00000000000        70.9081090800170     
   1274.00000000000        70.9924639433402     
   1275.00000000000        68.0897374385342     
   1276.00000000000        72.2146915211611     
   1277.00000000000        71.4126814385604     
   1278.00000000000        71.4004251223001     
   1279.00000000000        72.6942319004572     
   1280.00000000000        72.8001334507189     
   1281.00000000000        73.9030630196122     
   1282.00000000000        71.0058135720954     
   1283.00000000000        71.1288865080206     
   1284.00000000000        73.4083227536485     
   1285.00000000000        71.3033306361942     
   1286.00000000000        70.4722686146527     
   1287.00000000000        74.7079362372859     
   1288.00000000000        74.9694940824922     
   1289.00000000000        70.9293476195385     
   1290.00000000000        74.2586508789349     
   1291.00000000000        74.4050354551460     
   1292.00000000000        73.5091255463344     
   1293.00000000000        73.7465326035658     
   1294.00000000000        70.7278243176344     
   1295.00000000000        72.0446769446316     
   1296.00000000000        72.0032257047053     
   1297.00000000000        75.4009067186196     
   1298.00000000000        74.5611770835517     
   1299.00000000000        72.6173811209535     
   1300.00000000000        75.8805326040458     
   1301.00000000000        73.9918882091327     
   1302.00000000000        74.2534599423977     
   1303.00000000000        75.4787424085841     
   1304.00000000000        73.6133288430290     
   1305.00000000000        76.8967520282725     
   1306.00000000000        75.0773338575348     
   1307.00000000000        77.3703087022801     
   1308.00000000000        75.4575504017312     
   1309.00000000000        76.6614894587723     
   1310.00000000000        76.8778515051112     
   1311.00000000000        77.1546355174207     
   1312.00000000000        76.2925130070602     
   1313.00000000000        75.4950001506382     
   1314.00000000000        75.6965094287409     
   1315.00000000000        74.9366768259294     
   1316.00000000000        77.1963699594288     
   1317.00000000000        77.3796155499272     
   1318.00000000000        76.6311521432360     
   1319.00000000000        77.8777467680296     
   1320.00000000000        78.0937532831535     
   1321.00000000000        79.3607354822676     
   1322.00000000000        75.4804360432387     
   1323.00000000000        78.8347920470014     
   1324.00000000000        80.1220922425158     
   1325.00000000000        79.3398584576441     
   1326.00000000000        77.5250389922787     
   1327.00000000000        79.8738926281502     
   1328.00000000000        79.1278132031699     
   1329.00000000000        79.3893546038970     
   1330.00000000000        81.7036505472488     
   1331.00000000000        79.7675472302728     
   1332.00000000000        81.1547449480408     
   1333.00000000000        80.5011213048760     
   1334.00000000000        80.7054275052671     
   1335.00000000000        80.9730511727570     
   1336.00000000000        83.3163047902249     
   1337.00000000000        83.5892437397893     
   1338.00000000000        81.8053816831763     
   1339.00000000000        81.0576944293953     
   1340.00000000000        83.3623315001184     
   1341.00000000000        83.7247391431599     
   1342.00000000000        82.9551415000993     
   1343.00000000000        87.4027367238374     
   1344.00000000000        84.5791418911858     
   1345.00000000000        84.0085231748530     
   1346.00000000000        83.2061383457664     
   1347.00000000000        84.5724669519213     
   1348.00000000000        83.8038059914811     
   1349.00000000000        84.1356224911321     
   1350.00000000000        85.4658040398453     
   1351.00000000000        86.8286662324720     
   1352.00000000000        86.0950576529490     
   1353.00000000000        86.4396482826514     
   1354.00000000000        88.8469369326882     
   1355.00000000000        86.0348989642177     
   1356.00000000000        88.5090534574813     
   1357.00000000000        89.8637170460354     
   1358.00000000000        88.1300551251666     
