  0.000000000000000E+000  -1324876.69075591     
   1.00000000000000       -1324876.69224076     
   2.00000000000000       -1324876.69371998     
   3.00000000000000       -1324876.69519366     
   4.00000000000000       -1324876.69666185     
   5.00000000000000       -1324876.69812459     
   6.00000000000000       -1324876.69958196     
   7.00000000000000       -1324876.70103402     
   8.00000000000000       -1324876.70248096     
   9.00000000000000       -1324876.70392318     
   10.0000000000000       -1324876.70536155     
   11.0000000000000       -1324876.70679762     
   12.0000000000000       -1324876.70823383     
   13.0000000000000       -1324876.70967362     
   14.0000000000000       -1324876.71112163     
   15.0000000000000       -1324876.71258366     
   16.0000000000000       -1324876.71406677     
   17.0000000000000       -1324876.71557927     
   18.0000000000000       -1324876.71713077     
   19.0000000000000       -1324876.71873210     
   20.0000000000000       -1324876.72039534     
   21.0000000000000       -1324876.72213377     
   22.0000000000000       -1324876.72396184     
   23.0000000000000       -1324876.72589505     
   24.0000000000000       -1324876.72794995     
   25.0000000000000       -1324876.73014404     
   26.0000000000000       -1324876.73249561     
   27.0000000000000       -1324876.73502382     
   28.0000000000000       -1324876.73774843     
   29.0000000000000       -1324876.74068986     
   30.0000000000000       -1324876.74386905     
   31.0000000000000       -1324876.74730736     
   32.0000000000000       -1324876.75102655     
   33.0000000000000       -1324876.75504868     
   34.0000000000000       -1324876.75939608     
   35.0000000000000       -1324876.76409122     
   36.0000000000000       -1324876.76915673     
   37.0000000000000       -1324876.77461532     
   38.0000000000000       -1324876.78048973     
   39.0000000000000       -1324876.78680271     
   40.0000000000000       -1324876.79357697     
   41.0000000000000       -1324876.80083511     
   42.0000000000000       -1324876.80859964     
   43.0000000000000       -1324876.81689293     
   44.0000000000000       -1324876.82573720     
   45.0000000000000       -1324876.83515440     
   46.0000000000000       -1324876.84516637     
   47.0000000000000       -1324876.85579463     
   48.0000000000000       -1324876.86706046     
   49.0000000000000       -1324876.87898485     
   50.0000000000000       -1324876.89158854     
   51.0000000000000       -1324876.90489190     
   52.0000000000000       -1324876.91891500     
   53.0000000000000       -1324876.93367757     
   54.0000000000000       -1324876.94919896     
   55.0000000000000       -1324876.96549821     
   56.0000000000000       -1324876.98259393     
   57.0000000000000       -1324877.00050440     
   58.0000000000000       -1324877.01924746     
   59.0000000000000       -1324877.03884058     
   60.0000000000000       -1324877.05930084     
   61.0000000000000       -1324877.08064487     
   62.0000000000000       -1324877.10288894     
   63.0000000000000       -1324877.12604889     
   64.0000000000000       -1324877.15014012     
   65.0000000000000       -1324877.17517763     
   66.0000000000000       -1324877.20117602     
   67.0000000000000       -1324877.22814945     
   68.0000000000000       -1324877.25611166     
   69.0000000000000       -1324877.28507599     
   70.0000000000000       -1324877.31505537     
   71.0000000000000       -1324877.34606229     
   72.0000000000000       -1324877.37810887     
   73.0000000000000       -1324877.41120680     
   74.0000000000000       -1324877.44536740     
   75.0000000000000       -1324877.48060153     
   76.0000000000000       -1324877.51691973     
   77.0000000000000       -1324877.55433212     
   78.0000000000000       -1324877.59284843     
   79.0000000000000       -1324877.63247806     
   80.0000000000000       -1324877.67322998     
   81.0000000000000       -1324877.71511286     
   82.0000000000000       -1324877.75813496     
   83.0000000000000       -1324877.80230421     
   84.0000000000000       -1324877.84762819     
   85.0000000000000       -1324877.89411419     
   86.0000000000000       -1324877.94176909     
   87.0000000000000       -1324877.99059951     
   88.0000000000000       -1324878.04061174     
   89.0000000000000       -1324878.09181172     
   90.0000000000000       -1324878.14420515     
   91.0000000000000       -1324878.19779740     
   92.0000000000000       -1324878.25259356     
   93.0000000000000       -1324878.30859843     
   94.0000000000000       -1324878.36581656     
   95.0000000000000       -1324878.42425221     
   96.0000000000000       -1324878.48390939     
   97.0000000000000       -1324878.54479184     
   98.0000000000000       -1324878.60690309     
   99.0000000000000       -1324878.67024639     
   100.000000000000       -1324878.73482478     
   101.000000000000       -1324878.80064106     
   102.000000000000       -1324878.86769785     
   103.000000000000       -1324878.93599747     
   104.000000000000       -1324879.00554215     
   105.000000000000       -1324879.07633380     
   106.000000000000       -1324879.14837421     
   107.000000000000       -1324879.22166496     
   108.000000000000       -1324879.29620744     
   109.000000000000       -1324879.37200287     
   110.000000000000       -1324879.44905229     
   111.000000000000       -1324879.52735657     
   112.000000000000       -1324879.60691644     
   113.000000000000       -1324879.68773245     
   114.000000000000       -1324879.76980499     
   115.000000000000       -1324879.85313434     
   116.000000000000       -1324879.93772061     
   117.000000000000       -1324880.02356377     
   118.000000000000       -1324880.11066366     
   119.000000000000       -1324880.19902002     
   120.000000000000       -1324880.28863242     
   121.000000000000       -1324880.37950035     
   122.000000000000       -1324880.47162316     
   123.000000000000       -1324880.56500010     
   124.000000000000       -1324880.65963031     
   125.000000000000       -1324880.75551281     
   126.000000000000       -1324880.85264655     
   127.000000000000       -1324880.95103038     
   128.000000000000       -1324881.05066302     
   129.000000000000       -1324881.15154314     
   130.000000000000       -1324881.25366929     
   131.000000000000       -1324881.35703999     
   132.000000000000       -1324881.46165361     
   133.000000000000       -1324881.56750853     
   134.000000000000       -1324881.67460297     
   135.000000000000       -1324881.78293511     
   136.000000000000       -1324881.89250309     
   137.000000000000       -1324882.00330495     
   138.000000000000       -1324882.11533868     
   139.000000000000       -1324882.22860221     
   140.000000000000       -1324882.34309341     
   141.000000000000       -1324882.45881010     
   142.000000000000       -1324882.57575003     
   143.000000000000       -1324882.69391092     
   144.000000000000       -1324882.81329045     
   145.000000000000       -1324882.93388621     
   146.000000000000       -1324883.05569577     
   147.000000000000       -1324883.17871669     
   148.000000000000       -1324883.30294642     
   149.000000000000       -1324883.42838245     
   150.000000000000       -1324883.55502215     
   151.000000000000       -1324883.68286292     
   152.000000000000       -1324883.81190210     
   153.000000000000       -1324883.94213701     
   154.000000000000       -1324884.07356492     
   155.000000000000       -1324884.20618309     
   156.000000000000       -1324884.33998876     
   157.000000000000       -1324884.47497909     
   158.000000000000       -1324884.61115128     
   159.000000000000       -1324884.74850249     
   160.000000000000       -1324884.88702984     
   161.000000000000       -1324885.02673043     
   162.000000000000       -1324885.16760137     
   163.000000000000       -1324885.30963971     
   164.000000000000       -1324885.45284251     
   165.000000000000       -1324885.59720682     
   166.000000000000       -1324885.74272966     
   167.000000000000       -1324885.88940803     
   168.000000000000       -1324886.03723893     
   169.000000000000       -1324886.18621936     
   170.000000000000       -1324886.33634628     
   171.000000000000       -1324886.48761665     
   172.000000000000       -1324886.64002743     
   173.000000000000       -1324886.79357556     
   174.000000000000       -1324886.94825799     
   175.000000000000       -1324887.10407163     
   176.000000000000       -1324887.26101343     
   177.000000000000       -1324887.41908028     
   178.000000000000       -1324887.57826913     
   179.000000000000       -1324887.73857685     
   180.000000000000       -1324887.90000039     
   181.000000000000       -1324888.06253662     
   182.000000000000       -1324888.22618247     
   183.000000000000       -1324888.39093482     
   184.000000000000       -1324888.55679057     
   185.000000000000       -1324888.72374663     
   186.000000000000       -1324888.89179989     
   187.000000000000       -1324889.06094725     
   188.000000000000       -1324889.23118562     
   189.000000000000       -1324889.40251187     
   190.000000000000       -1324889.57492294     
   191.000000000000       -1324889.74841574     
   192.000000000000       -1324889.92298714     
   193.000000000000       -1324890.09863409     
   194.000000000000       -1324890.27535348     
   195.000000000000       -1324890.45314225     
   196.000000000000       -1324890.63199730     
   197.000000000000       -1324890.81191557     
   198.000000000000       -1324890.99289400     
   199.000000000000       -1324891.17492952     
   200.000000000000       -1324891.35801907     
   201.000000000000       -1324891.54215960     
   202.000000000000       -1324891.72734809     
   203.000000000000       -1324891.91358147     
   204.000000000000       -1324892.10085672     
   205.000000000000       -1324892.28917082     
   206.000000000000       -1324892.47852075     
   207.000000000000       -1324892.66890348     
   208.000000000000       -1324892.86031604     
   209.000000000000       -1324893.05275543     
   210.000000000000       -1324893.24621865     
   211.000000000000       -1324893.44070272     
   212.000000000000       -1324893.63620468     
   213.000000000000       -1324893.83272157     
   214.000000000000       -1324894.03025042     
   215.000000000000       -1324894.22878829     
   216.000000000000       -1324894.42833226     
   217.000000000000       -1324894.62887940     
   218.000000000000       -1324894.83042678     
   219.000000000000       -1324895.03297150     
   220.000000000000       -1324895.23651067     
   221.000000000000       -1324895.44104138     
   222.000000000000       -1324895.64656077     
   223.000000000000       -1324895.85306596     
   224.000000000000       -1324896.06055410     
   225.000000000000       -1324896.26902234     
   226.000000000000       -1324896.47846784     
   227.000000000000       -1324896.68888776     
   228.000000000000       -1324896.90027929     
   229.000000000000       -1324897.11263964     
   230.000000000000       -1324897.32596598     
   231.000000000000       -1324897.54025554     
   232.000000000000       -1324897.75550554     
   233.000000000000       -1324897.97171320     
   234.000000000000       -1324898.18887580     
   235.000000000000       -1324898.40699057     
   236.000000000000       -1324898.62605477     
   237.000000000000       -1324898.84606569     
   238.000000000000       -1324899.06702062     
   239.000000000000       -1324899.28891685     
   240.000000000000       -1324899.51175169     
   241.000000000000       -1324899.73552246     
   242.000000000000       -1324899.96022649     
   243.000000000000       -1324900.18586113     
   244.000000000000       -1324900.41242373     
   245.000000000000       -1324900.63991164     
   246.000000000000       -1324900.86832226     
   247.000000000000       -1324901.09765295     
   248.000000000000       -1324901.32790112     
   249.000000000000       -1324901.55906418     
   250.000000000000       -1324901.79113955     
   251.000000000000       -1324902.02412465     
   252.000000000000       -1324902.25801693     
   253.000000000000       -1324902.49281384     
   254.000000000000       -1324902.72851284     
   255.000000000000       -1324902.96511141     
   256.000000000000       -1324903.20260702     
   257.000000000000       -1324903.44099719     
   258.000000000000       -1324903.68027940     
   259.000000000000       -1324903.92045120     
   260.000000000000       -1324904.16151009     
   261.000000000000       -1324904.40345361     
   262.000000000000       -1324904.64627936     
   263.000000000000       -1324904.88998482     
   264.000000000000       -1324905.13456764     
   265.000000000000       -1324905.38002536     
   266.000000000000       -1324905.62635557     
   267.000000000000       -1324905.87355590     
   268.000000000000       -1324906.12162395     
   269.000000000000       -1324906.37055735     
   270.000000000000       -1324906.62035375     
   271.000000000000       -1324906.87101078     
   272.000000000000       -1324907.12252611     
   273.000000000000       -1324907.37489740     
   274.000000000000       -1324907.62812234     
   275.000000000000       -1324907.88219861     
   276.000000000000       -1324908.13712392     
   277.000000000000       -1324908.39289597     
   278.000000000000       -1324908.64951250     
   279.000000000000       -1324908.90697123     
   280.000000000000       -1324909.16526991     
   281.000000000000       -1324909.42440628     
   282.000000000000       -1324909.68437811     
   283.000000000000       -1324909.94518319     
   284.000000000000       -1324910.20681928     
   285.000000000000       -1324910.46928419     
   286.000000000000       -1324910.73257571     
   287.000000000000       -1324910.99669167     
   288.000000000000       -1324911.26162989     
   289.000000000000       -1324911.52738819     
   290.000000000000       -1324911.79396444     
   291.000000000000       -1324912.06135649     
   292.000000000000       -1324912.32956219     
   293.000000000000       -1324912.59857942     
   294.000000000000       -1324912.86840606     
   295.000000000000       -1324913.13904003     
   296.000000000000       -1324913.41047919     
   297.000000000000       -1324913.68272149     
   298.000000000000       -1324913.95576485     
   299.000000000000       -1324914.22960717     
   300.000000000000       -1324914.50424643     
   301.000000000000       -1324914.77968058     
   302.000000000000       -1324915.05590756     
   303.000000000000       -1324915.33292535     
   304.000000000000       -1324915.61073193     
   305.000000000000       -1324915.88932530     
   306.000000000000       -1324916.16870343     
   307.000000000000       -1324916.44886438     
   308.000000000000       -1324916.72980611     
   309.000000000000       -1324917.01152668     
   310.000000000000       -1324917.29402412     
   311.000000000000       -1324917.57729648     
   312.000000000000       -1324917.86134180     
   313.000000000000       -1324918.14615816     
   314.000000000000       -1324918.43174361     
   315.000000000000       -1324918.71809624     
   316.000000000000       -1324919.00521415     
   317.000000000000       -1324919.29309544     
   318.000000000000       -1324919.58173819     
   319.000000000000       -1324919.87114054     
   320.000000000000       -1324920.16130062     
   321.000000000000       -1324920.45221654     
   322.000000000000       -1324920.74388646     
   323.000000000000       -1324921.03630852     
   324.000000000000       -1324921.32948089     
   325.000000000000       -1324921.62340171     
   326.000000000000       -1324921.91806920     
   327.000000000000       -1324922.21348152     
   328.000000000000       -1324922.50963685     
   329.000000000000       -1324922.80653340     
   330.000000000000       -1324923.10416938     
   331.000000000000       -1324923.40254302     
   332.000000000000       -1324923.70165253     
   333.000000000000       -1324924.00149614     
   334.000000000000       -1324924.30207210     
   335.000000000000       -1324924.60337867     
   336.000000000000       -1324924.90541408     
   337.000000000000       -1324925.20817661     
   338.000000000000       -1324925.51166454     
   339.000000000000       -1324925.81587614     
   340.000000000000       -1324926.12080969     
   341.000000000000       -1324926.42646351     
   342.000000000000       -1324926.73283589     
   343.000000000000       -1324927.03992514     
   344.000000000000       -1324927.34772958     
   345.000000000000       -1324927.65624755     
   346.000000000000       -1324927.96547736     
   347.000000000000       -1324928.27541737     
   348.000000000000       -1324928.58606592     
   349.000000000000       -1324928.89742137     
   350.000000000000       -1324929.20948210     
   351.000000000000       -1324929.52224644     
   352.000000000000       -1324929.83571280     
   353.000000000000       -1324930.14987958     
   354.000000000000       -1324930.46474513     
   355.000000000000       -1324930.78030788     
   356.000000000000       -1324931.09656623     
   357.000000000000       -1324931.41351858     
   358.000000000000       -1324931.73116337     
   359.000000000000       -1324932.04949904     
   360.000000000000       -1324932.36852399     
   361.000000000000       -1324932.68823668     
   362.000000000000       -1324933.00863557     
   363.000000000000       -1324933.32971908     
   364.000000000000       -1324933.65148571     
   365.000000000000       -1324933.97393391     
   366.000000000000       -1324934.29706216     
   367.000000000000       -1324934.62086895     
   368.000000000000       -1324934.94535275     
   369.000000000000       -1324935.27051206     
   370.000000000000       -1324935.59634542     
   371.000000000000       -1324935.92285128     
   372.000000000000       -1324936.25002819     
   373.000000000000       -1324936.57787465     
   374.000000000000       -1324936.90638921     
   375.000000000000       -1324937.23557039     
   376.000000000000       -1324937.56541676     
   377.000000000000       -1324937.89592682     
   378.000000000000       -1324938.22709915     
   379.000000000000       -1324938.55893231     
   380.000000000000       -1324938.89142485     
   381.000000000000       -1324939.22457535     
   382.000000000000       -1324939.55838239     
   383.000000000000       -1324939.89284456     
   384.000000000000       -1324940.22796043     
   385.000000000000       -1324940.56372862     
   386.000000000000       -1324940.90014771     
   387.000000000000       -1324941.23721631     
   388.000000000000       -1324941.57493304     
   389.000000000000       -1324941.91329653     
   390.000000000000       -1324942.25230539     
   391.000000000000       -1324942.59195824     
   392.000000000000       -1324942.93225372     
   393.000000000000       -1324943.27319051     
   394.000000000000       -1324943.61476721     
   395.000000000000       -1324943.95698250     
   396.000000000000       -1324944.29983503     
   397.000000000000       -1324944.64332347     
   398.000000000000       -1324944.98744648     
   399.000000000000       -1324945.33220274     
   400.000000000000       -1324945.67759093     
   401.000000000000       -1324946.02360974     
   402.000000000000       -1324946.37025785     
   403.000000000000       -1324946.71753398     
   404.000000000000       -1324947.06543682     
   405.000000000000       -1324947.41396507     
   406.000000000000       -1324947.76311745     
   407.000000000000       -1324948.11289269     
   408.000000000000       -1324948.46328949     
   409.000000000000       -1324948.81430659     
   410.000000000000       -1324949.16594273     
   411.000000000000       -1324949.51819663     
   412.000000000000       -1324949.87106706     
   413.000000000000       -1324950.22455276     
   414.000000000000       -1324950.57865247     
   415.000000000000       -1324950.93336495     
   416.000000000000       -1324951.28868899     
   417.000000000000       -1324951.64462333     
   418.000000000000       -1324952.00116676     
   419.000000000000       -1324952.35831807     
   420.000000000000       -1324952.71607600     
   421.000000000000       -1324953.07443938     
   422.000000000000       -1324953.43340699     
   423.000000000000       -1324953.79297763     
   424.000000000000       -1324954.15315009     
   425.000000000000       -1324954.51392318     
   426.000000000000       -1324954.87529574     
   427.000000000000       -1324955.23726654     
   428.000000000000       -1324955.59983445     
   429.000000000000       -1324955.96299826     
   430.000000000000       -1324956.32675681     
   431.000000000000       -1324956.69110894     
   432.000000000000       -1324957.05605350     
   433.000000000000       -1324957.42158931     
   434.000000000000       -1324957.78771522     
   435.000000000000       -1324958.15443010     
   436.000000000000       -1324958.52173281     
   437.000000000000       -1324958.88962219     
   438.000000000000       -1324959.25809711     
   439.000000000000       -1324959.62715646     
   440.000000000000       -1324959.99679909     
   441.000000000000       -1324960.36702391     
   442.000000000000       -1324960.73782975     
   443.000000000000       -1324961.10921557     
   444.000000000000       -1324961.48118019     
   445.000000000000       -1324961.85372254     
   446.000000000000       -1324962.22684153     
   447.000000000000       -1324962.60053604     
   448.000000000000       -1324962.97480500     
   449.000000000000       -1324963.34964731     
   450.000000000000       -1324963.72506188     
   451.000000000000       -1324964.10104764     
   452.000000000000       -1324964.47760351     
   453.000000000000       -1324964.85472842     
   454.000000000000       -1324965.23242130     
   455.000000000000       -1324965.61068108     
   456.000000000000       -1324965.98950672     
   457.000000000000       -1324966.36889715     
   458.000000000000       -1324966.74885131     
   459.000000000000       -1324967.12936816     
   460.000000000000       -1324967.51044667     
   461.000000000000       -1324967.89208577     
   462.000000000000       -1324968.27428445     
   463.000000000000       -1324968.65704165     
   464.000000000000       -1324969.04035636     
   465.000000000000       -1324969.42422754     
   466.000000000000       -1324969.80865419     
   467.000000000000       -1324970.19363526     
   468.000000000000       -1324970.57916977     
   469.000000000000       -1324970.96525668     
   470.000000000000       -1324971.35189500     
   471.000000000000       -1324971.73908371     
   472.000000000000       -1324972.12682183     
   473.000000000000       -1324972.51510834     
   474.000000000000       -1324972.90394226     
   475.000000000000       -1324973.29332260     
   476.000000000000       -1324973.68324837     
   477.000000000000       -1324974.07371859     
   478.000000000000       -1324974.46473227     
   479.000000000000       -1324974.85628844     
   480.000000000000       -1324975.24838614     
   481.000000000000       -1324975.64102439     
   482.000000000000       -1324976.03420221     
   483.000000000000       -1324976.42791865     
   484.000000000000       -1324976.82217277     
   485.000000000000       -1324977.21696357     
   486.000000000000       -1324977.61229013     
   487.000000000000       -1324978.00815150     
   488.000000000000       -1324978.40454670     
   489.000000000000       -1324978.80147483     
   490.000000000000       -1324979.19893493     
   491.000000000000       -1324979.59692605     
   492.000000000000       -1324979.99544729     
   493.000000000000       -1324980.39449770     
   494.000000000000       -1324980.79407634     
   495.000000000000       -1324981.19418230     
   496.000000000000       -1324981.59481466     
   497.000000000000       -1324981.99597250     
   498.000000000000       -1324982.39765490     
   499.000000000000       -1324982.79986095     
   500.000000000000       -1324983.20258975     
   501.000000000000       -1324983.60584038     
   502.000000000000       -1324984.00961194     
   503.000000000000       -1324984.41390353     
   504.000000000000       -1324984.81871427     
   505.000000000000       -1324985.22404325     
   506.000000000000       -1324985.62988957     
   507.000000000000       -1324986.03625237     
   508.000000000000       -1324986.44313073     
   509.000000000000       -1324986.85052379     
   510.000000000000       -1324987.25843066     
   511.000000000000       -1324987.66685046     
   512.000000000000       -1324988.07578234     
   513.000000000000       -1324988.48522540     
   514.000000000000       -1324988.89517878     
   515.000000000000       -1324989.30564163     
   516.000000000000       -1324989.71661307     
   517.000000000000       -1324990.12809224     
   518.000000000000       -1324990.54007829     
   519.000000000000       -1324990.95257036     
   520.000000000000       -1324991.36556760     
   521.000000000000       -1324991.77906915     
   522.000000000000       -1324992.19307419     
   523.000000000000       -1324992.60758186     
   524.000000000000       -1324993.02259131     
   525.000000000000       -1324993.43810170     
   526.000000000000       -1324993.85411221     
   527.000000000000       -1324994.27062201     
   528.000000000000       -1324994.68763024     
   529.000000000000       -1324995.10513611     
   530.000000000000       -1324995.52313876     
   531.000000000000       -1324995.94163738     
   532.000000000000       -1324996.36063115     
   533.000000000000       -1324996.78011925     
   534.000000000000       -1324997.20010087     
   535.000000000000       -1324997.62057519     
   536.000000000000       -1324998.04154140     
   537.000000000000       -1324998.46299869     
   538.000000000000       -1324998.88494625     
   539.000000000000       -1324999.30738329     
   540.000000000000       -1324999.73030900     
   541.000000000000       -1325000.15372259     
   542.000000000000       -1325000.57762324     
   543.000000000000       -1325001.00201018     
   544.000000000000       -1325001.42688260     
   545.000000000000       -1325001.85223974     
   546.000000000000       -1325002.27808078     
   547.000000000000       -1325002.70440495     
   548.000000000000       -1325003.13121147     
   549.000000000000       -1325003.55849956     
   550.000000000000       -1325003.98626843     
   551.000000000000       -1325004.41451732     
   552.000000000000       -1325004.84324545     
   553.000000000000       -1325005.27245205     
   554.000000000000       -1325005.70213633     
   555.000000000000       -1325006.13229757     
   556.000000000000       -1325006.56293496     
   557.000000000000       -1325006.99404776     
   558.000000000000       -1325007.42563522     
   559.000000000000       -1325007.85769657     
   560.000000000000       -1325008.29023104     
   561.000000000000       -1325008.72323790     
   562.000000000000       -1325009.15671638     
   563.000000000000       -1325009.59066573     
   564.000000000000       -1325010.02508523     
   565.000000000000       -1325010.45997412     
   566.000000000000       -1325010.89533164     
   567.000000000000       -1325011.33115708     
   568.000000000000       -1325011.76744967     
   569.000000000000       -1325012.20420869     
   570.000000000000       -1325012.64143342     
   571.000000000000       -1325013.07912308     
   572.000000000000       -1325013.51727701     
   573.000000000000       -1325013.95589442     
   574.000000000000       -1325014.39497461     
   575.000000000000       -1325014.83451684     
   576.000000000000       -1325015.27452041     
   577.000000000000       -1325015.71498458     
   578.000000000000       -1325016.15590864     
   579.000000000000       -1325016.59729188     
   580.000000000000       -1325017.03913357     
   581.000000000000       -1325017.48143302     
   582.000000000000       -1325017.92418949     
   583.000000000000       -1325018.36740229     
   584.000000000000       -1325018.81107071     
   585.000000000000       -1325019.25519404     
   586.000000000000       -1325019.69977158     
   587.000000000000       -1325020.14480264     
   588.000000000000       -1325020.59028650     
   589.000000000000       -1325021.03622247     
   590.000000000000       -1325021.48260985     
   591.000000000000       -1325021.92944797     
   592.000000000000       -1325022.37673611     
   593.000000000000       -1325022.82447358     
   594.000000000000       -1325023.27265972     
   595.000000000000       -1325023.72129382     
   596.000000000000       -1325024.17037519     
   597.000000000000       -1325024.61990316     
   598.000000000000       -1325025.06987705     
   599.000000000000       -1325025.52029618     
   600.000000000000       -1325025.97115985     
   601.000000000000       -1325026.42246741     
   602.000000000000       -1325026.87421819     
   603.000000000000       -1325027.32641149     
   604.000000000000       -1325027.77904667     
   605.000000000000       -1325028.23212303     
   606.000000000000       -1325028.68563992     
   607.000000000000       -1325029.13959668     
   608.000000000000       -1325029.59399263     
   609.000000000000       -1325030.04882712     
   610.000000000000       -1325030.50409948     
   611.000000000000       -1325030.95980906     
   612.000000000000       -1325031.41595519     
   613.000000000000       -1325031.87253723     
   614.000000000000       -1325032.32955452     
   615.000000000000       -1325032.78700641     
   616.000000000000       -1325033.24489222     
   617.000000000000       -1325033.70321135     
   618.000000000000       -1325034.16196313     
   619.000000000000       -1325034.62114690     
   620.000000000000       -1325035.08076204     
   621.000000000000       -1325035.54080788     
   622.000000000000       -1325036.00128379     
   623.000000000000       -1325036.46218914     
   624.000000000000       -1325036.92352331     
   625.000000000000       -1325037.38528560     
   626.000000000000       -1325037.84747544     
   627.000000000000       -1325038.31009216     
   628.000000000000       -1325038.77313515     
   629.000000000000       -1325039.23660374     
   630.000000000000       -1325039.70049735     
   631.000000000000       -1325040.16481533     
   632.000000000000       -1325040.62955705     
   633.000000000000       -1325041.09472190     
   634.000000000000       -1325041.56030924     
   635.000000000000       -1325042.02631846     
   636.000000000000       -1325042.49274893     
   637.000000000000       -1325042.95960004     
   638.000000000000       -1325043.42687117     
   639.000000000000       -1325043.89456171     
   640.000000000000       -1325044.36267104     
   641.000000000000       -1325044.83119854     
   642.000000000000       -1325045.30014362     
   643.000000000000       -1325045.76950565     
   644.000000000000       -1325046.23928402     
   645.000000000000       -1325046.70947813     
   646.000000000000       -1325047.18008739     
   647.000000000000       -1325047.65111117     
   648.000000000000       -1325048.12254888     
   649.000000000000       -1325048.59439992     
   650.000000000000       -1325049.06666369     
   651.000000000000       -1325049.53933958     
   652.000000000000       -1325050.01242701     
   653.000000000000       -1325050.48592535     
   654.000000000000       -1325050.95983405     
   655.000000000000       -1325051.43415250     
   656.000000000000       -1325051.90888009     
   657.000000000000       -1325052.38401625     
   658.000000000000       -1325052.85956038     
   659.000000000000       -1325053.33551190     
   660.000000000000       -1325053.81187021     
   661.000000000000       -1325054.28863475     
   662.000000000000       -1325054.76580490     
   663.000000000000       -1325055.24338011     
   664.000000000000       -1325055.72135978     
   665.000000000000       -1325056.19974335     
   666.000000000000       -1325056.67853021     
   667.000000000000       -1325057.15771980     
   668.000000000000       -1325057.63731154     
   669.000000000000       -1325058.11730487     
   670.000000000000       -1325058.59769920     
   671.000000000000       -1325059.07849395     
   672.000000000000       -1325059.55968857     
   673.000000000000       -1325060.04128247     
   674.000000000000       -1325060.52327510     
   675.000000000000       -1325061.00566587     
   676.000000000000       -1325061.48845423     
   677.000000000000       -1325061.97163962     
   678.000000000000       -1325062.45522146     
   679.000000000000       -1325062.93919919     
   680.000000000000       -1325063.42357225     
   681.000000000000       -1325063.90834010     
   682.000000000000       -1325064.39350215     
   683.000000000000       -1325064.87905787     
   684.000000000000       -1325065.36500668     
   685.000000000000       -1325065.85134801     
   686.000000000000       -1325066.33808136     
   687.000000000000       -1325066.82520612     
   688.000000000000       -1325067.31272178     
   689.000000000000       -1325067.80062777     
   690.000000000000       -1325068.28892354     
   691.000000000000       -1325068.77760854     
   692.000000000000       -1325069.26668224     
   693.000000000000       -1325069.75614407     
   694.000000000000       -1325070.24599348     
   695.000000000000       -1325070.73622996     
   696.000000000000       -1325071.22685294     
   697.000000000000       -1325071.71786189     
   698.000000000000       -1325072.20925626     
   699.000000000000       -1325072.70103552     
   700.000000000000       -1325073.19319913     
   701.000000000000       -1325073.68574654     
   702.000000000000       -1325074.17867723     
   703.000000000000       -1325074.67199065     
   704.000000000000       -1325075.16568629     
   705.000000000000       -1325075.65976358     
   706.000000000000       -1325076.15422202     
   707.000000000000       -1325076.64906107     
   708.000000000000       -1325077.14428020     
   709.000000000000       -1325077.63987888     
   710.000000000000       -1325078.13585657     
   711.000000000000       -1325078.63221276     
   712.000000000000       -1325079.12894693     
   713.000000000000       -1325079.62605853     
   714.000000000000       -1325080.12354707     
   715.000000000000       -1325080.62141200     
   716.000000000000       -1325081.11965281     
   717.000000000000       -1325081.61826898     
   718.000000000000       -1325082.11725999     
   719.000000000000       -1325082.61662531     
   720.000000000000       -1325083.11636445     
   721.000000000000       -1325083.61647688     
   722.000000000000       -1325084.11696205     
   723.000000000000       -1325084.61781951     
   724.000000000000       -1325085.11904871     
   725.000000000000       -1325085.62064913     
   726.000000000000       -1325086.12262028     
   727.000000000000       -1325086.62496165     
   728.000000000000       -1325087.12767271     
   729.000000000000       -1325087.63075298     
   730.000000000000       -1325088.13420192     
   731.000000000000       -1325088.63801905     
   732.000000000000       -1325089.14220385     
   733.000000000000       -1325089.64675583     
   734.000000000000       -1325090.15167448     
   735.000000000000       -1325090.65695929     
   736.000000000000       -1325091.16260977     
   737.000000000000       -1325091.66862542     
   738.000000000000       -1325092.17500573     
   739.000000000000       -1325092.68175020     
   740.000000000000       -1325093.18885834     
   741.000000000000       -1325093.69632966     
   742.000000000000       -1325094.20416366     
   743.000000000000       -1325094.71235983     
   744.000000000000       -1325095.22091770     
   745.000000000000       -1325095.72983678     
   746.000000000000       -1325096.23911654     
   747.000000000000       -1325096.74875653     
   748.000000000000       -1325097.25875624     
   749.000000000000       -1325097.76911518     
   750.000000000000       -1325098.27983288     
   751.000000000000       -1325098.79090883     
   752.000000000000       -1325099.30234256     
   753.000000000000       -1325099.81413359     
   754.000000000000       -1325100.32628140     
   755.000000000000       -1325100.83878555     
   756.000000000000       -1325101.35164552     
   757.000000000000       -1325101.86486086     
   758.000000000000       -1325102.37843108     
   759.000000000000       -1325102.89235568     
   760.000000000000       -1325103.40663421     
   761.000000000000       -1325103.92126616     
   762.000000000000       -1325104.43625110     
   763.000000000000       -1325104.95158851     
   764.000000000000       -1325105.46727793     
   765.000000000000       -1325105.98331889     
   766.000000000000       -1325106.49971090     
   767.000000000000       -1325107.01645351     
   768.000000000000       -1325107.53354624     
   769.000000000000       -1325108.05098860     
   770.000000000000       -1325108.56878016     
   771.000000000000       -1325109.08692041     
   772.000000000000       -1325109.60540890     
   773.000000000000       -1325110.12424516     
   774.000000000000       -1325110.64342871     
   775.000000000000       -1325111.16295913     
   776.000000000000       -1325111.68283590     
   777.000000000000       -1325112.20305858     
   778.000000000000       -1325112.72362670     
   779.000000000000       -1325113.24453983     
   780.000000000000       -1325113.76579745     
   781.000000000000       -1325114.28739915     
   782.000000000000       -1325114.80934443     
   783.000000000000       -1325115.33163287     
   784.000000000000       -1325115.85426399     
   785.000000000000       -1325116.37723732     
   786.000000000000       -1325116.90055245     
   787.000000000000       -1325117.42420887     
   788.000000000000       -1325117.94820615     
   789.000000000000       -1325118.47254384     
   790.000000000000       -1325118.99722147     
   791.000000000000       -1325119.52223861     
   792.000000000000       -1325120.04759479     
   793.000000000000       -1325120.57328958     
   794.000000000000       -1325121.09932249     
   795.000000000000       -1325121.62569311     
   796.000000000000       -1325122.15240097     
   797.000000000000       -1325122.67944565     
   798.000000000000       -1325123.20682666     
   799.000000000000       -1325123.73454359     
   800.000000000000       -1325124.26259599     
   801.000000000000       -1325124.79098340     
   802.000000000000       -1325125.31970538     
   803.000000000000       -1325125.84876149     
   804.000000000000       -1325126.37815129     
   805.000000000000       -1325126.90787435     
   806.000000000000       -1325127.43793021     
   807.000000000000       -1325127.96831843     
   808.000000000000       -1325128.49903860     
   809.000000000000       -1325129.03009023     
   810.000000000000       -1325129.56147294     
   811.000000000000       -1325130.09318627     
   812.000000000000       -1325130.62522978     
   813.000000000000       -1325131.15760303     
   814.000000000000       -1325131.69030559     
   815.000000000000       -1325132.22333703     
   816.000000000000       -1325132.75669692     
   817.000000000000       -1325133.29038483     
   818.000000000000       -1325133.82440032     
   819.000000000000       -1325134.35874298     
   820.000000000000       -1325134.89341233     
   821.000000000000       -1325135.42840801     
   822.000000000000       -1325135.96372955     
   823.000000000000       -1325136.49937652     
   824.000000000000       -1325137.03534851     
   825.000000000000       -1325137.57164509     
   826.000000000000       -1325138.10826585     
   827.000000000000       -1325138.64521033     
   828.000000000000       -1325139.18247813     
   829.000000000000       -1325139.72006884     
   830.000000000000       -1325140.25798201     
   831.000000000000       -1325140.79621723     
   832.000000000000       -1325141.33477407     
   833.000000000000       -1325141.87365216     
   834.000000000000       -1325142.41285102     
   835.000000000000       -1325142.95237026     
   836.000000000000       -1325143.49220945     
   837.000000000000       -1325144.03236819     
   838.000000000000       -1325144.57284605     
   839.000000000000       -1325145.11364263     
   840.000000000000       -1325145.65475751     
   841.000000000000       -1325146.19619026     
   842.000000000000       -1325146.73794049     
   843.000000000000       -1325147.28000778     
   844.000000000000       -1325147.82239172     
   845.000000000000       -1325148.36509190     
   846.000000000000       -1325148.90810790     
   847.000000000000       -1325149.45143933     
   848.000000000000       -1325149.99508577     
   849.000000000000       -1325150.53904680     
   850.000000000000       -1325151.08332204     
   851.000000000000       -1325151.62791107     
   852.000000000000       -1325152.17281349     
   853.000000000000       -1325152.71802888     
   854.000000000000       -1325153.26355685     
   855.000000000000       -1325153.80939701     
   856.000000000000       -1325154.35554893     
   857.000000000000       -1325154.90201223     
   858.000000000000       -1325155.44878651     
   859.000000000000       -1325155.99587134     
   860.000000000000       -1325156.54326634     
   861.000000000000       -1325157.09097114     
   862.000000000000       -1325157.63898531     
   863.000000000000       -1325158.18730845     
   864.000000000000       -1325158.73594018     
   865.000000000000       -1325159.28488010     
   866.000000000000       -1325159.83412780     
   867.000000000000       -1325160.38368291     
   868.000000000000       -1325160.93354503     
   869.000000000000       -1325161.48371375     
   870.000000000000       -1325162.03418872     
   871.000000000000       -1325162.58496950     
   872.000000000000       -1325163.13605572     
   873.000000000000       -1325163.68744701     
   874.000000000000       -1325164.23914295     
   875.000000000000       -1325164.79114318     
   876.000000000000       -1325165.34344728     
   877.000000000000       -1325165.89605489     
   878.000000000000       -1325166.44896563     
   879.000000000000       -1325167.00217909     
   880.000000000000       -1325167.55569488     
   881.000000000000       -1325168.10951266     
   882.000000000000       -1325168.66363202     
   883.000000000000       -1325169.21805257     
   884.000000000000       -1325169.77277395     
   885.000000000000       -1325170.32779576     
   886.000000000000       -1325170.88311763     
   887.000000000000       -1325171.43873919     
   888.000000000000       -1325171.99466004     
   889.000000000000       -1325172.55087982     
   890.000000000000       -1325173.10739816     
   891.000000000000       -1325173.66421466     
   892.000000000000       -1325174.22132896     
   893.000000000000       -1325174.77874069     
   894.000000000000       -1325175.33644947     
   895.000000000000       -1325175.89445493     
   896.000000000000       -1325176.45275669     
   897.000000000000       -1325177.01135438     
   898.000000000000       -1325177.57024765     
   899.000000000000       -1325178.12943610     
   900.000000000000       -1325178.68891939     
   901.000000000000       -1325179.24869713     
   902.000000000000       -1325179.80876897     
   903.000000000000       -1325180.36913453     
   904.000000000000       -1325180.92979344     
   905.000000000000       -1325181.49074536     
   906.000000000000       -1325182.05198990     
   907.000000000000       -1325182.61352671     
   908.000000000000       -1325183.17535542     
   909.000000000000       -1325183.73747569     
   910.000000000000       -1325184.29988713     
   911.000000000000       -1325184.86258939     
   912.000000000000       -1325185.42558212     
   913.000000000000       -1325185.98886494     
   914.000000000000       -1325186.55243753     
   915.000000000000       -1325187.11629949     
   916.000000000000       -1325187.68045049     
   917.000000000000       -1325188.24489017     
   918.000000000000       -1325188.80961817     
   919.000000000000       -1325189.37463415     
   920.000000000000       -1325189.93993774     
   921.000000000000       -1325190.50552860     
   922.000000000000       -1325191.07140638     
   923.000000000000       -1325191.63757071     
   924.000000000000       -1325192.20402126     
   925.000000000000       -1325192.77075768     
   926.000000000000       -1325193.33777961     
   927.000000000000       -1325193.90508672     
   928.000000000000       -1325194.47267864     
   929.000000000000       -1325195.04055506     
   930.000000000000       -1325195.60871560     
   931.000000000000       -1325196.17715994     
   932.000000000000       -1325196.74588773     
   933.000000000000       -1325197.31489863     
   934.000000000000       -1325197.88419228     
   935.000000000000       -1325198.45376837     
   936.000000000000       -1325199.02362655     
   937.000000000000       -1325199.59376647     
   938.000000000000       -1325200.16418780     
   939.000000000000       -1325200.73489020     
   940.000000000000       -1325201.30587334     
   941.000000000000       -1325201.87713690     
   942.000000000000       -1325202.44868051     
   943.000000000000       -1325203.02050387     
   944.000000000000       -1325203.59260663     
   945.000000000000       -1325204.16498845     
   946.000000000000       -1325204.73764902     
   947.000000000000       -1325205.31058800     
   948.000000000000       -1325205.88380507     
   949.000000000000       -1325206.45729989     
   950.000000000000       -1325207.03107215     
   951.000000000000       -1325207.60512150     
   952.000000000000       -1325208.17944764     
   953.000000000000       -1325208.75405022     
   954.000000000000       -1325209.32892895     
   955.000000000000       -1325209.90408349     
   956.000000000000       -1325210.47951351     
   957.000000000000       -1325211.05521870     
   958.000000000000       -1325211.63119874     
   959.000000000000       -1325212.20745332     
   960.000000000000       -1325212.78398210     
   961.000000000000       -1325213.36078479     
   962.000000000000       -1325213.93786105     
   963.000000000000       -1325214.51521059     
   964.000000000000       -1325215.09283308     
   965.000000000000       -1325215.67072821     
   966.000000000000       -1325216.24889567     
   967.000000000000       -1325216.82733518     
   968.000000000000       -1325217.40604636     
   969.000000000000       -1325217.98502897     
   970.000000000000       -1325218.56428267     
   971.000000000000       -1325219.14380716     
   972.000000000000       -1325219.72360215     
   973.000000000000       -1325220.30366730     
   974.000000000000       -1325220.88400234     
   975.000000000000       -1325221.46460696     
   976.000000000000       -1325222.04548084     
   977.000000000000       -1325222.62662371     
   978.000000000000       -1325223.20803525     
   979.000000000000       -1325223.78971518     
   980.000000000000       -1325224.37166319     
   981.000000000000       -1325224.95387898     
   982.000000000000       -1325225.53636228     
   983.000000000000       -1325226.11911278     
   984.000000000000       -1325226.70213018     
   985.000000000000       -1325227.28541420     
   986.000000000000       -1325227.86896455     
   987.000000000000       -1325228.45278095     
   988.000000000000       -1325229.03686310     
   989.000000000000       -1325229.62121071     
   990.000000000000       -1325230.20582350     
   991.000000000000       -1325230.79070120     
   992.000000000000       -1325231.37584351     
   993.000000000000       -1325231.96125015     
   994.000000000000       -1325232.54692085     
   995.000000000000       -1325233.13285533     
   996.000000000000       -1325233.71905331     
   997.000000000000       -1325234.30551449     
   998.000000000000       -1325234.89223864     
   999.000000000000       -1325235.47922546     
   1000.00000000000       -1325236.06647467     
   1001.00000000000       -1325236.65398601     
   1002.00000000000       -1325237.24175921     
   1003.00000000000       -1325237.82979401     
   1004.00000000000       -1325238.41809013     
   1005.00000000000       -1325239.00664730     
   1006.00000000000       -1325239.59546526     
   1007.00000000000       -1325240.18454376     
   1008.00000000000       -1325240.77388252     
   1009.00000000000       -1325241.36348129     
   1010.00000000000       -1325241.95333981     
   1011.00000000000       -1325242.54345782     
   1012.00000000000       -1325243.13383506     
   1013.00000000000       -1325243.72447127     
   1014.00000000000       -1325244.31536622     
   1015.00000000000       -1325244.90651963     
   1016.00000000000       -1325245.49793127     
   1017.00000000000       -1325246.08960088     
   1018.00000000000       -1325246.68152823     
   1019.00000000000       -1325247.27371304     
   1020.00000000000       -1325247.86615509     
   1021.00000000000       -1325248.45885413     
   1022.00000000000       -1325249.05180993     
   1023.00000000000       -1325249.64502224     
   1024.00000000000       -1325250.23849081     
   1025.00000000000       -1325250.83221541     
   1026.00000000000       -1325251.42619584     
   1027.00000000000       -1325252.02043181     
   1028.00000000000       -1325252.61492313     
   1029.00000000000       -1325253.20966955     
   1030.00000000000       -1325253.80467084     
   1031.00000000000       -1325254.39992678     
   1032.00000000000       -1325254.99543715     
   1033.00000000000       -1325255.59120172     
   1034.00000000000       -1325256.18722026     
   1035.00000000000       -1325256.78349257     
   1036.00000000000       -1325257.38001842     
   1037.00000000000       -1325257.97679757     
   1038.00000000000       -1325258.57382985     
   1039.00000000000       -1325259.17111503     
   1040.00000000000       -1325259.76865289     
   1041.00000000000       -1325260.36644322     
   1042.00000000000       -1325260.96448582     
   1043.00000000000       -1325261.56278047     
   1044.00000000000       -1325262.16132700     
   1045.00000000000       -1325262.76012518     
   1046.00000000000       -1325263.35917481     
   1047.00000000000       -1325263.95847571     
   1048.00000000000       -1325264.55802766     
   1049.00000000000       -1325265.15783049     
   1050.00000000000       -1325265.75788400     
   1051.00000000000       -1325266.35818799     
   1052.00000000000       -1325266.95874229     
   1053.00000000000       -1325267.55954670     
   1054.00000000000       -1325268.16060104     
   1055.00000000000       -1325268.76190514     
   1056.00000000000       -1325269.36345879     
   1057.00000000000       -1325269.96526185     
   1058.00000000000       -1325270.56731413     
   1059.00000000000       -1325271.16961545     
   1060.00000000000       -1325271.77216566     
   1061.00000000000       -1325272.37496457     
   1062.00000000000       -1325272.97801201     
   1063.00000000000       -1325273.58130784     
   1064.00000000000       -1325274.18485188     
   1065.00000000000       -1325274.78864399     
   1066.00000000000       -1325275.39268399     
   1067.00000000000       -1325275.99697174     
   1068.00000000000       -1325276.60150709     
   1069.00000000000       -1325277.20628989     
   1070.00000000000       -1325277.81131997     
   1071.00000000000       -1325278.41659723     
   1072.00000000000       -1325279.02212151     
   1073.00000000000       -1325279.62789264     
   1074.00000000000       -1325280.23391052     
   1075.00000000000       -1325280.84017500     
   1076.00000000000       -1325281.44668595     
   1077.00000000000       -1325282.05344325     
   1078.00000000000       -1325282.66044678     
   1079.00000000000       -1325283.26769639     
   1080.00000000000       -1325283.87519198     
   1081.00000000000       -1325284.48293343     
   1082.00000000000       -1325285.09092062     
   1083.00000000000       -1325285.69915344     
   1084.00000000000       -1325286.30763179     
   1085.00000000000       -1325286.91635554     
   1086.00000000000       -1325287.52532462     
   1087.00000000000       -1325288.13453890     
   1088.00000000000       -1325288.74399830     
   1089.00000000000       -1325289.35370272     
   1090.00000000000       -1325289.96365206     
   1091.00000000000       -1325290.57384626     
   1092.00000000000       -1325291.18428521     
   1093.00000000000       -1325291.79496883     
   1094.00000000000       -1325292.40589705     
   1095.00000000000       -1325293.01706979     
   1096.00000000000       -1325293.62848699     
   1097.00000000000       -1325294.24014855     
   1098.00000000000       -1325294.85205444     
   1099.00000000000       -1325295.46420459     
   1100.00000000000       -1325296.07659891     
   1101.00000000000       -1325296.68923739     
   1102.00000000000       -1325297.30211996     
   1103.00000000000       -1325297.91524656     
   1104.00000000000       -1325298.52861716     
   1105.00000000000       -1325299.14223171     
   1106.00000000000       -1325299.75609018     
   1107.00000000000       -1325300.37019255     
   1108.00000000000       -1325300.98453876     
   1109.00000000000       -1325301.59912879     
   1110.00000000000       -1325302.21396263     
   1111.00000000000       -1325302.82904027     
   1112.00000000000       -1325303.44436168     
   1113.00000000000       -1325304.05992684     
   1114.00000000000       -1325304.67573577     
   1115.00000000000       -1325305.29178845     
   1116.00000000000       -1325305.90808488     
   1117.00000000000       -1325306.52462507     
   1118.00000000000       -1325307.14140903     
   1119.00000000000       -1325307.75843677     
   1120.00000000000       -1325308.37570832     
   1121.00000000000       -1325308.99322369     
   1122.00000000000       -1325309.61098291     
   1123.00000000000       -1325310.22898601     
   1124.00000000000       -1325310.84723302     
   1125.00000000000       -1325311.46572400     
   1126.00000000000       -1325312.08445897     
   1127.00000000000       -1325312.70343800     
   1128.00000000000       -1325313.32266112     
   1129.00000000000       -1325313.94212840     
   1130.00000000000       -1325314.56183991     
   1131.00000000000       -1325315.18179570     
   1132.00000000000       -1325315.80199587     
   1133.00000000000       -1325316.42244046     
   1134.00000000000       -1325317.04312958     
   1135.00000000000       -1325317.66406330     
   1136.00000000000       -1325318.28524172     
   1137.00000000000       -1325318.90666494     
   1138.00000000000       -1325319.52833305     
   1139.00000000000       -1325320.15024616     
   1140.00000000000       -1325320.77240440     
   1141.00000000000       -1325321.39480786     
   1142.00000000000       -1325322.01745668     
   1143.00000000000       -1325322.64035097     
   1144.00000000000       -1325323.26349088     
   1145.00000000000       -1325323.88687654     
   1146.00000000000       -1325324.51050809     
   1147.00000000000       -1325325.13438568     
   1148.00000000000       -1325325.75850948     
   1149.00000000000       -1325326.38287964     
   1150.00000000000       -1325327.00749631     
   1151.00000000000       -1325327.63235968     
   1152.00000000000       -1325328.25746992     
   1153.00000000000       -1325328.88282721     
   1154.00000000000       -1325329.50843173     
   1155.00000000000       -1325330.13428371     
   1156.00000000000       -1325330.76038331     
   1157.00000000000       -1325331.38673076     
   1158.00000000000       -1325332.01332625     
   1159.00000000000       -1325332.64017003     
   1160.00000000000       -1325333.26726228     
   1161.00000000000       -1325333.89460326     
   1162.00000000000       -1325334.52219321     
   1163.00000000000       -1325335.15003236     
   1164.00000000000       -1325335.77812095     
   1165.00000000000       -1325336.40645925     
   1166.00000000000       -1325337.03504753     
   1167.00000000000       -1325337.66388603     
   1168.00000000000       -1325338.29297504     
   1169.00000000000       -1325338.92231483     
   1170.00000000000       -1325339.55190570     
   1171.00000000000       -1325340.18174795     
   1172.00000000000       -1325340.81184184     
   1173.00000000000       -1325341.44218772     
   1174.00000000000       -1325342.07278587     
   1175.00000000000       -1325342.70363663     
   1176.00000000000       -1325343.33474031     
   1177.00000000000       -1325343.96609727     
   1178.00000000000       -1325344.59770782     
   1179.00000000000       -1325345.22957232     
   1180.00000000000       -1325345.86169112     
   1181.00000000000       -1325346.49406457     
   1182.00000000000       -1325347.12669306     
   1183.00000000000       -1325347.75957694     
   1184.00000000000       -1325348.39271660     
   1185.00000000000       -1325349.02611242     
   1186.00000000000       -1325349.65976481     
   1187.00000000000       -1325350.29367415     
   1188.00000000000       -1325350.92784086     
   1189.00000000000       -1325351.56226535     
   1190.00000000000       -1325352.19694805     
   1191.00000000000       -1325352.83188938     
   1192.00000000000       -1325353.46708978     
   1193.00000000000       -1325354.10254968     
   1194.00000000000       -1325354.73826955     
   1195.00000000000       -1325355.37424983     
   1196.00000000000       -1325356.01049099     
   1197.00000000000       -1325356.64699349     
   1198.00000000000       -1325357.28375783     
   1199.00000000000       -1325357.92078448     
   1200.00000000000       -1325358.55807393     
   1201.00000000000       -1325359.19562667     
   1202.00000000000       -1325359.83344322     
   1203.00000000000       -1325360.47152410     
   1204.00000000000       -1325361.10986980     
   1205.00000000000       -1325361.74848087     
   1206.00000000000       -1325362.38735784     
   1207.00000000000       -1325363.02650123     
   1208.00000000000       -1325363.66591160     
   1209.00000000000       -1325364.30558951     
   1210.00000000000       -1325364.94553551     
   1211.00000000000       -1325365.58575016     
   1212.00000000000       -1325366.22623404     
   1213.00000000000       -1325366.86698774     
   1214.00000000000       -1325367.50801184     
   1215.00000000000       -1325368.14930692     
   1216.00000000000       -1325368.79087359     
   1217.00000000000       -1325369.43271246     
   1218.00000000000       -1325370.07482411     
   1219.00000000000       -1325370.71720920     
   1220.00000000000       -1325371.35986833     
   1221.00000000000       -1325372.00280213     
   1222.00000000000       -1325372.64601125     
   1223.00000000000       -1325373.28949631     
   1224.00000000000       -1325373.93325798     
   1225.00000000000       -1325374.57729690     
   1226.00000000000       -1325375.22161373     
   1227.00000000000       -1325375.86620912     
   1228.00000000000       -1325376.51108378     
   1229.00000000000       -1325377.15623835     
   1230.00000000000       -1325377.80167351     
   1231.00000000000       -1325378.44738997     
   1232.00000000000       -1325379.09338841     
   1233.00000000000       -1325379.73966952     
   1234.00000000000       -1325380.38623400     
   1235.00000000000       -1325381.03308255     
   1236.00000000000       -1325381.68021588     
   1237.00000000000       -1325382.32763473     
   1238.00000000000       -1325382.97533979     
   1239.00000000000       -1325383.62333178     
   1240.00000000000       -1325384.27161144     
   1241.00000000000       -1325384.92017950     
   1242.00000000000       -1325385.56903668     
   1243.00000000000       -1325386.21818372     
   1244.00000000000       -1325386.86762138     
   1245.00000000000       -1325387.51735038     
   1246.00000000000       -1325388.16737146     
   1247.00000000000       -1325388.81768540     
   1248.00000000000       -1325389.46829291     
   1249.00000000000       -1325390.11919479     
   1250.00000000000       -1325390.77039177     
   1251.00000000000       -1325391.42188460     
   1252.00000000000       -1325392.07367407     
   1253.00000000000       -1325392.72576091     
   1254.00000000000       -1325393.37814589     
   1255.00000000000       -1325394.03082980     
   1256.00000000000       -1325394.68381338     
   1257.00000000000       -1325395.33709741     
   1258.00000000000       -1325395.99068265     
   1259.00000000000       -1325396.64456985     
   1260.00000000000       -1325397.29875983     
   1261.00000000000       -1325397.95325331     
   1262.00000000000       -1325398.60805107     
   1263.00000000000       -1325399.26315390     
   1264.00000000000       -1325399.91856254     
   1265.00000000000       -1325400.57427776     
   1266.00000000000       -1325401.23030035     
   1267.00000000000       -1325401.88663104     
   1268.00000000000       -1325402.54327063     
   1269.00000000000       -1325403.20021984     
   1270.00000000000       -1325403.85747946     
   1271.00000000000       -1325404.51505025     
   1272.00000000000       -1325405.17293293     
   1273.00000000000       -1325405.83112830     
   1274.00000000000       -1325406.48963708     
   1275.00000000000       -1325407.14846001     
   1276.00000000000       -1325407.80759786     
   1277.00000000000       -1325408.46705136     
   1278.00000000000       -1325409.12682123     
   1279.00000000000       -1325409.78690822     
   1280.00000000000       -1325410.44731306     
   1281.00000000000       -1325411.10803646     
   1282.00000000000       -1325411.76907916     
   1283.00000000000       -1325412.43044184     
   1284.00000000000       -1325413.09212525     
   1285.00000000000       -1325413.75413009     
   1286.00000000000       -1325414.41645703     
   1287.00000000000       -1325415.07910678     
   1288.00000000000       -1325415.74208003     
   1289.00000000000       -1325416.40537747     
   1290.00000000000       -1325417.06899976     
   1291.00000000000       -1325417.73294757     
   1292.00000000000       -1325418.39722156     
   1293.00000000000       -1325419.06182241     
   1294.00000000000       -1325419.72675074     
   1295.00000000000       -1325420.39200721     
   1296.00000000000       -1325421.05759243     
   1297.00000000000       -1325421.72350705     
   1298.00000000000       -1325422.38975168     
   1299.00000000000       -1325423.05632694     
   1300.00000000000       -1325423.72323341     
   1301.00000000000       -1325424.39047171     
   1302.00000000000       -1325425.05804241     
   1303.00000000000       -1325425.72594608     
   1304.00000000000       -1325426.39418331     
   1305.00000000000       -1325427.06275464     
   1306.00000000000       -1325427.73166063     
   1307.00000000000       -1325428.40090181     
   1308.00000000000       -1325429.07047872     
   1309.00000000000       -1325429.74039189     
   1310.00000000000       -1325430.41064181     
   1311.00000000000       -1325431.08122900     
   1312.00000000000       -1325431.75215396     
   1313.00000000000       -1325432.42341713     
   1314.00000000000       -1325433.09501904     
   1315.00000000000       -1325433.76696012     
   1316.00000000000       -1325434.43924083     
   1317.00000000000       -1325435.11186160     
   1318.00000000000       -1325435.78482287     
   1319.00000000000       -1325436.45812505     
   1320.00000000000       -1325437.13176857     
   1321.00000000000       -1325437.80575381     
   1322.00000000000       -1325438.48008117     
   1323.00000000000       -1325439.15475102     
   1324.00000000000       -1325439.82976372     
   1325.00000000000       -1325440.50511965     
   1326.00000000000       -1325441.18081913     
   1327.00000000000       -1325441.85686250     
   1328.00000000000       -1325442.53325008     
   1329.00000000000       -1325443.20998219     
   1330.00000000000       -1325443.88705911     
   1331.00000000000       -1325444.56448116     
   1332.00000000000       -1325445.24224858     
   1333.00000000000       -1325445.92036165     
   1334.00000000000       -1325446.59882064     
   1335.00000000000       -1325447.27762576     
   1336.00000000000       -1325447.95677728     
   1337.00000000000       -1325448.63627539     
   1338.00000000000       -1325449.31612032     
   1339.00000000000       -1325449.99631224     
   1340.00000000000       -1325450.67685138     
   1341.00000000000       -1325451.35773788     
   1342.00000000000       -1325452.03897191     
   1343.00000000000       -1325452.72055363     
   1344.00000000000       -1325453.40248318     
   1345.00000000000       -1325454.08476069     
   1346.00000000000       -1325454.76738628     
   1347.00000000000       -1325455.45036006     
   1348.00000000000       -1325456.13368212     
   1349.00000000000       -1325456.81735256     
   1350.00000000000       -1325457.50137144     
   1351.00000000000       -1325458.18573884     
   1352.00000000000       -1325458.87045480     
   1353.00000000000       -1325459.55551937     
   1354.00000000000       -1325460.24093258     
   1355.00000000000       -1325460.92669448     
   1356.00000000000       -1325461.61280503     
   1357.00000000000       -1325462.29926428     
   1358.00000000000       -1325462.98607218     
