  0.000000000000000E+000   14.9356366646030     
   1.00000000000000        14.9356343710380     
   2.00000000000000        14.9356322435339     
   3.00000000000000        14.9356313276867     
   4.00000000000000        14.9356288781840     
   5.00000000000000        14.9356282595649     
   6.00000000000000        14.9356267006413     
   7.00000000000000        14.9356263786494     
   8.00000000000000        14.9356262045769     
   9.00000000000000        14.9356261759105     
   10.0000000000000        14.9356262901937     
   11.0000000000000        14.9356265435888     
   12.0000000000000        14.9356269344663     
   13.0000000000000        14.9356274624438     
   14.0000000000000        14.9356295575917     
   15.0000000000000        14.9356303708656     
   16.0000000000000        14.9356331250585     
   17.0000000000000        14.9356354157752     
   18.0000000000000        14.9356380992991     
   19.0000000000000        14.9356412316128     
   20.0000000000000        14.9356448779476     
   21.0000000000000        14.9356491136090     
   22.0000000000000        14.9356540216225     
   23.0000000000000        14.9356596933291     
   24.0000000000000        14.9356662247535     
   25.0000000000000        14.9356737182431     
   26.0000000000000        14.9356822804538     
   27.0000000000000        14.9356920195395     
   28.0000000000000        14.9357030473479     
   29.0000000000000        14.9357154760344     
   30.0000000000000        14.9357294191685     
   31.0000000000000        14.9357449902974     
   32.0000000000000        14.9357623022742     
   33.0000000000000        14.9357814675179     
   34.0000000000000        14.9358025970110     
   35.0000000000000        14.9358258008668     
   36.0000000000000        14.9358511865390     
   37.0000000000000        14.9358788604419     
   38.0000000000000        14.9359089262691     
   39.0000000000000        14.9359414860033     
   40.0000000000000        14.9359766381498     
   41.0000000000000        14.9360144790445     
   42.0000000000000        14.9360551029566     
   43.0000000000000        14.9360985999973     
   44.0000000000000        14.9361450580906     
   45.0000000000000        14.9361945620924     
   46.0000000000000        14.9362471932709     
   47.0000000000000        14.9363030297405     
   48.0000000000000        14.9363621466220     
   49.0000000000000        14.9364246154810     
   50.0000000000000        14.9364905041401     
   51.0000000000000        14.9365598773075     
   52.0000000000000        14.9366327960386     
   53.0000000000000        14.9367093183477     
   54.0000000000000        14.9367894981849     
   55.0000000000000        14.9368733870050     
   56.0000000000000        14.9369610308630     
   57.0000000000000        14.9370524747550     
   58.0000000000000        14.9371477589249     
   59.0000000000000        14.9372469203414     
   60.0000000000000        14.9373499937377     
   61.0000000000000        14.9374570093855     
   62.0000000000000        14.9375679950271     
   63.0000000000000        14.9376829750820     
   64.0000000000000        14.9378019714003     
   65.0000000000000        14.9379250037060     
   66.0000000000000        14.9380520869571     
   67.0000000000000        14.9381832349633     
   68.0000000000000        14.9383184586860     
   69.0000000000000        14.9384577651750     
   70.0000000000000        14.9386011620667     
   71.0000000000000        14.9387486517666     
   72.0000000000000        14.9389002355427     
   73.0000000000000        14.9390559139082     
   74.0000000000000        14.9392156822064     
   75.0000000000000        14.9393795378389     
   76.0000000000000        14.9395474729553     
   77.0000000000000        14.9397194799749     
   78.0000000000000        14.9398955487443     
   79.0000000000000        14.9400756683724     
   80.0000000000000        14.9402598251419     
   81.0000000000000        14.9404480058493     
   82.0000000000000        14.9406401946768     
   83.0000000000000        14.9408363758581     
   84.0000000000000        14.9410365308648     
   85.0000000000000        14.9412406398493     
   86.0000000000000        14.9414486855428     
   87.0000000000000        14.9416606460471     
   88.0000000000000        14.9418764995570     
   89.0000000000000        14.9420962247971     
   90.0000000000000        14.9423197986024     
   91.0000000000000        14.9425471975433     
   92.0000000000000        14.9427783975786     
   93.0000000000000        14.9430133732070     
   94.0000000000000        14.9432521005147     
   95.0000000000000        14.9434945535971     
   96.0000000000000        14.9437407074967     
   97.0000000000000        14.9439905336693     
   98.0000000000000        14.9442440081621     
   99.0000000000000        14.9445011037619     
   100.000000000000        14.9447617912687     
   101.000000000000        14.9450260478493     
   102.000000000000        14.9452938433634     
   103.000000000000        14.9455651501711     
   104.000000000000        14.9458399430645     
   105.000000000000        14.9461181927870     
   106.000000000000        14.9463998713570     
   107.000000000000        14.9466849526747     
   108.000000000000        14.9469734122523     
   109.000000000000        14.9472652162400     
   110.000000000000        14.9475603420098     
   111.000000000000        14.9478587612228     
   112.000000000000        14.9481604476597     
   113.000000000000        14.9484653727339     
   114.000000000000        14.9487735120265     
   115.000000000000        14.9490848346634     
   116.000000000000        14.9493993193361     
   117.000000000000        14.9497169362557     
   118.000000000000        14.9500376616909     
   119.000000000000        14.9503614667243     
   120.000000000000        14.9506883272368     
   121.000000000000        14.9510182209462     
   122.000000000000        14.9513511168635     
   123.000000000000        14.9516869933996     
   124.000000000000        14.9520258269877     
   125.000000000000        14.9523675911051     
   126.000000000000        14.9527122624328     
   127.000000000000        14.9530598147603     
   128.000000000000        14.9534102286690     
   129.000000000000        14.9537634768760     
   130.000000000000        14.9541195373825     
   131.000000000000        14.9544783875527     
   132.000000000000        14.9548400053507     
   133.000000000000        14.9552043690415     
   134.000000000000        14.9555714515935     
   135.000000000000        14.9559412396924     
   136.000000000000        14.9563137038490     
   137.000000000000        14.9566888281365     
   138.000000000000        14.9570665883323     
   139.000000000000        14.9574469662616     
   140.000000000000        14.9578299382600     
   141.000000000000        14.9582154879273     
   142.000000000000        14.9586035935006     
   143.000000000000        14.9589942355259     
   144.000000000000        14.9593873945957     
   145.000000000000        14.9597830521966     
   146.000000000000        14.9601811878319     
   147.000000000000        14.9605817859272     
   148.000000000000        14.9609848261242     
   149.000000000000        14.9613902908206     
   150.000000000000        14.9617981617489     
   151.000000000000        14.9622084247398     
   152.000000000000        14.9626210591286     
   153.000000000000        14.9630360483539     
   154.000000000000        14.9634533774042     
   155.000000000000        14.9638730271709     
   156.000000000000        14.9642949855989     
   157.000000000000        14.9647192327089     
   158.000000000000        14.9651457517368     
   159.000000000000        14.9655745321244     
   160.000000000000        14.9660055572142     
   161.000000000000        14.9664388103698     
   162.000000000000        14.9668742774574     
   163.000000000000        14.9673119431024     
   164.000000000000        14.9677517954892     
   165.000000000000        14.9681938175919     
   166.000000000000        14.9686379964094     
   167.000000000000        14.9690843190638     
   168.000000000000        14.9695327734754     
   169.000000000000        14.9699833396884     
   170.000000000000        14.9704360134675     
   171.000000000000        14.9708907792830     
   172.000000000000        14.9713476202725     
   173.000000000000        14.9718065270774     
   174.000000000000        14.9722674936761     
   175.000000000000        14.9727304913180     
   176.000000000000        14.9731955247523     
   177.000000000000        14.9736625735988     
   178.000000000000        14.9741316322347     
   179.000000000000        14.9746026831690     
   180.000000000000        14.9750757189254     
   181.000000000000        14.9755507259379     
   182.000000000000        14.9760276988890     
   183.000000000000        14.9765066191303     
   184.000000000000        14.9769874835865     
   185.000000000000        14.9774702734417     
   186.000000000000        14.9779549875850     
   187.000000000000        14.9784416150121     
   188.000000000000        14.9789301418801     
   189.000000000000        14.9794205564650     
   190.000000000000        14.9799128557026     
   191.000000000000        14.9804070238654     
   192.000000000000        14.9809030595496     
   193.000000000000        14.9814009444659     
   194.000000000000        14.9819006787145     
   195.000000000000        14.9824022467842     
   196.000000000000        14.9829056446930     
   197.000000000000        14.9834108561528     
   198.000000000000        14.9839178842812     
   199.000000000000        14.9844267140933     
   200.000000000000        14.9849373326080     
   201.000000000000        14.9854497450348     
   202.000000000000        14.9859639297690     
   203.000000000000        14.9864798878364     
   204.000000000000        14.9869976078028     
   205.000000000000        14.9875170810136     
   206.000000000000        14.9880383083803     
   207.000000000000        14.9885612716177     
   208.000000000000        14.9890859685025     
   209.000000000000        14.9896123954802     
   210.000000000000        14.9901405378285     
   211.000000000000        14.9906703962681     
   212.000000000000        14.9912019568265     
   213.000000000000        14.9917352251848     
   214.000000000000        14.9922701772257     
   215.000000000000        14.9928068199135     
   216.000000000000        14.9933451425193     
   217.000000000000        14.9938851348804     
   218.000000000000        14.9944267959774     
   219.000000000000        14.9949701248761     
   220.000000000000        14.9955151031935     
   221.000000000000        14.9960617326284     
   222.000000000000        14.9966100069556     
   223.000000000000        14.9971599182572     
   224.000000000000        14.9977114661798     
   225.000000000000        14.9982646385717     
   226.000000000000        14.9988194290949     
   227.000000000000        14.9993758362883     
   228.000000000000        14.9999338600746     
   229.000000000000        15.0004934858199     
   230.000000000000        15.0010547170856     
   231.000000000000        15.0016175375327     
   232.000000000000        15.0021819532749     
   233.000000000000        15.0027479505698     
   234.000000000000        15.0033155293666     
   235.000000000000        15.0038846875241     
   236.000000000000        15.0044554141564     
   237.000000000000        15.0050277132758     
   238.000000000000        15.0056015662261     
   239.000000000000        15.0061769863937     
   240.000000000000        15.0067539529803     
   241.000000000000        15.0073324733835     
   242.000000000000        15.0079125338279     
   243.000000000000        15.0084941387791     
   244.000000000000        15.0090772775023     
   245.000000000000        15.0096619510272     
   246.000000000000        15.0102481504031     
   247.000000000000        15.0108358735722     
   248.000000000000        15.0114251238053     
   249.000000000000        15.0120158805785     
   250.000000000000        15.0126081588914     
   251.000000000000        15.0132019434790     
   252.000000000000        15.0137972266025     
   253.000000000000        15.0143940142263     
   254.000000000000        15.0149923061316     
   255.000000000000        15.0155920914482     
   256.000000000000        15.0161933611816     
   257.000000000000        15.0167961224728     
   258.000000000000        15.0174003676035     
   259.000000000000        15.0180060911633     
   260.000000000000        15.0186132916414     
   261.000000000000        15.0192219702260     
   262.000000000000        15.0198321169187     
   263.000000000000        15.0204437281064     
   264.000000000000        15.0210568078096     
   265.000000000000        15.0216713489357     
   266.000000000000        15.0222873483784     
   267.000000000000        15.0229048009784     
   268.000000000000        15.0235237091032     
   269.000000000000        15.0241440643067     
   270.000000000000        15.0247658656723     
   271.000000000000        15.0253891074081     
   272.000000000000        15.0260137988832     
   273.000000000000        15.0266399235170     
   274.000000000000        15.0272674810038     
   275.000000000000        15.0278964736868     
   276.000000000000        15.0285268962564     
   277.000000000000        15.0291587470302     
   278.000000000000        15.0297920196016     
   279.000000000000        15.0304267157660     
   280.000000000000        15.0310628270666     
   281.000000000000        15.0317003610338     
   282.000000000000        15.0323393105102     
   283.000000000000        15.0329796706681     
   284.000000000000        15.0336214398563     
   285.000000000000        15.0342646166388     
   286.000000000000        15.0349091984746     
   287.000000000000        15.0355551886938     
   288.000000000000        15.0362025661868     
   289.000000000000        15.0368513470332     
   290.000000000000        15.0375015262258     
   291.000000000000        15.0381530969898     
   292.000000000000        15.0388060564825     
   293.000000000000        15.0394604130250     
   294.000000000000        15.0401161517940     
   295.000000000000        15.0407732811514     
   296.000000000000        15.0414317861192     
   297.000000000000        15.0420916722529     
   298.000000000000        15.0427529339159     
   299.000000000000        15.0434155809773     
   300.000000000000        15.0440796114305     
   301.000000000000        15.0447449873339     
   302.000000000000        15.0454117558181     
   303.000000000000        15.0460798907461     
   304.000000000000        15.0467493908707     
   305.000000000000        15.0474202515976     
   306.000000000000        15.0480924806529     
   307.000000000000        15.0487660628958     
   308.000000000000        15.0494410241893     
   309.000000000000        15.0501173330545     
   310.000000000000        15.0507949903106     
   311.000000000000        15.0514740048807     
   312.000000000000        15.0521543765872     
   313.000000000000        15.0528360956590     
   314.000000000000        15.0535191716872     
   315.000000000000        15.0542035894649     
   316.000000000000        15.0548893527744     
   317.000000000000        15.0555764566324     
   318.000000000000        15.0562649103189     
   319.000000000000        15.0569547028668     
   320.000000000000        15.0576458292011     
   321.000000000000        15.0583382956979     
   322.000000000000        15.0590321051091     
   323.000000000000        15.0597272357014     
   324.000000000000        15.0604237091296     
   325.000000000000        15.0611215187564     
   326.000000000000        15.0618206493935     
   327.000000000000        15.0625211070405     
   328.000000000000        15.0632228959038     
   329.000000000000        15.0639260193837     
   330.000000000000        15.0646304621601     
   331.000000000000        15.0653362127544     
   332.000000000000        15.0660433053196     
   333.000000000000        15.0667517008960     
   334.000000000000        15.0674614239496     
   335.000000000000        15.0681724542362     
   336.000000000000        15.0688848118783     
   337.000000000000        15.0695984760966     
   338.000000000000        15.0703134600312     
   339.000000000000        15.0710297546520     
   340.000000000000        15.0717473499744     
   341.000000000000        15.0724662635017     
   342.000000000000        15.0731864735194     
   343.000000000000        15.0739079917009     
   344.000000000000        15.0746308281000     
   345.000000000000        15.0753549592183     
   346.000000000000        15.0760803945331     
   347.000000000000        15.0768071332031     
   348.000000000000        15.0775351702380     
   349.000000000000        15.0782644940297     
   350.000000000000        15.0789951313228     
   351.000000000000        15.0797270505831     
   352.000000000000        15.0804602779627     
   353.000000000000        15.0811947947546     
   354.000000000000        15.0819306039265     
   355.000000000000        15.0826676893344     
   356.000000000000        15.0834060814012     
   357.000000000000        15.0841457522108     
   358.000000000000        15.0848867241350     
   359.000000000000        15.0856289665229     
   360.000000000000        15.0863724964475     
   361.000000000000        15.0871173234585     
   362.000000000000        15.0878634180507     
   363.000000000000        15.0886108005999     
   364.000000000000        15.0893594659717     
   365.000000000000        15.0901094020695     
   366.000000000000        15.0908606265988     
   367.000000000000        15.0916131274461     
   368.000000000000        15.0923668904676     
   369.000000000000        15.0931219390907     
   370.000000000000        15.0938782587519     
   371.000000000000        15.0946358460621     
   372.000000000000        15.0953947118970     
   373.000000000000        15.0961548390837     
   374.000000000000        15.0969162510521     
   375.000000000000        15.0976789216581     
   376.000000000000        15.0984428558883     
   377.000000000000        15.0992080525865     
   378.000000000000        15.0999745213769     
   379.000000000000        15.1007422493309     
   380.000000000000        15.1015112410848     
   381.000000000000        15.1022814927892     
   382.000000000000        15.1030530032171     
   383.000000000000        15.1038257889275     
   384.000000000000        15.1045998117127     
   385.000000000000        15.1053750896350     
   386.000000000000        15.1061516470161     
   387.000000000000        15.1069294320375     
   388.000000000000        15.1077084844691     
   389.000000000000        15.1084887859159     
   390.000000000000        15.1092703400608     
   391.000000000000        15.1100531521591     
   392.000000000000        15.1108372058107     
   393.000000000000        15.1116225080253     
   394.000000000000        15.1124090522744     
   395.000000000000        15.1131968412417     
   396.000000000000        15.1139858821705     
   397.000000000000        15.1147761673046     
   398.000000000000        15.1155677012105     
   399.000000000000        15.1163604681612     
   400.000000000000        15.1171544685855     
   401.000000000000        15.1179497141896     
   402.000000000000        15.1187462028463     
   403.000000000000        15.1195439376860     
   404.000000000000        15.1203429037834     
   405.000000000000        15.1211430913922     
   406.000000000000        15.1219445199766     
   407.000000000000        15.1227471894015     
   408.000000000000        15.1235510850327     
   409.000000000000        15.1243561958900     
   410.000000000000        15.1251625698825     
   411.000000000000        15.1259701422237     
   412.000000000000        15.1267789667060     
   413.000000000000        15.1275890017251     
   414.000000000000        15.1284002764233     
   415.000000000000        15.1292127522479     
   416.000000000000        15.1300264775362     
   417.000000000000        15.1308414186237     
   418.000000000000        15.1316575719429     
   419.000000000000        15.1324749428775     
   420.000000000000        15.1332935280545     
   421.000000000000        15.1341133677047     
   422.000000000000        15.1349343834893     
   423.000000000000        15.1357566373402     
   424.000000000000        15.1365800902202     
   425.000000000000        15.1374047777888     
   426.000000000000        15.1382306635671     
   427.000000000000        15.1390577653227     
   428.000000000000        15.1398860705513     
   429.000000000000        15.1407155909479     
   430.000000000000        15.1415463221493     
   431.000000000000        15.1423782460399     
   432.000000000000        15.1432113994084     
   433.000000000000        15.1440457477785     
   434.000000000000        15.1448812750720     
   435.000000000000        15.1457180527653     
   436.000000000000        15.1465559874314     
   437.000000000000        15.1473951433430     
   438.000000000000        15.1482354957786     
   439.000000000000        15.1490770395899     
   440.000000000000        15.1499197891055     
   441.000000000000        15.1507637253817     
   442.000000000000        15.1516088647543     
   443.000000000000        15.1524551877663     
   444.000000000000        15.1533027122309     
   445.000000000000        15.1541514220676     
   446.000000000000        15.1550013267684     
   447.000000000000        15.1558524116584     
   448.000000000000        15.1567046966590     
   449.000000000000        15.1575581486751     
   450.000000000000        15.1584128045572     
   451.000000000000        15.1592686366840     
   452.000000000000        15.1601256460376     
   453.000000000000        15.1609838336060     
   454.000000000000        15.1618432181814     
   455.000000000000        15.1627037733954     
   456.000000000000        15.1635655180817     
   457.000000000000        15.1644284076340     
   458.000000000000        15.1652925022087     
   459.000000000000        15.1661577664603     
   460.000000000000        15.1670241842464     
   461.000000000000        15.1678918021540     
   462.000000000000        15.1687605643570     
   463.000000000000        15.1696304978210     
   464.000000000000        15.1705016069806     
   465.000000000000        15.1713738886354     
   466.000000000000        15.1722473179235     
   467.000000000000        15.1731219203474     
   468.000000000000        15.1739976886888     
   469.000000000000        15.1748746162214     
   470.000000000000        15.1757526906034     
   471.000000000000        15.1766319228216     
   472.000000000000        15.1775123550625     
   473.000000000000        15.1783938976142     
   474.000000000000        15.1792766250997     
   475.000000000000        15.1801604871177     
   476.000000000000        15.1810455098661     
   477.000000000000        15.1819316809339     
   478.000000000000        15.1828189833329     
   479.000000000000        15.1837074409385     
   480.000000000000        15.1845970554026     
   481.000000000000        15.1854878037855     
   482.000000000000        15.1863797125718     
   483.000000000000        15.1872727689943     
   484.000000000000        15.1881669455602     
   485.000000000000        15.1890622509527     
   486.000000000000        15.1899587187637     
   487.000000000000        15.1908563075280     
   488.000000000000        15.1917550556338     
   489.000000000000        15.1926549093148     
   490.000000000000        15.1935558958795     
   491.000000000000        15.1944580392363     
   492.000000000000        15.1953612827068     
   493.000000000000        15.1962656783230     
   494.000000000000        15.1971711856141     
   495.000000000000        15.1980777969912     
   496.000000000000        15.1989855591977     
   497.000000000000        15.1998944498070     
   498.000000000000        15.2008044271138     
   499.000000000000        15.2017155661080     
   500.000000000000        15.2026278064766     
   501.000000000000        15.2035411402744     
   502.000000000000        15.2044556274896     
   503.000000000000        15.2053711951327     
   504.000000000000        15.2062878764838     
   505.000000000000        15.2072056821868     
   506.000000000000        15.2081245962301     
   507.000000000000        15.2090446171656     
   508.000000000000        15.2099657133625     
   509.000000000000        15.2108879319642     
   510.000000000000        15.2118112786574     
   511.000000000000        15.2127356422919     
   512.000000000000        15.2136611535406     
   513.000000000000        15.2145877826619     
   514.000000000000        15.2155155089371     
   515.000000000000        15.2164443148545     
   516.000000000000        15.2173742285372     
   517.000000000000        15.2183051896288     
   518.000000000000        15.2192372630682     
   519.000000000000        15.2201704107213     
   520.000000000000        15.2211046438817     
   521.000000000000        15.2220399475653     
   522.000000000000        15.2229764043522     
   523.000000000000        15.2239138608655     
   524.000000000000        15.2248524416448     
   525.000000000000        15.2257920745023     
   526.000000000000        15.2267327667033     
   527.000000000000        15.2276745711968     
   528.000000000000        15.2286174319548     
   529.000000000000        15.2295613632353     
   530.000000000000        15.2305063416254     
   531.000000000000        15.2314523994994     
   532.000000000000        15.2323994903387     
   533.000000000000        15.2333476918107     
   534.000000000000        15.2342969009681     
   535.000000000000        15.2352472108916     
   536.000000000000        15.2361985585776     
   537.000000000000        15.2371509851311     
   538.000000000000        15.2381044330376     
   539.000000000000        15.2390589561258     
   540.000000000000        15.2400145215499     
   541.000000000000        15.2409710800007     
   542.000000000000        15.2419287324496     
   543.000000000000        15.2428874319650     
   544.000000000000        15.2438471886341     
   545.000000000000        15.2448079557217     
   546.000000000000        15.2457697100410     
   547.000000000000        15.2467325757222     
   548.000000000000        15.2476964484906     
   549.000000000000        15.2486613423862     
   550.000000000000        15.2496272736482     
   551.000000000000        15.2505942193830     
   552.000000000000        15.2515622175650     
   553.000000000000        15.2525312179715     
   554.000000000000        15.2535012760774     
   555.000000000000        15.2544722993014     
   556.000000000000        15.2554443077087     
   557.000000000000        15.2564174018873     
   558.000000000000        15.2573914781009     
   559.000000000000        15.2583665891144     
   560.000000000000        15.2593426923941     
   561.000000000000        15.2603198175248     
   562.000000000000        15.2612979142857     
   563.000000000000        15.2622769976679     
   564.000000000000        15.2632570975715     
   565.000000000000        15.2642382303617     
   566.000000000000        15.2652203228778     
   567.000000000000        15.2662034113071     
   568.000000000000        15.2671875198429     
   569.000000000000        15.2681725648040     
   570.000000000000        15.2691586501523     
   571.000000000000        15.2701456997839     
   572.000000000000        15.2711337099830     
   573.000000000000        15.2721227584411     
   574.000000000000        15.2731126739723     
   575.000000000000        15.2741036335479     
   576.000000000000        15.2750955692150     
   577.000000000000        15.2760884672423     
   578.000000000000        15.2770823049209     
   579.000000000000        15.2780771380843     
   580.000000000000        15.2790729542374     
   581.000000000000        15.2800696808520     
   582.000000000000        15.2810674461634     
   583.000000000000        15.2820660595524     
   584.000000000000        15.2830656673069     
   585.000000000000        15.2840662527324     
   586.000000000000        15.2850678078377     
   587.000000000000        15.2860702041189     
   588.000000000000        15.2870736702909     
   589.000000000000        15.2880779740330     
   590.000000000000        15.2890833111306     
   591.000000000000        15.2900894667452     
   592.000000000000        15.2910966685499     
   593.000000000000        15.2921047551357     
   594.000000000000        15.2931137497361     
   595.000000000000        15.2941237465712     
   596.000000000000        15.2951346180890     
   597.000000000000        15.2961463831013     
   598.000000000000        15.2971590749394     
   599.000000000000        15.2981727460785     
   600.000000000000        15.2991872175859     
   601.000000000000        15.3002026770340     
   602.000000000000        15.3012189989514     
   603.000000000000        15.3022363032051     
   604.000000000000        15.3032544481262     
   605.000000000000        15.3042734695329     
   606.000000000000        15.3052935361524     
   607.000000000000        15.3063143505022     
   608.000000000000        15.3073361524893     
   609.000000000000        15.3083587754413     
   610.000000000000        15.3093822100628     
   611.000000000000        15.3104067213116     
   612.000000000000        15.3114319534549     
   613.000000000000        15.3124581745175     
   614.000000000000        15.3134851636606     
   615.000000000000        15.3145131294925     
   616.000000000000        15.3155418774340     
   617.000000000000        15.3165715374536     
   618.000000000000        15.3176020916380     
   619.000000000000        15.3186334682096     
   620.000000000000        15.3196656945949     
   621.000000000000        15.3206988415732     
   622.000000000000        15.3217327457280     
   623.000000000000        15.3227675689331     
   624.000000000000        15.3238033304123     
   625.000000000000        15.3248397659335     
   626.000000000000        15.3258770505256     
   627.000000000000        15.3269152317732     
   628.000000000000        15.3279543575147     
   629.000000000000        15.3289941208419     
   630.000000000000        15.3300348321166     
   631.000000000000        15.3310763617727     
   632.000000000000        15.3321186389878     
   633.000000000000        15.3331618109105     
   634.000000000000        15.3342058829865     
   635.000000000000        15.3352506078464     
   636.000000000000        15.3362962123473     
   637.000000000000        15.3373425851881     
   638.000000000000        15.3383898719360     
   639.000000000000        15.3394379367836     
   640.000000000000        15.3404866352380     
   641.000000000000        15.3415363108982     
   642.000000000000        15.3425867624699     
   643.000000000000        15.3436379496876     
   644.000000000000        15.3446899662298     
   645.000000000000        15.3457427685678     
   646.000000000000        15.3467962526525     
   647.000000000000        15.3478506716363     
   648.000000000000        15.3489058567065     
   649.000000000000        15.3499616808650     
   650.000000000000        15.3510183011872     
   651.000000000000        15.3520757973352     
   652.000000000000        15.3531340051665     
   653.000000000000        15.3541929855086     
   654.000000000000        15.3552526871031     
   655.000000000000        15.3563131156088     
   656.000000000000        15.3573743300524     
   657.000000000000        15.3584363807868     
   658.000000000000        15.3594990989141     
   659.000000000000        15.3605625010751     
   660.000000000000        15.3616266540033     
   661.000000000000        15.3626916673512     
   662.000000000000        15.3637574038214     
   663.000000000000        15.3648237530931     
   664.000000000000        15.3658909183631     
   665.000000000000        15.3669586876710     
   666.000000000000        15.3680272596541     
   667.000000000000        15.3690964677582     
   668.000000000000        15.3701665150110     
   669.000000000000        15.3712372082782     
   670.000000000000        15.3723086611820     
   671.000000000000        15.3733807133524     
   672.000000000000        15.3744535527851     
   673.000000000000        15.3755270035495     
   674.000000000000        15.3766012512146     
   675.000000000000        15.3776761844704     
   676.000000000000        15.3787517270919     
   677.000000000000        15.3798279867036     
   678.000000000000        15.3809048356453     
   679.000000000000        15.3819825174029     
   680.000000000000        15.3830606688442     
   681.000000000000        15.3841396535072     
   682.000000000000        15.3852193126303     
   683.000000000000        15.3862995998077     
   684.000000000000        15.3873805362503     
   685.000000000000        15.3884620495834     
   686.000000000000        15.3895444225176     
   687.000000000000        15.3906272174178     
   688.000000000000        15.3917107821587     
   689.000000000000        15.3927948531529     
   690.000000000000        15.3938797417509     
   691.000000000000        15.3949652234216     
   692.000000000000        15.3960511099783     
   693.000000000000        15.3971379413897     
   694.000000000000        15.3982252491610     
   695.000000000000        15.3993132157369     
   696.000000000000        15.4004016982843     
   697.000000000000        15.4014908449162     
   698.000000000000        15.4025807059444     
   699.000000000000        15.4036709538225     
   700.000000000000        15.4047621170729     
   701.000000000000        15.4058535468729     
   702.000000000000        15.4069457563650     
   703.000000000000        15.4080385559585     
   704.000000000000        15.4091319014301     
   705.000000000000        15.4102258585705     
   706.000000000000        15.4113202569704     
   707.000000000000        15.4124154001189     
   708.000000000000        15.4135111206637     
   709.000000000000        15.4146073514675     
   710.000000000000        15.4157041360695     
   711.000000000000        15.4168015776569     
   712.000000000000        15.4178994660209     
   713.000000000000        15.4189978391128     
   714.000000000000        15.4200969704139     
   715.000000000000        15.4211965151788     
   716.000000000000        15.4222967408668     
   717.000000000000        15.4233972827179     
   718.000000000000        15.4244985791789     
   719.000000000000        15.4256003107655     
   720.000000000000        15.4267025791374     
   721.000000000000        15.4278053915241     
   722.000000000000        15.4289086923164     
   723.000000000000        15.4300123817927     
   724.000000000000        15.4311167046473     
   725.000000000000        15.4322216277951     
   726.000000000000        15.4333270053366     
   727.000000000000        15.4344328427997     
   728.000000000000        15.4355391548275     
   729.000000000000        15.4366460823311     
   730.000000000000        15.4377534353116     
   731.000000000000        15.4388613895420     
   732.000000000000        15.4399696384661     
   733.000000000000        15.4410784602935     
   734.000000000000        15.4421877707954     
   735.000000000000        15.4432973925152     
   736.000000000000        15.4444077162406     
   737.000000000000        15.4455184194426     
   738.000000000000        15.4466296010128     
   739.000000000000        15.4477410813435     
   740.000000000000        15.4488531826103     
   741.000000000000        15.4499655621857     
   742.000000000000        15.4510787532383     
   743.000000000000        15.4521922537416     
   744.000000000000        15.4533060016035     
   745.000000000000        15.4544203507345     
   746.000000000000        15.4555350083737     
   747.000000000000        15.4566502304213     
   748.000000000000        15.4577657272938     
   749.000000000000        15.4588818648938     
   750.000000000000        15.4599982052447     
   751.000000000000        15.4611149122832     
   752.000000000000        15.4622322874689     
   753.000000000000        15.4633499965539     
   754.000000000000        15.4644678699066     
   755.000000000000        15.4655863774593     
   756.000000000000        15.4667052247017     
   757.000000000000        15.4678243749686     
   758.000000000000        15.4689439008101     
   759.000000000000        15.4700639676160     
   760.000000000000        15.4711843080742     
   761.000000000000        15.4723051027938     
   762.000000000000        15.4734264271140     
   763.000000000000        15.4745476818722     
   764.000000000000        15.4756695547583     
   765.000000000000        15.4767917112241     
   766.000000000000        15.4779141483293     
   767.000000000000        15.4790372897186     
   768.000000000000        15.4801605632687     
   769.000000000000        15.4812841857965     
   770.000000000000        15.4824082063902     
   771.000000000000        15.4835324714372     
   772.000000000000        15.4846571793953     
   773.000000000000        15.4857821625871     
   774.000000000000        15.4869075488282     
   775.000000000000        15.4880329939007     
   776.000000000000        15.4891589056961     
   777.000000000000        15.4902850832375     
   778.000000000000        15.4914117204667     
   779.000000000000        15.4925387446765     
   780.000000000000        15.4936658435178     
   781.000000000000        15.4947933454236     
   782.000000000000        15.4959209534948     
   783.000000000000        15.4970489893288     
   784.000000000000        15.4981775115376     
   785.000000000000        15.4993060074649     
   786.000000000000        15.5004349458074     
   787.000000000000        15.5015641279451     
   788.000000000000        15.5026935029785     
   789.000000000000        15.5038232529377     
   790.000000000000        15.5049535269545     
   791.000000000000        15.5060836025382     
   792.000000000000        15.5072140479450     
   793.000000000000        15.5083449580234     
   794.000000000000        15.5094759862662     
   795.000000000000        15.5106071979622     
   796.000000000000        15.5117387515577     
   797.000000000000        15.5128704716002     
   798.000000000000        15.5140024905424     
   799.000000000000        15.5151348466041     
   800.000000000000        15.5162672864717     
   801.000000000000        15.5173999595141     
   802.000000000000        15.5185328441387     
   803.000000000000        15.5196659075020     
   804.000000000000        15.5207992154590     
   805.000000000000        15.5219327474978     
   806.000000000000        15.5230666784654     
   807.000000000000        15.5242008267620     
   808.000000000000        15.5253349086440     
   809.000000000000        15.5264690912118     
   810.000000000000        15.5276038256215     
   811.000000000000        15.5287382628492     
   812.000000000000        15.5298733149863     
   813.000000000000        15.5310084547024     
   814.000000000000        15.5321436645623     
   815.000000000000        15.5332792025662     
   816.000000000000        15.5344148525636     
   817.000000000000        15.5355505248908     
   818.000000000000        15.5366868116498     
   819.000000000000        15.5378228205908     
   820.000000000000        15.5389591272749     
   821.000000000000        15.5400955810857     
   822.000000000000        15.5412320817854     
   823.000000000000        15.5423688637963     
   824.000000000000        15.5435056714469     
   825.000000000000        15.5446429442520     
   826.000000000000        15.5457800412609     
   827.000000000000        15.5469170829495     
   828.000000000000        15.5480545356889     
   829.000000000000        15.5491921655585     
   830.000000000000        15.5503301475265     
   831.000000000000        15.5514676364101     
   832.000000000000        15.5526056590445     
   833.000000000000        15.5537435204498     
   834.000000000000        15.5548816739697     
   835.000000000000        15.5560197431829     
   836.000000000000        15.5571582363098     
   837.000000000000        15.5582969728937     
   838.000000000000        15.5594352140085     
   839.000000000000        15.5605738711939     
   840.000000000000        15.5617126485662     
   841.000000000000        15.5628516220572     
   842.000000000000        15.5639903647497     
   843.000000000000        15.5651290566573     
   844.000000000000        15.5662684452211     
   845.000000000000        15.5674075067207     
   846.000000000000        15.5685464787957     
   847.000000000000        15.5696855537240     
   848.000000000000        15.5708250531263     
   849.000000000000        15.5719645031887     
   850.000000000000        15.5731039625070     
   851.000000000000        15.5742434803966     
   852.000000000000        15.5753828870688     
   853.000000000000        15.5765226535924     
   854.000000000000        15.5776618603270     
   855.000000000000        15.5788015524295     
   856.000000000000        15.5799413144773     
   857.000000000000        15.5810810358731     
   858.000000000000        15.5822206345836     
   859.000000000000        15.5833606382944     
   860.000000000000        15.5845003622288     
   861.000000000000        15.5856403066387     
   862.000000000000        15.5867802086491     
   863.000000000000        15.5879202611627     
   864.000000000000        15.5890598502617     
   865.000000000000        15.5901997426951     
   866.000000000000        15.5913396185413     
   867.000000000000        15.5924794237849     
   868.000000000000        15.5936196884566     
   869.000000000000        15.5947593480937     
   870.000000000000        15.5958994260882     
   871.000000000000        15.5970389309850     
   872.000000000000        15.5981793165073     
   873.000000000000        15.5993188582660     
   874.000000000000        15.6004590474635     
   875.000000000000        15.6015988060030     
   876.000000000000        15.6027383544137     
   877.000000000000        15.6038781109260     
   878.000000000000        15.6050183200061     
   879.000000000000        15.6061574881605     
   880.000000000000        15.6072973968130     
   881.000000000000        15.6084371960434     
   882.000000000000        15.6095765804717     
   883.000000000000        15.6107161609417     
   884.000000000000        15.6118556350528     
   885.000000000000        15.6129954649478     
   886.000000000000        15.6141344707384     
   887.000000000000        15.6152741859760     
   888.000000000000        15.6164135828906     
   889.000000000000        15.6175530137542     
   890.000000000000        15.6186918772689     
   891.000000000000        15.6198312839262     
   892.000000000000        15.6209704466717     
   893.000000000000        15.6221090116922     
   894.000000000000        15.6232481259861     
   895.000000000000        15.6243869441576     
   896.000000000000        15.6255257294842     
   897.000000000000        15.6266644818305     
   898.000000000000        15.6278034092366     
   899.000000000000        15.6289414994925     
   900.000000000000        15.6300801896198     
   901.000000000000        15.6312186773920     
   902.000000000000        15.6323568577066     
   903.000000000000        15.6334953150266     
   904.000000000000        15.6346329987141     
   905.000000000000        15.6357712859369     
   906.000000000000        15.6369092464680     
   907.000000000000        15.6380470864495     
   908.000000000000        15.6391850026297     
   909.000000000000        15.6403225201494     
   910.000000000000        15.6414598869106     
   911.000000000000        15.6425973718809     
   912.000000000000        15.6437343142186     
   913.000000000000        15.6448716483138     
   914.000000000000        15.6460087626657     
   915.000000000000        15.6471455654448     
   916.000000000000        15.6482824998167     
   917.000000000000        15.6494192713835     
   918.000000000000        15.6505560261912     
   919.000000000000        15.6516924383697     
   920.000000000000        15.6528287900407     
   921.000000000000        15.6539646330380     
   922.000000000000        15.6551011078585     
   923.000000000000        15.6562367292206     
   924.000000000000        15.6573728394712     
   925.000000000000        15.6585083699381     
   926.000000000000        15.6596439833721     
   927.000000000000        15.6607794323362     
   928.000000000000        15.6619145386017     
   929.000000000000        15.6630496414383     
   930.000000000000        15.6641847286662     
   931.000000000000        15.6653198393078     
   932.000000000000        15.6664540723682     
   933.000000000000        15.6675885253082     
   934.000000000000        15.6687231818238     
   935.000000000000        15.6698573776072     
   936.000000000000        15.6709913633250     
   937.000000000000        15.6721251562778     
   938.000000000000        15.6732591579689     
   939.000000000000        15.6743927649971     
   940.000000000000        15.6755259198827     
   941.000000000000        15.6766592796132     
   942.000000000000        15.6777921690424     
   943.000000000000        15.6789248439465     
   944.000000000000        15.6800579185907     
   945.000000000000        15.6811906986715     
   946.000000000000        15.6823229551602     
   947.000000000000        15.6834552107038     
   948.000000000000        15.6845875319946     
   949.000000000000        15.6857195085398     
   950.000000000000        15.6868510484910     
   951.000000000000        15.6879826272410     
   952.000000000000        15.6891138549318     
   953.000000000000        15.6902453358362     
   954.000000000000        15.6913761864213     
   955.000000000000        15.6925072142635     
   956.000000000000        15.6936381583506     
   957.000000000000        15.6947685410036     
   958.000000000000        15.6958986259907     
   959.000000000000        15.6970288178101     
   960.000000000000        15.6981588470396     
   961.000000000000        15.6992884889731     
   962.000000000000        15.7004178156232     
   963.000000000000        15.7015474704023     
   964.000000000000        15.7026768442992     
   965.000000000000        15.7038056467335     
   966.000000000000        15.7049345428479     
   967.000000000000        15.7060627804790     
   968.000000000000        15.7071910948420     
   969.000000000000        15.7083198924422     
   970.000000000000        15.7094481501286     
   971.000000000000        15.7105755383503     
   972.000000000000        15.7117036265256     
   973.000000000000        15.7128310935327     
   974.000000000000        15.7139579524265     
   975.000000000000        15.7150852070759     
   976.000000000000        15.7162121234558     
   977.000000000000        15.7173392309064     
   978.000000000000        15.7184652417442     
   979.000000000000        15.7195921805232     
   980.000000000000        15.7207183429152     
   981.000000000000        15.7218434362070     
   982.000000000000        15.7229692766033     
   983.000000000000        15.7240951951502     
   984.000000000000        15.7252206328758     
   985.000000000000        15.7263453079537     
   986.000000000000        15.7274708608063     
   987.000000000000        15.7285949939300     
   988.000000000000        15.7297198106136     
   989.000000000000        15.7308441105443     
   990.000000000000        15.7319678713649     
   991.000000000000        15.7330918452427     
   992.000000000000        15.7342156858248     
   993.000000000000        15.7353393523325     
   994.000000000000        15.7364628614969     
   995.000000000000        15.7375855795105     
   996.000000000000        15.7387092896566     
   997.000000000000        15.7398319215383     
   998.000000000000        15.7409540982699     
   999.000000000000        15.7420766252695     
   1000.00000000000        15.7431988939091     
   1001.00000000000        15.7443205710102     
   1002.00000000000        15.7454424478145     
   1003.00000000000        15.7465636674209     
   1004.00000000000        15.7476850685879     
   1005.00000000000        15.7488066956609     
   1006.00000000000        15.7499276806360     
   1007.00000000000        15.7510483108994     
   1008.00000000000        15.7521686959082     
   1009.00000000000        15.7532896445715     
   1010.00000000000        15.7544094934640     
   1011.00000000000        15.7555301408553     
   1012.00000000000        15.7566495350566     
   1013.00000000000        15.7577692250399     
   1014.00000000000        15.7588889489868     
   1015.00000000000        15.7600083959587     
   1016.00000000000        15.7611267715596     
   1017.00000000000        15.7622468965520     
   1018.00000000000        15.7633651011294     
   1019.00000000000        15.7644834633200     
   1020.00000000000        15.7656020722077     
   1021.00000000000        15.7667200022207     
   1022.00000000000        15.7678380380222     
   1023.00000000000        15.7689553589246     
   1024.00000000000        15.7700735581348     
   1025.00000000000        15.7711907477849     
   1026.00000000000        15.7723082567102     
   1027.00000000000        15.7734251293306     
   1028.00000000000        15.7745422688658     
   1029.00000000000        15.7756594309403     
   1030.00000000000        15.7767761308859     
   1031.00000000000        15.7778925271419     
   1032.00000000000        15.7790084225935     
   1033.00000000000        15.7801249049359     
   1034.00000000000        15.7812407401309     
   1035.00000000000        15.7823564528249     
   1036.00000000000        15.7834718523596     
   1037.00000000000        15.7845870511508     
   1038.00000000000        15.7857026045982     
   1039.00000000000        15.7868179421065     
   1040.00000000000        15.7879333954299     
   1041.00000000000        15.7890481612272     
   1042.00000000000        15.7901623526738     
   1043.00000000000        15.7912769191131     
   1044.00000000000        15.7923912165785     
   1045.00000000000        15.7935059087717     
   1046.00000000000        15.7946194721739     
   1047.00000000000        15.7957341067807     
   1048.00000000000        15.7968481251729     
   1049.00000000000        15.7979615783875     
   1050.00000000000        15.7990753782646     
   1051.00000000000        15.8001884786907     
   1052.00000000000        15.8013011812899     
   1053.00000000000        15.8024152078200     
   1054.00000000000        15.8035276405784     
   1055.00000000000        15.8046412453514     
   1056.00000000000        15.8057543158061     
   1057.00000000000        15.8068667161553     
   1058.00000000000        15.8079790671737     
   1059.00000000000        15.8090919209978     
   1060.00000000000        15.8102046146648     
   1061.00000000000        15.8113161191557     
   1062.00000000000        15.8124289021544     
   1063.00000000000        15.8135409982054     
   1064.00000000000        15.8146523666140     
   1065.00000000000        15.8157644196874     
   1066.00000000000        15.8168769419025     
   1067.00000000000        15.8179884996176     
   1068.00000000000        15.8190995164958     
   1069.00000000000        15.8202110547688     
   1070.00000000000        15.8213227764841     
   1071.00000000000        15.8224342871836     
   1072.00000000000        15.8235459067942     
   1073.00000000000        15.8246565538599     
   1074.00000000000        15.8257685329801     
   1075.00000000000        15.8268798498776     
   1076.00000000000        15.8279903788702     
   1077.00000000000        15.8291013497546     
   1078.00000000000        15.8302117807089     
   1079.00000000000        15.8313235042113     
   1080.00000000000        15.8324338853048     
   1081.00000000000        15.8335452011620     
   1082.00000000000        15.8346556006123     
   1083.00000000000        15.8357663509158     
   1084.00000000000        15.8368777153998     
   1085.00000000000        15.8379882578777     
   1086.00000000000        15.8390992188694     
   1087.00000000000        15.8402090736808     
   1088.00000000000        15.8413206067212     
   1089.00000000000        15.8424311647733     
   1090.00000000000        15.8435416190373     
   1091.00000000000        15.8446531126154     
   1092.00000000000        15.8457628567841     
   1093.00000000000        15.8468741474316     
   1094.00000000000        15.8479846737634     
   1095.00000000000        15.8490953309292     
   1096.00000000000        15.8502058559298     
   1097.00000000000        15.8513171180795     
   1098.00000000000        15.8524284632992     
   1099.00000000000        15.8535390912294     
   1100.00000000000        15.8546496719341     
   1101.00000000000        15.8557604073205     
   1102.00000000000        15.8568715790673     
   1103.00000000000        15.8579820311560     
   1104.00000000000        15.8590937755816     
   1105.00000000000        15.8602043975905     
   1106.00000000000        15.8613168103767     
   1107.00000000000        15.8624276507952     
   1108.00000000000        15.8635391884435     
   1109.00000000000        15.8646505274325     
   1110.00000000000        15.8657622982718     
   1111.00000000000        15.8668741216229     
   1112.00000000000        15.8679853970997     
   1113.00000000000        15.8690974580687     
   1114.00000000000        15.8702100924665     
   1115.00000000000        15.8713219121691     
   1116.00000000000        15.8724347344092     
   1117.00000000000        15.8735468568870     
   1118.00000000000        15.8746593900841     
   1119.00000000000        15.8757729999903     
   1120.00000000000        15.8768850599853     
   1121.00000000000        15.8779980443016     
   1122.00000000000        15.8791119509265     
   1123.00000000000        15.8802252901879     
   1124.00000000000        15.8813387361159     
   1125.00000000000        15.8824527555362     
   1126.00000000000        15.8835670716350     
   1127.00000000000        15.8846812519572     
   1128.00000000000        15.8857949342382     
   1129.00000000000        15.8869106316714     
   1130.00000000000        15.8880243898774     
   1131.00000000000        15.8891393013562     
   1132.00000000000        15.8902553098918     
   1133.00000000000        15.8913707465461     
   1134.00000000000        15.8924867666095     
   1135.00000000000        15.8936029701482     
   1136.00000000000        15.8947185754367     
   1137.00000000000        15.8958349911568     
   1138.00000000000        15.8969521914705     
   1139.00000000000        15.8980706823289     
   1140.00000000000        15.8991875430540     
   1141.00000000000        15.9003040854438     
   1142.00000000000        15.9014228738213     
   1143.00000000000        15.9025414271495     
   1144.00000000000        15.9036604827634     
   1145.00000000000        15.9047788804169     
   1146.00000000000        15.9058987699795     
   1147.00000000000        15.9070191147370     
   1148.00000000000        15.9081378145904     
   1149.00000000000        15.9092599104772     
   1150.00000000000        15.9103802957901     
   1151.00000000000        15.9115028431977     
   1152.00000000000        15.9126240771661     
   1153.00000000000        15.9137467143891     
   1154.00000000000        15.9148674868994     
   1155.00000000000        15.9159920736423     
   1156.00000000000        15.9171153003397     
   1157.00000000000        15.9182384693039     
   1158.00000000000        15.9193636069899     
   1159.00000000000        15.9204877972882     
   1160.00000000000        15.9216132871803     
   1161.00000000000        15.9227393582013     
   1162.00000000000        15.9238654762910     
   1163.00000000000        15.9249924673281     
   1164.00000000000        15.9261205516135     
   1165.00000000000        15.9272481173126     
   1166.00000000000        15.9283762610095     
   1167.00000000000        15.9295043713671     
   1168.00000000000        15.9306343244872     
   1169.00000000000        15.9317638033909     
   1170.00000000000        15.9328962762147     
   1171.00000000000        15.9340268645241     
   1172.00000000000        15.9351596237905     
   1173.00000000000        15.9362911954954     
   1174.00000000000        15.9374247014835     
   1175.00000000000        15.9385591857989     
   1176.00000000000        15.9396935394474     
   1177.00000000000        15.9408282254546     
   1178.00000000000        15.9419654798814     
   1179.00000000000        15.9431017948935     
   1180.00000000000        15.9442391829304     
   1181.00000000000        15.9453773941999     
   1182.00000000000        15.9465145652669     
   1183.00000000000        15.9476552747743     
   1184.00000000000        15.9487954587863     
   1185.00000000000        15.9499365651783     
   1186.00000000000        15.9510770317831     
   1187.00000000000        15.9522207445074     
   1188.00000000000        15.9533641328391     
   1189.00000000000        15.9545086499802     
   1190.00000000000        15.9556545438532     
   1191.00000000000        15.9568007785492     
   1192.00000000000        15.9579485663348     
   1193.00000000000        15.9590954389361     
   1194.00000000000        15.9602449471830     
   1195.00000000000        15.9613934948307     
   1196.00000000000        15.9625441631602     
   1197.00000000000        15.9636970140774     
   1198.00000000000        15.9648479145179     
   1199.00000000000        15.9660012979211     
   1200.00000000000        15.9671566195993     
   1201.00000000000        15.9683130776192     
   1202.00000000000        15.9694691112700     
   1203.00000000000        15.9706274315001     
   1204.00000000000        15.9717861252422     
   1205.00000000000        15.9729458109829     
   1206.00000000000        15.9741068468882     
   1207.00000000000        15.9752704228943     
   1208.00000000000        15.9764335227161     
   1209.00000000000        15.9775960469792     
   1210.00000000000        15.9787634113841     
   1211.00000000000        15.9799283366725     
   1212.00000000000        15.9810967671238     
   1213.00000000000        15.9822676712425     
   1214.00000000000        15.9834381617190     
   1215.00000000000        15.9846094074474     
   1216.00000000000        15.9857833957382     
   1217.00000000000        15.9869579823480     
   1218.00000000000        15.9881341415151     
   1219.00000000000        15.9893116766304     
   1220.00000000000        15.9904903544587     
   1221.00000000000        15.9916709464746     
   1222.00000000000        15.9928508095491     
   1223.00000000000        15.9940344553265     
   1224.00000000000        15.9952195970401     
   1225.00000000000        15.9964061987841     
   1226.00000000000        15.9975939245654     
   1227.00000000000        15.9987827198461     
   1228.00000000000        15.9999741735964     
   1229.00000000000        16.0011661094461     
   1230.00000000000        16.0023607158440     
   1231.00000000000        16.0035567221437     
   1232.00000000000        16.0047528092477     
   1233.00000000000        16.0059532219951     
   1234.00000000000        16.0071539579822     
   1235.00000000000        16.0083556314023     
   1236.00000000000        16.0095622400291     
   1237.00000000000        16.0107662855739     
   1238.00000000000        16.0119748127633     
   1239.00000000000        16.0131860499344     
   1240.00000000000        16.0143980685932     
   1241.00000000000        16.0156118949685     
   1242.00000000000        16.0168279081045     
   1243.00000000000        16.0180457250213     
   1244.00000000000        16.0192643652795     
   1245.00000000000        16.0204887130388     
   1246.00000000000        16.0217122240288     
   1247.00000000000        16.0229384680141     
   1248.00000000000        16.0241668058594     
   1249.00000000000        16.0253979833525     
   1250.00000000000        16.0266307793121     
   1251.00000000000        16.0278666732374     
   1252.00000000000        16.0291049013694     
   1253.00000000000        16.0303422380798     
   1254.00000000000        16.0315862233472     
   1255.00000000000        16.0328301552144     
   1256.00000000000        16.0340764626725     
   1257.00000000000        16.0353275169652     
   1258.00000000000        16.0365795669715     
   1259.00000000000        16.0378354098579     
   1260.00000000000        16.0390927747880     
   1261.00000000000        16.0403521299655     
   1262.00000000000        16.0416162024897     
   1263.00000000000        16.0428819490640     
   1264.00000000000        16.0441494961568     
   1265.00000000000        16.0454222434337     
   1266.00000000000        16.0466944042305     
   1267.00000000000        16.0479733801181     
   1268.00000000000        16.0492533552467     
   1269.00000000000        16.0505366510252     
   1270.00000000000        16.0518228242742     
   1271.00000000000        16.0531125162485     
   1272.00000000000        16.0544041445529     
   1273.00000000000        16.0557020402285     
   1274.00000000000        16.0570014084187     
   1275.00000000000        16.0583046773909     
   1276.00000000000        16.0596111648267     
   1277.00000000000        16.0609208486284     
   1278.00000000000        16.0622337319879     
   1279.00000000000        16.0635498783794     
   1280.00000000000        16.0648716081867     
   1281.00000000000        16.0661969117139     
   1282.00000000000        16.0675223612488     
   1283.00000000000        16.0688552216581     
   1284.00000000000        16.0701896369134     
   1285.00000000000        16.0715300665536     
   1286.00000000000        16.0728751546815     
   1287.00000000000        16.0742209240051     
   1288.00000000000        16.0755748052063     
   1289.00000000000        16.0769307842382     
   1290.00000000000        16.0782940710025     
   1291.00000000000        16.0796559152706     
   1292.00000000000        16.0810268688178     
   1293.00000000000        16.0824035833837     
   1294.00000000000        16.0837813740188     
   1295.00000000000        16.0851656661926     
   1296.00000000000        16.0865542599655     
   1297.00000000000        16.0879476401071     
   1298.00000000000        16.0893463598151     
   1299.00000000000        16.0907517284334     
   1300.00000000000        16.0921601072112     
   1301.00000000000        16.0935736670452     
   1302.00000000000        16.0949944654000     
   1303.00000000000        16.0964182293863     
   1304.00000000000        16.0978509304142     
   1305.00000000000        16.0992864235119     
   1306.00000000000        16.1007294630301     
   1307.00000000000        16.1021783125734     
   1308.00000000000        16.1036341402760     
   1309.00000000000        16.1050950989668     
   1310.00000000000        16.1065619502897     
   1311.00000000000        16.1080371623794     
   1312.00000000000        16.1095171441846     
   1313.00000000000        16.1110030710179     
   1314.00000000000        16.1124975570125     
   1315.00000000000        16.1140009353233     
   1316.00000000000        16.1155111396448     
   1317.00000000000        16.1170246793426     
   1318.00000000000        16.1185484875060     
   1319.00000000000        16.1200772881538     
   1320.00000000000        16.1216181816592     
   1321.00000000000        16.1231659491951     
   1322.00000000000        16.1247202491678     
   1323.00000000000        16.1262839249952     
   1324.00000000000        16.1278557195019     
   1325.00000000000        16.1294368815880     
   1326.00000000000        16.1310255270357     
   1327.00000000000        16.1326257061347     
   1328.00000000000        16.1342312015258     
   1329.00000000000        16.1358510928804     
   1330.00000000000        16.1374788559738     
   1331.00000000000        16.1391167975275     
   1332.00000000000        16.1407627772629     
   1333.00000000000        16.1424233190311     
   1334.00000000000        16.1440936777781     
   1335.00000000000        16.1457739662191     
   1336.00000000000        16.1474636777649     
   1337.00000000000        16.1491697136865     
   1338.00000000000        16.1508845643242     
   1339.00000000000        16.1526140282751     
   1340.00000000000        16.1543543673715     
   1341.00000000000        16.1561067621278     
   1342.00000000000        16.1578737353343     
   1343.00000000000        16.1596570900274     
   1344.00000000000        16.1614525968162     
   1345.00000000000        16.1632624152517     
   1346.00000000000        16.1650872656394     
   1347.00000000000        16.1669276232493     
   1348.00000000000        16.1687840263764     
   1349.00000000000        16.1706554350442     
   1350.00000000000        16.1725464511188     
   1351.00000000000        16.1744517437590     
   1352.00000000000        16.1763788754730     
   1353.00000000000        16.1783227277441     
   1354.00000000000        16.1802859608205     
   1355.00000000000        16.1822694330665     
   1356.00000000000        16.1842728199161     
   1357.00000000000        16.1862980922603     
   1358.00000000000        16.1883460977094     
