  0.000000000000000E+000  -1.00000000000000     
   1.00000000000000       -1.00000000000000     
   2.00000000000000       -1.00000000000000     
   3.00000000000000       -1.00000000000000     
   4.00000000000000       -1.00000000000000     
   5.00000000000000       -1.00000000000000     
   6.00000000000000       -1.00000000000000     
   7.00000000000000       -1.00000000000000     
   8.00000000000000       -1.00000000000000     
   9.00000000000000       -1.00000000000000     
   10.0000000000000       -1.00000000000000     
   11.0000000000000       -1.00000000000000     
   12.0000000000000       -1.00000000000000     
   13.0000000000000       -1.00000000000000     
   14.0000000000000       -1.00000000000000     
   15.0000000000000       -1.00000000000000     
   16.0000000000000       -1.00000000000000     
   17.0000000000000       -1.00000000000000     
   18.0000000000000       -1.00000000000000     
   19.0000000000000       -1.00000000000000     
   20.0000000000000       -1.00000000000000     
   21.0000000000000       -1.00000000000000     
   22.0000000000000       -1.00000000000000     
   23.0000000000000       -1.00000000000000     
   24.0000000000000       -1.00000000000000     
   25.0000000000000       -1.00000000000000     
   26.0000000000000       -1.00000000000000     
   27.0000000000000       -1.00000000000000     
   28.0000000000000       -1.00000000000000     
   29.0000000000000       -1.00000000000000     
   30.0000000000000       -1.00000000000000     
   31.0000000000000       -1.00000000000000     
   32.0000000000000       -1.00000000000000     
   33.0000000000000       -1.00000000000000     
   34.0000000000000       -1.00000000000000     
   35.0000000000000       -1.00000000000000     
   36.0000000000000       -1.00000000000000     
   37.0000000000000       -1.00000000000000     
   38.0000000000000       -1.00000000000000     
   39.0000000000000       -1.00000000000000     
   40.0000000000000       -1.00000000000000     
   41.0000000000000       -1.00000000000000     
   42.0000000000000       -1.00000000000000     
   43.0000000000000       -1.00000000000000     
   44.0000000000000       -1.00000000000000     
   45.0000000000000       -1.00000000000000     
   46.0000000000000       -1.00000000000000     
   47.0000000000000       -1.00000000000000     
   48.0000000000000       -1.00000000000000     
   49.0000000000000       -1.00000000000000     
   50.0000000000000       -1.00000000000000     
   51.0000000000000       -1.00000000000000     
   52.0000000000000       -1.00000000000000     
   53.0000000000000       -1.00000000000000     
   54.0000000000000       -1.00000000000000     
   55.0000000000000       -1.00000000000000     
   56.0000000000000       -1.00000000000000     
   57.0000000000000       -1.00000000000000     
   58.0000000000000       -1.00000000000000     
   59.0000000000000       -1.00000000000000     
   60.0000000000000       -1.00000000000000     
   61.0000000000000       -1.00000000000000     
   62.0000000000000       -1.00000000000000     
   63.0000000000000       -1.00000000000000     
   64.0000000000000       -1.00000000000000     
   65.0000000000000       -1.00000000000000     
   66.0000000000000       -1.00000000000000     
   67.0000000000000       -1.00000000000000     
   68.0000000000000       -1.00000000000000     
   69.0000000000000       -1.00000000000000     
   70.0000000000000       -1.00000000000000     
   71.0000000000000       -1.00000000000000     
   72.0000000000000       -1.00000000000000     
   73.0000000000000       -1.00000000000000     
   74.0000000000000       -1.00000000000000     
   75.0000000000000       -1.00000000000000     
   76.0000000000000       -1.00000000000000     
   77.0000000000000       -1.00000000000000     
   78.0000000000000       -1.00000000000000     
   79.0000000000000       -1.00000000000000     
   80.0000000000000       -1.00000000000000     
   81.0000000000000       -1.00000000000000     
   82.0000000000000       -1.00000000000000     
   83.0000000000000       -1.00000000000000     
   84.0000000000000       -1.00000000000000     
   85.0000000000000       -1.00000000000000     
   86.0000000000000       0.702778165114388     
   87.0000000000000       0.709314008142525     
   88.0000000000000       0.715702865921834     
   89.0000000000000       0.721929164894551     
   90.0000000000000       0.728017882354779     
   91.0000000000000       0.733940493070042     
   92.0000000000000       0.739734145896570     
   93.0000000000000       0.745410418203550     
   94.0000000000000       0.750906851408464     
   95.0000000000000       0.756317045060548     
   96.0000000000000       0.761589786112132     
   97.0000000000000       0.766734692764279     
   98.0000000000000       0.771763882765101     
   99.0000000000000       0.776684243876991     
   100.000000000000       0.781498036798255     
   101.000000000000       0.786176749688722     
   102.000000000000       0.790788793089491     
   103.000000000000       0.795277854912625     
   104.000000000000       0.799675745824278     
   105.000000000000       0.803974159866596     
   106.000000000000       0.808190504336583     
   107.000000000000       0.812303762478187     
   108.000000000000       0.816341073815924     
   109.000000000000       0.820280724260276     
   110.000000000000       0.824155556035308     
   111.000000000000       0.827941438301058     
   112.000000000000       0.831646280187883     
   113.000000000000       0.835287597312581     
   114.000000000000       0.838851491917737     
   115.000000000000       0.842344211385754     
   116.000000000000       0.845765940211359     
   117.000000000000       0.849133838340190     
   118.000000000000       0.852422691041523     
   119.000000000000       0.855647474667809     
   120.000000000000       0.858829448880465     
   121.000000000000       0.861938998024069     
   122.000000000000       0.864992274757048     
   123.000000000000       0.867992716341818     
   124.000000000000       0.870943063992792     
   125.000000000000       0.873828281402677     
   126.000000000000       0.876677451340829     
   127.000000000000       0.879474637275661     
   128.000000000000       0.882213941937295     
   129.000000000000       0.884912322509055     
   130.000000000000       0.887575930105924     
   131.000000000000       0.890179635854886     
   132.000000000000       0.892743707437747     
   133.000000000000       0.895272084882704     
   134.000000000000       0.897758435703966     
   135.000000000000       0.900200322184206     
   136.000000000000       0.902606973607089     
   137.000000000000       0.904976877627347     
   138.000000000000       0.907316411511040     
   139.000000000000       0.909600439567484     
   140.000000000000       0.911875664060200     
   141.000000000000       0.914107290533067     
   142.000000000000       0.916309300296735     
   143.000000000000       0.918458775188409     
   144.000000000000       0.920614114942030     
   145.000000000000       0.922722169100038     
   146.000000000000       0.924781631347618     
   147.000000000000       0.926844743719632     
   148.000000000000       0.928867460587868     
   149.000000000000       0.930850487584429     
   150.000000000000       0.932827806028722     
   151.000000000000       0.934774458666023     
   152.000000000000       0.936693316292593     
   153.000000000000       0.938586281903648     
   154.000000000000       0.940447482017718     
   155.000000000000       0.942309375082507     
   156.000000000000       0.944129875161041     
   157.000000000000       0.945939237630741     
   158.000000000000       0.947717929347517     
   159.000000000000       0.949485362740423     
   160.000000000000       0.951223475775122     
   161.000000000000       0.952950503055764     
   162.000000000000       0.954649214289871     
   163.000000000000       0.956344267123889     
   164.000000000000       0.958003888671770     
   165.000000000000       0.959659907115556     
   166.000000000000       0.961295134304084     
   167.000000000000       0.962895149502613     
   168.000000000000       0.964511538670570     
   169.000000000000       0.966105373519699     
   170.000000000000       0.967641717516488     
   171.000000000000       0.969217483122114     
   172.000000000000       0.970751569820684     
   173.000000000000       0.972274085529704     
   174.000000000000       0.973783765157730     
   175.000000000000       0.975275465071434     
   176.000000000000       0.976762892100967     
   177.000000000000       0.978247710989992     
   178.000000000000       0.979684996736703     
   179.000000000000       0.981143275323944     
   180.000000000000       0.982562091215877     
   181.000000000000       0.983986370950970     
   182.000000000000       0.985405093095421     
   183.000000000000       0.986795504677514     
   184.000000000000       0.988191020281753     
   185.000000000000       0.989561406706043     
   186.000000000000       0.990924494057114     
   187.000000000000       0.992291492464750     
   188.000000000000       0.993623314895062     
   189.000000000000       0.994974534008312     
   190.000000000000       0.996294071166105     
   191.000000000000       0.997616541845778     
   192.000000000000       0.998911738486064     
   193.000000000000        1.00021160790708     
   194.000000000000        1.00151299252055     
   195.000000000000        1.00278831653075     
   196.000000000000        1.00405469649208     
   197.000000000000        1.00532984973426     
   198.000000000000        1.00659005860358     
   199.000000000000        1.00783501300948     
   200.000000000000        1.00907751959636     
   201.000000000000        1.01031384195867     
   202.000000000000        1.01154995208829     
   203.000000000000        1.01275566810857     
   204.000000000000        1.01396761572972     
   205.000000000000        1.01519207379271     
   206.000000000000        1.01638398185342     
   207.000000000000        1.01757464735965     
   208.000000000000        1.01876306218305     
   209.000000000000        1.01994716588432     
   210.000000000000        1.02112511280670     
   211.000000000000        1.02229263921767     
   212.000000000000        1.02346603104873     
   213.000000000000        1.02460872468924     
   214.000000000000        1.02577360571290     
   215.000000000000        1.02690965839651     
   216.000000000000        1.02805879792241     
   217.000000000000        1.02920398061866     
   218.000000000000        1.03032382328972     
   219.000000000000        1.03145381346299     
   220.000000000000        1.03257529217053     
   221.000000000000        1.03370043971050     
   222.000000000000        1.03479905210805     
   223.000000000000        1.03590998450712     
   224.000000000000        1.03702101558548     
   225.000000000000        1.03811686989901     
   226.000000000000        1.03919961246374     
   227.000000000000        1.04030973603017     
   228.000000000000        1.04138131770149     
   229.000000000000        1.04248458970053     
   230.000000000000        1.04355555767365     
   231.000000000000        1.04461304363568     
   232.000000000000        1.04571506122274     
   233.000000000000        1.04676492774672     
   234.000000000000        1.04783549970744     
   235.000000000000        1.04888978975497     
   236.000000000000        1.04995798104053     
   237.000000000000        1.05101431845676     
   238.000000000000        1.05205266534307     
   239.000000000000        1.05310323113494     
   240.000000000000        1.05415670401606     
   241.000000000000        1.05518292678934     
   242.000000000000        1.05623226305803     
   243.000000000000        1.05726050612796     
   244.000000000000        1.05829727409118     
   245.000000000000        1.05932246028929     
   246.000000000000        1.06034436665785     
   247.000000000000        1.06137165915077     
   248.000000000000        1.06239441053923     
   249.000000000000        1.06340118042806     
   250.000000000000        1.06443216385657     
   251.000000000000        1.06542440344682     
   252.000000000000        1.06645487960777     
   253.000000000000        1.06746137534905     
   254.000000000000        1.06844843562419     
   255.000000000000        1.06947664970009     
   256.000000000000        1.07045893055494     
   257.000000000000        1.07146422627077     
   258.000000000000        1.07246081927675     
   259.000000000000        1.07343468247732     
   260.000000000000        1.07446012561053     
   261.000000000000        1.07541897411790     
   262.000000000000        1.07643434229241     
   263.000000000000        1.07739404617890     
   264.000000000000        1.07838742819217     
   265.000000000000        1.07937748023271     
   266.000000000000        1.08033633395565     
   267.000000000000        1.08132629281588     
   268.000000000000        1.08229484709439     
   269.000000000000        1.08327375782732     
   270.000000000000        1.08424457484268     
   271.000000000000        1.08521788480392     
   272.000000000000        1.08616874892583     
   273.000000000000        1.08714818443023     
   274.000000000000        1.08811514246394     
   275.000000000000        1.08905853808636     
   276.000000000000        1.09004204645586     
   277.000000000000        1.09098660855092     
   278.000000000000        1.09194514858407     
   279.000000000000        1.09290884129869     
   280.000000000000        1.09386754727137     
   281.000000000000        1.09479388376938     
   282.000000000000        1.09577209800901     
   283.000000000000        1.09671165757786     
   284.000000000000        1.09764814551041     
   285.000000000000        1.09861706756212     
   286.000000000000        1.09953453348056     
   287.000000000000        1.10049225967211     
   288.000000000000        1.10144588583469     
   289.000000000000        1.10236793458490     
   290.000000000000        1.10330537614018     
   291.000000000000        1.10425265321988     
   292.000000000000        1.10518029032060     
   293.000000000000        1.10613564084305     
   294.000000000000        1.10703904727258     
   295.000000000000        1.10799634290740     
   296.000000000000        1.10891151312335     
   297.000000000000        1.10985174380814     
   298.000000000000        1.11076419856434     
   299.000000000000        1.11169966634646     
   300.000000000000        1.11262028864289     
   301.000000000000        1.11355894357442     
   302.000000000000        1.11445357409022     
   303.000000000000        1.11540152046321     
   304.000000000000        1.11631376788300     
   305.000000000000        1.11722526224367     
   306.000000000000        1.11815198124655     
   307.000000000000        1.11905480644020     
   308.000000000000        1.11998387529749     
   309.000000000000        1.12089358117015     
   310.000000000000        1.12181354946563     
   311.000000000000        1.12270820833388     
   312.000000000000        1.12364034834692     
   313.000000000000        1.12453606703986     
   314.000000000000        1.12545073961919     
   315.000000000000        1.12634818990485     
   316.000000000000        1.12725791770732     
   317.000000000000        1.12816912574544     
   318.000000000000        1.12906524657358     
   319.000000000000        1.12996355440404     
   320.000000000000        1.13087168272569     
   321.000000000000        1.13176956486679     
   322.000000000000        1.13266848623552     
   323.000000000000        1.13355667420044     
   324.000000000000        1.13446650640589     
   325.000000000000        1.13535074046482     
   326.000000000000        1.13625799766423     
   327.000000000000        1.13713238790799     
   328.000000000000        1.13805199758813     
   329.000000000000        1.13892360880391     
   330.000000000000        1.13981393792441     
   331.000000000000        1.14070871235730     
   332.000000000000        1.14159513247888     
   333.000000000000        1.14248190310232     
   334.000000000000        1.14336884696498     
   335.000000000000        1.14424547408325     
   336.000000000000        1.14514560822020     
   337.000000000000        1.14600568446590     
   338.000000000000        1.14690165657597     
   339.000000000000        1.14777723745100     
   340.000000000000        1.14864066518914     
   341.000000000000        1.14955547688078     
   342.000000000000        1.15040968467639     
   343.000000000000        1.15128841557411     
   344.000000000000        1.15216554222035     
   345.000000000000        1.15302614893740     
   346.000000000000        1.15391472189430     
   347.000000000000        1.15478717356620     
   348.000000000000        1.15564102487673     
   349.000000000000        1.15651415588521     
   350.000000000000        1.15739116849352     
   351.000000000000        1.15824600274030     
   352.000000000000        1.15910680188779     
   353.000000000000        1.15999859925254     
   354.000000000000        1.16084076380656     
   355.000000000000        1.16171333872704     
   356.000000000000        1.16256579571190     
   357.000000000000        1.16343469989782     
   358.000000000000        1.16429092063876     
   359.000000000000        1.16514438646745     
   360.000000000000        1.16600522778002     
   361.000000000000        1.16686342384689     
   362.000000000000        1.16772173987428     
   363.000000000000        1.16856940563793     
   364.000000000000        1.16942310041894     
   365.000000000000        1.17027013264136     
   366.000000000000        1.17113357226795     
   367.000000000000        1.17195863147489     
   368.000000000000        1.17283289145171     
   369.000000000000        1.17365369124726     
   370.000000000000        1.17451129241294     
   371.000000000000        1.17536854045371     
   372.000000000000        1.17619697595256     
   373.000000000000        1.17703723823144     
   374.000000000000        1.17790602980615     
   375.000000000000        1.17872241068118     
   376.000000000000        1.17956974301602     
   377.000000000000        1.18039270694263     
   378.000000000000        1.18123451670205     
   379.000000000000        1.18208439617733     
   380.000000000000        1.18289998307404     
   381.000000000000        1.18374461797980     
   382.000000000000        1.18457474530646     
   383.000000000000        1.18539943585992     
   384.000000000000        1.18624200124091     
   385.000000000000        1.18706914904208     
   386.000000000000        1.18787827134351     
   387.000000000000        1.18872011841889     
   388.000000000000        1.18953896091084     
   389.000000000000        1.19037265310624     
   390.000000000000        1.19118306942711     
   391.000000000000        1.19200859761598     
   392.000000000000        1.19282667532258     
   393.000000000000        1.19364868232756     
   394.000000000000        1.19446685938900     
   395.000000000000        1.19529599406075     
   396.000000000000        1.19606379717208     
   397.000000000000        1.19692257305698     
   398.000000000000        1.19771691254285     
   399.000000000000        1.19854059345215     
   400.000000000000        1.19933402887978     
   401.000000000000        1.20015993914409     
   402.000000000000        1.20094641909690     
   403.000000000000        1.20177088812902     
   404.000000000000        1.20256897240390     
   405.000000000000        1.20337689962188     
   406.000000000000        1.20416086611053     
   407.000000000000        1.20498290132363     
   408.000000000000        1.20577895350623     
   409.000000000000        1.20657270837013     
   410.000000000000        1.20736632677531     
   411.000000000000        1.20816414930197     
   412.000000000000        1.20895307423817     
   413.000000000000        1.20976251640975     
   414.000000000000        1.21054256709309     
   415.000000000000        1.21133539598835     
   416.000000000000        1.21212844702874     
   417.000000000000        1.21289773520318     
   418.000000000000        1.21371369244643     
   419.000000000000        1.21447388417136     
   420.000000000000        1.21527335476396     
   421.000000000000        1.21604056777753     
   422.000000000000        1.21684752767579     
   423.000000000000        1.21758739621761     
   424.000000000000        1.21841047388323     
   425.000000000000        1.21915026277473     
   426.000000000000        1.21993073482782     
   427.000000000000        1.22072668848874     
   428.000000000000        1.22148189454147     
   429.000000000000        1.22225569717404     
   430.000000000000        1.22303096167166     
   431.000000000000        1.22380276442116     
   432.000000000000        1.22455039450966     
   433.000000000000        1.22531861637827     
   434.000000000000        1.22609565956131     
   435.000000000000        1.22684814217206     
   436.000000000000        1.22761547547121     
   437.000000000000        1.22836400924068     
   438.000000000000        1.22915374666608     
   439.000000000000        1.22987791788788     
   440.000000000000        1.23063093358426     
   441.000000000000        1.23140041048176     
   442.000000000000        1.23214694978345     
   443.000000000000        1.23292150388165     
   444.000000000000        1.23363673088519     
   445.000000000000        1.23438971123331     
   446.000000000000        1.23514820279692     
   447.000000000000        1.23588501248044     
   448.000000000000        1.23664091837997     
   449.000000000000        1.23736187401290     
   450.000000000000        1.23812340246419     
   451.000000000000        1.23885380723426     
   452.000000000000        1.23959004846886     
   453.000000000000        1.24031359402723     
   454.000000000000        1.24106014000136     
   455.000000000000        1.24180204176588     
   456.000000000000        1.24250906467220     
   457.000000000000        1.24326345978063     
   458.000000000000        1.24398296741945     
   459.000000000000        1.24470720747067     
   460.000000000000        1.24541435556375     
   461.000000000000        1.24618070472463     
   462.000000000000        1.24685715023461     
   463.000000000000        1.24761935969559     
   464.000000000000        1.24828921785336     
   465.000000000000        1.24902654037016     
   466.000000000000        1.24975044001964     
   467.000000000000        1.25046787733816     
   468.000000000000        1.25115949552482     
   469.000000000000        1.25187890239062     
   470.000000000000        1.25258936087498     
   471.000000000000        1.25329964531773     
   472.000000000000        1.25399990431880     
   473.000000000000        1.25471866510572     
   474.000000000000        1.25538317919091     
   475.000000000000        1.25611115950373     
   476.000000000000        1.25680263526127     
   477.000000000000        1.25751733844592     
   478.000000000000        1.25818436250636     
   479.000000000000        1.25890048911709     
   480.000000000000        1.25958823684116     
   481.000000000000        1.26025674753217     
   482.000000000000        1.26098567413700     
   483.000000000000        1.26163924987521     
   484.000000000000        1.26233131951948     
   485.000000000000        1.26303815540613     
   486.000000000000        1.26370552878394     
   487.000000000000        1.26437188668751     
   488.000000000000        1.26507094964331     
   489.000000000000        1.26574818755818     
   490.000000000000        1.26638935771303     
   491.000000000000        1.26708596514794     
   492.000000000000        1.26778590747579     
   493.000000000000        1.26838905525933     
   494.000000000000        1.26911577674414     
   495.000000000000        1.26976040167538     
   496.000000000000        1.27041715338138     
   497.000000000000        1.27108619668996     
   498.000000000000        1.27176408633969     
   499.000000000000        1.27240224452791     
   500.000000000000        1.27307568287744     
   501.000000000000        1.27372230852427     
   502.000000000000        1.27438192115870     
   503.000000000000        1.27501310060796     
   504.000000000000        1.27570298662706     
   505.000000000000        1.27631519538018     
   506.000000000000        1.27698340693255     
   507.000000000000        1.27762163537123     
   508.000000000000        1.27827952988003     
   509.000000000000        1.27890546801582     
   510.000000000000        1.27953598875062     
   511.000000000000        1.28020612525580     
   512.000000000000        1.28082295629251     
   513.000000000000        1.28145395550700     
   514.000000000000        1.28207707711188     
   515.000000000000        1.28274329044259     
   516.000000000000        1.28332391697025     
   517.000000000000        1.28398737402551     
   518.000000000000        1.28461167139895     
   519.000000000000        1.28522615385477     
   520.000000000000        1.28585110327212     
   521.000000000000        1.28646670491673     
   522.000000000000        1.28709665394581     
   523.000000000000        1.28769284269867     
   524.000000000000        1.28833297419466     
   525.000000000000        1.28893128253675     
   526.000000000000        1.28954921983884     
   527.000000000000        1.29016389556594     
   528.000000000000        1.29075067731539     
   529.000000000000        1.29136206983959     
   530.000000000000        1.29197149783458     
   531.000000000000        1.29257552869406     
   532.000000000000        1.29317893158798     
   533.000000000000        1.29374719542657     
   534.000000000000        1.29438208731052     
   535.000000000000        1.29496091409377     
   536.000000000000        1.29552800728629     
   537.000000000000        1.29616017660116     
   538.000000000000        1.29670137787290     
   539.000000000000        1.29731953041300     
   540.000000000000        1.29791893684679     
   541.000000000000        1.29846727879264     
   542.000000000000        1.29908082473707     
   543.000000000000        1.29963088460562     
   544.000000000000        1.30023345248997     
   545.000000000000        1.30078084105350     
   546.000000000000        1.30139271859920     
   547.000000000000        1.30192910142250     
   548.000000000000        1.30251424955209     
   549.000000000000        1.30309476654756     
   550.000000000000        1.30362868520677     
   551.000000000000        1.30421587485669     
   552.000000000000        1.30478786946882     
   553.000000000000        1.30531687727850     
   554.000000000000        1.30588767749456     
   555.000000000000        1.30645740326453     
   556.000000000000        1.30701117150227     
   557.000000000000        1.30754604192691     
   558.000000000000        1.30810281767165     
   559.000000000000        1.30865078962380     
   560.000000000000        1.30920175534887     
   561.000000000000        1.30976196468950     
   562.000000000000        1.31028109166274     
   563.000000000000        1.31083928730163     
   564.000000000000        1.31138437599441     
   565.000000000000        1.31188476374072     
   566.000000000000        1.31247489817163     
   567.000000000000        1.31294818136585     
   568.000000000000        1.31351751465891     
   569.000000000000        1.31404595275789     
   570.000000000000        1.31455671790090     
   571.000000000000        1.31509239640321     
   572.000000000000        1.31562124612453     
   573.000000000000        1.31615395847270     
   574.000000000000        1.31663037777706     
   575.000000000000        1.31719997044286     
   576.000000000000        1.31768556139987     
   577.000000000000        1.31821228367045     
   578.000000000000        1.31871779643812     
   579.000000000000        1.31924061296309     
   580.000000000000        1.31972222994383     
   581.000000000000        1.32027045761353     
   582.000000000000        1.32073843684603     
   583.000000000000        1.32126765842420     
   584.000000000000        1.32175714413555     
   585.000000000000        1.32226244768171     
   586.000000000000        1.32275909750214     
   587.000000000000        1.32322448366068     
   588.000000000000        1.32375854455466     
   589.000000000000        1.32423419775097     
   590.000000000000        1.32471511984966     
   591.000000000000        1.32523352196314     
   592.000000000000        1.32568887930659     
   593.000000000000        1.32618812197005     
   594.000000000000        1.32666772359247     
   595.000000000000        1.32714723147844     
   596.000000000000        1.32761889884439     
   597.000000000000        1.32809887471815     
   598.000000000000        1.32858798161878     
   599.000000000000        1.32904776011447     
   600.000000000000        1.32953608288524     
   601.000000000000        1.32996339130622     
   602.000000000000        1.33046656052678     
   603.000000000000        1.33091581615811     
   604.000000000000        1.33137049757154     
   605.000000000000        1.33184317571624     
   606.000000000000        1.33229062543480     
   607.000000000000        1.33277043487061     
   608.000000000000        1.33322000767839     
   609.000000000000        1.33364154607583     
   610.000000000000        1.33414468351890     
   611.000000000000        1.33456532801822     
   612.000000000000        1.33501412977442     
   613.000000000000        1.33546151952979     
   614.000000000000        1.33588835568610     
   615.000000000000        1.33636666690339     
   616.000000000000        1.33677618973788     
   617.000000000000        1.33724331223332     
   618.000000000000        1.33765613561189     
   619.000000000000        1.33810576553115     
   620.000000000000        1.33852134389388     
   621.000000000000        1.33896791584827     
   622.000000000000        1.33940144565665     
   623.000000000000        1.33981135694572     
   624.000000000000        1.34025739318382     
   625.000000000000        1.34067015231859     
   626.000000000000        1.34107587987972     
   627.000000000000        1.34152170390104     
   628.000000000000        1.34191088746859     
   629.000000000000        1.34235344533130     
   630.000000000000        1.34276544767368     
   631.000000000000        1.34316677828969     
   632.000000000000        1.34358700652723     
   633.000000000000        1.34398257556990     
   634.000000000000        1.34439696100214     
   635.000000000000        1.34479969990596     
   636.000000000000        1.34522703575935     
   637.000000000000        1.34559640805636     
   638.000000000000        1.34600947062790     
   639.000000000000        1.34641175030232     
   640.000000000000        1.34679554591470     
   641.000000000000        1.34721813943167     
   642.000000000000        1.34758498942582     
   643.000000000000        1.34798348969193     
   644.000000000000        1.34836438635934     
   645.000000000000        1.34875027279637     
   646.000000000000        1.34915573292056     
   647.000000000000        1.34952817933614     
   648.000000000000        1.34989379345547     
   649.000000000000        1.35029642115736     
   650.000000000000        1.35066263745662     
   651.000000000000        1.35104200562765     
   652.000000000000        1.35140747607782     
   653.000000000000        1.35180540405923     
   654.000000000000        1.35216795841662     
   655.000000000000        1.35252858629960     
   656.000000000000        1.35290634203249     
   657.000000000000        1.35325925658392     
   658.000000000000        1.35363196372518     
   659.000000000000        1.35399117265056     
   660.000000000000        1.35435972336756     
   661.000000000000        1.35470837230328     
   662.000000000000        1.35507902475271     
   663.000000000000        1.35544248835697     
   664.000000000000        1.35576622115961     
   665.000000000000        1.35613919550236     
   666.000000000000        1.35648086195730     
   667.000000000000        1.35684824097638     
   668.000000000000        1.35717287347562     
   669.000000000000        1.35751952124824     
   670.000000000000        1.35788776427508     
   671.000000000000        1.35819662801998     
   672.000000000000        1.35857368121502     
   673.000000000000        1.35887787862234     
   674.000000000000        1.35921493339614     
   675.000000000000        1.35958056994460     
   676.000000000000        1.35991004011924     
   677.000000000000        1.36022594711348     
   678.000000000000        1.36056692162731     
   679.000000000000        1.36088862962115     
   680.000000000000        1.36122594493794     
   681.000000000000        1.36154186925127     
   682.000000000000        1.36188418992453     
   683.000000000000        1.36218740994196     
   684.000000000000        1.36253619432242     
   685.000000000000        1.36282253475242     
   686.000000000000        1.36315889501295     
   687.000000000000        1.36347584271083     
   688.000000000000        1.36379695548580     
   689.000000000000        1.36410633232917     
   690.000000000000        1.36437218200817     
   691.000000000000        1.36474814633150     
   692.000000000000        1.36503248456990     
   693.000000000000        1.36532037105846     
   694.000000000000        1.36565205117437     
   695.000000000000        1.36593952482438     
   696.000000000000        1.36626154038715     
   697.000000000000        1.36654574487628     
   698.000000000000        1.36687075301620     
   699.000000000000        1.36714499656958     
   700.000000000000        1.36745336574870     
   701.000000000000        1.36774205194822     
   702.000000000000        1.36805664298723     
   703.000000000000        1.36830826278426     
   704.000000000000        1.36864671200714     
   705.000000000000        1.36888519564827     
   706.000000000000        1.36921230487743     
   707.000000000000        1.36948166246200     
   708.000000000000        1.36974900292298     
   709.000000000000        1.37008572860595     
   710.000000000000        1.37031713088229     
   711.000000000000        1.37061227254923     
   712.000000000000        1.37091897111762     
   713.000000000000        1.37117187294240     
   714.000000000000        1.37145498153677     
   715.000000000000        1.37172518133871     
   716.000000000000        1.37200952681257     
   717.000000000000        1.37228831773043     
   718.000000000000        1.37253653482835     
   719.000000000000        1.37282574947869     
   720.000000000000        1.37309423725991     
   721.000000000000        1.37334031559053     
   722.000000000000        1.37364315507499     
   723.000000000000        1.37389117825669     
   724.000000000000        1.37414561610914     
   725.000000000000        1.37441583289629     
   726.000000000000        1.37467861109392     
   727.000000000000        1.37494681297600     
   728.000000000000        1.37518398870258     
   729.000000000000        1.37546512662436     
   730.000000000000        1.37566905135860     
   731.000000000000        1.37599842580066     
   732.000000000000        1.37621285236535     
   733.000000000000        1.37645806912824     
   734.000000000000        1.37673520178224     
   735.000000000000        1.37695709035107     
   736.000000000000        1.37722932875379     
   737.000000000000        1.37748902017021     
   738.000000000000        1.37770276545633     
   739.000000000000        1.37796361534804     
   740.000000000000        1.37821649024483     
   741.000000000000        1.37842765843931     
   742.000000000000        1.37872413941894     
   743.000000000000        1.37892018805937     
   744.000000000000        1.37916537653754     
   745.000000000000        1.37942960803176     
   746.000000000000        1.37965260670661     
   747.000000000000        1.37987324506238     
   748.000000000000        1.38015520732534     
   749.000000000000        1.38033596471370     
   750.000000000000        1.38059567966033     
   751.000000000000        1.38084925370117     
   752.000000000000        1.38103642690651     
   753.000000000000        1.38129644616358     
   754.000000000000        1.38153350761665     
   755.000000000000        1.38172097386726     
   756.000000000000        1.38198644170677     
   757.000000000000        1.38223659914022     
   758.000000000000        1.38239812374334     
   759.000000000000        1.38266105300719     
   760.000000000000        1.38288492278966     
   761.000000000000        1.38311460787160     
   762.000000000000        1.38331557752811     
   763.000000000000        1.38357594086729     
   764.000000000000        1.38372777622929     
   765.000000000000        1.38400498231802     
   766.000000000000        1.38420802023917     
   767.000000000000        1.38442960629122     
   768.000000000000        1.38462460930043     
   769.000000000000        1.38486537732906     
   770.000000000000        1.38508729786450     
   771.000000000000        1.38529114492236     
   772.000000000000        1.38550266792502     
   773.000000000000        1.38571499166112     
   774.000000000000        1.38593799568613     
   775.000000000000        1.38613869754049     
   776.000000000000        1.38636687442264     
   777.000000000000        1.38656695144097     
   778.000000000000        1.38679974698206     
   779.000000000000        1.38695999546400     
   780.000000000000        1.38723928389361     
   781.000000000000        1.38737196409604     
   782.000000000000        1.38761202434666     
   783.000000000000        1.38783179786724     
   784.000000000000        1.38802951435124     
   785.000000000000        1.38821155173946     
   786.000000000000        1.38843016668642     
   787.000000000000        1.38864614166863     
   788.000000000000        1.38884516157134     
   789.000000000000        1.38904681621155     
   790.000000000000        1.38924124028597     
   791.000000000000        1.38946529521655     
   792.000000000000        1.38966333155141     
   793.000000000000        1.38984052013861     
   794.000000000000        1.39007946233314     
   795.000000000000        1.39025913809855     
   796.000000000000        1.39046750031598     
   797.000000000000        1.39064456103995     
   798.000000000000        1.39086975420452     
   799.000000000000        1.39104676815250     
   800.000000000000        1.39126372812455     
   801.000000000000        1.39146392868163     
   802.000000000000        1.39162595009020     
   803.000000000000        1.39185623496274     
   804.000000000000        1.39203253045657     
   805.000000000000        1.39224319799253     
   806.000000000000        1.39242222779134     
   807.000000000000        1.39265035518374     
   808.000000000000        1.39282478047288     
   809.000000000000        1.39304703983219     
   810.000000000000        1.39319262267143     
   811.000000000000        1.39341909119570     
   812.000000000000        1.39361334967004     
   813.000000000000        1.39378825202452     
   814.000000000000        1.39398765838351     
   815.000000000000        1.39419346568437     
   816.000000000000        1.39438681050717     
   817.000000000000        1.39456366396935     
   818.000000000000        1.39478737976074     
   819.000000000000        1.39496336057269     
   820.000000000000        1.39515435554518     
   821.000000000000        1.39535848387602     
   822.000000000000        1.39553137505580     
   823.000000000000        1.39574664891195     
   824.000000000000        1.39594470069125     
   825.000000000000        1.39612024189778     
   826.000000000000        1.39631208820268     
   827.000000000000        1.39652923240579     
   828.000000000000        1.39668901739051     
   829.000000000000        1.39691718150263     
   830.000000000000        1.39708689265594     
   831.000000000000        1.39729579469744     
   832.000000000000        1.39747493793752     
   833.000000000000        1.39771648988231     
   834.000000000000        1.39783783332913     
   835.000000000000        1.39806973539948     
   836.000000000000        1.39827394647349     
   837.000000000000        1.39846428983074     
   838.000000000000        1.39860729424529     
   839.000000000000        1.39887908920207     
   840.000000000000        1.39902159361502     
   841.000000000000        1.39924779655819     
   842.000000000000        1.39942380175779     
   843.000000000000        1.39961515564965     
   844.000000000000        1.39984819007192     
   845.000000000000        1.39998009813606     
   846.000000000000        1.40025560503455     
   847.000000000000        1.40041104427185     
   848.000000000000        1.40058920889445     
   849.000000000000        1.40080339810156     
   850.000000000000        1.40102832590405     
   851.000000000000        1.40119966035455     
   852.000000000000        1.40141961906772     
   853.000000000000        1.40160320243046     
   854.000000000000        1.40179517146061     
   855.000000000000        1.40203845026806     
   856.000000000000        1.40217415280343     
   857.000000000000        1.40243908301074     
   858.000000000000        1.40262476547294     
   859.000000000000        1.40280120881465     
   860.000000000000        1.40306157990461     
   861.000000000000        1.40322751346412     
   862.000000000000        1.40344116053557     
   863.000000000000        1.40365449729621     
   864.000000000000        1.40384769261511     
   865.000000000000        1.40406744657176     
   866.000000000000        1.40426100439150     
   867.000000000000        1.40450742900024     
   868.000000000000        1.40467498550794     
   869.000000000000        1.40490092683916     
   870.000000000000        1.40512363478042     
   871.000000000000        1.40532563085006     
   872.000000000000        1.40552315620725     
   873.000000000000        1.40577885737108     
   874.000000000000        1.40596281137006     
   875.000000000000        1.40617159419536     
   876.000000000000        1.40641834449541     
   877.000000000000        1.40660303878524     
   878.000000000000        1.40684390302384     
   879.000000000000        1.40705055227359     
   880.000000000000        1.40727600900863     
   881.000000000000        1.40750462679117     
   882.000000000000        1.40775651952225     
   883.000000000000        1.40791372563503     
   884.000000000000        1.40817886232546     
   885.000000000000        1.40842008701261     
   886.000000000000        1.40864380002590     
   887.000000000000        1.40884265617369     
   888.000000000000        1.40911378847982     
   889.000000000000        1.40928539496916     
   890.000000000000        1.40959044856428     
   891.000000000000        1.40979563095225     
   892.000000000000        1.41001088785732     
   893.000000000000        1.41029302835152     
   894.000000000000        1.41048183758844     
   895.000000000000        1.41073807242084     
   896.000000000000        1.41099476772219     
   897.000000000000        1.41122250135461     
   898.000000000000        1.41146973975611     
   899.000000000000        1.41171123039303     
   900.000000000000        1.41195735741744     
   901.000000000000        1.41222549577710     
   902.000000000000        1.41245234266245     
   903.000000000000        1.41270814434690     
   904.000000000000        1.41297404900242     
   905.000000000000        1.41320932432968     
   906.000000000000        1.41346695402325     
   907.000000000000        1.41376274048036     
   908.000000000000        1.41396735401807     
   909.000000000000        1.41427861951392     
   910.000000000000        1.41450435214758     
   911.000000000000        1.41479269160691     
   912.000000000000        1.41504866513802     
   913.000000000000        1.41530816861916     
   914.000000000000        1.41559824605803     
   915.000000000000        1.41587543652716     
   916.000000000000        1.41613717847393     
   917.000000000000        1.41642472237823     
   918.000000000000        1.41667974809895     
   919.000000000000        1.41698751643314     
   920.000000000000        1.41722738113486     
   921.000000000000        1.41758442950772     
   922.000000000000        1.41781046997195     
   923.000000000000        1.41810514458512     
   924.000000000000        1.41841239685016     
   925.000000000000        1.41873214362562     
   926.000000000000        1.41895110072012     
   927.000000000000        1.41931119736217     
   928.000000000000        1.41958248917607     
   929.000000000000        1.41989329841324     
   930.000000000000        1.42019193746122     
   931.000000000000        1.42049428296058     
   932.000000000000        1.42086808814838     
   933.000000000000        1.42108267757218     
   934.000000000000        1.42145757159392     
   935.000000000000        1.42173569538902     
   936.000000000000        1.42209380631993     
   937.000000000000        1.42238355269130     
   938.000000000000        1.42272828003680     
   939.000000000000        1.42303863923504     
   940.000000000000        1.42336293502648     
   941.000000000000        1.42372953207190     
   942.000000000000        1.42403576664847     
   943.000000000000        1.42436255408305     
   944.000000000000        1.42472047802385     
   945.000000000000        1.42505261185252     
   946.000000000000        1.42538304005837     
   947.000000000000        1.42574832570436     
   948.000000000000        1.42611137123075     
   949.000000000000        1.42643950340463     
   950.000000000000        1.42680582006824     
   951.000000000000        1.42718358855369     
   952.000000000000        1.42751078038057     
   953.000000000000        1.42791597247503     
   954.000000000000        1.42824424100025     
   955.000000000000        1.42864635938844     
   956.000000000000        1.42899333185674     
   957.000000000000        1.42942275357958     
   958.000000000000        1.42971477136815     
   959.000000000000        1.43017667699786     
   960.000000000000        1.43050607866540     
   961.000000000000        1.43091716413442     
   962.000000000000        1.43134314299839     
   963.000000000000        1.43171161777054     
   964.000000000000        1.43207144506961     
   965.000000000000        1.43252867023826     
   966.000000000000        1.43295278077891     
   967.000000000000        1.43330777453248     
   968.000000000000        1.43373327325848     
   969.000000000000        1.43416232443281     
   970.000000000000        1.43458275084595     
   971.000000000000        1.43501671399375     
   972.000000000000        1.43542563618133     
   973.000000000000        1.43585302288279     
   974.000000000000        1.43628829083136     
   975.000000000000        1.43675034491440     
   976.000000000000        1.43720257473690     
   977.000000000000        1.43761858787182     
   978.000000000000        1.43806563651045     
   979.000000000000        1.43852497735700     
   980.000000000000        1.43897919307883     
   981.000000000000        1.43949613586193     
   982.000000000000        1.43988112849943     
   983.000000000000        1.44039893550131     
   984.000000000000        1.44084113178849     
   985.000000000000        1.44136998142508     
   986.000000000000        1.44182333217071     
   987.000000000000        1.44229808766664     
   988.000000000000        1.44279528849053     
   989.000000000000        1.44329165687841     
   990.000000000000        1.44378606262409     
   991.000000000000        1.44432781558292     
   992.000000000000        1.44477792527032     
   993.000000000000        1.44530684338662     
   994.000000000000        1.44585302353686     
   995.000000000000        1.44636539183965     
   996.000000000000        1.44683551400898     
   997.000000000000        1.44743145781414     
   998.000000000000        1.44796715463719     
   999.000000000000        1.44846893745829     
   1000.00000000000        1.44904097736532     
   1001.00000000000        1.44955562023160     
   1002.00000000000        1.45014548334629     
   1003.00000000000        1.45068760545575     
   1004.00000000000        1.45123581519579     
   1005.00000000000        1.45185253195623     
   1006.00000000000        1.45237986236263     
   1007.00000000000        1.45295745124238     
   1008.00000000000        1.45357893730757     
   1009.00000000000        1.45412619342996     
   1010.00000000000        1.45475055749458     
   1011.00000000000        1.45535688816526     
   1012.00000000000        1.45591798642238     
   1013.00000000000        1.45659274924179     
   1014.00000000000        1.45712154149769     
   1015.00000000000        1.45778599763032     
   1016.00000000000        1.45844169579832     
   1017.00000000000        1.45903873633919     
   1018.00000000000        1.45964891055710     
   1019.00000000000        1.46032597856245     
   1020.00000000000        1.46097994158143     
   1021.00000000000        1.46163043338739     
   1022.00000000000        1.46224668718670     
   1023.00000000000        1.46299721770644     
   1024.00000000000        1.46359327028971     
   1025.00000000000        1.46430073443432     
   1026.00000000000        1.46494186835077     
   1027.00000000000        1.46571282485092     
   1028.00000000000        1.46635175458162     
   1029.00000000000        1.46704261172111     
   1030.00000000000        1.46776583297133     
   1031.00000000000        1.46846068414116     
   1032.00000000000        1.46919064705430     
   1033.00000000000        1.46992303740999     
   1034.00000000000        1.47064169659202     
   1035.00000000000        1.47138469828365     
   1036.00000000000        1.47211193945016     
   1037.00000000000        1.47287847351565     
   1038.00000000000        1.47364279308932     
   1039.00000000000        1.47442667525491     
   1040.00000000000        1.47515168412956     
   1041.00000000000        1.47592804082891     
   1042.00000000000        1.47678073807228     
   1043.00000000000        1.47749266019129     
   1044.00000000000        1.47831488001049     
   1045.00000000000        1.47911921834001     
   1046.00000000000        1.47992820697760     
   1047.00000000000        1.48074699657756     
   1048.00000000000        1.48155648197909     
   1049.00000000000        1.48240977485633     
   1050.00000000000        1.48323503202381     
   1051.00000000000        1.48408214857040     
   1052.00000000000        1.48494449059168     
   1053.00000000000        1.48578124414445     
   1054.00000000000        1.48667045645493     
   1055.00000000000        1.48751103338393     
   1056.00000000000        1.48845214430761     
   1057.00000000000        1.48929974247112     
   1058.00000000000        1.49019101319132     
   1059.00000000000        1.49111582393536     
   1060.00000000000        1.49202296324715     
   1061.00000000000        1.49295282114749     
   1062.00000000000        1.49387202494056     
   1063.00000000000        1.49481123253897     
   1064.00000000000        1.49576701200977     
   1065.00000000000        1.49669473630844     
   1066.00000000000        1.49768052291909     
   1067.00000000000        1.49863588848157     
   1068.00000000000        1.49964465413077     
   1069.00000000000        1.50055554561442     
   1070.00000000000        1.50164361157603     
   1071.00000000000        1.50261251022946     
   1072.00000000000        1.50357613612603     
   1073.00000000000        1.50463612924491     
   1074.00000000000        1.50564923327860     
   1075.00000000000        1.50670430364762     
   1076.00000000000        1.50773835510726     
   1077.00000000000        1.50876529540151     
   1078.00000000000        1.50988676440646     
   1079.00000000000        1.51094871709257     
   1080.00000000000        1.51199836023582     
   1081.00000000000        1.51308213764763     
   1082.00000000000        1.51420849237963     
   1083.00000000000        1.51530911687414     
   1084.00000000000        1.51643473307620     
   1085.00000000000        1.51756227824032     
   1086.00000000000        1.51869460685138     
   1087.00000000000        1.51982597239954     
   1088.00000000000        1.52102051311484     
   1089.00000000000        1.52215615989108     
   1090.00000000000        1.52333411295200     
   1091.00000000000        1.52454326246105     
   1092.00000000000        1.52567950094993     
   1093.00000000000        1.52696300809746     
   1094.00000000000        1.52814506693808     
   1095.00000000000        1.52937965103522     
   1096.00000000000        1.53058722836689     
   1097.00000000000        1.53186742131967     
   1098.00000000000        1.53309713998502     
   1099.00000000000        1.53439633969416     
   1100.00000000000        1.53562349959075     
   1101.00000000000        1.53696905618452     
   1102.00000000000        1.53823445898974     
   1103.00000000000        1.53956085808912     
   1104.00000000000        1.54087905340246     
   1105.00000000000        1.54220039818846     
   1106.00000000000        1.54355961616035     
   1107.00000000000        1.54487818349510     
   1108.00000000000        1.54630628537479     
   1109.00000000000        1.54765278494699     
   1110.00000000000        1.54902694278136     
   1111.00000000000        1.55040844094754     
   1112.00000000000        1.55188006881190     
   1113.00000000000        1.55323971523726     
   1114.00000000000        1.55475859346476     
   1115.00000000000        1.55612063783116     
   1116.00000000000        1.55765665960459     
   1117.00000000000        1.55906351358519     
   1118.00000000000        1.56055680621552     
   1119.00000000000        1.56209168707560     
   1120.00000000000        1.56355330639358     
   1121.00000000000        1.56510339126136     
   1122.00000000000        1.56660585937624     
   1123.00000000000        1.56819407528531     
   1124.00000000000        1.56974624198312     
   1125.00000000000        1.57122145466416     
   1126.00000000000        1.57296483701901     
   1127.00000000000        1.57446934064200     
   1128.00000000000        1.57606723698524     
   1129.00000000000        1.57770601257257     
   1130.00000000000        1.57938565646482     
   1131.00000000000        1.58100480276867     
   1132.00000000000        1.58262755292438     
   1133.00000000000        1.58437513696515     
   1134.00000000000        1.58605134014512     
   1135.00000000000        1.58772926800083     
   1136.00000000000        1.58942907254906     
   1137.00000000000        1.59123652002169     
   1138.00000000000        1.59291037903556     
   1139.00000000000        1.59470935619891     
   1140.00000000000        1.59648635018635     
   1141.00000000000        1.59827631640059     
   1142.00000000000        1.60010462910128     
   1143.00000000000        1.60187907683683     
   1144.00000000000        1.60371783377074     
   1145.00000000000        1.60558083014261     
   1146.00000000000        1.60744537784930     
   1147.00000000000        1.60933371063011     
   1148.00000000000        1.61122371862157     
   1149.00000000000        1.61314187420275     
   1150.00000000000        1.61503382529015     
   1151.00000000000        1.61704659777941     
   1152.00000000000        1.61894789141142     
   1153.00000000000        1.62097085376857     
   1154.00000000000        1.62291623084473     
   1155.00000000000        1.62492602455885     
   1156.00000000000        1.62700531448899     
   1157.00000000000        1.62894622748682     
   1158.00000000000        1.63105050423146     
   1159.00000000000        1.63315545405691     
   1160.00000000000        1.63521581113798     
   1161.00000000000        1.63729162067269     
   1162.00000000000        1.63947392003432     
   1163.00000000000        1.64160505327927     
   1164.00000000000        1.64377114253064     
   1165.00000000000        1.64594094011418     
   1166.00000000000        1.64813064706514     
   1167.00000000000        1.65026450478996     
   1168.00000000000        1.65262209412654     
   1169.00000000000        1.65481792518943     
   1170.00000000000        1.65704592905883     
   1171.00000000000        1.65939243863615     
   1172.00000000000        1.66166960245107     
   1173.00000000000        1.66398072550306     
   1174.00000000000        1.66637482099574     
   1175.00000000000        1.66865169302703     
   1176.00000000000        1.67109768098741     
   1177.00000000000        1.67348661966505     
   1178.00000000000        1.67589950351023     
   1179.00000000000        1.67835035641553     
   1180.00000000000        1.68078024608256     
   1181.00000000000        1.68326818788054     
   1182.00000000000        1.68581078959776     
   1183.00000000000        1.68824181704871     
   1184.00000000000        1.69084889432093     
   1185.00000000000        1.69336322338342     
   1186.00000000000        1.69597292303169     
   1187.00000000000        1.69855908483214     
   1188.00000000000        1.70117300389718     
   1189.00000000000        1.70389464415721     
   1190.00000000000        1.70643164289762     
   1191.00000000000        1.70921830170479     
   1192.00000000000        1.71188666992286     
   1193.00000000000        1.71462775088727     
   1194.00000000000        1.71737963073885     
   1195.00000000000        1.72020148604873     
   1196.00000000000        1.72290115514664     
   1197.00000000000        1.72576362919608     
   1198.00000000000        1.72864630298850     
   1199.00000000000        1.73151835391250     
   1200.00000000000        1.73438671681219     
   1201.00000000000        1.73727285161615     
   1202.00000000000        1.74025156976840     
   1203.00000000000        1.74317807625168     
   1204.00000000000        1.74617534025466     
   1205.00000000000        1.74918445194799     
   1206.00000000000        1.75224130568205     
   1207.00000000000        1.75522652948023     
   1208.00000000000        1.75842669075561     
   1209.00000000000        1.76144985309524     
   1210.00000000000        1.76463598926417     
   1211.00000000000        1.76778005953161     
   1212.00000000000        1.77094718509070     
   1213.00000000000        1.77423798547411     
   1214.00000000000        1.77741321842925     
   1215.00000000000        1.78067865711829     
   1216.00000000000        1.78395838805072     
   1217.00000000000        1.78734398627941     
   1218.00000000000        1.79062136868116     
   1219.00000000000        1.79399456883210     
   1220.00000000000        1.79744306067989     
   1221.00000000000        1.80084949360804     
   1222.00000000000        1.80430846050987     
   1223.00000000000        1.80776556842406     
   1224.00000000000        1.81132697920326     
   1225.00000000000        1.81479796119969     
   1226.00000000000        1.81847910704040     
   1227.00000000000        1.82200546904340     
   1228.00000000000        1.82561500515814     
   1229.00000000000        1.82934204322039     
   1230.00000000000        1.83301763160063     
   1231.00000000000        1.83671021725173     
   1232.00000000000        1.84050084228308     
   1233.00000000000        1.84423878102753     
   1234.00000000000        1.84808762236144     
   1235.00000000000        1.85191432877265     
   1236.00000000000        1.85588613040423     
   1237.00000000000        1.85963283867952     
   1238.00000000000        1.86369976971290     
   1239.00000000000        1.86756519347969     
   1240.00000000000        1.87170921050126     
   1241.00000000000        1.87562705792871     
   1242.00000000000        1.87972043373206     
   1243.00000000000        1.88389928772097     
   1244.00000000000        1.88798250772413     
   1245.00000000000        1.89218257268748     
   1246.00000000000        1.89640793824132     
   1247.00000000000        1.90058976700183     
   1248.00000000000        1.90494306604705     
   1249.00000000000        1.90924491482669     
   1250.00000000000        1.91356899407671     
   1251.00000000000        1.91803698258882     
   1252.00000000000        1.92238306771189     
   1253.00000000000        1.92685568086299     
   1254.00000000000        1.93132418443785     
   1255.00000000000        1.93595291743254     
   1256.00000000000        1.94043024453442     
   1257.00000000000        1.94509674333487     
   1258.00000000000        1.94972582449245     
   1259.00000000000        1.95445179430800     
   1260.00000000000        1.95915822849085     
   1261.00000000000        1.96391243747236     
   1262.00000000000        1.96875461597635     
   1263.00000000000        1.97363459375872     
   1264.00000000000        1.97848039825096     
   1265.00000000000        1.98347416032563     
   1266.00000000000        1.98833175110365     
   1267.00000000000        1.99336555674398     
   1268.00000000000        1.99852858574983     
   1269.00000000000        2.00359630657894     
   1270.00000000000        2.00867796768875     
   1271.00000000000        2.01396976632512     
   1272.00000000000        2.01905978391470     
   1273.00000000000        2.02445939299317     
   1274.00000000000        2.02971563741675     
   1275.00000000000        2.03507657284252     
   1276.00000000000        2.04049260086334     
   1277.00000000000        2.04597811187291     
   1278.00000000000        2.05147028939370     
   1279.00000000000        2.05712784186462     
   1280.00000000000        2.06259533634445     
   1281.00000000000        2.06831903162038     
   1282.00000000000        2.07382290471421     
   1283.00000000000        2.07979794647717     
   1284.00000000000        2.08558247013696     
   1285.00000000000        2.09121655898659     
   1286.00000000000        2.09720297856648     
   1287.00000000000        2.10323758513921     
   1288.00000000000        2.10914357889990     
   1289.00000000000        2.11527281941489     
   1290.00000000000        2.12116790296830     
   1291.00000000000        2.12752539169787     
   1292.00000000000        2.13357558998290     
   1293.00000000000        2.13995197316846     
   1294.00000000000        2.14617144087581     
   1295.00000000000        2.15263539545279     
   1296.00000000000        2.15889292695432     
   1297.00000000000        2.16558834840480     
   1298.00000000000        2.17186044022753     
   1299.00000000000        2.17859644337111     
   1300.00000000000        2.18515790815872     
   1301.00000000000        2.19196773612512     
   1302.00000000000        2.19869489659698     
   1303.00000000000        2.20549405823913     
   1304.00000000000        2.21243428450488     
   1305.00000000000        2.21934792336501     
   1306.00000000000        2.22635619970429     
   1307.00000000000        2.23322264970268     
   1308.00000000000        2.24055644967242     
   1309.00000000000        2.24763440077348     
   1310.00000000000        2.25499766696273     
   1311.00000000000        2.26225033798626     
   1312.00000000000        2.26946419450926     
   1313.00000000000        2.27714193381195     
   1314.00000000000        2.28456000614229     
   1315.00000000000        2.29213695088172     
   1316.00000000000        2.29969419231100     
   1317.00000000000        2.30750045570393     
   1318.00000000000        2.31527770109020     
   1319.00000000000        2.32299440253819     
   1320.00000000000        2.33108575165363     
   1321.00000000000        2.33883864471906     
   1322.00000000000        2.34696653114711     
   1323.00000000000        2.35508751600069     
   1324.00000000000        2.36319829036827     
   1325.00000000000        2.37161495026316     
   1326.00000000000        2.37988641745035     
   1327.00000000000        2.38820283788200     
   1328.00000000000        2.39682284199623     
   1329.00000000000        2.40543775369039     
   1330.00000000000        2.41375306311374     
   1331.00000000000        2.42265703829880     
   1332.00000000000        2.43157636747985     
   1333.00000000000        2.44016777258151     
   1334.00000000000        2.44912665089791     
   1335.00000000000        2.45813163413436     
   1336.00000000000        2.46732591344105     
   1337.00000000000        2.47651261617988     
   1338.00000000000        2.48548351523776     
   1339.00000000000        2.49521263924206     
   1340.00000000000        2.50429159007661     
   1341.00000000000        2.51387109994866     
   1342.00000000000        2.52368723046808     
   1343.00000000000        2.53297171710409     
   1344.00000000000        2.54301316756866     
   1345.00000000000        2.55258082637017     
   1346.00000000000        2.56269675342906     
   1347.00000000000        2.57232396455678     
   1348.00000000000        2.58257011452824     
   1349.00000000000        2.59260906974190     
   1350.00000000000        2.60298964596362     
   1351.00000000000        2.61343549190105     
   1352.00000000000        2.62352262520238     
   1353.00000000000        2.63427049493312     
   1354.00000000000        2.64508625329157     
   1355.00000000000        2.65552161158885     
   1356.00000000000        2.66602607726588     
   1357.00000000000        2.67639047070351     
   1358.00000000000        2.68833881236900     
