  0.000000000000000E+000  -1.00000000000000     
   1.00000000000000       -1.00000000000000     
   2.00000000000000       -1.00000000000000     
   3.00000000000000       -1.00000000000000     
   4.00000000000000       -1.00000000000000     
   5.00000000000000       -1.00000000000000     
   6.00000000000000       -1.00000000000000     
   7.00000000000000       -1.00000000000000     
   8.00000000000000       -1.00000000000000     
   9.00000000000000       -1.00000000000000     
   10.0000000000000       -1.00000000000000     
   11.0000000000000       -1.00000000000000     
   12.0000000000000       -1.00000000000000     
   13.0000000000000       -1.00000000000000     
   14.0000000000000       -1.00000000000000     
   15.0000000000000       -1.00000000000000     
   16.0000000000000       -1.00000000000000     
   17.0000000000000       -1.00000000000000     
   18.0000000000000       -1.00000000000000     
   19.0000000000000       -1.00000000000000     
   20.0000000000000       -1.00000000000000     
   21.0000000000000       -1.00000000000000     
   22.0000000000000       -1.00000000000000     
   23.0000000000000       -1.00000000000000     
   24.0000000000000       -1.00000000000000     
   25.0000000000000       -1.00000000000000     
   26.0000000000000       -1.00000000000000     
   27.0000000000000       -1.00000000000000     
   28.0000000000000       -1.00000000000000     
   29.0000000000000       -1.00000000000000     
   30.0000000000000       -1.00000000000000     
   31.0000000000000       -1.00000000000000     
   32.0000000000000       -1.00000000000000     
   33.0000000000000       -1.00000000000000     
   34.0000000000000       -1.00000000000000     
   35.0000000000000       -1.00000000000000     
   36.0000000000000       -1.00000000000000     
   37.0000000000000       -1.00000000000000     
   38.0000000000000       -1.00000000000000     
   39.0000000000000       -1.00000000000000     
   40.0000000000000       -1.00000000000000     
   41.0000000000000       -1.00000000000000     
   42.0000000000000       -1.00000000000000     
   43.0000000000000       -1.00000000000000     
   44.0000000000000       -1.00000000000000     
   45.0000000000000       -1.00000000000000     
   46.0000000000000       -1.00000000000000     
   47.0000000000000       -1.00000000000000     
   48.0000000000000       -1.00000000000000     
   49.0000000000000       -1.00000000000000     
   50.0000000000000       -1.00000000000000     
   51.0000000000000       -1.00000000000000     
   52.0000000000000       -1.00000000000000     
   53.0000000000000       -1.00000000000000     
   54.0000000000000       -1.00000000000000     
   55.0000000000000       -1.00000000000000     
   56.0000000000000       -1.00000000000000     
   57.0000000000000       -1.00000000000000     
   58.0000000000000       -1.00000000000000     
   59.0000000000000       -1.00000000000000     
   60.0000000000000       -1.00000000000000     
   61.0000000000000       -1.00000000000000     
   62.0000000000000       -1.00000000000000     
   63.0000000000000       -1.00000000000000     
   64.0000000000000       -1.00000000000000     
   65.0000000000000       -1.00000000000000     
   66.0000000000000       -1.00000000000000     
   67.0000000000000       -1.00000000000000     
   68.0000000000000       -1.00000000000000     
   69.0000000000000       -1.00000000000000     
   70.0000000000000       -1.00000000000000     
   71.0000000000000       -1.00000000000000     
   72.0000000000000       -1.00000000000000     
   73.0000000000000       -1.00000000000000     
   74.0000000000000       -1.00000000000000     
   75.0000000000000       0.981630512278599     
   76.0000000000000       0.991372432356559     
   77.0000000000000       0.992019246031294     
   78.0000000000000        1.00964499610682     
   79.0000000000000        1.00293042866640     
   80.0000000000000        1.00641629820223     
   81.0000000000000        1.03880740599870     
   82.0000000000000        1.00319430218394     
   83.0000000000000        1.05566257763107     
   84.0000000000000        1.02946746490010     
   85.0000000000000        1.03396855011149     
   86.0000000000000        1.04504258015131     
   87.0000000000000        1.05623133554755     
   88.0000000000000        1.06119354400813     
   89.0000000000000        1.05263545241673     
   90.0000000000000        1.07826759473813     
   91.0000000000000        1.05861978861379     
   92.0000000000000        1.07041478271862     
   93.0000000000000        1.07219819170485     
   94.0000000000000        1.09555016581050     
   95.0000000000000        1.09881974562955     
   96.0000000000000        1.08941548159627     
   97.0000000000000        1.10189095375956     
   98.0000000000000        1.10348197748287     
   99.0000000000000        1.10249222617895     
   100.000000000000        1.11708861582337     
   101.000000000000        1.12086010105703     
   102.000000000000        1.12420623688857     
   103.000000000000        1.12549687871796     
   104.000000000000        1.13111455868892     
   105.000000000000        1.12579345357489     
   106.000000000000        1.13693056691885     
   107.000000000000        1.11927034056568     
   108.000000000000        1.13971748824369     
   109.000000000000        1.15356864638849     
   110.000000000000        1.14328983692370     
   111.000000000000        1.16681642775708     
   112.000000000000        1.13941316570550     
   113.000000000000        1.16197008362579     
   114.000000000000        1.16427464778807     
   115.000000000000        1.16854531427131     
   116.000000000000        1.18064443935743     
   117.000000000000        1.15859142129150     
   118.000000000000        1.18774868906506     
   119.000000000000        1.18197776637551     
   120.000000000000        1.17023208587435     
   121.000000000000        1.19188838370286     
   122.000000000000        1.18820616058315     
   123.000000000000        1.19960229606770     
   124.000000000000        1.18962129732665     
   125.000000000000        1.19413802214778     
   126.000000000000        1.20249401685521     
   127.000000000000        1.20365565556357     
   128.000000000000        1.21504047686500     
   129.000000000000        1.22009859995179     
   130.000000000000        1.21143617558705     
   131.000000000000        1.20157700065321     
   132.000000000000        1.21705639689134     
   133.000000000000        1.20898238203080     
   134.000000000000        1.21190696071242     
   135.000000000000        1.22473885480367     
   136.000000000000        1.22053343898862     
   137.000000000000        1.22864186431032     
   138.000000000000        1.23085458062144     
   139.000000000000        1.24389908332403     
   140.000000000000        1.22741780387118     
   141.000000000000        1.24433858572598     
   142.000000000000        1.23057917613469     
   143.000000000000        1.25987657570387     
   144.000000000000        1.23899375152021     
   145.000000000000        1.25411069121849     
   146.000000000000        1.25792983691719     
   147.000000000000        1.25785016618345     
   148.000000000000        1.25405921215242     
   149.000000000000        1.25459444195749     
   150.000000000000        1.25834196202617     
   151.000000000000        1.26195336643484     
   152.000000000000        1.26509799558709     
   153.000000000000        1.26986961248658     
   154.000000000000        1.27218006037910     
   155.000000000000        1.26356714540827     
   156.000000000000        1.27567973348031     
   157.000000000000        1.29630117104628     
   158.000000000000        1.28468240204405     
   159.000000000000        1.28127868977445     
   160.000000000000        1.28784161976370     
   161.000000000000        1.29134859004648     
   162.000000000000        1.29083486201434     
   163.000000000000        1.30868706905931     
   164.000000000000        1.29465091349001     
   165.000000000000        1.29212209033393     
   166.000000000000        1.30213855773858     
   167.000000000000        1.32221397112163     
   168.000000000000        1.30157715217349     
   169.000000000000        1.30826810068724     
   170.000000000000        1.31384407552452     
   171.000000000000        1.29816574653721     
   172.000000000000        1.31757843957599     
   173.000000000000        1.31669760740057     
   174.000000000000        1.32193312472043     
   175.000000000000        1.32902947846551     
   176.000000000000        1.31972763651232     
   177.000000000000        1.32058326355726     
   178.000000000000        1.31760868176810     
   179.000000000000        1.33707268018299     
   180.000000000000        1.31843791009659     
   181.000000000000        1.32970522645647     
   182.000000000000        1.31063180427849     
   183.000000000000        1.33580075616875     
   184.000000000000        1.34266575296265     
   185.000000000000        1.34424821122477     
   186.000000000000        1.33517564415252     
   187.000000000000        1.33951083429448     
   188.000000000000        1.35472151241661     
   189.000000000000        1.34301360895188     
   190.000000000000        1.34474498275136     
   191.000000000000        1.33782544703800     
   192.000000000000        1.35279314778615     
   193.000000000000        1.35737178725617     
   194.000000000000        1.36920983408622     
   195.000000000000        1.36227847318806     
   196.000000000000        1.34594049256523     
   197.000000000000        1.36180114325863     
   198.000000000000        1.36678684187521     
   199.000000000000        1.35410700895635     
   200.000000000000        1.37654277882632     
   201.000000000000        1.37411690272825     
   202.000000000000        1.36626661068965     
   203.000000000000        1.38295368203390     
   204.000000000000        1.37070972831458     
   205.000000000000        1.35844924188234     
   206.000000000000        1.39371721628309     
   207.000000000000        1.37043951876292     
   208.000000000000        1.37745838890022     
   209.000000000000        1.37665074363994     
   210.000000000000        1.38299766605895     
   211.000000000000        1.38059214252269     
   212.000000000000        1.37067241353465     
   213.000000000000        1.39066843480362     
   214.000000000000        1.39281295386802     
   215.000000000000        1.40727935510206     
   216.000000000000        1.39204022944567     
   217.000000000000        1.38918232419700     
   218.000000000000        1.39799958075839     
   219.000000000000        1.40414343335756     
   220.000000000000        1.40098775057394     
   221.000000000000        1.41005297370996     
   222.000000000000        1.41101020514101     
   223.000000000000        1.39245226862320     
   224.000000000000        1.41109667448602     
   225.000000000000        1.41955472481926     
   226.000000000000        1.41752597282016     
   227.000000000000        1.41240570492042     
   228.000000000000        1.41184140810441     
   229.000000000000        1.41922976387498     
   230.000000000000        1.41415838011732     
   231.000000000000        1.40728067385497     
   232.000000000000        1.40936043006931     
   233.000000000000        1.41680890651857     
   234.000000000000        1.41555982722276     
   235.000000000000        1.41267875058869     
   236.000000000000        1.40725693521099     
   237.000000000000        1.41498988800653     
   238.000000000000        1.42829077347951     
   239.000000000000        1.42764964880778     
   240.000000000000        1.45426342016185     
   241.000000000000        1.41505160428456     
   242.000000000000        1.42747759156022     
   243.000000000000        1.44719402733643     
   244.000000000000        1.44460171008244     
   245.000000000000        1.41616670805513     
   246.000000000000        1.46158188693815     
   247.000000000000        1.44848818600979     
   248.000000000000        1.44138983405984     
   249.000000000000        1.46265477039681     
   250.000000000000        1.45334714917962     
   251.000000000000        1.44205591770754     
   252.000000000000        1.45288172304747     
   253.000000000000        1.47509592929722     
   254.000000000000        1.44251107359851     
   255.000000000000        1.46300573266189     
   256.000000000000        1.45864539796117     
   257.000000000000        1.46773392838108     
   258.000000000000        1.46682362250909     
   259.000000000000        1.45921290207874     
   260.000000000000        1.47786636438461     
   261.000000000000        1.47762249228322     
   262.000000000000        1.46683720060100     
   263.000000000000        1.47663183406615     
   264.000000000000        1.46284274932996     
   265.000000000000        1.48109978378533     
   266.000000000000        1.47707294276910     
   267.000000000000        1.46634645674604     
   268.000000000000        1.49460621421370     
   269.000000000000        1.46543304886408     
   270.000000000000        1.46779682013014     
   271.000000000000        1.47979325657496     
   272.000000000000        1.48753021942143     
   273.000000000000        1.49497015139333     
   274.000000000000        1.48602147167267     
   275.000000000000        1.49699914059300     
   276.000000000000        1.49538053844874     
   277.000000000000        1.49939057724318     
   278.000000000000        1.50091293960900     
   279.000000000000        1.49163980186042     
   280.000000000000        1.49240882459165     
   281.000000000000        1.50305849379089     
   282.000000000000        1.50641127837308     
   283.000000000000        1.50969493635483     
   284.000000000000        1.49423856323250     
   285.000000000000        1.51485321780590     
   286.000000000000        1.51240052326776     
   287.000000000000        1.50615992669835     
   288.000000000000        1.51212529656852     
   289.000000000000        1.51438441476442     
   290.000000000000        1.51782655330794     
   291.000000000000        1.49444072262683     
   292.000000000000        1.52851072316278     
   293.000000000000        1.52488818631979     
   294.000000000000        1.50641705271427     
   295.000000000000        1.51637342900790     
   296.000000000000        1.51890273339509     
   297.000000000000        1.51376615607438     
   298.000000000000        1.50044718240283     
   299.000000000000        1.53056658913545     
   300.000000000000        1.51356292473057     
   301.000000000000        1.54147910056594     
   302.000000000000        1.52334947621873     
   303.000000000000        1.53749856928759     
   304.000000000000        1.53727930685476     
   305.000000000000        1.53542249413601     
   306.000000000000        1.53596552725405     
   307.000000000000        1.56053531284471     
   308.000000000000        1.54730303678612     
   309.000000000000        1.54374489086523     
   310.000000000000        1.54454220252654     
   311.000000000000        1.55253188037813     
   312.000000000000        1.54876980951052     
   313.000000000000        1.54846694761042     
   314.000000000000        1.54964863617856     
   315.000000000000        1.53222380688838     
   316.000000000000        1.54944698095576     
   317.000000000000        1.53927433567477     
   318.000000000000        1.54384824438474     
   319.000000000000        1.56107031989849     
   320.000000000000        1.55187978816445     
   321.000000000000        1.55631198053804     
   322.000000000000        1.56418468916539     
   323.000000000000        1.55343316618233     
   324.000000000000        1.56589055358337     
   325.000000000000        1.55723991961910     
   326.000000000000        1.55892891461569     
   327.000000000000        1.56462477903327     
   328.000000000000        1.56413517066809     
   329.000000000000        1.58168584424828     
   330.000000000000        1.57000816391924     
   331.000000000000        1.56802659734651     
   332.000000000000        1.57407211122938     
   333.000000000000        1.57327559535606     
   334.000000000000        1.56281762995833     
   335.000000000000        1.57247853886324     
   336.000000000000        1.57464024924559     
   337.000000000000        1.58695265073802     
   338.000000000000        1.56347951922464     
   339.000000000000        1.57984179571394     
   340.000000000000        1.56829100148952     
   341.000000000000        1.56515081997418     
   342.000000000000        1.60390434734594     
   343.000000000000        1.58403314389916     
   344.000000000000        1.59552832147250     
   345.000000000000        1.59943324922798     
   346.000000000000        1.60605576148589     
   347.000000000000        1.59901149447030     
   348.000000000000        1.58816106985936     
   349.000000000000        1.59725081603379     
   350.000000000000        1.60776634468997     
   351.000000000000        1.58188752215499     
   352.000000000000        1.59552673855100     
   353.000000000000        1.62286939524496     
   354.000000000000        1.59592509524839     
   355.000000000000        1.60828022320380     
   356.000000000000        1.60604623694377     
   357.000000000000        1.60628395401981     
   358.000000000000        1.58146121469741     
   359.000000000000        1.62656487490642     
   360.000000000000        1.62016475505952     
   361.000000000000        1.61301040466774     
   362.000000000000        1.60930098311954     
   363.000000000000        1.60749912359459     
   364.000000000000        1.60703741182048     
   365.000000000000        1.63323519378163     
   366.000000000000        1.60912818142341     
   367.000000000000        1.60222236564751     
   368.000000000000        1.60378504963368     
   369.000000000000        1.63987330609612     
   370.000000000000        1.63253740030711     
   371.000000000000        1.60685954866027     
   372.000000000000        1.61835465371334     
   373.000000000000        1.61673697093191     
   374.000000000000        1.61551566124153     
   375.000000000000        1.62215750428696     
   376.000000000000        1.62482110887136     
   377.000000000000        1.61617991273995     
   378.000000000000        1.62742638287866     
   379.000000000000        1.63172949978344     
   380.000000000000        1.64020073729102     
   381.000000000000        1.63184414969990     
   382.000000000000        1.63887938394623     
   383.000000000000        1.64509396485611     
   384.000000000000        1.65031409983137     
   385.000000000000        1.64773474855816     
   386.000000000000        1.65488800134383     
   387.000000000000        1.64249368928156     
   388.000000000000        1.63811810640941     
   389.000000000000        1.62988037284604     
   390.000000000000        1.63821490412126     
   391.000000000000        1.64514769348585     
   392.000000000000        1.65438062799223     
   393.000000000000        1.64265767441798     
   394.000000000000        1.64555952370505     
   395.000000000000        1.65987922864256     
   396.000000000000        1.67493728198284     
   397.000000000000        1.65996409737223     
   398.000000000000        1.63874946486142     
   399.000000000000        1.65861977128976     
   400.000000000000        1.66344495045793     
   401.000000000000        1.64526529413819     
   402.000000000000        1.66991301076152     
   403.000000000000        1.65376588014300     
   404.000000000000        1.64706228130495     
   405.000000000000        1.66252703468935     
   406.000000000000        1.67371848337605     
   407.000000000000        1.69515010909588     
   408.000000000000        1.66146483047457     
   409.000000000000        1.65069643106912     
   410.000000000000        1.66337346836073     
   411.000000000000        1.65229583510519     
   412.000000000000        1.66790696524782     
   413.000000000000        1.65795318064561     
   414.000000000000        1.67950334164215     
   415.000000000000        1.68007133258726     
   416.000000000000        1.67239978993087     
   417.000000000000        1.67995902486096     
   418.000000000000        1.66541122645407     
   419.000000000000        1.67879423760325     
   420.000000000000        1.68583689911658     
   421.000000000000        1.67892955690699     
   422.000000000000        1.67905176932794     
   423.000000000000        1.69500383216677     
   424.000000000000        1.68897246498818     
   425.000000000000        1.68518063551468     
   426.000000000000        1.70395175914036     
   427.000000000000        1.68679007732015     
   428.000000000000        1.69544661896960     
   429.000000000000        1.70526322045753     
   430.000000000000        1.67487706167359     
   431.000000000000        1.70547784197677     
   432.000000000000        1.69475779849109     
   433.000000000000        1.69639883860300     
   434.000000000000        1.69582395668625     
   435.000000000000        1.71766682051436     
   436.000000000000        1.71560205063275     
   437.000000000000        1.70270549829016     
   438.000000000000        1.71639825114049     
   439.000000000000        1.68900624974815     
   440.000000000000        1.72070628770723     
   441.000000000000        1.71938464309804     
   442.000000000000        1.71920612752646     
   443.000000000000        1.67672350758594     
   444.000000000000        1.71566791327832     
   445.000000000000        1.71573898233928     
   446.000000000000        1.69989509356274     
   447.000000000000        1.71417259640292     
   448.000000000000        1.71856761917150     
   449.000000000000        1.71907791562940     
   450.000000000000        1.72680865028980     
   451.000000000000        1.72138825710112     
   452.000000000000        1.72189337539027     
   453.000000000000        1.71185069310161     
   454.000000000000        1.72549981995145     
   455.000000000000        1.71441749930403     
   456.000000000000        1.73141944260967     
   457.000000000000        1.71077677271002     
   458.000000000000        1.74094163410139     
   459.000000000000        1.73768333571850     
   460.000000000000        1.71234335822562     
   461.000000000000        1.74484419701277     
   462.000000000000        1.72064471324105     
   463.000000000000        1.74748731636996     
   464.000000000000        1.73727875071014     
   465.000000000000        1.74476589976714     
   466.000000000000        1.76093987338312     
   467.000000000000        1.75270029308523     
   468.000000000000        1.76066751823483     
   469.000000000000        1.75148727154258     
   470.000000000000        1.75597718593396     
   471.000000000000        1.75698238970129     
   472.000000000000        1.73869951451490     
   473.000000000000        1.76125879559167     
   474.000000000000        1.75541458809784     
   475.000000000000        1.72895759481714     
   476.000000000000        1.74735352420876     
   477.000000000000        1.73031369782530     
   478.000000000000        1.75291940556628     
   479.000000000000        1.75110370158567     
   480.000000000000        1.73792966233229     
   481.000000000000        1.73410892960549     
   482.000000000000        1.74125013277593     
   483.000000000000        1.76494875857999     
   484.000000000000        1.76707167885753     
   485.000000000000        1.77559939038404     
   486.000000000000        1.76377378892764     
   487.000000000000        1.76244121138231     
   488.000000000000        1.73030161311194     
   489.000000000000        1.76474656092772     
   490.000000000000        1.76603377132203     
   491.000000000000        1.77729220024993     
   492.000000000000        1.75191776902594     
   493.000000000000        1.75501527750309     
   494.000000000000        1.76295946662158     
   495.000000000000        1.78278364532907     
   496.000000000000        1.76686978165317     
   497.000000000000        1.76739961407501     
   498.000000000000        1.78432767772528     
   499.000000000000        1.78931299175536     
   500.000000000000        1.76155460206679     
   501.000000000000        1.77683512013269     
   502.000000000000        1.77937737927610     
   503.000000000000        1.78096482663349     
   504.000000000000        1.80001339465977     
   505.000000000000        1.78048212548792     
   506.000000000000        1.77166007398621     
   507.000000000000        1.78904855403200     
   508.000000000000        1.77782719057204     
   509.000000000000        1.78733307458308     
   510.000000000000        1.81015759829013     
   511.000000000000        1.77712858886192     
   512.000000000000        1.78552143364918     
   513.000000000000        1.80856167930092     
   514.000000000000        1.80554231398770     
   515.000000000000        1.80283144822834     
   516.000000000000        1.78513921080445     
   517.000000000000        1.79326365704030     
   518.000000000000        1.81511208546608     
   519.000000000000        1.80187865857787     
   520.000000000000        1.82530697684180     
   521.000000000000        1.79502718512465     
   522.000000000000        1.82672542056079     
   523.000000000000        1.79176586850619     
   524.000000000000        1.80533590558122     
   525.000000000000        1.79334751492765     
   526.000000000000        1.78867516962123     
   527.000000000000        1.80522626512027     
   528.000000000000        1.82001886562709     
   529.000000000000        1.78560044262852     
   530.000000000000        1.80870399225922     
   531.000000000000        1.80424297508965     
   532.000000000000        1.81918443099626     
   533.000000000000        1.81911121978184     
   534.000000000000        1.78832246006210     
   535.000000000000        1.83586700932315     
   536.000000000000        1.81727595565471     
   537.000000000000        1.81512341682414     
   538.000000000000        1.82309149616789     
   539.000000000000        1.81127463254479     
   540.000000000000        1.85041783591525     
   541.000000000000        1.81474354455842     
   542.000000000000        1.82310878231906     
   543.000000000000        1.81213092983400     
   544.000000000000        1.81176916707843     
   545.000000000000        1.83752165592200     
   546.000000000000        1.80658066855598     
   547.000000000000        1.84542651729618     
   548.000000000000        1.81892922160721     
   549.000000000000        1.82245909080513     
   550.000000000000        1.82407123929454     
   551.000000000000        1.82193391307568     
   552.000000000000        1.82855397110972     
   553.000000000000        1.84079834220581     
   554.000000000000        1.84902545757804     
   555.000000000000        1.82614471483157     
   556.000000000000        1.83893776924515     
   557.000000000000        1.82887157619137     
   558.000000000000        1.84725364795066     
   559.000000000000        1.82956100844609     
   560.000000000000        1.84578245327436     
   561.000000000000        1.84201614330500     
   562.000000000000        1.83630488779016     
   563.000000000000        1.85196940176461     
   564.000000000000        1.85337069732886     
   565.000000000000        1.87562960802194     
   566.000000000000        1.87523797803076     
   567.000000000000        1.85573779260452     
   568.000000000000        1.86443045356277     
   569.000000000000        1.85109616017856     
   570.000000000000        1.86420100065385     
   571.000000000000        1.85183162320101     
   572.000000000000        1.83571243962230     
   573.000000000000        1.83701426744364     
   574.000000000000        1.86324288630258     
   575.000000000000        1.85187026646878     
   576.000000000000        1.86967810865118     
   577.000000000000        1.86941035988475     
   578.000000000000        1.85588651825623     
   579.000000000000        1.85943441216872     
   580.000000000000        1.86146491605603     
   581.000000000000        1.86284016674041     
   582.000000000000        1.85649508394037     
   583.000000000000        1.87486545323385     
   584.000000000000        1.84384865981900     
   585.000000000000        1.87466461498475     
   586.000000000000        1.86622022202212     
   587.000000000000        1.88498952782005     
   588.000000000000        1.89380267049067     
   589.000000000000        1.87081372711981     
   590.000000000000        1.89968824697304     
   591.000000000000        1.85485596142970     
   592.000000000000        1.87016646208673     
   593.000000000000        1.88427248634825     
   594.000000000000        1.87903186212230     
   595.000000000000        1.89403525089926     
   596.000000000000        1.89395402249064     
   597.000000000000        1.87130622052830     
   598.000000000000        1.88318469176730     
   599.000000000000        1.86857181200722     
   600.000000000000        1.87685524055533     
   601.000000000000        1.87149672825436     
   602.000000000000        1.88708901568801     
   603.000000000000        1.88814714335937     
   604.000000000000        1.86654355722294     
   605.000000000000        1.86953602591016     
   606.000000000000        1.89239137321006     
   607.000000000000        1.90807889191850     
   608.000000000000        1.89365463412599     
   609.000000000000        1.88490121562829     
   610.000000000000        1.88635753406392     
   611.000000000000        1.89000058222350     
   612.000000000000        1.90736546097365     
   613.000000000000        1.88903261468447     
   614.000000000000        1.90369301723907     
   615.000000000000        1.88938060500741     
   616.000000000000        1.90058216432456     
   617.000000000000        1.90262728013784     
   618.000000000000        1.89982843714350     
   619.000000000000        1.92460156643194     
   620.000000000000        1.87869662543461     
   621.000000000000        1.90991393192143     
   622.000000000000        1.89593587844728     
   623.000000000000        1.89505059321836     
   624.000000000000        1.90183721081342     
   625.000000000000        1.90715513610451     
   626.000000000000        1.90131040244346     
   627.000000000000        1.94025050780441     
   628.000000000000        1.89578560371679     
   629.000000000000        1.91036567847412     
   630.000000000000        1.90031005858522     
   631.000000000000        1.89339826600822     
   632.000000000000        1.92379087031762     
   633.000000000000        1.94085589898614     
   634.000000000000        1.92323800130028     
   635.000000000000        1.88929140846583     
   636.000000000000        1.91818976540638     
   637.000000000000        1.90925920877650     
   638.000000000000        1.90207881643358     
   639.000000000000        1.92680797037899     
   640.000000000000        1.90576141337158     
   641.000000000000        1.90206120590274     
   642.000000000000        1.89633354351996     
   643.000000000000        1.91683200264366     
   644.000000000000        1.91724992527064     
   645.000000000000        1.94925568030905     
   646.000000000000        1.92931212817765     
   647.000000000000        1.94296823980561     
   648.000000000000        1.92889417832079     
   649.000000000000        1.92145027123664     
   650.000000000000        1.91318246276990     
   651.000000000000        1.90938690832843     
   652.000000000000        1.90696636572155     
   653.000000000000        1.92201551364217     
   654.000000000000        1.91868463600318     
   655.000000000000        1.93845741148180     
   656.000000000000        1.93971137558831     
   657.000000000000        1.95512690941906     
   658.000000000000        1.92493415466900     
   659.000000000000        1.93913886109357     
   660.000000000000        1.93861728498415     
   661.000000000000        1.96279461897887     
   662.000000000000        1.94513126107115     
   663.000000000000        1.93646657365083     
   664.000000000000        1.94857838489921     
   665.000000000000        1.93040655264530     
   666.000000000000        1.92609622706693     
   667.000000000000        1.95423383632118     
   668.000000000000        1.95839599550301     
   669.000000000000        1.95613730789825     
   670.000000000000        1.94587857331913     
   671.000000000000        1.96443544532337     
   672.000000000000        1.93875976967103     
   673.000000000000        1.96774243764607     
   674.000000000000        1.93570837165781     
   675.000000000000        1.97676654026532     
   676.000000000000        1.94110207871804     
   677.000000000000        1.96676982163302     
   678.000000000000        1.96020990124341     
   679.000000000000        1.95873619426182     
   680.000000000000        1.94209813421723     
   681.000000000000        1.95421666432034     
   682.000000000000        1.97316405852835     
   683.000000000000        1.96932150972152     
   684.000000000000        1.97789358923489     
   685.000000000000        1.95494206230322     
   686.000000000000        1.98632556118456     
   687.000000000000        1.93570758192629     
   688.000000000000        1.97279362962978     
   689.000000000000        1.95210207442502     
   690.000000000000        1.97953768844337     
   691.000000000000        1.98292981335239     
   692.000000000000        1.98593266598704     
   693.000000000000        1.96662102858278     
   694.000000000000        1.95297077048799     
   695.000000000000        1.95137295531841     
   696.000000000000        1.96497134129381     
   697.000000000000        1.98223979544775     
   698.000000000000        1.95854466801744     
   699.000000000000        1.96956868739525     
   700.000000000000        1.97621383623377     
   701.000000000000        1.95476798044941     
   702.000000000000        1.98582306697829     
   703.000000000000        1.96230762431814     
   704.000000000000        1.98290809120563     
   705.000000000000        1.98590008999597     
   706.000000000000        1.95979661648956     
   707.000000000000        1.98177958914837     
   708.000000000000        1.97304779305995     
   709.000000000000        1.98549051186295     
   710.000000000000        2.01423138111016     
   711.000000000000        1.98388162231181     
   712.000000000000        1.98214126368019     
   713.000000000000        1.98873408862233     
   714.000000000000        1.97281987257447     
   715.000000000000        1.99008253938919     
   716.000000000000        1.96597405519676     
   717.000000000000        1.98627409567229     
   718.000000000000        1.97491378431164     
   719.000000000000        1.98374058004666     
   720.000000000000        1.97468820907109     
   721.000000000000        1.94339140495887     
   722.000000000000        1.99704534125366     
   723.000000000000        1.96799581262492     
   724.000000000000        1.97336926453792     
   725.000000000000        1.98323438987560     
   726.000000000000        2.02137013811147     
   727.000000000000        2.00351215251152     
   728.000000000000        1.99582887590382     
   729.000000000000        2.02016719426176     
   730.000000000000        1.99908045765196     
   731.000000000000        1.99600750811304     
   732.000000000000        2.02411351492669     
   733.000000000000        1.96877182330808     
   734.000000000000        1.99752363293783     
   735.000000000000        1.99558478676078     
   736.000000000000        2.00174343162499     
   737.000000000000        1.98985563070239     
   738.000000000000        1.99931891104628     
   739.000000000000        1.98850960423296     
   740.000000000000        2.00411830474796     
   741.000000000000        2.02055265050238     
   742.000000000000        2.00861394309813     
   743.000000000000        2.02091670097090     
   744.000000000000        1.99367381834678     
   745.000000000000        2.02356882220012     
   746.000000000000        1.99243956735991     
   747.000000000000        1.97219080567427     
   748.000000000000        2.03075945764046     
   749.000000000000        1.98952475597476     
   750.000000000000        1.99937660800783     
   751.000000000000        2.01031842251215     
   752.000000000000        2.00855788207924     
   753.000000000000        2.03165137113493     
   754.000000000000        2.02441057380700     
   755.000000000000        2.02288990104473     
   756.000000000000        2.00534538291389     
   757.000000000000        2.02630314356552     
   758.000000000000        2.03634380624130     
   759.000000000000        2.00855779416209     
   760.000000000000        2.02747896597739     
   761.000000000000        2.02867324903807     
   762.000000000000        2.00148425259635     
   763.000000000000        2.02086871807482     
   764.000000000000        2.01402452152577     
   765.000000000000        2.02195883362499     
   766.000000000000        2.03420410743196     
   767.000000000000        2.01235877616371     
   768.000000000000        2.03856854579425     
   769.000000000000        2.04217875679385     
   770.000000000000        2.05821123582020     
   771.000000000000        2.03298126508722     
   772.000000000000        2.01832792243697     
   773.000000000000        2.04364329133710     
   774.000000000000        2.04398636963683     
   775.000000000000        1.99814774513461     
   776.000000000000        2.02636878978315     
   777.000000000000        2.05544548750587     
   778.000000000000        2.02013698932681     
   779.000000000000        2.06191963423510     
   780.000000000000        2.03892267894594     
   781.000000000000        2.03696371607475     
   782.000000000000        2.04027160446939     
   783.000000000000        2.04499166812206     
   784.000000000000        2.03410715092852     
   785.000000000000        2.05561857525421     
   786.000000000000        2.05362505508021     
   787.000000000000        2.08326616133538     
   788.000000000000        2.02455857032150     
   789.000000000000        2.05900646868452     
   790.000000000000        2.05158805824634     
   791.000000000000        2.04454247019762     
   792.000000000000        2.02360661570371     
   793.000000000000        2.03162587372884     
   794.000000000000        2.05298688066920     
   795.000000000000        2.01501483975440     
   796.000000000000        2.03764845402012     
   797.000000000000        2.04874110702653     
   798.000000000000        2.03477355539798     
   799.000000000000        2.01944206778746     
   800.000000000000        2.04710057431475     
   801.000000000000        2.03676587519493     
   802.000000000000        2.02718582453906     
   803.000000000000        2.06623388853286     
   804.000000000000        2.05309352731529     
   805.000000000000        2.04038115154208     
   806.000000000000        2.05760575357369     
   807.000000000000        2.06316127981327     
   808.000000000000        2.01349914153085     
   809.000000000000        2.05742642297012     
   810.000000000000        2.06915331825218     
   811.000000000000        2.04934833173313     
   812.000000000000        2.05161341662590     
   813.000000000000        2.04676566552385     
   814.000000000000        2.01843697082617     
   815.000000000000        2.04678328446716     
   816.000000000000        2.02626194862563     
   817.000000000000        2.05425223699678     
   818.000000000000        2.06013741933118     
   819.000000000000        2.02032903385079     
   820.000000000000        2.04979709070623     
   821.000000000000        2.05616617469998     
   822.000000000000        2.06836562938713     
   823.000000000000        2.05012673436292     
   824.000000000000        2.05392258473898     
   825.000000000000        2.08333193378732     
   826.000000000000        2.10013692587885     
   827.000000000000        2.03966943794369     
   828.000000000000        2.07729538242042     
   829.000000000000        2.04192974860549     
   830.000000000000        2.07734621651162     
   831.000000000000        2.08546322595294     
   832.000000000000        2.05307872006407     
   833.000000000000        2.08204107301884     
   834.000000000000        2.07168005418982     
   835.000000000000        2.04910480153416     
   836.000000000000        2.02940789068498     
   837.000000000000        2.05940301118190     
   838.000000000000        2.09783494648826     
   839.000000000000        2.06416077573026     
   840.000000000000        2.09167440812132     
   841.000000000000        2.05099785452919     
   842.000000000000        2.05730588893317     
   843.000000000000        2.07019011179177     
   844.000000000000        2.05705837857475     
   845.000000000000        2.07125893880228     
   846.000000000000        2.06829029912567     
   847.000000000000        2.09839383813948     
   848.000000000000        2.06926535911312     
   849.000000000000        2.07477291356437     
   850.000000000000        2.06393402932459     
   851.000000000000        2.06954833754828     
   852.000000000000        2.09233050885307     
   853.000000000000        2.07836135383585     
   854.000000000000        2.07355547399668     
   855.000000000000        2.10498935151264     
   856.000000000000        2.08350234702928     
   857.000000000000        2.07714711340484     
   858.000000000000        2.10659240690167     
   859.000000000000        2.07356673346358     
   860.000000000000        2.10344457172155     
   861.000000000000        2.09645304283714     
   862.000000000000        2.07144050143261     
   863.000000000000        2.09032383145743     
   864.000000000000        2.06591442986141     
   865.000000000000        2.05230262897522     
   866.000000000000        2.05470480052717     
   867.000000000000        2.09871480266489     
   868.000000000000        2.05784664494184     
   869.000000000000        2.04376599062004     
   870.000000000000        2.06729141033556     
   871.000000000000        2.06223155819599     
   872.000000000000        2.09448298713348     
   873.000000000000        2.08816968552266     
   874.000000000000        2.07854370450544     
   875.000000000000        2.09959670853153     
   876.000000000000        2.09892508077607     
   877.000000000000        2.09522671712450     
   878.000000000000        2.09994905460382     
   879.000000000000        2.06708732991309     
   880.000000000000        2.10051524280714     
   881.000000000000        2.09028953448887     
   882.000000000000        2.09228076324185     
   883.000000000000        2.09158153885585     
   884.000000000000        2.09376998018481     
   885.000000000000        2.07946521594985     
   886.000000000000        2.09804696315427     
   887.000000000000        2.06244374077797     
   888.000000000000        2.09789541269769     
   889.000000000000        2.07061149079743     
   890.000000000000        2.10859241385355     
   891.000000000000        2.08464662285699     
   892.000000000000        2.09191701060004     
   893.000000000000        2.08033631539910     
   894.000000000000        2.11999743367718     
   895.000000000000        2.10407472877174     
   896.000000000000        2.10447644528644     
   897.000000000000        2.05918135508519     
   898.000000000000        2.09390648678865     
   899.000000000000        2.08208690861035     
   900.000000000000        2.08153403143573     
   901.000000000000        2.10183004997775     
   902.000000000000        2.06692502494473     
   903.000000000000        2.07694770214724     
   904.000000000000        2.09470171000459     
   905.000000000000        2.09141335547293     
   906.000000000000        2.07110662689119     
   907.000000000000        2.08320302685372     
   908.000000000000        2.08811864122543     
   909.000000000000        2.12570702344368     
   910.000000000000        2.11507714617283     
   911.000000000000        2.09982341324324     
   912.000000000000        2.08726879579668     
   913.000000000000        2.10480038916756     
   914.000000000000        2.07913095731580     
   915.000000000000        2.11712977333992     
   916.000000000000        2.08873124273638     
   917.000000000000        2.12916283064845     
   918.000000000000        2.11117621069345     
   919.000000000000        2.10988090205661     
   920.000000000000        2.13611863420766     
   921.000000000000        2.13146232328668     
   922.000000000000        2.11930206346565     
   923.000000000000        2.08482369121987     
   924.000000000000        2.08842873828875     
   925.000000000000        2.10564481152325     
   926.000000000000        2.08807005800388     
   927.000000000000        2.12666938526950     
   928.000000000000        2.07847022205282     
   929.000000000000        2.10218259238347     
   930.000000000000        2.13050123926150     
   931.000000000000        2.10790297073178     
   932.000000000000        2.10043197255541     
   933.000000000000        2.09230579873046     
   934.000000000000        2.11327133907150     
   935.000000000000        2.08615198152864     
   936.000000000000        2.11066197906446     
   937.000000000000        2.11440545777606     
   938.000000000000        2.11191188795826     
   939.000000000000        2.09044585838417     
   940.000000000000        2.09271077812832     
   941.000000000000        2.12532730952065     
   942.000000000000        2.11782211775739     
   943.000000000000        2.13753431659764     
   944.000000000000        2.15421144926198     
   945.000000000000        2.06938017584699     
   946.000000000000        2.08456236837142     
   947.000000000000        2.10870901999201     
   948.000000000000        2.11994833702127     
   949.000000000000        2.09642798214426     
   950.000000000000        2.10918505725504     
   951.000000000000        2.12709107926466     
   952.000000000000        2.10880948580949     
   953.000000000000        2.14533898165834     
   954.000000000000        2.12494637766189     
   955.000000000000        2.11300420340160     
   956.000000000000        2.11470875348973     
   957.000000000000        2.12583784108753     
   958.000000000000        2.10279779154893     
   959.000000000000        2.12332493205258     
   960.000000000000        2.11371486166809     
   961.000000000000        2.14205007274640     
   962.000000000000        2.09355338754646     
   963.000000000000        2.10876230787655     
   964.000000000000        2.11835391429114     
   965.000000000000        2.11279535229436     
   966.000000000000        2.12130774067461     
   967.000000000000        2.09785934037367     
   968.000000000000        2.13554499321630     
   969.000000000000        2.10858317337041     
   970.000000000000        2.13947148877891     
   971.000000000000        2.09859611781053     
   972.000000000000        2.11419202897461     
   973.000000000000        2.13678247217317     
   974.000000000000        2.14585156374832     
   975.000000000000        2.12986283287251     
   976.000000000000        2.12846067679745     
   977.000000000000        2.12764399062802     
   978.000000000000        2.13325169049988     
   979.000000000000        2.12606454873976     
   980.000000000000        2.13481773317057     
   981.000000000000        2.10311740880111     
   982.000000000000        2.11302613414363     
   983.000000000000        2.13134378539794     
   984.000000000000        2.11724565068989     
   985.000000000000        2.10362138026227     
   986.000000000000        2.13826681416487     
   987.000000000000        2.12951038778936     
   988.000000000000        2.12353871118095     
   989.000000000000        2.14612540323621     
   990.000000000000        2.11431385131331     
   991.000000000000        2.13523874068317     
   992.000000000000        2.12605511119802     
   993.000000000000        2.15317974288997     
   994.000000000000        2.12997775282324     
   995.000000000000        2.11540771218202     
   996.000000000000        2.14111604680717     
   997.000000000000        2.12583453079633     
   998.000000000000        2.13007477916253     
   999.000000000000        2.13484324905970     
   1000.00000000000        2.11944195165961     
   1001.00000000000        2.11701276448150     
   1002.00000000000        2.12602072429702     
   1003.00000000000        2.11767570934490     
   1004.00000000000        2.11077897783580     
   1005.00000000000        2.12248962515123     
   1006.00000000000        2.17032497460168     
   1007.00000000000        2.12083417061622     
   1008.00000000000        2.12547919488933     
   1009.00000000000        2.12551562269599     
   1010.00000000000        2.13463475140135     
   1011.00000000000        2.14440119734439     
   1012.00000000000        2.13672781921398     
   1013.00000000000        2.13916393273351     
   1014.00000000000        2.08834386764093     
   1015.00000000000        2.13034803103560     
   1016.00000000000        2.15284797279485     
   1017.00000000000        2.12970135587852     
   1018.00000000000        2.13022819757288     
   1019.00000000000        2.15368692427488     
   1020.00000000000        2.13242220461444     
   1021.00000000000        2.14079136179647     
   1022.00000000000        2.15665465910589     
   1023.00000000000        2.16197501373734     
   1024.00000000000        2.12955241467349     
   1025.00000000000        2.12342640598976     
   1026.00000000000        2.13705844804558     
   1027.00000000000        2.14541780643632     
   1028.00000000000        2.12216638990835     
   1029.00000000000        2.14881728349764     
   1030.00000000000        2.16234698746485     
   1031.00000000000        2.11614934364417     
   1032.00000000000        2.12341339929556     
   1033.00000000000        2.11295517253001     
   1034.00000000000        2.14177303504863     
   1035.00000000000        2.12926447000848     
   1036.00000000000        2.11399250878074     
   1037.00000000000        2.12654172646320     
   1038.00000000000        2.15081055052737     
   1039.00000000000        2.15524531431335     
   1040.00000000000        2.15647042263226     
   1041.00000000000        2.12960164713640     
   1042.00000000000        2.15485394800266     
   1043.00000000000        2.12525213218267     
   1044.00000000000        2.11090497259174     
   1045.00000000000        2.14690689334762     
   1046.00000000000        2.15697842060188     
   1047.00000000000        2.17029944706717     
   1048.00000000000        2.14770745467214     
   1049.00000000000        2.12999156224523     
   1050.00000000000        2.15000036010488     
   1051.00000000000        2.12403460603590     
   1052.00000000000        2.15318931532813     
   1053.00000000000        2.14665110436271     
   1054.00000000000        2.12497292482912     
   1055.00000000000        2.11095794749675     
   1056.00000000000        2.09304615340317     
   1057.00000000000        2.13726301234164     
   1058.00000000000        2.13120028420553     
   1059.00000000000        2.09091630797054     
   1060.00000000000        2.17146978167507     
   1061.00000000000        2.16801620790848     
   1062.00000000000        2.13747040242110     
   1063.00000000000        2.13412862313946     
   1064.00000000000        2.16677978611697     
   1065.00000000000        2.15147012890196     
   1066.00000000000        2.15804835567895     
   1067.00000000000        2.16828111035408     
   1068.00000000000        2.13298129434543     
   1069.00000000000        2.13989973178636     
   1070.00000000000        2.14063571908680     
   1071.00000000000        2.12812004906413     
   1072.00000000000        2.10997142464666     
   1073.00000000000        2.14750696852914     
   1074.00000000000        2.16028120458718     
   1075.00000000000        2.12467263556886     
   1076.00000000000        2.16844691264936     
   1077.00000000000        2.13523484046049     
   1078.00000000000        2.13552964753567     
   1079.00000000000        2.15519256060262     
   1080.00000000000        2.15839054233623     
   1081.00000000000        2.10442714816741     
   1082.00000000000        2.11757951146041     
   1083.00000000000        2.16423527332301     
   1084.00000000000        2.11908913924722     
   1085.00000000000        2.15398861078129     
   1086.00000000000        2.13091217243573     
   1087.00000000000        2.11519683443389     
   1088.00000000000        2.15464015717036     
   1089.00000000000        2.15340670282567     
   1090.00000000000        2.14071999780075     
   1091.00000000000        2.13191421638406     
   1092.00000000000        2.13831463279510     
   1093.00000000000        2.12302674051086     
   1094.00000000000        2.16637473140132     
   1095.00000000000        2.19248667577504     
   1096.00000000000        2.13336690738917     
   1097.00000000000        2.13056859721683     
   1098.00000000000        2.13474822960170     
   1099.00000000000        2.14844715906164     
   1100.00000000000        2.13149952107797     
   1101.00000000000        2.14850171861801     
   1102.00000000000        2.15669798909312     
   1103.00000000000        2.15020525135316     
   1104.00000000000        2.15793001370906     
   1105.00000000000        2.14327324668662     
   1106.00000000000        2.13252954350987     
   1107.00000000000        2.14031185230061     
   1108.00000000000        2.14116424140810     
   1109.00000000000        2.15073159345518     
   1110.00000000000        2.16773856153327     
   1111.00000000000        2.13954573278860     
   1112.00000000000        2.13808036638454     
   1113.00000000000        2.14615137314392     
   1114.00000000000        2.12427045709224     
   1115.00000000000        2.11383787464776     
   1116.00000000000        2.11570008930094     
   1117.00000000000        2.14055221157310     
   1118.00000000000        2.14787625825580     
   1119.00000000000        2.14062257472457     
   1120.00000000000        2.12446788297669     
   1121.00000000000        2.15479090240466     
   1122.00000000000        2.15420151347009     
   1123.00000000000        2.09673766165472     
   1124.00000000000        2.14315084227132     
   1125.00000000000        2.11852477637667     
   1126.00000000000        2.13342839281875     
   1127.00000000000        2.13122326385948     
   1128.00000000000        2.15389301486753     
   1129.00000000000        2.15075356494681     
   1130.00000000000        2.12873959135034     
   1131.00000000000        2.12321403198693     
   1132.00000000000        2.14560330779869     
   1133.00000000000        2.13800936888213     
   1134.00000000000        2.13796581664568     
   1135.00000000000        2.15165178197793     
   1136.00000000000        2.14987556347731     
   1137.00000000000        2.15250256752841     
   1138.00000000000        2.10955111368177     
   1139.00000000000        2.15402398420150     
   1140.00000000000        2.13315390923275     
   1141.00000000000        2.15951034846718     
   1142.00000000000        2.13697866017303     
   1143.00000000000        2.12262574879823     
   1144.00000000000        2.12638687897978     
   1145.00000000000        2.15587491344814     
   1146.00000000000        2.16083637230182     
   1147.00000000000        2.13958278986044     
   1148.00000000000        2.15981221784939     
   1149.00000000000        2.16394121356356     
   1150.00000000000        2.13795418622951     
   1151.00000000000        2.12669680967570     
   1152.00000000000        2.18796093575981     
   1153.00000000000        2.12993631270218     
   1154.00000000000        2.16768658189963     
   1155.00000000000        2.11432643276767     
   1156.00000000000        2.14168829877739     
   1157.00000000000        2.11473737894025     
   1158.00000000000        2.13746546048093     
   1159.00000000000        2.14678513498858     
   1160.00000000000        2.15531653604624     
   1161.00000000000        2.11723778726469     
   1162.00000000000        2.13073842498686     
   1163.00000000000        2.14152367026090     
   1164.00000000000        2.09802955548856     
   1165.00000000000        2.12125059285479     
   1166.00000000000        2.13253937576684     
   1167.00000000000        2.15393425491070     
   1168.00000000000        2.12238466298958     
   1169.00000000000        2.13326067302010     
   1170.00000000000        2.14236536230273     
   1171.00000000000        2.14161172907029     
   1172.00000000000        2.16073539770630     
   1173.00000000000        2.13409571838309     
   1174.00000000000        2.13426202166143     
   1175.00000000000        2.13340313178878     
   1176.00000000000        2.13449009827110     
   1177.00000000000        2.10992510619780     
   1178.00000000000        2.14421726035692     
   1179.00000000000        2.16277024222409     
   1180.00000000000        2.13639789935044     
   1181.00000000000        2.12221584332959     
   1182.00000000000        2.13450421797268     
   1183.00000000000        2.17560463030293     
   1184.00000000000        2.12430993638815     
   1185.00000000000        2.13776946688950     
   1186.00000000000        2.15880228832608     
   1187.00000000000        2.13580416862177     
   1188.00000000000        2.08711644241424     
   1189.00000000000        2.13227508884983     
   1190.00000000000        2.14615900217123     
   1191.00000000000        2.16623582272520     
   1192.00000000000        2.14908298146561     
   1193.00000000000        2.11501421451022     
   1194.00000000000        2.14430019831653     
   1195.00000000000        2.11771580842354     
   1196.00000000000        2.12824542319837     
   1197.00000000000        2.11764641415382     
   1198.00000000000        2.11424963579299     
   1199.00000000000        2.14721821406001     
   1200.00000000000        2.15782401827491     
   1201.00000000000        2.10231718641454     
   1202.00000000000        2.12177180589250     
   1203.00000000000        2.11268284470153     
   1204.00000000000        2.13879677036588     
   1205.00000000000        2.10858718283472     
   1206.00000000000        2.14938798090831     
   1207.00000000000        2.11620185338900     
   1208.00000000000        2.11338654935515     
   1209.00000000000        2.14987022678723     
   1210.00000000000        2.12994978644834     
   1211.00000000000        2.12993714850758     
   1212.00000000000        2.13348075799862     
   1213.00000000000        2.10290880835181     
   1214.00000000000        2.12422639209253     
   1215.00000000000        2.14142059685518     
   1216.00000000000        2.14701285266821     
   1217.00000000000        2.12420215806175     
   1218.00000000000        2.12032182825961     
   1219.00000000000        2.12973566111831     
   1220.00000000000        2.14477800218302     
   1221.00000000000        2.14747230702815     
   1222.00000000000        2.09578935894570     
   1223.00000000000        2.12088100481426     
   1224.00000000000        2.14480787075814     
   1225.00000000000        2.12032457974286     
   1226.00000000000        2.09619019694494     
   1227.00000000000        2.10262592801770     
   1228.00000000000        2.10477709332051     
   1229.00000000000        2.12649634353484     
   1230.00000000000        2.09809683720550     
   1231.00000000000        2.10257005876305     
   1232.00000000000        2.16263792827212     
   1233.00000000000        2.12077734509184     
   1234.00000000000        2.14759227564619     
   1235.00000000000        2.13483552897442     
   1236.00000000000        2.11839760059990     
   1237.00000000000        2.14934184065531     
   1238.00000000000        2.10951629491797     
   1239.00000000000        2.15911943795268     
   1240.00000000000        2.14582410605657     
   1241.00000000000        2.09672203254924     
   1242.00000000000        2.14048084174389     
   1243.00000000000        2.15984640723815     
   1244.00000000000        2.13319467036129     
   1245.00000000000        2.11100957845198     
   1246.00000000000        2.12123915145379     
   1247.00000000000        2.14172148606083     
   1248.00000000000        2.12380428262199     
   1249.00000000000        2.12451775545002     
   1250.00000000000        2.10206121366546     
   1251.00000000000        2.13858163185848     
   1252.00000000000        2.15480875897191     
   1253.00000000000        2.10212449368943     
   1254.00000000000        2.13905878007225     
   1255.00000000000        2.14513277039526     
   1256.00000000000        2.11650210718608     
   1257.00000000000        2.12057482897046     
   1258.00000000000        2.13057321530497     
   1259.00000000000        2.12570018932233     
   1260.00000000000        2.11022446872546     
   1261.00000000000        2.13226374811015     
   1262.00000000000        2.13853757608725     
   1263.00000000000        2.12474784049210     
   1264.00000000000        2.12539420880902     
   1265.00000000000        2.14715898499334     
   1266.00000000000        2.10688656843155     
   1267.00000000000        2.10408449812212     
   1268.00000000000        2.10082402493702     
   1269.00000000000        2.09425276488026     
   1270.00000000000        2.09320028071314     
   1271.00000000000        2.14055331691882     
   1272.00000000000        2.12051977884047     
   1273.00000000000        2.08906135277063     
   1274.00000000000        2.10372960765995     
   1275.00000000000        2.10573192439534     
   1276.00000000000        2.14065757308033     
   1277.00000000000        2.12643331995003     
   1278.00000000000        2.14001144954263     
   1279.00000000000        2.10226630235527     
   1280.00000000000        2.11589215985735     
   1281.00000000000        2.09447507105441     
   1282.00000000000        2.11267885320738     
   1283.00000000000        2.15211621666438     
   1284.00000000000        2.09375617572773     
   1285.00000000000        2.11794022445427     
   1286.00000000000        2.11448150845293     
   1287.00000000000        2.13967891196879     
   1288.00000000000        2.12661415317809     
   1289.00000000000        2.12518367846465     
   1290.00000000000        2.11734676364134     
   1291.00000000000        2.12794024053127     
   1292.00000000000        2.12936104527167     
   1293.00000000000        2.11904680221257     
   1294.00000000000        2.12536569757550     
   1295.00000000000        2.11375119708277     
   1296.00000000000        2.12129943257353     
   1297.00000000000        2.11478771448093     
   1298.00000000000        2.10775042062945     
   1299.00000000000        2.10772171392686     
   1300.00000000000        2.11830082788192     
   1301.00000000000        2.11539132251812     
   1302.00000000000        2.09267169772839     
   1303.00000000000        2.10727296071895     
   1304.00000000000        2.10678973040855     
   1305.00000000000        2.09237406657570     
   1306.00000000000        2.09560308156277     
   1307.00000000000        2.10700244778801     
   1308.00000000000        2.10749396994181     
   1309.00000000000        2.07828743093487     
   1310.00000000000        2.08535388402057     
   1311.00000000000        2.09499153791421     
   1312.00000000000        2.11615724727179     
   1313.00000000000        2.08536451409208     
   1314.00000000000        2.11982277704471     
   1315.00000000000        2.11370848888558     
   1316.00000000000        2.11986551942171     
   1317.00000000000        2.10066378461515     
   1318.00000000000        2.10324617927299     
   1319.00000000000        2.09351156511779     
   1320.00000000000        2.08871302639057     
   1321.00000000000        2.12732339146477     
   1322.00000000000        2.07743509093850     
   1323.00000000000        2.13261859186593     
   1324.00000000000        2.10939723283107     
   1325.00000000000        2.09348281161530     
   1326.00000000000        2.12050704952904     
   1327.00000000000        2.10187874991667     
   1328.00000000000        2.09422806846657     
   1329.00000000000        2.09674338778480     
   1330.00000000000        2.07557519827364     
   1331.00000000000        2.11130692100150     
   1332.00000000000        2.10775876414415     
   1333.00000000000        2.10752623714859     
   1334.00000000000        2.13091073991233     
   1335.00000000000        2.09206883006599     
   1336.00000000000        2.07622539992520     
   1337.00000000000        2.08173846946270     
   1338.00000000000        2.08289683224283     
   1339.00000000000        2.12703389400668     
   1340.00000000000        2.07803170818257     
   1341.00000000000        2.09609898037502     
   1342.00000000000        2.08516645307631     
   1343.00000000000        2.13577721598867     
   1344.00000000000        2.08725146980443     
   1345.00000000000        2.08214203126491     
   1346.00000000000        2.09274445589223     
   1347.00000000000        2.08067032261077     
   1348.00000000000        2.10468068398551     
   1349.00000000000        2.08249133145222     
   1350.00000000000        2.08006769700926     
   1351.00000000000        2.08430589974817     
   1352.00000000000        2.07988607996106     
   1353.00000000000        2.07174410312041     
   1354.00000000000        2.07604559422175     
   1355.00000000000        2.08038147620217     
   1356.00000000000        2.08399628779617     
   1357.00000000000        2.11156443947571     
   1358.00000000000        2.07924652582216     
