  0.000000000000000E+000   113.495491648709     
   1.00000000000000        113.495491648709     
   2.00000000000000        113.495491648709     
   3.00000000000000        113.495601145927     
   4.00000000000000        113.495710932731     
   5.00000000000000        113.495601477852     
   6.00000000000000        113.495710245416     
   7.00000000000000        113.495484210945     
   8.00000000000000        113.495570287342     
   9.00000000000000        113.495294093315     
   10.0000000000000        113.495370915331     
   11.0000000000000        113.494926019787     
   12.0000000000000        113.493921046364     
   13.0000000000000        113.491897699286     
   14.0000000000000        113.487906502931     
   15.0000000000000        113.478755945359     
   16.0000000000000        113.461124716079     
   17.0000000000000        113.493397394764     
   18.0000000000000        113.482089957846     
   19.0000000000000        113.491658674260     
   20.0000000000000        113.460519390211     
   21.0000000000000        113.489489874065     
   22.0000000000000        113.487860232097     
   23.0000000000000        113.485247923160     
   24.0000000000000        113.482971353797     
   25.0000000000000        113.480482931600     
   26.0000000000000        113.477340507449     
   27.0000000000000        113.473766039693     
   28.0000000000000        113.469865881997     
   29.0000000000000        113.465432808123     
   30.0000000000000        113.460898047316     
   31.0000000000000        113.455381631594     
   32.0000000000000        113.449550827819     
   33.0000000000000        113.442853265216     
   34.0000000000000        113.436280595456     
   35.0000000000000        113.428511782776     
   36.0000000000000        113.420209979769     
   37.0000000000000        113.412252236565     
   38.0000000000000        113.402113944194     
   39.0000000000000        113.392434714375     
   40.0000000000000        113.381890967833     
   41.0000000000000        113.370820561358     
   42.0000000000000        113.358779661533     
   43.0000000000000        113.345993985419     
   44.0000000000000        113.332784202270     
   45.0000000000000        113.319270071591     
   46.0000000000000        113.304131832386     
   47.0000000000000        113.288795166018     
   48.0000000000000        113.273153277376     
   49.0000000000000        113.256108715964     
   50.0000000000000        113.238865882814     
   51.0000000000000        113.221103956671     
   52.0000000000000        113.201609254992     
   53.0000000000000        113.182579507149     
   54.0000000000000        113.162478670065     
   55.0000000000000        113.141745045129     
   56.0000000000000        113.120051387585     
   57.0000000000000        113.097727409804     
   58.0000000000000        113.074658597255     
   59.0000000000000        113.051185377394     
   60.0000000000000        113.027295724071     
   61.0000000000000        113.002667728881     
   62.0000000000000        112.976646125257     
   63.0000000000000        112.950759137479     
   64.0000000000000        112.924243962746     
   65.0000000000000        112.896767069901     
   66.0000000000000        112.868883452849     
   67.0000000000000        112.840260187406     
   68.0000000000000        112.811338885139     
   69.0000000000000        112.781127039542     
   70.0000000000000        112.750836503581     
   71.0000000000000        112.719911737306     
   72.0000000000000        112.688584557253     
   73.0000000000000        112.656625090667     
   74.0000000000000        112.623923498281     
   75.0000000000000        112.590815948808     
   76.0000000000000        112.656742427333     
   77.0000000000000        112.626822488987     
   78.0000000000000        112.597023670207     
   79.0000000000000        112.566679786683     
   80.0000000000000        112.535564372850     
   81.0000000000000        112.504122809339     
   82.0000000000000        112.472679144801     
   83.0000000000000        112.440356476780     
   84.0000000000000        112.408135397040     
   85.0000000000000        112.375137972975     
   86.0000000000000        112.342344993495     
   87.0000000000000        112.308448072456     
   88.0000000000000        112.274759837556     
   89.0000000000000        112.240501179903     
   90.0000000000000        112.205673223122     
   91.0000000000000        112.171053000436     
   92.0000000000000        112.135851480425     
   93.0000000000000        112.100750072608     
   94.0000000000000        112.064953491133     
   95.0000000000000        112.028138798117     
   96.0000000000000        111.992181191659     
   97.0000000000000        111.955307077593     
   98.0000000000000        111.918736147438     
   99.0000000000000        111.881244345621     
   100.000000000000        111.843613815279     
   101.000000000000        111.806050198205     
   102.000000000000        111.767675755390     
   103.000000000000        111.728931946950     
   104.000000000000        111.691029969479     
   105.000000000000        111.651649197128     
   106.000000000000        111.612777062550     
   107.000000000000        111.573296897199     
   108.000000000000        111.534334470212     
   109.000000000000        111.494095902603     
   110.000000000000        111.454479144944     
   111.000000000000        111.413913074841     
   112.000000000000        111.373640857284     
   113.000000000000        111.333077509461     
   114.000000000000        111.291807505504     
   115.000000000000        111.250916464736     
   116.000000000000        111.209412949583     
   117.000000000000        111.168633428492     
   118.000000000000        111.126450056234     
   119.000000000000        111.084993249894     
   120.000000000000        111.043134478912     
   121.000000000000        111.000881375333     
   122.000000000000        110.958342365700     
   123.000000000000        110.915629788830     
   124.000000000000        110.872845104920     
   125.000000000000        110.829774474311     
   126.000000000000        110.787182971408     
   127.000000000000        110.743976447379     
   128.000000000000        110.700580512177     
   129.000000000000        110.657453043837     
   130.000000000000        110.613583585546     
   131.000000000000        110.569424276670     
   132.000000000000        110.525631542548     
   133.000000000000        110.481539167557     
   134.000000000000        110.437597878460     
   135.000000000000        110.393026764387     
   136.000000000000        110.348493546371     
   137.000000000000        110.303754977421     
   138.000000000000        110.259292855682     
   139.000000000000        110.214177874935     
   140.000000000000        110.169106017509     
   141.000000000000        110.124405362053     
   142.000000000000        110.078830138315     
   143.000000000000        110.033853455476     
   144.000000000000        109.987899178446     
   145.000000000000        109.942754809760     
   146.000000000000        109.897197539286     
   147.000000000000        109.851332967479     
   148.000000000000        109.805379014296     
   149.000000000000        109.759239315893     
   150.000000000000        109.713341704706     
   151.000000000000        109.667362475978     
   152.000000000000        109.621073491806     
   153.000000000000        109.574701121745     
   154.000000000000        109.528134200611     
   155.000000000000        109.482027641641     
   156.000000000000        109.435284030096     
   157.000000000000        109.388236824674     
   158.000000000000        109.341758598228     
   159.000000000000        109.294743987094     
   160.000000000000        109.248107355809     
   161.000000000000        109.200691729954     
   162.000000000000        109.153648441898     
   163.000000000000        109.107066867807     
   164.000000000000        109.059048937604     
   165.000000000000        109.011959935317     
   166.000000000000        108.964551819094     
   167.000000000000        108.916825457586     
   168.000000000000        108.869461446313     
   169.000000000000        108.822228649338     
   170.000000000000        108.774438829071     
   171.000000000000        108.726819390154     
   172.000000000000        108.679183970706     
   173.000000000000        108.631250949188     
   174.000000000000        108.583340652093     
   175.000000000000        108.534997367658     
   176.000000000000        108.487116377389     
   177.000000000000        108.439028862381     
   178.000000000000        108.391074542705     
   179.000000000000        108.342929225449     
   180.000000000000        108.295007135696     
   181.000000000000        108.246536592626     
   182.000000000000        108.198338819760     
   183.000000000000        108.149682313750     
   184.000000000000        108.101731224334     
   185.000000000000        108.053458108690     
   186.000000000000        108.004531416486     
   187.000000000000        107.955943973240     
   188.000000000000        107.907635248068     
   189.000000000000        107.859291349132     
   190.000000000000        107.810778106650     
   191.000000000000        107.761704835745     
   192.000000000000        107.713111271677     
   193.000000000000        107.664746231784     
   194.000000000000        107.615147857470     
   195.000000000000        107.566622945509     
   196.000000000000        107.517632582118     
   197.000000000000        107.468980239201     
   198.000000000000        107.419585918582     
   199.000000000000        107.371096281103     
   200.000000000000        107.321837003291     
   201.000000000000        107.273729461880     
   202.000000000000        107.224258042016     
   203.000000000000        107.175050246995     
   204.000000000000        107.126080398708     
   205.000000000000        107.076876082032     
   206.000000000000        107.027753674355     
   207.000000000000        106.978568358871     
   208.000000000000        106.930118951055     
   209.000000000000        106.880984918917     
   210.000000000000        106.831430600027     
   211.000000000000        106.782111573641     
   212.000000000000        106.732595937078     
   213.000000000000        106.683068457711     
   214.000000000000        106.634048020002     
   215.000000000000        106.584531219442     
   216.000000000000        106.535746746838     
   217.000000000000        106.486538058568     
   218.000000000000        106.436623489450     
   219.000000000000        106.387659476320     
   220.000000000000        106.338705249272     
   221.000000000000        106.288859880774     
   222.000000000000        106.239221998520     
   223.000000000000        106.190136871869     
   224.000000000000        106.140963160692     
   225.000000000000        106.091169461130     
   226.000000000000        106.041402441014     
   227.000000000000        105.992570175868     
   228.000000000000        105.942786723576     
   229.000000000000        105.892852998794     
   230.000000000000        105.843770133936     
   231.000000000000        105.794095172507     
   232.000000000000        105.745319428017     
   233.000000000000        105.695385204498     
   234.000000000000        105.645956985130     
   235.000000000000        105.596538670002     
   236.000000000000        105.546893137062     
   237.000000000000        105.497492980787     
   238.000000000000        105.447893501617     
   239.000000000000        105.397821998938     
   240.000000000000        105.348732316752     
   241.000000000000        105.299136682781     
   242.000000000000        105.249804220683     
   243.000000000000        105.200279509113     
   244.000000000000        105.151182983879     
   245.000000000000        105.101233993302     
   246.000000000000        105.051504349318     
   247.000000000000        105.002234766217     
   248.000000000000        104.952559576386     
   249.000000000000        104.903064522158     
   250.000000000000        104.853183701075     
   251.000000000000        104.804201223675     
   252.000000000000        104.754320680430     
   253.000000000000        104.705170795849     
   254.000000000000        104.655756429206     
   255.000000000000        104.605933187848     
   256.000000000000        104.557021527331     
   257.000000000000        104.507436671376     
   258.000000000000        104.457854846101     
   259.000000000000        104.408302972926     
   260.000000000000        104.359282761342     
   261.000000000000        104.308785584544     
   262.000000000000        104.259990670492     
   263.000000000000        104.210912415917     
   264.000000000000        104.160786325955     
   265.000000000000        104.112175908531     
   266.000000000000        104.062085531546     
   267.000000000000        104.013072973929     
   268.000000000000        103.963869695183     
   269.000000000000        103.914011303777     
   270.000000000000        103.865041599075     
   271.000000000000        103.815673102794     
   272.000000000000        103.765837657543     
   273.000000000000        103.717154595898     
   274.000000000000        103.668044585933     
   275.000000000000        103.617989697803     
   276.000000000000        103.568911117280     
   277.000000000000        103.519830721794     
   278.000000000000        103.470076292650     
   279.000000000000        103.421484322298     
   280.000000000000        103.371739778662     
   281.000000000000        103.323217780107     
   282.000000000000        103.273682500410     
   283.000000000000        103.223585924958     
   284.000000000000        103.175023713222     
   285.000000000000        103.126301712288     
   286.000000000000        103.076417926511     
   287.000000000000        103.027481486924     
   288.000000000000        102.978544741366     
   289.000000000000        102.929835973080     
   290.000000000000        102.880472381623     
   291.000000000000        102.831811213432     
   292.000000000000        102.782735854034     
   293.000000000000        102.733834685895     
   294.000000000000        102.684526033463     
   295.000000000000        102.635925962798     
   296.000000000000        102.586403828705     
   297.000000000000        102.537627381128     
   298.000000000000        102.488542537127     
   299.000000000000        102.440045459840     
   300.000000000000        102.391249783583     
   301.000000000000        102.341769077211     
   302.000000000000        102.293507046842     
   303.000000000000        102.244776252207     
   304.000000000000        102.196301874365     
   305.000000000000        102.147368605949     
   306.000000000000        102.098221613227     
   307.000000000000        102.049490569734     
   308.000000000000        102.001374434725     
   309.000000000000        101.952209714383     
   310.000000000000        101.903552599287     
   311.000000000000        101.854772905306     
   312.000000000000        101.807035012600     
   313.000000000000        101.757748665595     
   314.000000000000        101.708944516823     
   315.000000000000        101.660842388333     
   316.000000000000        101.612021139018     
   317.000000000000        101.564025482234     
   318.000000000000        101.514939319924     
   319.000000000000        101.466932706071     
   320.000000000000        101.419376685452     
   321.000000000000        101.370404329993     
   322.000000000000        101.321726018257     
   323.000000000000        101.273438543067     
   324.000000000000        101.225265438478     
   325.000000000000        101.177542281938     
   326.000000000000        101.128620945888     
   327.000000000000        101.080032148138     
   328.000000000000        101.033046750028     
   329.000000000000        100.984585429382     
   330.000000000000        100.936970092893     
   331.000000000000        100.888161773822     
   332.000000000000        100.840033029691     
   333.000000000000        100.792378789598     
   334.000000000000        100.744142657599     
   335.000000000000        100.696042948529     
   336.000000000000        100.648010223091     
   337.000000000000        100.600400325983     
   338.000000000000        100.552381805702     
   339.000000000000        100.504860851497     
   340.000000000000        100.456625619514     
   341.000000000000        100.408187963248     
   342.000000000000        100.361656739446     
   343.000000000000        100.313620582391     
   344.000000000000        100.265724301275     
   345.000000000000        100.217786453229     
   346.000000000000        100.170846647177     
   347.000000000000        100.122674886175     
   348.000000000000        100.075039915688     
   349.000000000000        100.028104366522     
   350.000000000000        99.9797930845947     
   351.000000000000        99.9326412101209     
   352.000000000000        99.8852494168393     
   353.000000000000        99.8381384521644     
   354.000000000000        99.7901735077312     
   355.000000000000        99.7427550608002     
   356.000000000000        99.6962239797465     
   357.000000000000        99.6484020768822     
   358.000000000000        99.6018632990751     
   359.000000000000        99.5538900272084     
   360.000000000000        99.5071645856031     
   361.000000000000        99.4596240357372     
   362.000000000000        99.4130887909144     
   363.000000000000        99.3656817092057     
   364.000000000000        99.3189438238303     
   365.000000000000        99.2712695469977     
   366.000000000000        99.2248514980114     
   367.000000000000        99.1781979416154     
   368.000000000000        99.1307815399882     
   369.000000000000        99.0845751424749     
   370.000000000000        99.0372559358503     
   371.000000000000        98.9903947997212     
   372.000000000000        98.9442156620455     
   373.000000000000        98.8974371164367     
   374.000000000000        98.8505981052455     
   375.000000000000        98.8042107230239     
   376.000000000000        98.7575021144601     
   377.000000000000        98.7106956185451     
   378.000000000000        98.6638742328920     
   379.000000000000        98.6185778704977     
   380.000000000000        98.5713969159825     
   381.000000000000        98.5253590872670     
   382.000000000000        98.4784180816758     
   383.000000000000        98.4319769355027     
   384.000000000000        98.3862706831532     
   385.000000000000        98.3391185321828     
   386.000000000000        98.2938474993235     
   387.000000000000        98.2474643078572     
   388.000000000000        98.2008611169641     
   389.000000000000        98.1547117418075     
   390.000000000000        98.1092253393821     
   391.000000000000        98.0634281545642     
   392.000000000000        98.0171334898850     
   393.000000000000        97.9712342105723     
   394.000000000000        97.9254443890382     
   395.000000000000        97.8798499693932     
   396.000000000000        97.8338122964163     
   397.000000000000        97.7882310528823     
   398.000000000000        97.7422949409482     
   399.000000000000        97.6964166445410     
   400.000000000000        97.6510408712509     
   401.000000000000        97.6048203813793     
   402.000000000000        97.5602301760815     
   403.000000000000        97.5141232116951     
   404.000000000000        97.4691081984555     
   405.000000000000        97.4232106397910     
   406.000000000000        97.3779968374360     
   407.000000000000        97.3326854463743     
   408.000000000000        97.2869562903777     
   409.000000000000        97.2428461639152     
   410.000000000000        97.1969781762138     
   411.000000000000        97.1514370900096     
   412.000000000000        97.1069654888166     
   413.000000000000        97.0619803903435     
   414.000000000000        97.0166561275173     
   415.000000000000        96.9717498941492     
   416.000000000000        96.9263413914732     
   417.000000000000        96.8822353602061     
   418.000000000000        96.8372156724818     
   419.000000000000        96.7931642927275     
   420.000000000000        96.7479778389259     
   421.000000000000        96.7027261552505     
   422.000000000000        96.6581360700559     
   423.000000000000        96.6140220543885     
   424.000000000000        96.5694104978752     
   425.000000000000        96.5244916969948     
   426.000000000000        96.4803407524002     
   427.000000000000        96.4351937122207     
   428.000000000000        96.3913106552618     
   429.000000000000        96.3459155081267     
   430.000000000000        96.3036433535570     
   431.000000000000        96.2584659702943     
   432.000000000000        96.2150444166991     
   433.000000000000        96.1700868961803     
   434.000000000000        96.1260571228787     
   435.000000000000        96.0824769267351     
   436.000000000000        96.0378606071143     
   437.000000000000        95.9934585870182     
   438.000000000000        95.9500138219296     
   439.000000000000        95.9063830176309     
   440.000000000000        95.8615032902881     
   441.000000000000        95.8184906473113     
   442.000000000000        95.7750373346415     
   443.000000000000        95.7316270160372     
   444.000000000000        95.6877222650986     
   445.000000000000        95.6442762491729     
   446.000000000000        95.6007989380766     
   447.000000000000        95.5565818775199     
   448.000000000000        95.5131366581353     
   449.000000000000        95.4704042403898     
   450.000000000000        95.4267695119948     
   451.000000000000        95.3841922216903     
   452.000000000000        95.3397948942120     
   453.000000000000        95.2969304838513     
   454.000000000000        95.2552822839389     
   455.000000000000        95.2109671284934     
   456.000000000000        95.1673333190336     
   457.000000000000        95.1257435436161     
   458.000000000000        95.0815355541542     
   459.000000000000        95.0396366610134     
   460.000000000000        94.9958082229372     
   461.000000000000        94.9536462413043     
   462.000000000000        94.9109266198534     
   463.000000000000        94.8685027418334     
   464.000000000000        94.8261889663871     
   465.000000000000        94.7827949018386     
   466.000000000000        94.7409555803236     
   467.000000000000        94.6982162343235     
   468.000000000000        94.6556549996387     
   469.000000000000        94.6135207969198     
   470.000000000000        94.5708931958805     
   471.000000000000        94.5298382340670     
   472.000000000000        94.4872621701949     
   473.000000000000        94.4447905968638     
   474.000000000000        94.4029337812751     
   475.000000000000        94.3607423810411     
   476.000000000000        94.3183450422250     
   477.000000000000        94.2767856538729     
   478.000000000000        94.2354096322547     
   479.000000000000        94.1933735018202     
   480.000000000000        94.1515565718035     
   481.000000000000        94.1094950006357     
   482.000000000000        94.0681803988056     
   483.000000000000        94.0262840528773     
   484.000000000000        93.9848870018616     
   485.000000000000        93.9439554723727     
   486.000000000000        93.9022688610653     
   487.000000000000        93.8603397883493     
   488.000000000000        93.8196040158126     
   489.000000000000        93.7785749856400     
   490.000000000000        93.7374343703468     
   491.000000000000        93.6960117358223     
   492.000000000000        93.6544001144008     
   493.000000000000        93.6137475230359     
   494.000000000000        93.5727018169462     
   495.000000000000        93.5316955580488     
   496.000000000000        93.4914400507839     
   497.000000000000        93.4497193072748     
   498.000000000000        93.4091441862737     
   499.000000000000        93.3688963127461     
   500.000000000000        93.3281579318034     
   501.000000000000        93.2880491796687     
   502.000000000000        93.2475010755398     
   503.000000000000        93.2069100975246     
   504.000000000000        93.1661760035796     
   505.000000000000        93.1257161779155     
   506.000000000000        93.0861836698254     
   507.000000000000        93.0459989429940     
   508.000000000000        93.0054572083169     
   509.000000000000        92.9650371042992     
   510.000000000000        92.9255480106017     
   511.000000000000        92.8844011169776     
   512.000000000000        92.8455081352937     
   513.000000000000        92.8060052996010     
   514.000000000000        92.7655092220422     
   515.000000000000        92.7261406451292     
   516.000000000000        92.6861794509297     
   517.000000000000        92.6466895188500     
   518.000000000000        92.6059590102631     
   519.000000000000        92.5665341811970     
   520.000000000000        92.5290798381824     
   521.000000000000        92.4882150571983     
   522.000000000000        92.4495042261069     
   523.000000000000        92.4096702901065     
   524.000000000000        92.3706593704805     
   525.000000000000        92.3305876288393     
   526.000000000000        92.2932172627535     
   527.000000000000        92.2528891194169     
   528.000000000000        92.2146926490694     
   529.000000000000        92.1759746382616     
   530.000000000000        92.1361601329860     
   531.000000000000        92.0975337578006     
   532.000000000000        92.0598519021381     
   533.000000000000        92.0210563881552     
   534.000000000000        91.9834699626591     
   535.000000000000        91.9437698434130     
   536.000000000000        91.9046046034455     
   537.000000000000        91.8660325185729     
   538.000000000000        91.8293971132127     
   539.000000000000        91.7907664568799     
   540.000000000000        91.7523243094290     
   541.000000000000        91.7135781828504     
   542.000000000000        91.6757614035077     
   543.000000000000        91.6379821690018     
   544.000000000000        91.6001078845457     
   545.000000000000        91.5621704510722     
   546.000000000000        91.5240327460334     
   547.000000000000        91.4865213609895     
   548.000000000000        91.4486150402607     
   549.000000000000        91.4116586931347     
   550.000000000000        91.3748917268595     
   551.000000000000        91.3361507426640     
   552.000000000000        91.2984077328964     
   553.000000000000        91.2610855370949     
   554.000000000000        91.2232298261181     
   555.000000000000        91.1871803537130     
   556.000000000000        91.1504887520847     
   557.000000000000        91.1125288159355     
   558.000000000000        91.0764330203473     
   559.000000000000        91.0379002363301     
   560.000000000000        91.0018018934994     
   561.000000000000        90.9638618049603     
   562.000000000000        90.9287449735318     
   563.000000000000        90.8908820400828     
   564.000000000000        90.8548606029096     
   565.000000000000        90.8184133333367     
   566.000000000000        90.7818659502776     
   567.000000000000        90.7465671103100     
   568.000000000000        90.7084688360938     
   569.000000000000        90.6722932543779     
   570.000000000000        90.6363080783740     
   571.000000000000        90.5999927353297     
   572.000000000000        90.5648307640398     
   573.000000000000        90.5272758774059     
   574.000000000000        90.4923523205869     
   575.000000000000        90.4561360236748     
   576.000000000000        90.4208006570672     
   577.000000000000        90.3844812109425     
   578.000000000000        90.3486028193740     
   579.000000000000        90.3131663252235     
   580.000000000000        90.2781129532319     
   581.000000000000        90.2421814227650     
   582.000000000000        90.2074495095150     
   583.000000000000        90.1725547518775     
   584.000000000000        90.1368075804842     
   585.000000000000        90.1014114038221     
   586.000000000000        90.0659242097855     
   587.000000000000        90.0306320807350     
   588.000000000000        89.9967860433144     
   589.000000000000        89.9607629377285     
   590.000000000000        89.9266738987234     
   591.000000000000        89.8914300522130     
   592.000000000000        89.8569076344585     
   593.000000000000        89.8221710887274     
   594.000000000000        89.7867365113272     
   595.000000000000        89.7532904409882     
   596.000000000000        89.7184170630791     
   597.000000000000        89.6856555551050     
   598.000000000000        89.6497915803075     
   599.000000000000        89.6165507193968     
   600.000000000000        89.5814645083934     
   601.000000000000        89.5494014953947     
   602.000000000000        89.5148018066186     
   603.000000000000        89.4805394482490     
   604.000000000000        89.4462666569480     
   605.000000000000        89.4127161611224     
   606.000000000000        89.3792617306174     
   607.000000000000        89.3440483487757     
   608.000000000000        89.3123713655439     
   609.000000000000        89.2784049212309     
   610.000000000000        89.2457408281097     
   611.000000000000        89.2108223026169     
   612.000000000000        89.1783048242219     
   613.000000000000        89.1454158328096     
   614.000000000000        89.1116719896062     
   615.000000000000        89.0792114956386     
   616.000000000000        89.0456585287793     
   617.000000000000        89.0135923965761     
   618.000000000000        88.9791423853094     
   619.000000000000        88.9477278296263     
   620.000000000000        88.9144744613183     
   621.000000000000        88.8819955388681     
   622.000000000000        88.8497732225412     
   623.000000000000        88.8186645478422     
   624.000000000000        88.7846071848695     
   625.000000000000        88.7531062270923     
   626.000000000000        88.7201104596066     
   627.000000000000        88.6874443880232     
   628.000000000000        88.6568205638355     
   629.000000000000        88.6244675585156     
   630.000000000000        88.5927225192285     
   631.000000000000        88.5608482608735     
   632.000000000000        88.5296866326478     
   633.000000000000        88.4981231150020     
   634.000000000000        88.4664084332341     
   635.000000000000        88.4339170385987     
   636.000000000000        88.4026713688659     
   637.000000000000        88.3735101354663     
   638.000000000000        88.3401223065210     
   639.000000000000        88.3102546468293     
   640.000000000000        88.2787722839445     
   641.000000000000        88.2472115551554     
   642.000000000000        88.2165432510557     
   643.000000000000        88.1865919047677     
   644.000000000000        88.1554882893781     
   645.000000000000        88.1238819849180     
   646.000000000000        88.0948522244046     
   647.000000000000        88.0637948165718     
   648.000000000000        88.0323606600242     
   649.000000000000        88.0030471790521     
   650.000000000000        87.9736453280697     
   651.000000000000        87.9423113520277     
   652.000000000000        87.9117005956045     
   653.000000000000        87.8818377521073     
   654.000000000000        87.8518790944617     
   655.000000000000        87.8227035647387     
   656.000000000000        87.7923521948298     
   657.000000000000        87.7629062759113     
   658.000000000000        87.7329313561383     
   659.000000000000        87.7016801253021     
   660.000000000000        87.6736608175451     
   661.000000000000        87.6444601772296     
   662.000000000000        87.6149882277478     
   663.000000000000        87.5864976885705     
   664.000000000000        87.5574219206029     
   665.000000000000        87.5274253163200     
   666.000000000000        87.4986926012368     
   667.000000000000        87.4690146333899     
   668.000000000000        87.4403627751178     
   669.000000000000        87.4134763886316     
   670.000000000000        87.3848984388788     
   671.000000000000        87.3544439572309     
   672.000000000000        87.3258377247576     
   673.000000000000        87.2986950583835     
   674.000000000000        87.2695053380343     
   675.000000000000        87.2417934300214     
   676.000000000000        87.2124497013300     
   677.000000000000        87.1863017163984     
   678.000000000000        87.1582070603325     
   679.000000000000        87.1295161092140     
   680.000000000000        87.1017686254194     
   681.000000000000        87.0749327003165     
   682.000000000000        87.0470467291714     
   683.000000000000        87.0184877507933     
   684.000000000000        86.9913184448113     
   685.000000000000        86.9639976832542     
   686.000000000000        86.9361502551153     
   687.000000000000        86.9091002872669     
   688.000000000000        86.8821007852329     
   689.000000000000        86.8564358060500     
   690.000000000000        86.8271980036092     
   691.000000000000        86.8006040886977     
   692.000000000000        86.7732206793405     
   693.000000000000        86.7481667963141     
   694.000000000000        86.7211787859517     
   695.000000000000        86.6941803183972     
   696.000000000000        86.6689040238165     
   697.000000000000        86.6423642895523     
   698.000000000000        86.6157945597834     
   699.000000000000        86.5902076746900     
   700.000000000000        86.5639737259783     
   701.000000000000        86.5386975123885     
   702.000000000000        86.5128262240957     
   703.000000000000        86.4856195367251     
   704.000000000000        86.4595628698568     
   705.000000000000        86.4356253248445     
   706.000000000000        86.4077656157691     
   707.000000000000        86.3840536830398     
   708.000000000000        86.3583786742065     
   709.000000000000        86.3327113858651     
   710.000000000000        86.3081960232008     
   711.000000000000        86.2826765629586     
   712.000000000000        86.2570897751996     
   713.000000000000        86.2337498261974     
   714.000000000000        86.2067820348189     
   715.000000000000        86.1839748296236     
   716.000000000000        86.1580882487772     
   717.000000000000        86.1341265793120     
   718.000000000000        86.1091365678014     
   719.000000000000        86.0844811460573     
   720.000000000000        86.0616499835665     
   721.000000000000        86.0381454791881     
   722.000000000000        86.0123863797898     
   723.000000000000        85.9887029032877     
   724.000000000000        85.9630921896484     
   725.000000000000        85.9409457236934     
   726.000000000000        85.9174318449488     
   727.000000000000        85.8933296061864     
   728.000000000000        85.8707750046754     
   729.000000000000        85.8457094267895     
   730.000000000000        85.8235255150292     
   731.000000000000        85.8002830585431     
   732.000000000000        85.7774594882016     
   733.000000000000        85.7524272739785     
   734.000000000000        85.7293672484695     
   735.000000000000        85.7085708983064     
   736.000000000000        85.6852197846601     
   737.000000000000        85.6606357250726     
   738.000000000000        85.6404855709254     
   739.000000000000        85.6182548221147     
   740.000000000000        85.5944033087016     
   741.000000000000        85.5719258055289     
   742.000000000000        85.5514558164505     
   743.000000000000        85.5282313277928     
   744.000000000000        85.5053977503447     
   745.000000000000        85.4852375401245     
   746.000000000000        85.4626584234293     
   747.000000000000        85.4410720381708     
   748.000000000000        85.4193523580863     
   749.000000000000        85.3967812959733     
   750.000000000000        85.3753139361956     
   751.000000000000        85.3542121351614     
   752.000000000000        85.3338002974335     
   753.000000000000        85.3112873938590     
   754.000000000000        85.2903450083823     
   755.000000000000        85.2697448547011     
   756.000000000000        85.2472134217726     
   757.000000000000        85.2291605771205     
   758.000000000000        85.2078278323041     
   759.000000000000        85.1851122829029     
   760.000000000000        85.1665431248426     
   761.000000000000        85.1459202989244     
   762.000000000000        85.1253935600507     
   763.000000000000        85.1060831911467     
   764.000000000000        85.0853046995528     
   765.000000000000        85.0652407875274     
   766.000000000000        85.0470268875844     
   767.000000000000        85.0263040787937     
   768.000000000000        85.0057428783540     
   769.000000000000        84.9862449322535     
   770.000000000000        84.9664804099036     
   771.000000000000        84.9468736953219     
   772.000000000000        84.9275642261615     
   773.000000000000        84.9102719878985     
   774.000000000000        84.8888527261685     
   775.000000000000        84.8699046806303     
   776.000000000000        84.8504631482796     
   777.000000000000        84.8340151095299     
   778.000000000000        84.8122560086254     
   779.000000000000        84.7949632186242     
   780.000000000000        84.7754795389484     
   781.000000000000        84.7587760313622     
   782.000000000000        84.7390236847836     
   783.000000000000        84.7209918529258     
   784.000000000000        84.7034426139497     
   785.000000000000        84.6857915704275     
   786.000000000000        84.6663544108303     
   787.000000000000        84.6491531300774     
   788.000000000000        84.6331028354745     
   789.000000000000        84.6157950612874     
   790.000000000000        84.5978555356971     
   791.000000000000        84.5809769139977     
   792.000000000000        84.5625999175838     
   793.000000000000        84.5442476989783     
   794.000000000000        84.5281101328481     
   795.000000000000        84.5107041657028     
   796.000000000000        84.4934913239004     
   797.000000000000        84.4767725311344     
   798.000000000000        84.4607459194872     
   799.000000000000        84.4430691717063     
   800.000000000000        84.4281065238323     
   801.000000000000        84.4100331288795     
   802.000000000000        84.3941596031908     
   803.000000000000        84.3797862446981     
   804.000000000000        84.3634187628419     
   805.000000000000        84.3471088629561     
   806.000000000000        84.3300149022007     
   807.000000000000        84.3153117223868     
   808.000000000000        84.2976051210755     
   809.000000000000        84.2843376538367     
   810.000000000000        84.2664682454486     
   811.000000000000        84.2538145696611     
   812.000000000000        84.2371427005781     
   813.000000000000        84.2240744216027     
   814.000000000000        84.2088406772551     
   815.000000000000        84.1920420840137     
   816.000000000000        84.1795651468446     
   817.000000000000        84.1616911905336     
   818.000000000000        84.1481037068867     
   819.000000000000        84.1334432738157     
   820.000000000000        84.1202329249621     
   821.000000000000        84.1055686202441     
   822.000000000000        84.0912212957797     
   823.000000000000        84.0777260700349     
   824.000000000000        84.0610689650893     
   825.000000000000        84.0495186540972     
   826.000000000000        84.0335465219931     
   827.000000000000        84.0204413594293     
   828.000000000000        84.0069709142550     
   829.000000000000        83.9943747891913     
   830.000000000000        83.9814265040238     
   831.000000000000        83.9683502850920     
   832.000000000000        83.9547827460921     
   833.000000000000        83.9423857503266     
   834.000000000000        83.9285146546105     
   835.000000000000        83.9160997429866     
   836.000000000000        83.9038546995036     
   837.000000000000        83.8903343081925     
   838.000000000000        83.8790312688468     
   839.000000000000        83.8643863299138     
   840.000000000000        83.8531659765098     
   841.000000000000        83.8413807876091     
   842.000000000000        83.8303718657998     
   843.000000000000        83.8173824063526     
   844.000000000000        83.8070828357593     
   845.000000000000        83.7928751785711     
   846.000000000000        83.7849650441167     
   847.000000000000        83.7710315462641     
   848.000000000000        83.7601404213203     
   849.000000000000        83.7463896763553     
   850.000000000000        83.7389407452318     
   851.000000000000        83.7258314803934     
   852.000000000000        83.7135543333475     
   853.000000000000        83.7036643501105     
   854.000000000000        83.6932817228168     
   855.000000000000        83.6842208126255     
   856.000000000000        83.6736127743528     
   857.000000000000        83.6613254192065     
   858.000000000000        83.6523537908090     
   859.000000000000        83.6438220014092     
   860.000000000000        83.6302240262907     
   861.000000000000        83.6242250905709     
   862.000000000000        83.6104182152111     
   863.000000000000        83.6027654139617     
   864.000000000000        83.5911832857132     
   865.000000000000        83.5825507670046     
   866.000000000000        83.5740949346922     
   867.000000000000        83.5666646119170     
   868.000000000000        83.5552333370627     
   869.000000000000        83.5468140317862     
   870.000000000000        83.5368778494855     
   871.000000000000        83.5272910334510     
   872.000000000000        83.5203290792755     
   873.000000000000        83.5125105808068     
   874.000000000000        83.5020216818895     
   875.000000000000        83.4964930764360     
   876.000000000000        83.4857154946960     
   877.000000000000        83.4776492428035     
   878.000000000000        83.4708627653489     
   879.000000000000        83.4652336268386     
   880.000000000000        83.4519613362092     
   881.000000000000        83.4502579052460     
   882.000000000000        83.4409919020838     
   883.000000000000        83.4313181843229     
   884.000000000000        83.4272144550635     
   885.000000000000        83.4162271562163     
   886.000000000000        83.4108725861019     
   887.000000000000        83.4036032882769     
   888.000000000000        83.3987230292325     
   889.000000000000        83.3890262927975     
   890.000000000000        83.3839215934654     
   891.000000000000        83.3767309038283     
   892.000000000000        83.3724755606962     
   893.000000000000        83.3655647565090     
   894.000000000000        83.3577042977761     
   895.000000000000        83.3523784256358     
   896.000000000000        83.3454619701338     
   897.000000000000        83.3396849999639     
   898.000000000000        83.3343532945858     
   899.000000000000        83.3280924662260     
   900.000000000000        83.3230972808170     
   901.000000000000        83.3165946603219     
   902.000000000000        83.3124710480681     
   903.000000000000        83.3100465713687     
   904.000000000000        83.3010191930345     
   905.000000000000        83.2979559219637     
   906.000000000000        83.2937776241896     
   907.000000000000        83.2886074600925     
   908.000000000000        83.2846869227044     
   909.000000000000        83.2784861980504     
   910.000000000000        83.2747882841597     
   911.000000000000        83.2726217936269     
   912.000000000000        83.2655246047491     
   913.000000000000        83.2636474874551     
   914.000000000000        83.2589365208214     
   915.000000000000        83.2534724507642     
   916.000000000000        83.2525477284209     
   917.000000000000        83.2476430997705     
   918.000000000000        83.2450730859257     
   919.000000000000        83.2452095925740     
   920.000000000000        83.2393842783868     
   921.000000000000        83.2365720528395     
   922.000000000000        83.2343765805804     
   923.000000000000        83.2320557132597     
   924.000000000000        83.2261215546192     
   925.000000000000        83.2255152305484     
   926.000000000000        83.2250387310287     
   927.000000000000        83.2214166343286     
   928.000000000000        83.2180635788983     
   929.000000000000        83.2140582634071     
   930.000000000000        83.2150181291512     
   931.000000000000        83.2110500349069     
   932.000000000000        83.2098176877585     
   933.000000000000        83.2072052415020     
   934.000000000000        83.2091718170078     
   935.000000000000        83.2037841271449     
   936.000000000000        83.2051864352320     
   937.000000000000        83.2040261531084     
   938.000000000000        83.2012418873905     
   939.000000000000        83.2000569783975     
   940.000000000000        83.2026057472003     
   941.000000000000        83.2001246328239     
   942.000000000000        83.2004699204700     
   943.000000000000        83.2019089783793     
   944.000000000000        83.2001125652539     
   945.000000000000        83.2001436315772     
   946.000000000000        83.1997163800247     
   947.000000000000        83.2010903729597     
   948.000000000000        83.1984520634921     
   949.000000000000        83.2014244828568     
   950.000000000000        83.2001923591181     
   951.000000000000        83.2003051332582     
   952.000000000000        83.2037419612663     
   953.000000000000        83.2027907480630     
   954.000000000000        83.2030840712882     
   955.000000000000        83.2061224670221     
   956.000000000000        83.2053936222618     
   957.000000000000        83.2095744569836     
   958.000000000000        83.2090707536231     
   959.000000000000        83.2101266600971     
   960.000000000000        83.2097739584160     
   961.000000000000        83.2159354496976     
   962.000000000000        83.2163629768620     
   963.000000000000        83.2196398957040     
   964.000000000000        83.2203494831718     
   965.000000000000        83.2260152678953     
   966.000000000000        83.2244261722781     
   967.000000000000        83.2269931711480     
   968.000000000000        83.2326400903118     
   969.000000000000        83.2336185999167     
   970.000000000000        83.2369992787819     
   971.000000000000        83.2384796596147     
   972.000000000000        83.2426140919202     
   973.000000000000        83.2443770634657     
   974.000000000000        83.2480708172908     
   975.000000000000        83.2571505399353     
   976.000000000000        83.2582801574506     
   977.000000000000        83.2583489974233     
   978.000000000000        83.2615758538952     
   979.000000000000        83.2664700891279     
   980.000000000000        83.2724671906701     
   981.000000000000        83.2782712382350     
   982.000000000000        83.2795632903015     
   983.000000000000        83.2879668366614     
   984.000000000000        83.2888544649481     
   985.000000000000        83.2966279659996     
   986.000000000000        83.3012343411055     
   987.000000000000        83.3062850585301     
   988.000000000000        83.3129881880976     
   989.000000000000        83.3159918451834     
   990.000000000000        83.3208454049862     
   991.000000000000        83.3272551605416     
   992.000000000000        83.3311704482415     
   993.000000000000        83.3370894003161     
   994.000000000000        83.3436393524426     
   995.000000000000        83.3512175569108     
   996.000000000000        83.3549597517259     
   997.000000000000        83.3628079698946     
   998.000000000000        83.3677474728623     
   999.000000000000        83.3771252230168     
   1000.00000000000        83.3844279026338     
   1001.00000000000        83.3871909014239     
   1002.00000000000        83.3972891786031     
   1003.00000000000        83.4047272709200     
   1004.00000000000        83.4107724790070     
   1005.00000000000        83.4167366192585     
   1006.00000000000        83.4259163729065     
   1007.00000000000        83.4306253905176     
   1008.00000000000        83.4433241230292     
   1009.00000000000        83.4442526142015     
   1010.00000000000        83.4562584398311     
   1011.00000000000        83.4630722915924     
   1012.00000000000        83.4715427042504     
   1013.00000000000        83.4809351437430     
   1014.00000000000        83.4915272888629     
   1015.00000000000        83.4981328638261     
   1016.00000000000        83.5062598192261     
   1017.00000000000        83.5143834649998     
   1018.00000000000        83.5257536026284     
   1019.00000000000        83.5323597272014     
   1020.00000000000        83.5431498439671     
   1021.00000000000        83.5486087737578     
   1022.00000000000        83.5638312158942     
   1023.00000000000        83.5677842330965     
   1024.00000000000        83.5813186495193     
   1025.00000000000        83.5914084323013     
   1026.00000000000        83.6012530593579     
   1027.00000000000        83.6117610587925     
   1028.00000000000        83.6201599476565     
   1029.00000000000        83.6310290260520     
   1030.00000000000        83.6408382581851     
   1031.00000000000        83.6520180346128     
   1032.00000000000        83.6610909741281     
   1033.00000000000        83.6727072743804     
   1034.00000000000        83.6866030722366     
   1035.00000000000        83.6941228981927     
   1036.00000000000        83.7057969665960     
   1037.00000000000        83.7211513790369     
   1038.00000000000        83.7290558641093     
   1039.00000000000        83.7447570614186     
   1040.00000000000        83.7519773896765     
   1041.00000000000        83.7686230659220     
   1042.00000000000        83.7749470970867     
   1043.00000000000        83.7903351072641     
   1044.00000000000        83.8012180420067     
   1045.00000000000        83.8175350083431     
   1046.00000000000        83.8258674439918     
   1047.00000000000        83.8385280675414     
   1048.00000000000        83.8516207560063     
   1049.00000000000        83.8632158508220     
   1050.00000000000        83.8780695495625     
   1051.00000000000        83.8918712791709     
   1052.00000000000        83.9040158846370     
   1053.00000000000        83.9194679936397     
   1054.00000000000        83.9305107680848     
   1055.00000000000        83.9459788641621     
   1056.00000000000        83.9598443772760     
   1057.00000000000        83.9732931237693     
   1058.00000000000        83.9868241025247     
   1059.00000000000        84.0001702594365     
   1060.00000000000        84.0149257404882     
   1061.00000000000        84.0288836177593     
   1062.00000000000        84.0434326496282     
   1063.00000000000        84.0606048983333     
   1064.00000000000        84.0732637745858     
   1065.00000000000        84.0878495166806     
   1066.00000000000        84.1059253104978     
   1067.00000000000        84.1174184955556     
   1068.00000000000        84.1334996330512     
   1069.00000000000        84.1512136595931     
   1070.00000000000        84.1622985440290     
   1071.00000000000        84.1808465836337     
   1072.00000000000        84.1969398790234     
   1073.00000000000        84.2133218236195     
   1074.00000000000        84.2261726887781     
   1075.00000000000        84.2455174207926     
   1076.00000000000        84.2576086549456     
   1077.00000000000        84.2757265609282     
   1078.00000000000        84.2908818647061     
   1079.00000000000        84.3115334374610     
   1080.00000000000        84.3279173778953     
   1081.00000000000        84.3437183390975     
   1082.00000000000        84.3621217269776     
   1083.00000000000        84.3767858847754     
   1084.00000000000        84.3952792944915     
   1085.00000000000        84.4111925938534     
   1086.00000000000        84.4302700437335     
   1087.00000000000        84.4514252899677     
   1088.00000000000        84.4684814256226     
   1089.00000000000        84.4818104419278     
   1090.00000000000        84.5051290178534     
   1091.00000000000        84.5210753002258     
   1092.00000000000        84.5388357201367     
   1093.00000000000        84.5548720218529     
   1094.00000000000        84.5782962433865     
   1095.00000000000        84.5933322088675     
   1096.00000000000        84.6123158504187     
   1097.00000000000        84.6289847528827     
   1098.00000000000        84.6542676124974     
   1099.00000000000        84.6686710586017     
   1100.00000000000        84.6899420033137     
   1101.00000000000        84.7092626290498     
   1102.00000000000        84.7297675743180     
   1103.00000000000        84.7497184684002     
   1104.00000000000        84.7676555291078     
   1105.00000000000        84.7915496506003     
   1106.00000000000        84.8119258120815     
   1107.00000000000        84.8264782204753     
   1108.00000000000        84.8483068517145     
   1109.00000000000        84.8716996358552     
   1110.00000000000        84.8904789461899     
   1111.00000000000        84.9113305720309     
   1112.00000000000        84.9310716217085     
   1113.00000000000        84.9510535001911     
   1114.00000000000        84.9774484670037     
   1115.00000000000        84.9940633090851     
   1116.00000000000        85.0171746840963     
   1117.00000000000        85.0388564111842     
   1118.00000000000        85.0587186044983     
   1119.00000000000        85.0829391465094     
   1120.00000000000        85.1031156839775     
   1121.00000000000        85.1277969318152     
   1122.00000000000        85.1479262937067     
   1123.00000000000        85.1687656765693     
   1124.00000000000        85.1921003218840     
   1125.00000000000        85.2134151686610     
   1126.00000000000        85.2370869624028     
   1127.00000000000        85.2614785193394     
   1128.00000000000        85.2833637231014     
   1129.00000000000        85.3065222660944     
   1130.00000000000        85.3292118784820     
   1131.00000000000        85.3479194539837     
   1132.00000000000        85.3790381604437     
   1133.00000000000        85.3974299357838     
   1134.00000000000        85.4253330117704     
   1135.00000000000        85.4486000045911     
   1136.00000000000        85.4712539172831     
   1137.00000000000        85.4979022805674     
   1138.00000000000        85.5198062872996     
   1139.00000000000        85.5451171366219     
   1140.00000000000        85.5705239987711     
   1141.00000000000        85.5931110118633     
   1142.00000000000        85.6176044052178     
   1143.00000000000        85.6395748722485     
   1144.00000000000        85.6664016665616     
   1145.00000000000        85.6920966480035     
   1146.00000000000        85.7181906227854     
   1147.00000000000        85.7416477568604     
   1148.00000000000        85.7717336660934     
   1149.00000000000        85.7948757714109     
   1150.00000000000        85.8214799020292     
   1151.00000000000        85.8453508136525     
   1152.00000000000        85.8703753838727     
   1153.00000000000        85.8947342820562     
   1154.00000000000        85.9224341524108     
   1155.00000000000        85.9490033507244     
   1156.00000000000        85.9762140025480     
   1157.00000000000        85.9976799285496     
   1158.00000000000        86.0290843686871     
   1159.00000000000        86.0547553633251     
   1160.00000000000        86.0834627440290     
   1161.00000000000        86.1085770427712     
   1162.00000000000        86.1365189009558     
   1163.00000000000        86.1646418179151     
   1164.00000000000        86.1913702335280     
   1165.00000000000        86.2190472965221     
   1166.00000000000        86.2508536233582     
   1167.00000000000        86.2748846442220     
   1168.00000000000        86.3012901986583     
   1169.00000000000        86.3293851062636     
   1170.00000000000        86.3654086835197     
   1171.00000000000        86.3851850234846     
   1172.00000000000        86.4203713317087     
   1173.00000000000        86.4467579002194     
   1174.00000000000        86.4692526465054     
   1175.00000000000        86.4984936230728     
   1176.00000000000        86.5346520649036     
   1177.00000000000        86.5630806482630     
   1178.00000000000        86.5904333356009     
   1179.00000000000        86.6195329728449     
   1180.00000000000        86.6438620851425     
   1181.00000000000        86.6803760963366     
   1182.00000000000        86.7091260440495     
   1183.00000000000        86.7369563874698     
   1184.00000000000        86.7699837594686     
   1185.00000000000        86.7964107575516     
   1186.00000000000        86.8267413669112     
   1187.00000000000        86.8574553199629     
   1188.00000000000        86.8869087358148     
   1189.00000000000        86.9209834805913     
   1190.00000000000        86.9504107004876     
   1191.00000000000        86.9808529011079     
   1192.00000000000        87.0095458851063     
   1193.00000000000        87.0422607321424     
   1194.00000000000        87.0738340580719     
   1195.00000000000        87.1067257796407     
   1196.00000000000        87.1322317625228     
   1197.00000000000        87.1643985377805     
   1198.00000000000        87.1967654348881     
   1199.00000000000        87.2321550488191     
   1200.00000000000        87.2601663374695     
   1201.00000000000        87.2948066645646     
   1202.00000000000        87.3263476506444     
   1203.00000000000        87.3569429575779     
   1204.00000000000        87.3899377235778     
   1205.00000000000        87.4233428884133     
   1206.00000000000        87.4564756301478     
   1207.00000000000        87.4914351161805     
   1208.00000000000        87.5190168086572     
   1209.00000000000        87.5550560246106     
   1210.00000000000        87.5845104652764     
   1211.00000000000        87.6198439418534     
   1212.00000000000        87.6504757819489     
   1213.00000000000        87.6907023067452     
   1214.00000000000        87.7211289521394     
   1215.00000000000        87.7534838846868     
   1216.00000000000        87.7862791186208     
   1217.00000000000        87.8189359342334     
   1218.00000000000        87.8574336441796     
   1219.00000000000        87.8909936024302     
   1220.00000000000        87.9256934271663     
   1221.00000000000        87.9588496944831     
   1222.00000000000        87.9933108300154     
   1223.00000000000        88.0260804869366     
   1224.00000000000        88.0565069523970     
   1225.00000000000        88.0978363623202     
   1226.00000000000        88.1309181246478     
   1227.00000000000        88.1646092987661     
   1228.00000000000        88.1971688463029     
   1229.00000000000        88.2402658019468     
   1230.00000000000        88.2725510288423     
   1231.00000000000        88.3106883393492     
   1232.00000000000        88.3453041151857     
   1233.00000000000        88.3791372553767     
   1234.00000000000        88.4190238660560     
   1235.00000000000        88.4509163992439     
   1236.00000000000        88.4901157137177     
   1237.00000000000        88.5271702438278     
   1238.00000000000        88.5601033766232     
   1239.00000000000        88.5992665502309     
   1240.00000000000        88.6314243631709     
   1241.00000000000        88.6743305487185     
   1242.00000000000        88.7089158852967     
   1243.00000000000        88.7458195246741     
   1244.00000000000        88.7797585070455     
   1245.00000000000        88.8156238615614     
   1246.00000000000        88.8593939064647     
   1247.00000000000        88.8923746936564     
   1248.00000000000        88.9266263854090     
   1249.00000000000        88.9698592288154     
   1250.00000000000        89.0006792051740     
   1251.00000000000        89.0451009144173     
   1252.00000000000        89.0808488684116     
   1253.00000000000        89.1173963125778     
   1254.00000000000        89.1617626661067     
   1255.00000000000        89.1947111520156     
   1256.00000000000        89.2394182966247     
   1257.00000000000        89.2735608584854     
   1258.00000000000        89.3107280230416     
   1259.00000000000        89.3515103340379     
   1260.00000000000        89.3942791476993     
   1261.00000000000        89.4267267899909     
   1262.00000000000        89.4699507379820     
   1263.00000000000        89.5044829732781     
   1264.00000000000        89.5431590042850     
   1265.00000000000        89.5818156656270     
   1266.00000000000        89.6297924523995     
   1267.00000000000        89.6651341564891     
   1268.00000000000        89.7111540167111     
   1269.00000000000        89.7424438013081     
   1270.00000000000        89.7853564235900     
   1271.00000000000        89.8249749554239     
   1272.00000000000        89.8604989830125     
   1273.00000000000        89.9045793664304     
   1274.00000000000        89.9472186966298     
   1275.00000000000        89.9865038082021     
   1276.00000000000        90.0275458580008     
   1277.00000000000        90.0706754308095     
   1278.00000000000        90.1113266411727     
   1279.00000000000        90.1510837501532     
   1280.00000000000        90.1887919123628     
   1281.00000000000        90.2354153184356     
   1282.00000000000        90.2754945513872     
   1283.00000000000        90.3128376674975     
   1284.00000000000        90.3546824261384     
   1285.00000000000        90.4003920351021     
   1286.00000000000        90.4409107972190     
   1287.00000000000        90.4830182932013     
   1288.00000000000        90.5294954017517     
   1289.00000000000        90.5635187614634     
   1290.00000000000        90.6083577835431     
   1291.00000000000        90.6470869468661     
   1292.00000000000        90.6946413391879     
   1293.00000000000        90.7329195206935     
   1294.00000000000        90.7833453967839     
   1295.00000000000        90.8221035686484     
   1296.00000000000        90.8696865145106     
   1297.00000000000        90.9062667155046     
   1298.00000000000        90.9540201534238     
   1299.00000000000        90.9958752477704     
   1300.00000000000        91.0302122946168     
   1301.00000000000        91.0812168258638     
   1302.00000000000        91.1245451559643     
   1303.00000000000        91.1668709243462     
   1304.00000000000        91.2103477230109     
   1305.00000000000        91.2533009826607     
   1306.00000000000        91.3030274365089     
   1307.00000000000        91.3475086427971     
   1308.00000000000        91.3885585326895     
   1309.00000000000        91.4275499731896     
   1310.00000000000        91.4785546020945     
   1311.00000000000        91.5272099005176     
   1312.00000000000        91.5672614221846     
   1313.00000000000        91.6089350495679     
   1314.00000000000        91.6594499799542     
   1315.00000000000        91.6973015753346     
   1316.00000000000        91.7473129814951     
   1317.00000000000        91.7941228334337     
   1318.00000000000        91.8336105534339     
   1319.00000000000        91.8813866220896     
   1320.00000000000        91.9284593080479     
   1321.00000000000        91.9697031330501     
   1322.00000000000        92.0197368301447     
   1323.00000000000        92.0621794496923     
   1324.00000000000        92.1115486360561     
   1325.00000000000        92.1592958689641     
   1326.00000000000        92.1993995409086     
   1327.00000000000        92.2482580503542     
   1328.00000000000        92.3006140694633     
   1329.00000000000        92.3338522167765     
   1330.00000000000        92.3875433550020     
   1331.00000000000        92.4287655647682     
   1332.00000000000        92.4848591341983     
   1333.00000000000        92.5266592494674     
   1334.00000000000        92.5716058711451     
   1335.00000000000        92.6208042370352     
   1336.00000000000        92.6689676936869     
   1337.00000000000        92.7189087333917     
   1338.00000000000        92.7603278926852     
   1339.00000000000        92.8110079875089     
   1340.00000000000        92.8546210172261     
   1341.00000000000        92.9085365574881     
   1342.00000000000        92.9482254098536     
   1343.00000000000        93.0029978490946     
   1344.00000000000        93.0518491635729     
   1345.00000000000        93.0963787829611     
   1346.00000000000        93.1454032854991     
   1347.00000000000        93.1891975356246     
   1348.00000000000        93.2399502649977     
   1349.00000000000        93.2923547364098     
   1350.00000000000        93.3391049306778     
   1351.00000000000        93.3862990230077     
   1352.00000000000        93.4380863549856     
   1353.00000000000        93.4851631825270     
   1354.00000000000        93.5317811297162     
   1355.00000000000        93.5809729562936     
   1356.00000000000        93.6271103487778     
   1357.00000000000        93.6794421031493     
   1358.00000000000        93.7339074127389     
