0 -0.00000000
1 -0.00022483
2 -0.00044350
3 -0.00065604
4 -0.00086251
5 -0.00106296
6 -0.00125743
7 -0.00144598
8 -0.00162865
9 -0.00180549
10 -0.00197654
11 -0.00214187
12 -0.00230151
13 -0.00245552
14 -0.00260393
15 -0.00274681
16 -0.00288420
17 -0.00301614
18 -0.00314269
19 -0.00326390
20 -0.00337980
21 -0.00349045
22 -0.00359590
23 -0.00369619
24 -0.00379138
25 -0.00388151
26 -0.00396662
27 -0.00404677
28 -0.00412200
29 -0.00419237
30 -0.00425791
31 -0.00431867
32 -0.00437471
33 -0.00442607
34 -0.00447280
35 -0.00451494
36 -0.00455254
37 -0.00458565
38 -0.00461432
39 -0.00463859
40 -0.00465851
41 -0.00467412
42 -0.00468548
43 -0.00469263
44 -0.00469562
45 -0.00469449
46 -0.00468929
47 -0.00468007
48 -0.00466687
49 -0.00464975
50 -0.00462873
51 -0.00460389
52 -0.00457525
53 -0.00454286
54 -0.00450678
55 -0.00446705
56 -0.00442371
57 -0.00437681
58 -0.00432640
59 -0.00427252
60 -0.00421521
61 -0.00415453
62 -0.00409053
63 -0.00402323
64 -0.00395270
65 -0.00387898
66 -0.00380211
67 -0.00372214
68 -0.00363911
69 -0.00355307
70 -0.00346407
71 -0.00337215
72 -0.00327735
73 -0.00317972
74 -0.00307931
75 -0.00297616
76 -0.00287032
77 -0.00276183
78 -0.00265074
79 -0.00253708
80 -0.00242092
81 -0.00230228
82 -0.00218123
83 -0.00205779
84 -0.00193202
85 -0.00180396
86 -0.00167365
87 -0.00154115
88 -0.00140649
89 -0.00126972
90 -0.00113088
91 -0.00099002
92 -0.00084718
93 -0.00070240
94 -0.00055574
95 -0.00040723
96 -0.00025692
97 -0.00010485
98 0.00004893
99 0.00020438
100 0.00036145
101 0.00052011
102 0.00068030
103 0.00084199
104 0.00100512
105 0.00116967
106 0.00133558
107 0.00150280
108 0.00167130
109 0.00184104
110 0.00201196
111 0.00218403
112 0.00235720
113 0.00253143
114 0.00270667
115 0.00288289
116 0.00306003
117 0.00323807
118 0.00341694
119 0.00359662
120 0.00377705
121 0.00395820
122 0.00414002
123 0.00432247
124 0.00450550
125 0.00468908
126 0.00487316
127 0.00505770
128 0.00524265
129 0.00542798
130 0.00561364
131 0.00579958
132 0.00598578
133 0.00617217
134 0.00635873
135 0.00654541
136 0.00673217
137 0.00691896
138 0.00710574
139 0.00729248
140 0.00747912
141 0.00766564
142 0.00785198
143 0.00803810
144 0.00822397
145 0.00840954
146 0.00859476
147 0.00877961
148 0.00896403
149 0.00914799
150 0.00933144
151 0.00951434
152 0.00969665
153 0.00987833
154 0.01005934
155 0.01023964
156 0.01041918
157 0.01059793
158 0.01077584
159 0.01095287
160 0.01112899
161 0.01130415
162 0.01147831
163 0.01165142
164 0.01182346
165 0.01199438
166 0.01216413
167 0.01233268
168 0.01249999
169 0.01266602
170 0.01283072
171 0.01299405
172 0.01315598
173 0.01331647
174 0.01347547
175 0.01363295
176 0.01378886
177 0.01394316
178 0.01409582
179 0.01424680
180 0.01439605
181 0.01454353
182 0.01468921
183 0.01483305
184 0.01497500
185 0.01511502
186 0.01525309
187 0.01538915
188 0.01552317
189 0.01565511
190 0.01578492
191 0.01591258
192 0.01603803
193 0.01616125
194 0.01628218
195 0.01640080
196 0.01651707
197 0.01663094
198 0.01674237
199 0.01685133
200 0.01695778
201 0.01706168
202 0.01716298
203 0.01726166
204 0.01735767
205 0.01745098
206 0.01754154
207 0.01762932
208 0.01771428
209 0.01779637
210 0.01787557
211 0.01795183
212 0.01802512
213 0.01809540
214 0.01816262
215 0.01822675
216 0.01828776
217 0.01834560
218 0.01840024
219 0.01845163
220 0.01849975
221 0.01854455
222 0.01858600
223 0.01862405
224 0.01865867
225 0.01868983
226 0.01871748
227 0.01874159
228 0.01876211
229 0.01877902
230 0.01879228
231 0.01880184
232 0.01880767
233 0.01880974
234 0.01880800
235 0.01880242
236 0.01879296
237 0.01877959
238 0.01876226
239 0.01874095
240 0.01871561
241 0.01868621
242 0.01865270
243 0.01861507
244 0.01857326
245 0.01852724
246 0.01847697
247 0.01842242
248 0.01836355
249 0.01830033
250 0.01823272
251 0.01816067
252 0.01808417
253 0.01800316
254 0.01791762
255 0.01782750
256 0.01773278
257 0.01763341
258 0.01752936
259 0.01742059
260 0.01730708
261 0.01718877
262 0.01706564
263 0.01693765
264 0.01680476
265 0.01666695
266 0.01652416
267 0.01637638
268 0.01622356
269 0.01606566
270 0.01590266
271 0.01573452
272 0.01556119
273 0.01538266
274 0.01519887
275 0.01500980
276 0.01481541
277 0.01461566
278 0.01441053
279 0.01419998
280 0.01398396
281 0.01376245
282 0.01353542
283 0.01330282
284 0.01306462
285 0.01282079
286 0.01257130
287 0.01231610
288 0.01205517
289 0.01178847
290 0.01151596
291 0.01123762
292 0.01095340
293 0.01066328
294 0.01036721
295 0.01006517
296 0.00975712
297 0.00944303
298 0.00912286
299 0.00879658
300 0.00846415
301 0.00812555
302 0.00778074
303 0.00742967
304 0.00707233
305 0.00670868
306 0.00633868
307 0.00596230
308 0.00557950
309 0.00519026
310 0.00479454
311 0.00439231
312 0.00398353
313 0.00356816
314 0.00314619
315 0.00271757
316 0.00228227
317 0.00184026
318 0.00139150
319 0.00093597
320 0.00047363
321 0.00000444
322 -0.00047163
323 -0.00095460
324 -0.00144451
325 -0.00194140
326 -0.00244530
327 -0.00295623
328 -0.00347423
329 -0.00399934
330 -0.00453158
331 -0.00507100
332 -0.00561761
333 -0.00617146
334 -0.00673257
335 -0.00730097
336 -0.00787671
337 -0.00845980
338 -0.00905029
339 -0.00964821
340 -0.01025357
341 -0.01086643
342 -0.01148681
343 -0.01211474
344 -0.01275025
345 -0.01339338
346 -0.01404415
347 -0.01470260
348 -0.01536876
349 -0.01604266
350 -0.01672433
351 -0.01741380
352 -0.01811111
353 -0.01881628
354 -0.01952935
355 -0.02025034
356 -0.02097930
357 -0.02171624
358 -0.02246120
359 -0.02321422
360 -0.02397531
361 -0.02474452
362 -0.02552187
363 -0.02630740
364 -0.02710113
365 -0.02790309
366 -0.02871332
367 -0.02953185
368 -0.03035870
369 -0.03119391
370 -0.03203751
371 -0.03288952
372 -0.03374998
373 -0.03461892
374 -0.03549636
375 -0.03638235
376 -0.03727690
377 -0.03818005
378 -0.03909182
379 -0.04001226
380 -0.04094138
381 -0.04187921
382 -0.04282580
383 -0.04378115
384 -0.04474532
385 -0.04571832
386 -0.04670018
387 -0.04769094
388 -0.04869062
389 -0.04969926
390 -0.05071688
391 -0.05174350
392 -0.05277917
393 -0.05382391
394 -0.05487775
395 -0.05594071
396 -0.05701284
397 -0.05809414
398 -0.05918466
399 -0.06028443
400 -0.06139347
401 -0.06251180
402 -0.06363947
403 -0.06477650
404 -0.06592291
405 -0.06707874
406 -0.06824401
407 -0.06941875
408 -0.07060299
409 -0.07179677
410 -0.07300010
411 -0.07421301
412 -0.07543554
413 -0.07666771
414 -0.07790955
415 -0.07916108
416 -0.08042235
417 -0.08169336
418 -0.08297416
419 -0.08426477
420 -0.08556521
421 -0.08687552
422 -0.08819572
423 -0.08952584
424 -0.09086591
425 -0.09221595
426 -0.09357599
427 -0.09494607
428 -0.09632620
429 -0.09771642
430 -0.09911675
431 -0.10052722
432 -0.10194785
433 -0.10337868
434 -0.10481973
435 -0.10627102
436 -0.10773259
437 -0.10920446
438 -0.11068666
439 -0.11217921
440 -0.11368215
441 -0.11519549
442 -0.11671927
443 -0.11825351
444 -0.11979824
445 -0.12135348
446 -0.12291926
447 -0.12449561
448 -0.12608256
449 -0.12768012
450 -0.12928834
451 -0.13090722
452 -0.13253680
453 -0.13417711
454 -0.13582817
455 -0.13749000
456 -0.13916264
457 -0.14084611
458 -0.14254043
459 -0.14424563
460 -0.14596174
461 -0.14768878
462 -0.14942678
463 -0.15117576
464 -0.15293575
465 -0.15470677
466 -0.15648885
467 -0.15828202
468 -0.16008629
469 -0.16190171
470 -0.16372828
471 -0.16556604
472 -0.16741501
473 -0.16927522
474 -0.17114668
475 -0.17302944
476 -0.17492350
477 -0.17682890
478 -0.17874566
479 -0.18067381
480 -0.18261337
481 -0.18456436
482 -0.18652681
483 -0.18850075
484 -0.19048619
485 -0.19248317
486 -0.19449171
487 -0.19651183
488 -0.19854355
489 -0.20058691
490 -0.20264192
491 -0.20470861
492 -0.20678700
493 -0.20887712
494 -0.21097899
495 -0.21309263
496 -0.21521808
497 -0.21735535
498 -0.21950446
499 -0.22166545
500 -0.22383833
501 -0.22602313
502 -0.22821987
503 -0.23042857
504 -0.23264927
505 -0.23488197
506 -0.23712672
507 -0.23938352
508 -0.24165240
509 -0.24393339
510 -0.24622651
511 -0.24853178
512 -0.25084922
513 -0.25317886
514 -0.25552073
515 -0.25787484
516 -0.26024121
517 -0.26261988
518 -0.26501086
519 -0.26741417
520 -0.26982984
521 -0.27225789
522 -0.27469835
523 -0.27715123
524 -0.27961656
525 -0.28209437
526 -0.28458466
527 -0.28708747
528 -0.28960282
529 -0.29213073
530 -0.29467122
531 -0.29722432
532 -0.29979005
533 -0.30236842
534 -0.30495946
535 -0.30756320
536 -0.31017965
537 -0.31280884
538 -0.31545078
539 -0.31810551
540 -0.32077304
541 -0.32345339
542 -0.32614659
543 -0.32885265
544 -0.33157160
545 -0.33430347
546 -0.33704826
547 -0.33980600
548 -0.34257672
549 -0.34536044
550 -0.34815717
551 -0.35096693
552 -0.35378976
553 -0.35662566
554 -0.35947467
555 -0.36233679
556 -0.36521206
557 -0.36810050
558 -0.37100211
559 -0.37391693
560 -0.37684498
561 -0.37978627
562 -0.38274083
563 -0.38570867
564 -0.38868983
565 -0.39168431
566 -0.39469214
567 -0.39771333
568 -0.40074792
569 -0.40379592
570 -0.40685734
571 -0.40993222
572 -0.41302057
573 -0.41612240
574 -0.41923775
575 -0.42236662
576 -0.42550904
577 -0.42866504
578 -0.43183462
579 -0.43501781
580 -0.43821463
581 -0.44142510
582 -0.44464923
583 -0.44788706
584 -0.45113859
585 -0.45440384
586 -0.45768285
587 -0.46097561
588 -0.46428216
589 -0.46760252
590 -0.47093669
591 -0.47428471
592 -0.47764659
593 -0.48102235
594 -0.48441201
595 -0.48781559
596 -0.49123310
597 -0.49466457
598 -0.49811001
599 -0.50156944
600 -0.50504289
601 -0.50853037
602 -0.51203189
603 -0.51554748
604 -0.51907716
605 -0.52262095
606 -0.52617885
607 -0.52975090
608 -0.53333710
609 -0.53693749
610 -0.54055206
611 -0.54418086
612 -0.54782388
613 -0.55148115
614 -0.55515270
615 -0.55883852
616 -0.56253865
617 -0.56625310
618 -0.56998189
619 -0.57372504
620 -0.57748256
621 -0.58125448
622 -0.58504080
623 -0.58884155
624 -0.59265675
625 -0.59648641
626 -0.60033054
627 -0.60418917
628 -0.60806232
629 -0.61195000
630 -0.61585223
631 -0.61976902
632 -0.62370039
633 -0.62764637
634 -0.63160696
635 -0.63558218
636 -0.63957205
637 -0.64357659
638 -0.64759582
639 -0.65162974
640 -0.65567839
641 -0.65974176
642 -0.66381989
643 -0.66791278
644 -0.67202045
645 -0.67614293
646 -0.68028022
647 -0.68443234
648 -0.68859932
649 -0.69278115
650 -0.69697787
651 -0.70118948
652 -0.70541601
653 -0.70965747
654 -0.71391387
655 -0.71818523
656 -0.72247157
657 -0.72677290
658 -0.73108924
659 -0.73542060
660 -0.73976700
661 -0.74412846
662 -0.74850499
663 -0.75289660
664 -0.75730332
665 -0.76172515
666 -0.76616211
667 -0.77061423
668 -0.77508150
669 -0.77956395
670 -0.78406160
671 -0.78857446
672 -0.79310253
673 -0.79764585
674 -0.80220442
675 -0.80677826
676 -0.81136738
677 -0.81597179
678 -0.82059152
679 -0.82522658
680 -0.82987698
681 -0.83454273
682 -0.83922386
683 -0.84392037
684 -0.84863228
685 -0.85335961
686 -0.85810236
687 -0.86286056
688 -0.86763421
689 -0.87242334
690 -0.87722795
691 -0.88204805
692 -0.88688368
693 -0.89173483
694 -0.89660152
695 -0.90148376
696 -0.90638158
697 -0.91129498
698 -0.91622397
699 -0.92116858
700 -0.92612880
701 -0.93110467
702 -0.93609619
703 -0.94110337
704 -0.94612622
705 -0.95116477
706 -0.95621903
707 -0.96128900
708 -0.96637470
709 -0.97147615
710 -0.97659335
711 -0.98172632
712 -0.98687508
713 -0.99203963
714 -0.99722000
715 -1.00241618
716 -1.00762820
717 -1.01285607
718 -1.01809979
719 -1.02335939
720 -1.02863488
721 -1.03392626
722 -1.03923356
723 -1.04455677
724 -1.04989593
725 -1.05525103
726 -1.06062209
727 -1.06600912
728 -1.07141214
729 -1.07683115
730 -1.08226618
731 -1.08771722
732 -1.09318430
733 -1.09866742
734 -1.10416660
735 -1.10968185
736 -1.11521318
737 -1.12076060
738 -1.12632412
739 -1.13190376
740 -1.13749953
741 -1.14311144
742 -1.14873949
743 -1.15438371
744 -1.16004410
745 -1.16572068
746 -1.17141345
747 -1.17712242
748 -1.18284762
749 -1.18858905
750 -1.19434671
751 -1.20012063
752 -1.20591081
753 -1.21171726
754 -1.21754000
755 -1.22337903
756 -1.22923437
757 -1.23510602
758 -1.24099401
759 -1.24689833
760 -1.25281900
761 -1.25875602
762 -1.26470942
763 -1.27067920
764 -1.27666537
765 -1.28266794
766 -1.28868692
767 -1.29472232
768 -1.30077415
769 -1.30684243
770 -1.31292715
771 -1.31902834
772 -1.32514600
773 -1.33128014
774 -1.33743077
775 -1.34359791
776 -1.34978155
777 -1.35598172
778 -1.36219842
779 -1.36843165
780 -1.37468144
781 -1.38094779
782 -1.38723070
783 -1.39353019
784 -1.39984627
785 -1.40617895
786 -1.41252824
787 -1.41889414
788 -1.42527666
789 -1.43167582
790 -1.43809162
791 -1.44452407
792 -1.45097318
793 -1.45743897
794 -1.46392143
795 -1.47042058
796 -1.47693642
797 -1.48346897
798 -1.49001824
799 -1.49658422
800 -1.50316694
801 -1.50976640
802 -1.51638260
803 -1.52301556
804 -1.52966528
805 -1.53633178
806 -1.54301506
807 -1.54971513
808 -1.55643199
809 -1.56316567
810 -1.56991615
811 -1.57668346
812 -1.58346759
813 -1.59026857
814 -1.59708639
815 -1.60392106
816 -1.61077259
817 -1.61764100
818 -1.62452628
819 -1.63142844
820 -1.63834749
821 -1.64528345
822 -1.65223631
823 -1.65920608
824 -1.66619278
825 -1.67319640
826 -1.68021696
827 -1.68725447
828 -1.69430892
829 -1.70138033
830 -1.70846871
831 -1.71557405
832 -1.72269638
833 -1.72983569
834 -1.73699199
835 -1.74416529
836 -1.75135560
837 -1.75856292
838 -1.76578726
839 -1.77302862
840 -1.78028702
841 -1.78756245
842 -1.79485493
843 -1.80216447
844 -1.80949106
845 -1.81683471
846 -1.82419543
847 -1.83157324
848 -1.83896812
849 -1.84638009
850 -1.85380916
851 -1.86125533
852 -1.86871860
853 -1.87619899
854 -1.88369650
855 -1.89121113
856 -1.89874289
857 -1.90629179
858 -1.91385783
859 -1.92144101
860 -1.92904135
861 -1.93665885
862 -1.94429351
863 -1.95194534
864 -1.95961434
865 -1.96730052
866 -1.97500389
867 -1.98272445
868 -1.99046220
869 -1.99821715
870 -2.00598931
871 -2.01377868
872 -2.02158526
873 -2.02940906
874 -2.03725009
875 -2.04510835
876 -2.05298384
877 -2.06087657
878 -2.06878654
879 -2.07671377
880 -2.08465824
881 -2.09261998
882 -2.10059897
883 -2.10859523
884 -2.11660876
885 -2.12463957
886 -2.13268765
887 -2.14075302
888 -2.14883568
889 -2.15693562
890 -2.16505286
891 -2.17318740
892 -2.18133925
893 -2.18950840
894 -2.19769486
895 -2.20589864
896 -2.21411973
897 -2.22235815
898 -2.23061389
899 -2.23888696
900 -2.24717737
901 -2.25548511
902 -2.26381019
903 -2.27215262
904 -2.28051239
905 -2.28888950
906 -2.29728398
907 -2.30569581
908 -2.31412499
909 -2.32257154
910 -2.33103546
911 -2.33951674
912 -2.34801540
913 -2.35653142
914 -2.36506483
915 -2.37361561
916 -2.38218378
917 -2.39076933
918 -2.39937227
919 -2.40799260
920 -2.41663032
921 -2.42528544
922 -2.43395795
923 -2.44264787
924 -2.45135518
925 -2.46007990
926 -2.46882203
927 -2.47758156
928 -2.48635851
929 -2.49515287
930 -2.50396464
931 -2.51279384
932 -2.52164045
933 -2.53050448
934 -2.53938593
935 -2.54828480
936 -2.55720111
937 -2.56613484
938 -2.57508600
939 -2.58405459
940 -2.59304061
941 -2.60204406
942 -2.61106496
943 -2.62010328
944 -2.62915905
945 -2.63823225
946 -2.64732289
947 -2.65643098
948 -2.66555651
949 -2.67469948
950 -2.68385989
951 -2.69303775
952 -2.70223306
953 -2.71144581
954 -2.72067601
955 -2.72992366
956 -2.73918876
957 -2.74847131
958 -2.75777131
959 -2.76708876
960 -2.77642366
961 -2.78577602
962 -2.79514582
963 -2.80453308
964 -2.81393779
965 -2.82335996
966 -2.83279958
967 -2.84225665
968 -2.85173117
969 -2.86122315
970 -2.87073259
971 -2.88025947
972 -2.88980381
973 -2.89936561
974 -2.90894485
975 -2.91854155
976 -2.92815570
977 -2.93778731
978 -2.94743636
979 -2.95710287
980 -2.96678683
981 -2.97648823
982 -2.98620709
983 -2.99594340
984 -3.00569715
985 -3.01546835
986 -3.02525700
987 -3.03506309
988 -3.04488663
989 -3.05472761
990 -3.06458604
991 -3.07446190
992 -3.08435521
993 -3.09426596
994 -3.10419414
995 -3.11413976
996 -3.12410282
997 -3.13408331
998 -3.14408123
999 -3.15409659
1000 -3.16412937
1001 -3.17417958
1002 -3.18424722
1003 -3.19433229
1004 -3.20443477
1005 -3.21455468
1006 -3.22469201
1007 -3.23484675
1008 -3.24501891
1009 -3.25520849
1010 -3.26541547
1011 -3.27563987
1012 -3.28588167
1013 -3.29614088
1014 -3.30641749
1015 -3.31671150
1016 -3.32702291
1017 -3.33735171
1018 -3.34769791
1019 -3.35806150
1020 -3.36844248
1021 -3.37884085
1022 -3.38925659
1023 -3.39968972
1024 -3.41014023
1025 -3.42060811
1026 -3.43109336
1027 -3.44159598
1028 -3.45211597
1029 -3.46265332
1030 -3.47320803
1031 -3.48378010
1032 -3.49436953
1033 -3.50497630
1034 -3.51560042
1035 -3.52624189
1036 -3.53690069
1037 -3.54757684
1038 -3.55827032
1039 -3.56898112
1040 -3.57970926
1041 -3.59045472
1042 -3.60121750
1043 -3.61199759
1044 -3.62279500
1045 -3.63360972
1046 -3.64444174
1047 -3.65529106
1048 -3.66615768
1049 -3.67704159
1050 -3.68794279
1051 -3.69886127
1052 -3.70979703
1053 -3.72075008
1054 -3.73172039
1055 -3.74270797
1056 -3.75371281
1057 -3.76473491
1058 -3.77577427
1059 -3.78683088
1060 -3.79790473
1061 -3.80899582
1062 -3.82010415
1063 -3.83122971
1064 -3.84237250
1065 -3.85353251
1066 -3.86470974
1067 -3.87590417
1068 -3.88711582
1069 -3.89834467
1070 -3.90959071
1071 -3.92085395
1072 -3.93213437
1073 -3.94343197
1074 -3.95474675
1075 -3.96607870
1076 -3.97742782
1077 -3.98879410
1078 -4.00017753
1079 -4.01157811
1080 -4.02299583
1081 -4.03443070
1082 -4.04588269
1083 -4.05735181
1084 -4.06883805
1085 -4.08034141
1086 -4.09186188
1087 -4.10339944
1088 -4.11495411
1089 -4.12652587
1090 -4.13811471
1091 -4.14972063
1092 -4.16134362
1093 -4.17298368
1094 -4.18464080
1095 -4.19631498
1096 -4.20800620
1097 -4.21971446
1098 -4.23143976
1099 -4.24318208
1100 -4.25494143
1101 -4.26671779
1102 -4.27851116
1103 -4.29032154
1104 -4.30214890
1105 -4.31399326
1106 -4.32585459
1107 -4.33773290
1108 -4.34962817
1109 -4.36154041
1110 -4.37346960
1111 -4.38541573
1112 -4.39737881
1113 -4.40935881
1114 -4.42135574
1115 -4.43336959
1116 -4.44540034
1117 -4.45744800
1118 -4.46951255
1119 -4.48159398
1120 -4.49369230
1121 -4.50580749
1122 -4.51793954
1123 -4.53008845
1124 -4.54225421
1125 -4.55443681
1126 -4.56663624
1127 -4.57885249
1128 -4.59108556
1129 -4.60333544
1130 -4.61560212
1131 -4.62788559
1132 -4.64018585
1133 -4.65250289
1134 -4.66483669
1135 -4.67718725
1136 -4.68955456
1137 -4.70193861
1138 -4.71433940
1139 -4.72675691
1140 -4.73919114
1141 -4.75164208
1142 -4.76410972
1143 -4.77659404
1144 -4.78909505
1145 -4.80161274
1146 -4.81414708
1147 -4.82669809
1148 -4.83926573
1149 -4.85185002
1150 -4.86445093
1151 -4.87706846
1152 -4.88970261
1153 -4.90235335
1154 -4.91502068
1155 -4.92770460
1156 -4.94040509
1157 -4.95312214
1158 -4.96585574
1159 -4.97860589
1160 -4.99137257
1161 -5.00415577
1162 -5.01695549
1163 -5.02977172
1164 -5.04260444
1165 -5.05545365
1166 -5.06831933
1167 -5.08120148
1168 -5.09410008
1169 -5.10701513
1170 -5.11994661
1171 -5.13289452
1172 -5.14585884
1173 -5.15883957
1174 -5.17183669
1175 -5.18485020
1176 -5.19788007
1177 -5.21092632
1178 -5.22398891
1179 -5.23706785
1180 -5.25016312
1181 -5.26327471
1182 -5.27640260
1183 -5.28954680
1184 -5.30270729
1185 -5.31588405
1186 -5.32907708
1187 -5.34228636
1188 -5.35551189
1189 -5.36875366
1190 -5.38201164
1191 -5.39528584
1192 -5.40857624
1193 -5.42188282
1194 -5.43520558
1195 -5.44854451
1196 -5.46189960
1197 -5.47527082
1198 -5.48865818
1199 -5.50206165
1200 -5.51548124
1201 -5.52891692
1202 -5.54236869
1203 -5.55583653
1204 -5.56932043
1205 -5.58282038
1206 -5.59633637
1207 -5.60986838
1208 -5.62341641
1209 -5.63698043
1210 -5.65056045
1211 -5.66415644
1212 -5.67776840
1213 -5.69139631
1214 -5.70504016
1215 -5.71869994
1216 -5.73237564
1217 -5.74606723
1218 -5.75977472
1219 -5.77349808
1220 -5.78723731
1221 -5.80099239
1222 -5.81476332
1223 -5.82855006
1224 -5.84235262
1225 -5.85617099
1226 -5.87000514
1227 -5.88385506
1228 -5.89772075
1229 -5.91160219
1230 -5.92549936
1231 -5.93941226
1232 -5.95334086
1233 -5.96728516
1234 -5.98124514
1235 -5.99522080
1236 -6.00921210
1237 -6.02321905
1238 -6.03724163
1239 -6.05127983
1240 -6.06533362
1241 -6.07940301
1242 -6.09348797
1243 -6.10758848
1244 -6.12170455
1245 -6.13583615
1246 -6.14998326
1247 -6.16414588
1248 -6.17832399
1249 -6.19251758
1250 -6.20672663
1251 -6.22095112
1252 -6.23519105
1253 -6.24944640
1254 -6.26371716
1255 -6.27800331
1256 -6.29230483
1257 -6.30662171
1258 -6.32095394
1259 -6.33530151
1260 -6.34966439
1261 -6.36404257
1262 -6.37843604
1263 -6.39284479
1264 -6.40726879
1265 -6.42170804
1266 -6.43616252
1267 -6.45063221
1268 -6.46511710
1269 -6.47961718
1270 -6.49413242
1271 -6.50866281
1272 -6.52320835
1273 -6.53776900
1274 -6.55234476
1275 -6.56693562
1276 -6.58154155
1277 -6.59616254
1278 -6.61079858
1279 -6.62544965
1280 -6.64011573
1281 -6.65479681
1282 -6.66949287
1283 -6.68420390
1284 -6.69892987
1285 -6.71367079
1286 -6.72842662
1287 -6.74319736
1288 -6.75798298
1289 -6.77278347
1290 -6.78759882
1291 -6.80242901
1292 -6.81727401
1293 -6.83213383
1294 -6.84700843
1295 -6.86189781
1296 -6.87680194
1297 -6.89172081
1298 -6.90665440
1299 -6.92160270
1300 -6.93656569
1301 -6.95154336
1302 -6.96653568
1303 -6.98154264
1304 -6.99656422
1305 -7.01160041
1306 -7.02665119
1307 -7.04171654
1308 -7.05679644
1309 -7.07189088
1310 -7.08699984
1311 -7.10212331
1312 -7.11726126
1313 -7.13241368
1314 -7.14758055
1315 -7.16276185
1316 -7.17795757
1317 -7.19316768
1318 -7.20839218
1319 -7.22363105
1320 -7.23888425
1321 -7.25415179
1322 -7.26943363
1323 -7.28472977
1324 -7.30004018
1325 -7.31536485
1326 -7.33070376
1327 -7.34605689
1328 -7.36142422
1329 -7.37680573
1330 -7.39220141
1331 -7.40761124
1332 -7.42303519
1333 -7.43847326
1334 -7.45392542
1335 -7.46939166
1336 -7.48487195
1337 -7.50036627
1338 -7.51587462
1339 -7.53139697
1340 -7.54693329
1341 -7.56248358
1342 -7.57804781
1343 -7.59362597
1344 -7.60921803
1345 -7.62482398
1346 -7.64044380
1347 -7.65607747
1348 -7.67172496
1349 -7.68738627
1350 -7.70306137
1351 -7.71875024
1352 -7.73445286
1353 -7.75016922
1354 -7.76589929
1355 -7.78164305
1356 -7.79740049
1357 -7.81317159
1358 -7.82895632
