  0.000000000000000E+000  0.000000000000000E+000
   1.00000000000000       0.000000000000000E+000
   2.00000000000000       0.000000000000000E+000
   3.00000000000000       0.000000000000000E+000
   4.00000000000000       1.621130760753003E-008
   5.00000000000000      -3.512449981631508E-008
   6.00000000000000       2.972073061380506E-008
   7.00000000000000       2.918035369355407E-007
   8.00000000000000       1.731908029404459E-006
   9.00000000000000       6.946545309826621E-006
   10.0000000000000       2.079640577585978E-005
   11.0000000000000       5.082515123420792E-005
   12.0000000000000       1.069378906330719E-004
   13.0000000000000       2.004825392977227E-004
   14.0000000000000       3.444605659293995E-004
   15.0000000000000       5.521274163818592E-004
   16.0000000000000       8.377058111961083E-004
   17.0000000000000       1.215145580568426E-003
   18.0000000000000       1.698934229730743E-003
   19.0000000000000       2.303181000070811E-003
   20.0000000000000       3.041806001054297E-003
   21.0000000000000       3.928515893263367E-003
   22.0000000000000       4.976174349284597E-003
   23.0000000000000       6.197374853244436E-003
   24.0000000000000       7.603500444967971E-003
   25.0000000000000       9.205380277937034E-003
   26.0000000000000       1.101276004990835E-002
   27.0000000000000       1.303462082529649E-002
   28.0000000000000       1.527874673363767E-002
   29.0000000000000       1.775221401070258E-002
   30.0000000000000       2.046100192711379E-002
   31.0000000000000       2.341044940684339E-002
   32.0000000000000       2.660490918598399E-002
   33.0000000000000       3.004806393324711E-002
   34.0000000000000       3.374286951038652E-002
   35.0000000000000       3.769151444392924E-002
   36.0000000000000       4.189583871728871E-002
   37.0000000000000       4.635692578619006E-002
   38.0000000000000       5.107540248786076E-002
   39.0000000000000       5.605141202218468E-002
   40.0000000000000       6.128474634404752E-002
   41.0000000000000       6.677475159737579E-002
   42.0000000000000       7.252032811513677E-002
   43.0000000000000       7.852007902299162E-002
   44.0000000000000       8.477246154483299E-002
   45.0000000000000       9.127529255790312E-002
   46.0000000000000       9.802659968644305E-002
   47.0000000000000       0.105023586479891     
   48.0000000000000       0.112263669936567     
   49.0000000000000       0.119743886089064     
   50.0000000000000       0.127461100751245     
   51.0000000000000       0.135411871722128     
   52.0000000000000       0.143592708166807     
   53.0000000000000       0.152000013876879     
   54.0000000000000       0.160629873821557     
   55.0000000000000       0.169478329739899     
   56.0000000000000       0.178541409861542     
   57.0000000000000       0.187814739835316     
   58.0000000000000       0.197294147951397     
   59.0000000000000       0.206975294983115     
   60.0000000000000       0.216853674186955     
   61.0000000000000       0.226924711272288     
   62.0000000000000       0.237184010272868     
   63.0000000000000       0.247626807766141     
   64.0000000000000       0.258248537567133     
   65.0000000000000       0.269044547030560     
   66.0000000000000       0.280010053820677     
   67.0000000000000       0.291140424205393     
   68.0000000000000       0.302431097403502     
   69.0000000000000       0.313877145177490     
   70.0000000000000       0.325474047274421     
   71.0000000000000       0.337217194279164     
   72.0000000000000       0.349101882210627     
   73.0000000000000       0.361123547585721     
   74.0000000000000       0.373277580989315     
   75.0000000000000       0.385559678319239     
   76.0000000000000       0.397965186930210     
   77.0000000000000       0.410489729769174     
   78.0000000000000       0.423129100001807     
   79.0000000000000       0.435878842220401     
   80.0000000000000       0.448734846858478     
   81.0000000000000       0.461692925994905     
   82.0000000000000       0.474748951150013     
   83.0000000000000       0.487898939745898     
   84.0000000000000       0.501138987559313     
   85.0000000000000       0.514465122819893     
   86.0000000000000       0.527873643945734     
   87.0000000000000       0.541360762894625     
   88.0000000000000       0.554922842929894     
   89.0000000000000       0.568556441850558     
   90.0000000000000       0.582257782421945     
   91.0000000000000       0.596023792601263     
   92.0000000000000       0.609850922112146     
   93.0000000000000       0.623735988134533     
   94.0000000000000       0.637675761916327     
   95.0000000000000       0.651667295701427     
   96.0000000000000       0.665707333718889     
   97.0000000000000       0.679793157872803     
   98.0000000000000       0.693921760965609     
   99.0000000000000       0.708090454622129     
   100.000000000000       0.722296377546570     
   101.000000000000       0.736537062918290     
   102.000000000000       0.750809808852688     
   103.000000000000       0.765112172846086     
   104.000000000000       0.779441779941918     
   105.000000000000       0.793796114685620     
   106.000000000000       0.808173037184590     
   107.000000000000       0.822570218414299     
   108.000000000000       0.836985656278259     
   109.000000000000       0.851417105510366     
   110.000000000000       0.865862585629207     
   111.000000000000       0.880320172892947     
   112.000000000000       0.894787892223942     
   113.000000000000       0.909263900936893     
   114.000000000000       0.923746548180309     
   115.000000000000       0.938233956144393     
   116.000000000000       0.952724430747499     
   117.000000000000       0.967216512971943     
   118.000000000000       0.981708497928541     
   119.000000000000       0.996198891475109     
   120.000000000000        1.01068629943919     
   121.000000000000        1.02516918985222     
   122.000000000000        1.03964628742467     
   123.000000000000        1.05411628444438     
   124.000000000000        1.06857782996906     
   125.000000000000        1.08302976218833     
   126.000000000000        1.09747078419758     
   127.000000000000        1.11189988549197     
   128.000000000000        1.12631591506866     
   129.000000000000        1.14071773813611     
   130.000000000000        1.15510441714038     
   131.000000000000        1.16947492536530     
   132.000000000000        1.18382832525693     
   133.000000000000        1.19816365224246     
   134.000000000000        1.21248006603579     
   135.000000000000        1.22677675066775     
   136.000000000000        1.24105278749760     
   137.000000000000        1.25530756589940     
   138.000000000000        1.26954005375324     
   139.000000000000        1.28374985118020     
   140.000000000000        1.29793597469428     
   141.000000000000        1.31209798659018     
   142.000000000000        1.32623506279309     
   143.000000000000        1.34034671426191     
   144.000000000000        1.35443227633302     
   145.000000000000        1.36849118161065     
   146.000000000000        1.38252303832154     
   147.000000000000        1.39652711425496     
   148.000000000000        1.41050303384895     
   149.000000000000        1.42445029725486     
   150.000000000000        1.43836850459377     
   151.000000000000        1.45225716682456     
   152.000000000000        1.46611579760801     
   153.000000000000        1.47994420511031     
   154.000000000000        1.49374186516584     
   155.000000000000        1.50750841302020     
   156.000000000000        1.52124362982071     
   157.000000000000        1.53494707245832     
   158.000000000000        1.54861850586906     
   159.000000000000        1.56225763014373     
   160.000000000000        1.57586416428634     
   161.000000000000        1.58943782730090     
   162.000000000000        1.60297839763286     
   163.000000000000        1.61648567534276     
   164.000000000000        1.62995938483837     
   165.000000000000        1.64339933428590     
   166.000000000000        1.65680533185152     
   167.000000000000        1.67017725324855     
   168.000000000000        1.68351489313376     
   169.000000000000        1.69681809479785     
   170.000000000000        1.71008663398438     
   171.000000000000        1.72332053771221     
   172.000000000000        1.73651954389854     
   173.000000000000        1.74968363092827     
   174.000000000000        1.76281260156384     
   175.000000000000        1.77590644229583     
   176.000000000000        1.78896503153942     
   177.000000000000        1.80198827743055     
   178.000000000000        1.81497611782586     
   179.000000000000        1.82792853651405     
   180.000000000000        1.84084537678581     
   181.000000000000        1.85372672780333     
   182.000000000000        1.86657242475165     
   183.000000000000        1.87938249735150     
   184.000000000000        1.89215695641043     
   185.000000000000        1.90489568034362     
   186.000000000000        1.91759869887181     
   187.000000000000        1.93026608224398     
   188.000000000000        1.94289768726027     
   189.000000000000        1.95549362199606     
   190.000000000000        1.96805395670033     
   191.000000000000        1.98057844279972     
   192.000000000000        1.99306745045241     
   193.000000000000        2.00552073648878     
   194.000000000000        2.01793842249365     
   195.000000000000        2.03032054088963     
   196.000000000000        2.04266719434833     
   197.000000000000        2.05497829370757     
   198.000000000000        2.06725394974460     
   199.000000000000        2.07949431106309     
   200.000000000000        2.09169919933865     
   201.000000000000        2.10386893879743     
   202.000000000000        2.11600338353766     
   203.000000000000        2.12810264703851     
   204.000000000000        2.14016693194130     
   205.000000000000        2.15219612746878     
   206.000000000000        2.16419036060951     
   207.000000000000        2.17614974214078     
   208.000000000000        2.18807437743607     
   209.000000000000        2.19996425028409     
   210.000000000000        2.21181957413370     
   211.000000000000        2.22364023010200     
   212.000000000000        2.23542654241514     
   213.000000000000        2.24717848135237     
   214.000000000000        2.25889610365329     
   215.000000000000        2.27057960655545     
   216.000000000000        2.28222897114569     
   217.000000000000        2.29384441627664     
   218.000000000000        2.30542594194830     
   219.000000000000        2.31697369946622     
   220.000000000000        2.32848776988693     
   221.000000000000        2.33996824237262     
   222.000000000000        2.35141532767030     
   223.000000000000        2.36282899876111     
   224.000000000000        2.37420938533552     
   225.000000000000        2.38555671164995     
   226.000000000000        2.39687092907047     
   227.000000000000        2.40815227266105     
   228.000000000000        2.41940079645938     
   229.000000000000        2.43061665717477     
   230.000000000000        2.44179982238459     
   231.000000000000        2.45295068926589     
   232.000000000000        2.46406907679240     
   233.000000000000        2.47515530378650     
   234.000000000000        2.48620935403689     
   235.000000000000        2.49723151934709     
   236.000000000000        2.50822170785304     
   237.000000000000        2.51918014651304     
   238.000000000000        2.53010699744017     
   239.000000000000        2.54100232007588     
   240.000000000000        2.55186620898615     
   241.000000000000        2.56269886140854     
   242.000000000000        2.57350036650524     
   243.000000000000        2.58427081884223     
   244.000000000000        2.59501040755141     
   245.000000000000        2.60571912452714     
   246.000000000000        2.61639726697672     
   247.000000000000        2.62704487813031     
   248.000000000000        2.63766196879544     
   249.000000000000        2.64824888751523     
   250.000000000000        2.65880555863690     
   251.000000000000        2.66933217669616     
   252.000000000000        2.67982899567015     
   253.000000000000        2.69029586425334     
   254.000000000000        2.70073318502653     
   255.000000000000        2.71114086342375     
   256.000000000000        2.72151916422971     
   257.000000000000        2.73186815499151     
   258.000000000000        2.74218798701470     
   259.000000000000        2.75247873865392     
   260.000000000000        2.76274059904110     
   261.000000000000        2.77297358438755     
   262.000000000000        2.78317793516099     
   263.000000000000        2.79335374592740     
   264.000000000000        2.80350104640748     
   265.000000000000        2.81362010678972     
   266.000000000000        2.82371095139106     
   267.000000000000        2.83377373151706     
   268.000000000000        2.84380857956004     
   269.000000000000        2.85381553064452     
   270.000000000000        2.86379484955517     
   271.000000000000        2.87374656871463     
   272.000000000000        2.88367084483219     
   273.000000000000        2.89356771033048     
   274.000000000000        2.90343744620548     
   275.000000000000        2.91328003354401     
   276.000000000000        2.92309564256479     
   277.000000000000        2.93288443267902     
   278.000000000000        2.94264643630932     
   279.000000000000        2.95238181016498     
   280.000000000000        2.96209069744590     
   281.000000000000        2.97177324945761     
   282.000000000000        2.98142947970954     
   283.000000000000        2.99105952869968     
   284.000000000000        3.00066364229953     
   285.000000000000        3.01024177457706     
   286.000000000000        3.01979408224156     
   287.000000000000        3.02932077333817     
   288.000000000000        3.03882185597252     
   289.000000000000        3.04829745443131     
   290.000000000000        3.05774778216343     
   291.000000000000        3.06717288239902     
   292.000000000000        3.07657280917579     
   293.000000000000        3.08594778945203     
   294.000000000000        3.09529784484283     
   295.000000000000        3.10462311314429     
   296.000000000000        3.11392379969965     
   297.000000000000        3.12319990450891     
   298.000000000000        3.13245147890788     
   299.000000000000        3.14167889035285     
   300.000000000000        3.15088194701003     
   301.000000000000        3.16006094338484     
   302.000000000000        3.16921593891873     
   303.000000000000        3.17834700115883     
   304.000000000000        3.18745437597662     
   305.000000000000        3.19653799852689     
   306.000000000000        3.20559803632647     
   307.000000000000        3.21463469201671     
   308.000000000000        3.22364796289573     
   309.000000000000        3.23263793002006     
   310.000000000000        3.24160478252163     
   311.000000000000        3.25054865009090     
   312.000000000000        3.25946949760336     
   313.000000000000        3.26836756552675     
   314.000000000000        3.27724290249499     
   315.000000000000        3.28609558686274     
   316.000000000000        3.29492577263741     
   317.000000000000        3.30373352736611     
   318.000000000000        3.31251894021105     
   319.000000000000        3.32128217058342     
   320.000000000000        3.33002327252090     
   321.000000000000        3.33874230816684     
   322.000000000000        3.34743949907578     
   323.000000000000        3.35611483173830     
   324.000000000000        3.36476848177689     
   325.000000000000        3.37340043298025     
   326.000000000000        3.38201090960480     
   327.000000000000        3.39059989543923     
   328.000000000000        3.39916767147954     
   329.000000000000        3.40771404589192     
   330.000000000000        3.41623940774776     
   331.000000000000        3.42474369760559     
   332.000000000000        3.43322700192573     
   333.000000000000        3.44168945310051     
   334.000000000000        3.45013116731098     
   335.000000000000        3.45855214185525     
   336.000000000000        3.46695263341236     
   337.000000000000        3.47533259605027     
   338.000000000000        3.48369212973871     
   339.000000000000        3.49203134795683     
   340.000000000000        3.50035044524032     
   341.000000000000        3.50864932702323     
   342.000000000000        3.51692822836951     
   343.000000000000        3.52518718170178     
   344.000000000000        3.53342626267281     
   345.000000000000        3.54164557395421     
   346.000000000000        3.54984517228556     
   347.000000000000        3.55802524409690     
   348.000000000000        3.56618578128257     
   349.000000000000        3.57432692974434     
   350.000000000000        3.58244864625206     
   351.000000000000        3.59055122801304     
   352.000000000000        3.59863461558580     
   353.000000000000        3.60669889272878     
   354.000000000000        3.61474420264186     
   355.000000000000        3.62277059125708     
   356.000000000000        3.63077817205359     
   357.000000000000        3.63876700177097     
   358.000000000000        3.64673718848459     
   359.000000000000        3.65468874840578     
   360.000000000000        3.66262184094572     
   361.000000000000        3.67053649042137     
   362.000000000000        3.67843285894580     
   363.000000000000        3.68631091950018     
   364.000000000000        3.69417079907308     
   365.000000000000        3.70201267328699     
   366.000000000000        3.70983642325900     
   367.000000000000        3.71764226784175     
   368.000000000000        3.72543027998614     
   369.000000000000        3.73320044888462     
   370.000000000000        3.74095297447666     
   371.000000000000        3.74868787027167     
   372.000000000000        3.75640513086589     
   373.000000000000        3.76410503995720     
   374.000000000000        3.77178744083629     
   375.000000000000        3.77945253344263     
   376.000000000000        3.78710042044783     
   377.000000000000        3.79473110995754     
   378.000000000000        3.80234467492265     
   379.000000000000        3.80994126124492     
   380.000000000000        3.81752081218478     
   381.000000000000        3.82508354929677     
   382.000000000000        3.83262947258089     
   383.000000000000        3.84015860365220     
   384.000000000000        3.84767108300873     
   385.000000000000        3.85516697549568     
   386.000000000000        3.86264635136207     
   387.000000000000        3.87010928626065     
   388.000000000000        3.87755578019144     
   389.000000000000        3.88498600337316     
   390.000000000000        3.89239995850770     
   391.000000000000        3.89979779419870     
   392.000000000000        3.90717940777456     
   393.000000000000        3.91454505861620     
   394.000000000000        3.92189471159911     
   395.000000000000        3.92922851262506     
   396.000000000000        3.93654638333941     
   397.000000000000        3.94384853448915     
   398.000000000000        3.95113500119877     
   399.000000000000        3.95840572943060     
   400.000000000000        3.96566101909381     
   401.000000000000        3.97290069996968     
   402.000000000000        3.98012493417128     
   403.000000000000        3.98733384058155     
   404.000000000000        3.99452741920047     
   405.000000000000        4.00170574297893     
   406.000000000000        4.00886887406027     
   407.000000000000        4.01601686378032     
   408.000000000000        4.02314979319559     
   409.000000000000        4.03026771634379     
   410.000000000000        4.03737076021349     
   411.000000000000        4.04445883564250     
   412.000000000000        4.05153216958913     
   413.000000000000        4.05859076205337     
   414.000000000000        4.06563452657492     
   415.000000000000        4.07266382250442     
   416.000000000000        4.07967845260432     
   417.000000000000        4.08667860600652     
   418.000000000000        4.09366424758653     
   419.000000000000        4.10063559619699     
   420.000000000000        4.10759250593615     
   421.000000000000        4.11453521997361     
   422.000000000000        4.12146367346415     
   423.000000000000        4.12837794476241     
   424.000000000000        4.13527814734756     
   425.000000000000        4.14216428121958     
   426.000000000000        4.14903643554069     
   427.000000000000        4.15589470217494     
   428.000000000000        4.16273899466203     
   429.000000000000        4.16956959129608     
   430.000000000000        4.17638631105081     
   431.000000000000        4.18318935926947     
   432.000000000000        4.18997875486523     
   433.000000000000        4.19675457889464     
   434.000000000000        4.20351681244451     
   435.000000000000        4.21026555818645     
   436.000000000000        4.21700089987888     
   437.000000000000        4.22372284022369     
   438.000000000000        4.23043147648872     
   439.000000000000        4.23712679516455     
   440.000000000000        4.24380890973034     
   441.000000000000        4.25047786882000     
   442.000000000000        4.25713368053919     
   443.000000000000        4.26377645026142     
   444.000000000000        4.27040619419798     
   445.000000000000        4.27702299070353     
   446.000000000000        4.28362681275922     
   447.000000000000        4.29021785219887     
   448.000000000000        4.29679603336970     
   449.000000000000        4.30336145353956     
   450.000000000000        4.30991415864048     
   451.000000000000        4.31645429187236     
   452.000000000000        4.32298169382399     
   453.000000000000        4.32949657794427     
   454.000000000000        4.33599898746334     
   455.000000000000        4.34248890346802     
   456.000000000000        4.34896639620730     
   457.000000000000        4.35543149270003     
   458.000000000000        4.36188436316493     
   459.000000000000        4.36832485899837     
   460.000000000000        4.37475323687937     
   461.000000000000        4.38116932388731     
   462.000000000000        4.38757337940313     
   463.000000000000        4.39396528994767     
   464.000000000000        4.40034516359630     
   465.000000000000        4.40671307059804     
   466.000000000000        4.41306905958680     
   467.000000000000        4.41941314947578     
   468.000000000000        4.42574531054424     
   469.000000000000        4.43206574273165     
   470.000000000000        4.43837442442293     
   471.000000000000        4.44467128536907     
   472.000000000000        4.45095662007551     
   473.000000000000        4.45723018537263     
   474.000000000000        4.46349229197715     
   475.000000000000        4.46974272103642     
   476.000000000000        4.47598181839168     
   477.000000000000        4.48220934357519     
   478.000000000000        4.48842549382453     
   479.000000000000        4.49463026913970     
   480.000000000000        4.50082373166404     
   481.000000000000        4.50700595434844     
   482.000000000000        4.51317688315521     
   483.000000000000        4.51933665858234     
   484.000000000000        4.52548523199592     
   485.000000000000        4.53162271957697     
   486.000000000000        4.53774915645001     
   487.000000000000        4.54386452910561     
   488.000000000000        4.54996891589842     
   489.000000000000        4.55606242220193     
   490.000000000000        4.56214492643136     
   491.000000000000        4.56821666365064     
   492.000000000000        4.57427749065991     
   493.000000000000        4.58032755336092     
   494.000000000000        4.58636689768573     
   495.000000000000        4.59239555875881     
   496.000000000000        4.59841347443684     
   497.000000000000        4.60442083655362     
   498.000000000000        4.61041760458087     
   499.000000000000        4.61640378392238     
   500.000000000000        4.62237945833655     
   501.000000000000        4.62834471968747     
   502.000000000000        4.63429950312991     
   503.000000000000        4.64024390052794     
   504.000000000000        4.64617794430417     
   505.000000000000        4.65210162905485     
   506.000000000000        4.65801512229681     
   507.000000000000        4.66391829163771     
   508.000000000000        4.66981128297931     
   509.000000000000        4.67569410712916     
   510.000000000000        4.68156679921176     
   511.000000000000        4.68742935382333     
   512.000000000000        4.69328195199015     
   513.000000000000        4.69912445321421     
   514.000000000000        4.70495696016713     
   515.000000000000        4.71077959443372     
   516.000000000000        4.71659220200655     
   517.000000000000        4.72239503145902     
   518.000000000000        4.72818792608180     
   519.000000000000        4.73397109392002     
   520.000000000000        4.73974442149452     
   521.000000000000        4.74550805470707     
   522.000000000000        4.75126200166332     
   523.000000000000        4.75700622723878     
   524.000000000000        4.76274081248999     
   525.000000000000        4.76846589521305     
   526.000000000000        4.77418127006474     
   527.000000000000        4.77988724505990     
   528.000000000000        4.78558364457603     
   529.000000000000        4.79127056047721     
   530.000000000000        4.79694813596333     
   531.000000000000        4.80261624404580     
   532.000000000000        4.80827497658871     
   533.000000000000        4.81392442545613     
   534.000000000000        4.81956454471602     
   535.000000000000        4.82519542893434     
   536.000000000000        4.83081706189979     
   537.000000000000        4.83642942469917     
   538.000000000000        4.84203275509833     
   539.000000000000        4.84762681533142     
   540.000000000000        4.85321187558690     
   541.000000000000        4.85878777104982     
   542.000000000000        4.86435468815021     
   543.000000000000        4.86991256204284     
   544.000000000000        4.87546145487105     
   545.000000000000        4.88100145579704     
   546.000000000000        4.88653244053411     
   547.000000000000        4.89205464414623     
   548.000000000000        4.89756789371279     
   549.000000000000        4.90307237836569     
   550.000000000000        4.90856807108611     
   551.000000000000        4.91405497727780     
   552.000000000000        4.91953316178600     
   553.000000000000        4.92500259218809     
   554.000000000000        4.93046340087641     
   555.000000000000        4.93591556893779     
   556.000000000000        4.94135908286278     
   557.000000000000        4.94679404802490     
   558.000000000000        4.95222039147325     
   559.000000000000        4.95763827261903     
   560.000000000000        4.96304768065471     
   561.000000000000        4.96844852101431     
   562.000000000000        4.97384099093541     
   563.000000000000        4.97922502827468     
   564.000000000000        4.98460067356038     
   565.000000000000        4.98996797542642     
   566.000000000000        4.99532698520863     
   567.000000000000        5.00067757321653     
   568.000000000000        5.00602003395556     
   569.000000000000        5.01135419180320     
   570.000000000000        5.01668006297077     
   571.000000000000        5.02199786360904     
   572.000000000000        5.02730742349927     
   573.000000000000        5.03260891826397     
   574.000000000000        5.03790219929948     
   575.000000000000        5.04318752058296     
   576.000000000000        5.04846470649190     
   577.000000000000        5.05373387050546     
   578.000000000000        5.05899508287264     
   579.000000000000        5.06424832738213     
   580.000000000000        5.06949354999623     
   581.000000000000        5.07473088580919     
   582.000000000000        5.07996037264738     
   583.000000000000        5.08518193485804     
   584.000000000000        5.09039570213162     
   585.000000000000        5.09560163123797     
   586.000000000000        5.10079971677333     
   587.000000000000        5.10599014786960     
   588.000000000000        5.11117277051939     
   589.000000000000        5.11634763605848     
   590.000000000000        5.12151488768676     
   591.000000000000        5.12667446326090     
   592.000000000000        5.13182641681857     
   593.000000000000        5.13697068081267     
   594.000000000000        5.14210746869207     
   595.000000000000        5.14723656430602     
   596.000000000000        5.15235821622789     
   597.000000000000        5.15747232718984     
   598.000000000000        5.16257892150883     
   599.000000000000        5.16767809375081     
   600.000000000000        5.17276980068565     
   601.000000000000        5.17785406933217     
   602.000000000000        5.18293101857332     
   603.000000000000        5.18800049169977     
   604.000000000000        5.19306265082460     
   605.000000000000        5.19811757970624     
   606.000000000000        5.20316505949204     
   607.000000000000        5.20820536847611     
   608.000000000000        5.21323843370755     
   609.000000000000        5.21826419034116     
   610.000000000000        5.22328278968245     
   611.000000000000        5.22829417499186     
   612.000000000000        5.23329848136361     
   613.000000000000        5.23829555479029     
   614.000000000000        5.24328551955858     
   615.000000000000        5.24826845942690     
   616.000000000000        5.25324430144438     
   617.000000000000        5.25821308613928     
   618.000000000000        5.26317479730029     
   619.000000000000        5.26812962676123     
   620.000000000000        5.27307736107320     
   621.000000000000        5.27801817045494     
   622.000000000000        5.28295205490645     
   623.000000000000        5.28787902253337     
   624.000000000000        5.29279911386399     
   625.000000000000        5.29771233160018     
   626.000000000000        5.30261865953064     
   627.000000000000        5.30751817601001     
   628.000000000000        5.31241086212512     
   629.000000000000        5.31729683675888     
   630.000000000000        5.32217595941328     
   631.000000000000        5.32704842192215     
   632.000000000000        5.33191409459501     
   633.000000000000        5.33677310712233     
   634.000000000000        5.34162540816830     
   635.000000000000        5.34647107878946     
   636.000000000000        5.35131009737073     
   637.000000000000        5.35614246931589     
   638.000000000000        5.36096826217203     
   639.000000000000        5.36578747593918     
   640.000000000000        5.37060016195312     
   641.000000000000        5.37540630130068     
   642.000000000000        5.38020587236678     
   643.000000000000        5.38499895890983     
   644.000000000000        5.38978561496752     
   645.000000000000        5.39456582162668     
   646.000000000000        5.39933949242698     
   647.000000000000        5.40410685432675     
   648.000000000000        5.40886776142419     
   649.000000000000        5.41362230828529     
   650.000000000000        5.41837043817046     
   651.000000000000        5.42311229157770     
   652.000000000000        5.42784782797875     
   653.000000000000        5.43257705818113     
   654.000000000000        5.43729994165659     
   655.000000000000        5.44201662160500     
   656.000000000000        5.44672705479621     
   657.000000000000        5.45143123582645     
   658.000000000000        5.45612927547300     
   659.000000000000        5.46082098730581     
   660.000000000000        5.46550666853219     
   661.000000000000        5.47018617595226     
   662.000000000000        5.47485945282644     
   663.000000000000        5.47952672341114     
   664.000000000000        5.48418787152534     
   665.000000000000        5.48884289987092     
   666.000000000000        5.49349188950442     
   667.000000000000        5.49813485933902     
   668.000000000000        5.50277178235589     
   669.000000000000        5.50740272880402     
   670.000000000000        5.51202767436645     
   671.000000000000        5.51664663525448     
   672.000000000000        5.52125960066059     
   673.000000000000        5.52586673539973     
   674.000000000000        5.53046790167578     
   675.000000000000        5.53506312920948     
   676.000000000000        5.53965252067244     
   677.000000000000        5.54423605444959     
   678.000000000000        5.54881372513715     
   679.000000000000        5.55338559217659     
   680.000000000000        5.55795154749252     
   681.000000000000        5.56251186127340     
   682.000000000000        5.56706624711947     
   683.000000000000        5.57161497251729     
   684.000000000000        5.57615790237265     
   685.000000000000        5.58069513665527     
   686.000000000000        5.58522660241427     
   687.000000000000        5.58975245095517     
   688.000000000000        5.59427253097246     
   689.000000000000        5.59878706402066     
   690.000000000000        5.60329585016031     
   691.000000000000        5.60779902448565     
   692.000000000000        5.61229663292870     
   693.000000000000        5.61678863225933     
   694.000000000000        5.62127503328506     
   695.000000000000        5.62575587653416     
   696.000000000000        5.63023113768968     
   697.000000000000        5.63470094374019     
   698.000000000000        5.63916512176508     
   699.000000000000        5.64362393384714     
   700.000000000000        5.64807713411489     
   701.000000000000        5.65252496573794     
   702.000000000000        5.65696731523713     
   703.000000000000        5.66140415559362     
   704.000000000000        5.66583567323745     
   705.000000000000        5.67026173577626     
   706.000000000000        5.67468242696849     
   707.000000000000        5.67909773600659     
   708.000000000000        5.68350766559245     
   709.000000000000        5.68791226165811     
   710.000000000000        5.69231154311676     
   711.000000000000        5.69670549375709     
   712.000000000000        5.70109412438664     
   713.000000000000        5.70547749985064     
   714.000000000000        5.70985564446605     
   715.000000000000        5.71422846366691     
   716.000000000000        5.71859606012484     
   717.000000000000        5.72295840682099     
   718.000000000000        5.72731558481190     
   719.000000000000        5.73166760490510     
   720.000000000000        5.73601435632333     
   721.000000000000        5.74035595794951     
   722.000000000000        5.74469248003264     
   723.000000000000        5.74902375775776     
   724.000000000000        5.75334999376621     
   725.000000000000        5.75767111510711     
   726.000000000000        5.76198706504089     
   727.000000000000        5.76629803269946     
   728.000000000000        5.77060386677729     
   729.000000000000        5.77490467264788     
   730.000000000000        5.77920043950368     
   731.000000000000        5.78349115653716     
   732.000000000000        5.78777687778602     
   733.000000000000        5.79205760865402     
   734.000000000000        5.79633339507320     
   735.000000000000        5.80060411816063     
   736.000000000000        5.80486995624071     
   737.000000000000        5.80913080934370     
   738.000000000000        5.81338676392990     
   739.000000000000        5.81763781189367     
   740.000000000000        5.82188394783123     
   741.000000000000        5.82612518525202     
   742.000000000000        5.83036152145413     
   743.000000000000        5.83459304559977     
   744.000000000000        5.83881970905501     
   745.000000000000        5.84304146318594     
   746.000000000000        5.84725852144142     
   747.000000000000        5.85147072170839     
   748.000000000000        5.85567803966989     
   749.000000000000        5.85988073740872     
   750.000000000000        5.86407848259308     
   751.000000000000        5.86827161025665     
   752.000000000000        5.87245996369013     
   753.000000000000        5.87664352398033     
   754.000000000000        5.88082243702901     
   755.000000000000        5.88499660827022     
   756.000000000000        5.88916606202092     
   757.000000000000        5.89333090095271     
   758.000000000000        5.89749101158646     
   759.000000000000        5.90164647227680     
   760.000000000000        5.90579733976333     
   761.000000000000        5.90994348975934     
   762.000000000000        5.91408509788733     
   763.000000000000        5.91822209389831     
   764.000000000000        5.92235443456213     
   765.000000000000        5.92648229550127     
   766.000000000000        5.93060549298759     
   767.000000000000        5.93472412969271     
   768.000000000000        5.93883827586562     
   769.000000000000        5.94294785315166     
   770.000000000000        5.94705297503000     
   771.000000000000        5.95115345507060     
   772.000000000000        5.95524957697133     
   773.000000000000        5.95934109756259     
   774.000000000000        5.96342821948572     
   775.000000000000        5.96751085357852     
   776.000000000000        5.97158905117681     
   777.000000000000        5.97566278255985     
   778.000000000000        5.97973208015026     
   779.000000000000        5.98379701960081     
   780.000000000000        5.98785743339465     
   781.000000000000        5.99191362684475     
   782.000000000000        5.99596526761929     
   783.000000000000        6.00001265022370     
   784.000000000000        6.00405566388071     
   785.000000000000        6.00809424914886     
   786.000000000000        6.01212857354500     
   787.000000000000        6.01615859654084     
   788.000000000000        6.02018420195537     
   789.000000000000        6.02420558162238     
   790.000000000000        6.02822263827402     
   791.000000000000        6.03223543135177     
   792.000000000000        6.03624391492358     
   793.000000000000        6.04024817004598     
   794.000000000000        6.04424821833406     
   795.000000000000        6.04824393820301     
   796.000000000000        6.05223550257345     
   797.000000000000        6.05622284660013     
   798.000000000000        6.06020594326423     
   799.000000000000        6.06418486011284     
   800.000000000000        6.06815956742525     
   801.000000000000        6.07213020840133     
   802.000000000000        6.07609654527524     
   803.000000000000        6.08005884823544     
   804.000000000000        6.08401689572740     
   805.000000000000        6.08797093092072     
   806.000000000000        6.09192073496276     
   807.000000000000        6.09586650509109     
   808.000000000000        6.09980817646047     
   809.000000000000        6.10374570313888     
   810.000000000000        6.10767918239416     
   811.000000000000        6.11160854938107     
   812.000000000000        6.11553391757877     
   813.000000000000        6.11945522484392     
   814.000000000000        6.12337247387840     
   815.000000000000        6.12728567819162     
   816.000000000000        6.13119491073449     
   817.000000000000        6.13510009585422     
   818.000000000000        6.13900126867532     
   819.000000000000        6.14289852106186     
   820.000000000000        6.14679169360265     
   821.000000000000        6.15068096462208     
   822.000000000000        6.15456627467869     
   823.000000000000        6.15844762377247     
   824.000000000000        6.16232505243169     
   825.000000000000        6.16619845528286     
   826.000000000000        6.17006806468805     
   827.000000000000        6.17393365639083     
   828.000000000000        6.17779544384010     
   829.000000000000        6.18165326222088     
   830.000000000000        6.18550723041611     
   831.000000000000        6.18935731600317     
   832.000000000000        6.19320353789525     
   833.000000000000        6.19704591500554     
   834.000000000000        6.20088443922839     
   835.000000000000        6.20471906463176     
   836.000000000000        6.20855000196265     
   837.000000000000        6.21237698913825     
   838.000000000000        6.21620020718483     
   839.000000000000        6.22001967501559     
   840.000000000000        6.22383531967964     
   841.000000000000        6.22764714117697     
   842.000000000000        6.23145525839052     
   843.000000000000        6.23525954433170     
   844.000000000000        6.23906013139286     
   845.000000000000        6.24285693851747     
   846.000000000000        6.24665003055075     
   847.000000000000        6.25043940749270     
   848.000000000000        6.25422503421883     
   849.000000000000        6.25800693234420     
   850.000000000000        6.26178517481971     
   851.000000000000        6.26555972652086     
   852.000000000000        6.26933053070806     
   853.000000000000        6.27309775760006     
   854.000000000000        6.27686122887245     
   855.000000000000        6.28062108772513     
   856.000000000000        6.28437725850534     
   857.000000000000        6.28812982226960     
   858.000000000000        6.29187876821038     
   859.000000000000        6.29562407471260     
   860.000000000000        6.29936572556496     
   861.000000000000        6.30310383965037     
   862.000000000000        6.30683828187461     
   863.000000000000        6.31056919273567     
   864.000000000000        6.31429648307137     
   865.000000000000        6.31802026636086     
   866.000000000000        6.32174036157787     
   867.000000000000        6.32545698757505     
   868.000000000000        6.32917008220905     
   869.000000000000        6.33287958333654     
   870.000000000000        6.33658552608200     
   871.000000000000        6.34028804553968     
   872.000000000000        6.34398692555880     
   873.000000000000        6.34768238499201     
   874.000000000000        6.35137434818655     
   875.000000000000        6.35506275029719     
   876.000000000000        6.35874774262945     
   877.000000000000        6.36242920900232     
   878.000000000000        6.36610716292520     
   879.000000000000        6.36978173949233     
   880.000000000000        6.37345287926224     
   881.000000000000        6.37712046335203     
   882.000000000000        6.38078471331621     
   883.000000000000        6.38444546433984     
   884.000000000000        6.38810279747944     
   885.000000000000        6.39175679649345     
   886.000000000000        6.39540732358574     
   887.000000000000        6.39905440307328     
   888.000000000000        6.40269819706915     
   889.000000000000        6.40633849212446     
   890.000000000000        6.40997551519752     
   891.000000000000        6.41360910147336     
   892.000000000000        6.41723938064245     
   893.000000000000        6.42086626084072     
   894.000000000000        6.42448976638511     
   895.000000000000        6.42811000264914     
   896.000000000000        6.43172688857627     
   897.000000000000        6.43534040255141     
   898.000000000000        6.43895064724618     
   899.000000000000        6.44255758483420     
   900.000000000000        6.44616115317213     
   901.000000000000        6.44976150356549     
   902.000000000000        6.45335849011253     
   903.000000000000        6.45695227492631     
   904.000000000000        6.46054270940319     
   905.000000000000        6.46412991782985     
   906.000000000000        6.46771384887050     
   907.000000000000        6.47129456466846     
   908.000000000000        6.47487199227287     
   909.000000000000        6.47844614519314     
   910.000000000000        6.48201717203293     
   911.000000000000        6.48558486204523     
   912.000000000000        6.48914943138082     
   913.000000000000        6.49271072603227     
   914.000000000000        6.49626882435424     
   915.000000000000        6.49982367771281     
   916.000000000000        6.50337544281727     
   917.000000000000        6.50692395215079     
   918.000000000000        6.51046931108687     
   919.000000000000        6.51401144397273     
   920.000000000000        6.51755050751768     
   921.000000000000        6.52108633690677     
   922.000000000000        6.52461904832102     
   923.000000000000        6.52814858772276     
   924.000000000000        6.53167496051574     
   925.000000000000        6.53519827747724     
   926.000000000000        6.53871849267521     
   927.000000000000        6.54223543048717     
   928.000000000000        6.54574941243737     
   929.000000000000        6.54926026020143     
   930.000000000000        6.55276792784732     
   931.000000000000        6.55627257748811     
   932.000000000000        6.55977412266349     
   933.000000000000        6.56327255526781     
   934.000000000000        6.56676795365572     
   935.000000000000        6.57026025838576     
   936.000000000000        6.57374951809186     
   937.000000000000        6.57723574358155     
   938.000000000000        6.58071884839453     
   939.000000000000        6.58419897843256     
   940.000000000000        6.58767604453346     
   941.000000000000        6.59115010343679     
   942.000000000000        6.59462108489356     
   943.000000000000        6.59808909968104     
   944.000000000000        6.60155405053138     
   945.000000000000        6.60501604551997     
   946.000000000000        6.60847500899403     
   947.000000000000        6.61193102741388     
   948.000000000000        6.61538401431921     
   949.000000000000        6.61883399672886     
   950.000000000000        6.62228103138241     
   951.000000000000        6.62572506694405     
   952.000000000000        6.62916620068164     
   953.000000000000        6.63260437315369     
   954.000000000000        6.63603950870746     
   955.000000000000        6.63947174243717     
   956.000000000000        6.64290103651642     
   957.000000000000        6.64632745849235     
   958.000000000000        6.64975080302172     
   959.000000000000        6.65317137001372     
   960.000000000000        6.65658893251004     
   961.000000000000        6.66000361749925     
   962.000000000000        6.66341540336630     
   963.000000000000        6.66682422526593     
   964.000000000000        6.67023023180181     
   965.000000000000        6.67363325005332     
   966.000000000000        6.67703350968066     
   967.000000000000        6.68043078642739     
   968.000000000000        6.68382525321414     
   969.000000000000        6.68721681817683     
   970.000000000000        6.69060555696822     
   971.000000000000        6.69399136421482     
   972.000000000000        6.69737439392405     
   973.000000000000        6.70075454342430     
   974.000000000000        6.70413181541745     
   975.000000000000        6.70750635850715     
   976.000000000000        6.71087797005205     
   977.000000000000        6.71424680405959     
   978.000000000000        6.71761278757887     
   979.000000000000        6.72097597194571     
   980.000000000000        6.72433638958271     
   981.000000000000        6.72769394592392     
   982.000000000000        6.73104869230515     
   983.000000000000        6.73440069897539     
   984.000000000000        6.73774990108941     
   985.000000000000        6.74109632026229     
   986.000000000000        6.74443992947519     
   987.000000000000        6.74778077736203     
   988.000000000000        6.75111888823976     
   989.000000000000        6.75445421887825     
   990.000000000000        6.75778676927747     
   991.000000000000        6.76111664210906     
   992.000000000000        6.76444367255804     
   993.000000000000        6.76776796599793     
   994.000000000000        6.77108960348525     
   995.000000000000        6.77440847694462     
   996.000000000000        6.77772456746286     
   997.000000000000        6.78103796960592     
   998.000000000000        6.78434870769076     
   999.000000000000        6.78765664121938     
   1000.00000000000        6.79096190798790     
   1001.00000000000        6.79426447827559     
   1002.00000000000        6.79756435748622     
   1003.00000000000        6.80086154832167     
   1004.00000000000        6.80415597783106     
   1005.00000000000        6.80744781353123     
   1006.00000000000        6.81073690411664     
   1007.00000000000        6.81402333604761     
   1008.00000000000        6.81730718227501     
   1009.00000000000        6.82058819692736     
   1010.00000000000        6.82386670423079     
   1011.00000000000        6.82714247182323     
   1012.00000000000        6.83041566451966     
   1013.00000000000        6.83368606887117     
   1014.00000000000        6.83695400910392     
   1015.00000000000        6.84021915018423     
   1016.00000000000        6.84348175149302     
   1017.00000000000        6.84674171306055     
   1018.00000000000        6.84999902137740     
   1019.00000000000        6.85325377371142     
   1020.00000000000        6.85650581065141     
   1021.00000000000        6.85975535105003     
   1022.00000000000        6.86300216524709     
   1023.00000000000        6.86624645318205     
   1024.00000000000        6.86948814730779     
   1025.00000000000        6.87272722060546     
   1026.00000000000        6.87596371360334     
   1027.00000000000        6.87919762359955     
   1028.00000000000        6.88242896950727     
   1029.00000000000        6.88565768648126     
   1030.00000000000        6.88888390961578     
   1031.00000000000        6.89210754434484     
   1032.00000000000        6.89532856364961     
   1033.00000000000        6.89854706479794     
   1034.00000000000        6.90176298834835     
   1035.00000000000        6.90497636672347     
   1036.00000000000        6.90818722424025     
   1037.00000000000        6.91139555549494     
   1038.00000000000        6.91460129023852     
   1039.00000000000        6.91780454735392     
   1040.00000000000        6.92100524848649     
   1041.00000000000        6.92420339363623     
   1042.00000000000        6.92739909087852     
   1043.00000000000        6.93059218080216     
   1044.00000000000        6.93378286334663     
   1045.00000000000        6.93697097639884     
   1046.00000000000        6.94015654427576     
   1047.00000000000        6.94333968315842     
   1048.00000000000        6.94652031739406     
   1049.00000000000        6.94969841996382     
   1050.00000000000        6.95287403679975     
   1051.00000000000        6.95604721653578     
   1052.00000000000        6.95921786730781     
   1053.00000000000        6.96238609719124     
   1054.00000000000        6.96555174137111     
   1055.00000000000        6.96871503761326     
   1056.00000000000        6.97187582110273     
   1057.00000000000        6.97503414317533     
   1058.00000000000        6.97818999302352     
   1059.00000000000        6.98134341117557     
   1060.00000000000        6.98449441924655     
   1061.00000000000        6.98764285512339     
   1062.00000000000        6.99078899710021     
   1063.00000000000        6.99393260470927     
   1064.00000000000        6.99707377521842     
   1065.00000000000        7.00021257617477     
   1066.00000000000        7.00334891571426     
   1067.00000000000        7.00648281004817     
   1068.00000000000        7.00961433482930     
   1069.00000000000        7.01274341980863     
   1070.00000000000        7.01587006498616     
   1071.00000000000        7.01899432710148     
   1072.00000000000        7.02211619264515     
   1073.00000000000        7.02523563730022     
   1074.00000000000        7.02835266106669     
   1075.00000000000        7.03146733149167     
   1076.00000000000        7.03457964587328     
   1077.00000000000        7.03768950964556     
   1078.00000000000        7.04079699035561     
   1079.00000000000        7.04390207719591     
   1080.00000000000        7.04700487283807     
   1081.00000000000        7.05010521246713     
   1082.00000000000        7.05320322036977     
   1083.00000000000        7.05629879657628     
   1084.00000000000        7.05939213292045     
   1085.00000000000        7.06248300244397     
   1086.00000000000        7.06557160778821     
   1087.00000000000        7.06865772739861     
   1088.00000000000        7.07174161255044     
   1089.00000000000        7.07482315246644     
   1090.00000000000        7.07790224177311     
   1091.00000000000        7.08097912093817     
   1092.00000000000        7.08405361974290     
   1093.00000000000        7.08712573818730     
   1094.00000000000        7.09019553301093     
   1095.00000000000        7.09326310688543     
   1096.00000000000        7.09632823825625     
   1097.00000000000        7.09939108383269     
   1098.00000000000        7.10245164091288     
   1099.00000000000        7.10550992570812     
   1100.00000000000        7.10856578421098     
   1101.00000000000        7.11161940555340     
   1102.00000000000        7.11467075731275     
   1103.00000000000        7.11771968007784     
   1104.00000000000        7.12076649807483     
   1105.00000000000        7.12381084654930     
   1106.00000000000        7.12685303081419     
   1107.00000000000        7.12989286714137     
   1108.00000000000        7.13293038254968     
   1109.00000000000        7.13596570672958     
   1110.00000000000        7.13899870728872     
   1111.00000000000        7.14202943826479     
   1112.00000000000        7.14505788074461     
   1113.00000000000        7.14808407255455     
   1114.00000000000        7.15110799748331     
   1115.00000000000        7.15412962040640     
   1116.00000000000        7.15714910073499     
   1117.00000000000        7.16016620610702     
   1118.00000000000        7.16318107431860     
   1119.00000000000        7.16619377021496     
   1120.00000000000        7.16920415599999     
   1121.00000000000        7.17221228841326     
   1122.00000000000        7.17521821879057     
   1123.00000000000        7.17822184716221     
   1124.00000000000        7.18122335995821     
   1125.00000000000        7.18422252211460     
   1126.00000000000        7.18721948493693     
   1127.00000000000        7.19021427274215     
   1128.00000000000        7.19320677745489     
   1129.00000000000        7.19619709364110     
   1130.00000000000        7.19918520779135     
   1131.00000000000        7.20217106586797     
   1132.00000000000        7.20515471650487     
   1133.00000000000        7.20813620023031     
   1134.00000000000        7.21111544409343     
   1135.00000000000        7.21409242918101     
   1136.00000000000        7.21706735813441     
   1137.00000000000        7.22003994455387     
   1138.00000000000        7.22301042350333     
   1139.00000000000        7.22597868150366     
   1140.00000000000        7.22894476178499     
   1141.00000000000        7.23190866704922     
   1142.00000000000        7.23487036217185     
   1143.00000000000        7.23782981202837     
   1144.00000000000        7.24078720575072     
   1145.00000000000        7.24374242175407     
   1146.00000000000        7.24669533304986     
   1147.00000000000        7.24964619361524     
   1148.00000000000        7.25259484944278     
   1149.00000000000        7.25554134646452     
   1150.00000000000        7.25848567387293     
   1151.00000000000        7.26142788840758     
   1152.00000000000        7.26436786578179     
   1153.00000000000        7.26730571677281     
   1154.00000000000        7.27024141436180     
   1155.00000000000        7.27317495584688     
   1156.00000000000        7.27610643849590     
   1157.00000000000        7.27903568128258     
   1158.00000000000        7.28196280579173     
   1159.00000000000        7.28488779040828     
   1160.00000000000        7.28781065944919     
   1161.00000000000        7.29073136968430     
   1162.00000000000        7.29365001567958     
   1163.00000000000        7.29656642451440     
   1164.00000000000        7.29948076370562     
   1165.00000000000        7.30239301704193     
   1166.00000000000        7.30530305213098     
   1167.00000000000        7.30821106891224     
   1168.00000000000        7.31111693769523     
   1169.00000000000        7.31402069900824     
   1170.00000000000        7.31692231232299     
   1171.00000000000        7.31982185869602     
   1172.00000000000        7.32271927328210     
   1173.00000000000        7.32561464794530     
   1174.00000000000        7.32850781516879     
   1175.00000000000        7.33139893976751     
   1176.00000000000        7.33428798931887     
   1177.00000000000        7.33717492869835     
   1178.00000000000        7.34005977952103     
   1179.00000000000        7.34294247964357     
   1180.00000000000        7.34582323711108     
   1181.00000000000        7.34870178984076     
   1182.00000000000        7.35157828103248     
   1183.00000000000        7.35445268096553     
   1184.00000000000        7.35732509231151     
   1185.00000000000        7.36019536646677     
   1186.00000000000        7.36306351153696     
   1187.00000000000        7.36592971665401     
   1188.00000000000        7.36879373594642     
   1189.00000000000        7.37165577205553     
   1190.00000000000        7.37451571420407     
   1191.00000000000        7.37737360292032     
   1192.00000000000        7.38022940578165     
   1193.00000000000        7.38308320924838     
   1194.00000000000        7.38593491605266     
   1195.00000000000        7.38878458833784     
   1196.00000000000        7.39163218827752     
   1197.00000000000        7.39447774289056     
   1198.00000000000        7.39732125217696     
   1199.00000000000        7.40016277287630     
   1200.00000000000        7.40300223473956     
   1201.00000000000        7.40583962425734     
   1202.00000000000        7.40867500897674     
   1203.00000000000        7.41150835107139     
   1204.00000000000        7.41433965864693     
   1205.00000000000        7.41716895872221     
   1206.00000000000        7.41999615132750     
   1207.00000000000        7.42282142289284     
   1208.00000000000        7.42564466264096     
   1209.00000000000        7.42846578951532     
   1210.00000000000        7.43128503857989     
   1211.00000000000        7.43410214775185     
   1212.00000000000        7.43691728724993     
   1213.00000000000        7.43973042465153     
   1214.00000000000        7.44254159237925     
   1215.00000000000        7.44535067155017     
   1216.00000000000        7.44815775132650     
   1217.00000000000        7.45096293437983     
   1218.00000000000        7.45376599915563     
   1219.00000000000        7.45656709155567     
   1220.00000000000        7.45936626561765     
   1221.00000000000        7.46216339165110     
   1222.00000000000        7.46495845614660     
   1223.00000000000        7.46775167525491     
   1224.00000000000        7.47054278689324     
   1225.00000000000        7.47333192885769     
   1226.00000000000        7.47611917409916     
   1227.00000000000        7.47890431457251     
   1228.00000000000        7.48168755291911     
   1229.00000000000        7.48446884861068     
   1230.00000000000        7.48724805304357     
   1231.00000000000        7.49002537966666     
   1232.00000000000        7.49280070959703     
   1233.00000000000        7.49557409957426     
   1234.00000000000        7.49834541180223     
   1235.00000000000        7.50111488134490     
   1236.00000000000        7.50388235149297     
   1237.00000000000        7.50664784926527     
   1238.00000000000        7.50941132602790     
   1239.00000000000        7.51217296280711     
   1240.00000000000        7.51493261370114     
   1241.00000000000        7.51769024088360     
   1242.00000000000        7.52044601457323     
   1243.00000000000        7.52319973753245     
   1244.00000000000        7.52595156106679     
   1245.00000000000        7.52870147977248     
   1246.00000000000        7.53144941799676     
   1247.00000000000        7.53419541086414     
   1248.00000000000        7.53693941244256     
   1249.00000000000        7.53968160646018     
   1250.00000000000        7.54242175785304     
   1251.00000000000        7.54516001792668     
   1252.00000000000        7.54789630562456     
   1253.00000000000        7.55063068579192     
   1254.00000000000        7.55336317464005     
   1255.00000000000        7.55609371002562     
   1256.00000000000        7.55882228114108     
   1257.00000000000        7.56154901227313     
   1258.00000000000        7.56427375481811     
   1259.00000000000        7.56699662225518     
   1260.00000000000        7.56971753893156     
   1261.00000000000        7.57243653186611     
   1262.00000000000        7.57515369292290     
   1263.00000000000        7.57786878703797     
   1264.00000000000        7.58058217626386     
   1265.00000000000        7.58329349854803     
   1266.00000000000        7.58600293221486     
   1267.00000000000        7.58871054481147     
   1268.00000000000        7.59141623096436     
   1269.00000000000        7.59411995284714     
   1270.00000000000        7.59682179692013     
   1271.00000000000        7.59952180371159     
   1272.00000000000        7.60221984893482     
   1273.00000000000        7.60491607308784     
   1274.00000000000        7.60761030865379     
   1275.00000000000        7.61030273936082     
   1276.00000000000        7.61299324092225     
   1277.00000000000        7.61568188628896     
   1278.00000000000        7.61836864033645     
   1279.00000000000        7.62105348955529     
   1280.00000000000        7.62373645015680     
   1281.00000000000        7.62641755186170     
   1282.00000000000        7.62909676224738     
   1283.00000000000        7.63177417317792     
   1284.00000000000        7.63444959011762     
   1285.00000000000        7.63712328325495     
   1286.00000000000        7.63979496348824     
   1287.00000000000        7.64246482805509     
   1288.00000000000        7.64513282561968     
   1289.00000000000        7.64779893186504     
   1290.00000000000        7.65046328458730     
   1291.00000000000        7.65312564872249     
   1292.00000000000        7.65578623231573     
   1293.00000000000        7.65844491918598     
   1294.00000000000        7.66110176337093     
   1295.00000000000        7.66375676216870     
   1296.00000000000        7.66640986694537     
   1297.00000000000        7.66906117226689     
   1298.00000000000        7.67171059977861     
   1299.00000000000        7.67435820622011     
   1300.00000000000        7.67700396187066     
   1301.00000000000        7.67964781539445     
   1302.00000000000        7.68228990458759     
   1303.00000000000        7.68493014839355     
   1304.00000000000        7.68756847115957     
   1305.00000000000        7.69020507822885     
   1306.00000000000        7.69283972913369     
   1307.00000000000        7.69547264813050     
   1308.00000000000        7.69810362447228     
   1309.00000000000        7.70073289052111     
   1310.00000000000        7.70336025984694     
   1311.00000000000        7.70598584863083     
   1312.00000000000        7.70860949205780     
   1313.00000000000        7.71123149814270     
   1314.00000000000        7.71385154265939     
   1315.00000000000        7.71646975529831     
   1316.00000000000        7.71908625224051     
   1317.00000000000        7.72170089298799     
   1318.00000000000        7.72431370455960     
   1319.00000000000        7.72692466534025     
   1320.00000000000        7.72953386449214     
   1321.00000000000        7.73214129661151     
   1322.00000000000        7.73474684011354     
   1323.00000000000        7.73735053552650     
   1324.00000000000        7.73995253955970     
   1325.00000000000        7.74255268739818     
   1326.00000000000        7.74515104929093     
   1327.00000000000        7.74774762523797     
   1328.00000000000        7.75034231526956     
   1329.00000000000        7.75293531121950     
   1330.00000000000        7.75552644016718     
   1331.00000000000        7.75811584531248     
   1332.00000000000        7.76070333482160     
   1333.00000000000        7.76328915726793     
   1334.00000000000        7.76587316404780     
   1335.00000000000        7.76845534705556     
   1336.00000000000        7.77103574681949     
   1337.00000000000        7.77361442278105     
   1338.00000000000        7.77619120742338     
   1339.00000000000        7.77876629528218     
   1340.00000000000        7.78133962421411     
   1341.00000000000        7.78391109695131     
   1342.00000000000        7.78648079725222     
   1343.00000000000        7.78904879536583     
   1344.00000000000        7.79161494268849     
   1345.00000000000        7.79417934189181     
   1346.00000000000        7.79674200378333     
   1347.00000000000        7.79930290674798     
   1348.00000000000        7.80186192109529     
   1349.00000000000        7.80441934133068     
   1350.00000000000        7.80697486214120     
   1351.00000000000        7.80952868346631     
   1352.00000000000        7.81208072965323     
   1353.00000000000        7.81463103042270     
   1354.00000000000        7.81717952633326     
   1355.00000000000        7.81972637679609     
   1356.00000000000        7.82227129811332     
   1357.00000000000        7.82481461721298     
   1358.00000000000        7.82735608552169     
