   16.2602122415401       -543.065810453627     
   16.2602548208091       -543.066023786239     
   16.2602961288934       -543.066230787350     
   16.2603361865800       -543.066431557767     
   16.2603750040092       -543.066626145024     
   16.2604125908570       -543.066814594611     
   16.2604489605357       -543.066996970701     
   16.2604841221994       -543.067173316354     
   16.2605180858516       -543.067343679038     
   16.2605508651531       -543.067508124601     
   16.2605824694791       -543.067666697651     
   16.2606129080605       -543.067819441945     
   16.2606421950509       -543.067966426366     
   16.2606703405866       -543.068107699568     
   16.2606973609701       -543.068243341258     
   16.2607232684108       -543.068373410846     
   16.2607480801589       -543.068497993008     
   16.2607718169048       -543.068617189958     
   16.2607944985184       -543.068731099804     
   16.2608161494208       -543.068839843632     
   16.2608367984685       -543.068943565006     
   16.2608564741041       -543.069042405419     
   16.2608752098842       -543.069136532264     
   16.2608930371631       -543.069226101907     
   16.2609099987520       -543.069311328414     
   16.2609261374270       -543.069392425838     
   16.2609414956176       -543.069469606511     
   16.2609561287233       -543.069543148129     
   16.2609700908080       -543.069613321648     
   16.2609834367658       -543.069680402477     
   16.2609962325439       -543.069744721543     
   16.2610085496319       -543.069806637744     
   16.2610204586687       -543.069866505888     
   16.2610320322867       -543.069924690753     
   16.2610433556981       -543.069981620531     
   16.2610545159457       -543.070037732701     
   16.2610656050901       -543.070093490045     
   16.2610767117411       -543.070149338077     
   16.2610879317988       -543.070205759017     
   16.2610993677132       -543.070263268244     
   16.2611111192884       -543.070322367785     
   16.2611232944590       -543.070383600781     
   16.2611359974208       -543.070447491642     
   16.2611493324212       -543.070514565123     
   16.2611634080182       -543.070585367910     
   16.2611783351622       -543.070660458783     
   16.2611942203747       -543.070740374518     
   16.2612111721582       -543.070825661940     
   16.2612292974907       -543.070916860583     
   16.2612486997351       -543.071014491943     
   16.2612694862876       -543.071119098095     
   16.2612917574886       -543.071231185939     
   16.2613156132935       -543.071351260718     
   16.2613411534128       -543.071479826853     
   16.2613684719317       -543.071617360882     
   16.2613976621709       -543.071764335764     
   16.2614288136988       -543.071921206152     
   16.2614620110103       -543.072088401568     
   16.2614973390600       -543.072266354364     
   16.2615348759538       -543.072455462912     
   16.2615747010871       -543.072656132717     
   16.2616168868477       -543.072868734482     
   16.2616614999021       -543.073093610707     
   16.2617086067840       -543.073331103849     
   16.2617582727179       -543.073581550481     
   16.2618105545650       -543.073845245584     
   16.2618655063834       -543.074122470782     
   16.2619231823974       -543.074413509232     
   16.2619836322040       -543.074718621378     
   16.2620468961715       -543.075038021881     
   16.2621130193693       -543.075371949919     
   16.2621820413854       -543.075720617737     
   16.2622539962660       -543.076084210217     
   16.2623289171639       -543.076462908582     
   16.2624068325011       -543.076856871012     
   16.2624877674904       -543.077266239983     
   16.2625717507157       -543.077691175888     
   16.2626588048424       -543.078131810063     
   16.2627489391737       -543.078588206794     
   16.2628421772896       -543.079060503442     
   16.2629385294253       -543.079548770482     
   16.2630380113868       -543.080053107427     
   16.2631406303749       -543.080573570769     
   16.2632463925924       -543.081110212777     
   16.2633553043642       -543.081663086850     
   16.2634673689399       -543.082232231631     
   16.2635825911355       -543.082817694223     
   16.2637009651958       -543.083419468756     
   16.2638224920282       -543.084037583802     
   16.2639471746897       -543.084672079473     
   16.2640750000111       -543.085322913903     
   16.2642059684372       -543.085990115214     
   16.2643400654157       -543.086673635531     
   16.2644772906713       -543.087373500312     
   16.2646176286559       -543.088089657656     
   16.2647610743484       -543.088822109865     
   16.2649076136359       -543.089570813332     
   16.2650572388628       -543.090335757879     
   16.2652099247846       -543.091116843840     
   16.2653656699777       -543.091914093689     
   16.2655244554357       -543.092727440511     
   16.2656862639121       -543.093556826578     
   16.2658510854588       -543.094402232091     
   16.2660188986484       -543.095263578602     
   16.2661896821492       -543.096140788512     
   16.2663634287582       -543.097033856997     
   16.2665401175672       -543.097942709210     
   16.2667197251883       -543.098867257693     
   16.2669022376084       -543.099807463608     
   16.2670876357699       -543.100763262177     
   16.2672759007636       -543.101734589785     
   16.2674670126256       -543.102721377509     
   16.2676609517138       -543.103723558153     
   16.2678576934012       -543.104741039060     
   16.2680572264411       -543.105773796749     
   16.2682595269702       -543.106821742840     
   16.2684645701216       -543.107884783567     
   16.2686723496489       -543.108962922022     
   16.2688828349722       -543.110056035119     
   16.2690960008165       -543.111164027250     
   16.2693118383495       -543.112286888354     
   16.2695303207373       -543.113424514944     
   16.2697514312115       -543.114576855834     
   16.2699751508331       -543.115743848524     
   16.2702014576717       -543.116925415176     
   16.2704303327266       -543.118121493026     
   16.2706617438755       -543.119331950751     
   16.2708957005621       -543.120556874434     
   16.2711321443353       -543.121795994797     
   16.2713710896711       -543.123049424481     
   16.2716125062898       -543.124317041656     
   16.2718563655551       -543.125598732891     
   16.2721026499807       -543.126894443121     
   16.2723513564929       -543.128204193214     
   16.2726024539456       -543.129527856327     
   16.2728559222388       -543.130865363513     
   16.2731117509194       -543.132216696722     
   16.2733699216432       -543.133581796203     
   16.2736304014014       -543.134960524527     
   16.2738931912071       -543.136352924201     
   16.2741582670769       -543.137758905279     
   16.2744256079162       -543.139178393016     
   16.2746951892595       -543.140611294555     
   16.2749670118532       -543.142057650897     
   16.2752410529232       -543.143517378041     
   16.2755172930505       -543.144990409652     
   16.2757957051715       -543.146476638314     
   16.2760762947322       -543.147976130094     
   16.2763590435496       -543.149488824951     
   16.2766439110427       -543.151014542556     
   16.2769309040430       -543.152553356420     
   16.2772200034024       -543.154105200694     
   16.2775112000951       -543.155670063796     
   16.2778044527551       -543.157247760173     
   16.2780997785450       -543.158838418763     
   16.2783971465675       -543.160441909829     
   16.2786965504517       -543.162058235685     
   16.2789979539076       -543.163687236876     
   16.2793013724263       -543.165329033509     
   16.2796067817756       -543.166983530988     
   16.2799141645300       -543.168650671301     
   16.2802235068924       -543.170330415829     
   16.2805348091585       -543.172022802493     
   16.2808480294032       -543.173727639420     
   16.2811631893995       -543.175445081200     
   16.2814802593689       -543.177175001736     
   16.2817992197113       -543.178917329926     
   16.2821200702901       -543.180672100840     
   16.2824427988830       -543.182439283548     
   16.2827673835678       -543.184218793700     
   16.2830938328759       -543.186010713747     
   16.2834221141716       -543.187814900200     
   16.2837522298103       -543.189631401547     
   16.2840841556763       -543.191460120477     
   16.2844178846362       -543.193301052910     
   16.2847534316162       -543.195154316680     
   16.2850907448584       -543.197019661224     
   16.2854298435620       -543.198897227630     
   16.2857706934891       -543.200786861460     
   16.2861133173766       -543.202688723744     
   16.2864576840535       -543.204602676531     
   16.2868037716391       -543.206528632916     
   16.2871515948775       -543.208466709599     
   16.2875011510960       -543.210416926697     
   16.2878523876192       -543.212379024764     
   16.2882053406925       -543.214353240764     
   16.2885599709948       -543.216339389241     
   16.2889162953715       -543.218337598984     
   16.2892742824521       -543.220347728326     
   16.2896339301901       -543.222369799994     
   16.2899952409695       -543.224403861510     
   16.2903582083630       -543.226449911017     
   16.2907228016610       -543.228507809319     
   16.2910890186945       -543.230577577931     
   16.2914568724785       -543.232659324334     
   16.2918263320708       -543.234752907250     
   16.2921974005035       -543.236858377437     
   16.2925700797564       -543.238975779983     
   16.2929443361422       -543.241104956862     
   16.2933201831009       -543.243246018072     
   16.2936976092870       -543.245398932348     
   16.2940766125714       -543.247563720994     
   16.2944571734088       -543.249740305626     
   16.2948392925448       -543.251928723650     
   16.2952229723265       -543.254129021676     
   16.2956081695258       -543.256340984786     
   16.2959949162791       -543.258564830285     
   16.2963832075237       -543.260800562202     
   16.2967730061801       -543.263047999841     
   16.2971643242763       -543.265307245209     
   16.2975571576284       -543.267578306826     
   16.2979515017852       -543.269861191635     
   16.2983473388978       -543.272155828825     
   16.2987446673862       -543.274462241709     
   16.2991434905737       -543.276780481872     
   16.2995437933917       -543.279110494186     
   16.2999455779349       -543.281452323099     
   16.3003488259972       -543.283805894651     
   16.3007535313164       -543.286171204243     
   16.3011597055011       -543.288548351738     
   16.3015673353324       -543.290937291895     
   16.3019764065493       -543.293337972944     
   16.3023869261987       -543.295750467973     
   16.3027988816405       -543.298174734606     
   16.3032122723944       -543.300610801591     
   16.3036271135134       -543.303058789512     
   16.3040433381636       -543.305518335372     
   16.3044609986324       -543.307989779350     
   16.3048800717906       -543.310473016143     
   16.3053005507955       -543.312968036495     
   16.3057224254053       -543.315474810792     
   16.3061457158821       -543.317993490680     
   16.3065703985249       -543.320523966468     
   16.3069964525451       -543.323066145043     
   16.3074239190699       -543.325620302916     
   16.3078527618509       -543.328186254679     
   16.3082829655211       -543.330763938931     
   16.3087145343436       -543.333353411726     
   16.3091474945923       -543.335954861657     
   16.3095817939643       -543.338568005041     
   16.3100174551181       -543.341193008484     
   16.3104544901005       -543.343829975318     
   16.3108928677304       -543.346478748012     
   16.3113325846139       -543.349139336162     
   16.3117736474900       -543.351811810768     
   16.3122160421996       -543.354496116153     
   16.3126597827712       -543.357192367708     
   16.3131048338606       -543.359900380572     
   16.3135512300591       -543.362620395157     
   16.3139989354886       -543.365352222900     
   16.3144479471767       -543.368095875092     
   16.3148982969606       -543.370851576248     
   16.3153499433212       -543.373619102014     
   16.3158028901949       -543.376398505927     
   16.3162571617973       -543.379189966305     
   16.3167127186126       -543.381993269846     
   16.3171695716572       -543.384808513540     
   16.3176277152069       -543.387635691455     
   16.3180871483667       -543.390474827305     
   16.3185478584844       -543.393325871904     
   16.3190098502700       -543.396188883431     
   16.3194731127047       -543.399063822493     
   16.3199376534617       -543.401950765649     
   16.3204034593353       -543.404849659622     
   16.3208705271751       -543.407760513452     
   16.3213388761654       -543.410683475580     
   16.3218084609418       -543.413618291379     
   16.3222793157590       -543.416565203355     
   16.3227514177781       -543.419524097146     
   16.3232247540760       -543.422494919811     
   16.3236993493791       -543.425477854806     
   16.3241751794495       -543.428472778076     
   16.3246522476514       -543.431479738843     
   16.3251305490453       -543.434498733899     
   16.3256100740710       -543.437529730742     
   16.3260908237580       -543.440572763611     
   16.3265728060943       -543.443627910841     
   16.3270560173637       -543.446695176768     
   16.3275404126689       -543.449774303677     
   16.3280260459115       -543.452865661551     
   16.3285128984690       -543.455969159673     
   16.3290009285849       -543.459084558868     
   16.3294901825122       -543.462212181563     
   16.3299806381596       -543.465351913888     
   16.3304722610489       -543.468503561802     
   16.3309651114284       -543.471667538528     
   16.3314591415424       -543.474843564676     
   16.3319543321285       -543.478031542691     
   16.3324507329389       -543.481231819453     
   16.3329483046042       -543.484444168025     
   16.3334470605256       -543.487668701360     
   16.3339469789910       -543.490905305414     
   16.3344480655053       -543.494154041917     
   16.3349503134015       -543.497414893704     
   16.3354537313371       -543.500687943109     
   16.3359583001363       -543.503973091421     
   16.3364640313311       -543.507270439513     
   16.3369709070568       -543.510579896654     
   16.3374789421400       -543.513901585378     
   16.3379881164492       -543.517235399602     
   16.3384984481801       -543.520581484052     
   16.3390099013573       -543.523939628161     
   16.3395224840804       -543.527309910009     
   16.3400362269485       -543.530692556218     
   16.3405510722350       -543.534087211752     
   16.3410670401955       -543.537494034696     
   16.3415841557305       -543.540913214500     
   16.3421023752336       -543.544344487775     
   16.3426217190501       -543.547788013697     
   16.3431421743819       -543.551243732043     
   16.3436637116066       -543.554711470031     
   16.3441863810136       -543.558191586395     
   16.3447101311934       -543.561683762979     
   16.3452349972910       -543.565188258159     
   16.3457609604483       -543.568704970152     
   16.3462880129591       -543.572233871251     
   16.3468161485991       -543.575774943369     
   16.3473453810104       -543.579328301632     
   16.3478756697207       -543.582893697530     
   16.3484070549965       -543.586471425057     
   16.3489395193094       -543.590061389797     
   16.3494730270255       -543.593663374180     
   16.3500076351047       -543.597277785841     
   16.3505433010807       -543.600904360908     
   16.3510800028839       -543.604542972229     
   16.3516177925586       -543.608193995329     
   16.3521566240653       -543.611857140429     
   16.3526965050375       -543.615532481563     
   16.3532374428011       -543.619220090957     
   16.3537794080815       -543.622919791087     
   16.3543224345745       -543.626631834028     
   16.3548664739030       -543.630355910936     
   16.3554115355374       -543.634092107837     
   16.3559576744052       -543.637840823321     
   16.3565048079040       -543.641601512179     
   16.3570529567404       -543.645374337546     
   16.3576021487934       -543.649159512686     
   16.3581523304355       -543.652956689082     
   16.3587035399136       -543.656766151522     
   16.3592557524462       -543.660587749662     
   16.3598089699409       -543.664421517336     
   16.3603632018851       -543.668267541063     
   16.3609184124303       -543.672125592326     
   16.3614746211198       -543.675995827034     
   16.3620318254574       -543.679878248120     
   16.3625900177139       -543.683772821780     
   16.3631491917575       -543.687679525086     
   16.3637093401695       -543.691598325851     
   16.3642704649372       -543.695529257478     
   16.3648325812761       -543.699472446315     
   16.3653956291542       -543.703427490240     
   16.3659596725917       -543.707394858080     
   16.3665246430321       -543.711374086575     
   16.3670906186651       -543.715365745462     
   16.3676574966530       -543.719369128172     
   16.3682253593931       -543.723384834913     
   16.3687941562000       -543.727412526059     
   16.3693639091455       -543.731452376174     
   16.3699345907667       -543.735504208817     
   16.3705062116775       -543.739568117104     
   16.3710787307767       -543.743643826427     
   16.3716522183000       -543.747731854470     
   16.3722266309663       -543.751831910937     
   16.3728019638630       -543.755943978147     
   16.3733781860533       -543.760067851879     
   16.3739553378047       -543.764203837272     
   16.3745333806515       -543.768351675666     
   16.3751123625446       -543.772511728079     
   16.3756922068609       -543.776683460659     
   16.3762729898822       -543.780867438705     
   16.3768546550555       -543.785063271556     
   16.3774371974267       -543.789270939393     
   16.3780206396663       -543.793490621960     
   16.3786049368503       -543.797722010073     
   16.3791901230187       -543.801965365754     
   16.3797762019956       -543.806220732760     
   16.3803631261534       -543.810487780473     
   16.3809509263982       -543.814766748779     
   16.3815395945556       -543.819057593399     
   16.3821291337871       -543.823360352588     
   16.3827194941886       -543.827674676621     
   16.3833107284447       -543.832000964976     
   16.3839028066442       -543.836339013593     
   16.3844957343787       -543.840688877695     
   16.3850895026305       -543.845050505464     
   16.3856840856587       -543.849423721564     
   16.3862795263748       -543.853808855463     
   16.3868757535807       -543.858205396318     
   16.3874728437247       -543.862613921374     
   16.3880707700272       -543.867034247014     
   16.3886694566040       -543.871465824908     
   16.3892689949886       -543.875909345428     
   16.3898693317204       -543.880364425640     
   16.3904704656892       -543.884831069823     
   16.3910724226904       -543.889309482387     
   16.3916751386512       -543.893799198864     
   16.3922786454741       -543.898300468587     
   16.3928829881939       -543.902813640190     
   16.3934880837750       -543.907338105637     
   16.3940939363791       -543.911873907142     
   16.3947006253367       -543.916421650574     
   16.3953080554080       -543.920980633979     
   16.3959162217994       -543.925550831715     
   16.3965251793453       -543.930132666763     
   16.3971349119810       -543.934726029882     
   16.3977453896781       -543.939330705573     
   16.3983565755902       -543.943946425861     
   16.3989685776805       -543.948574016758     
   16.3995812778175       -543.953212595618     
   16.4001947343930       -543.957862614159     
   16.4008089346439       -543.962523986018     
   16.4014238670519       -543.967196633530     
   16.4020395113789       -543.971880412355     
   16.4026558888402       -543.976575493260     
   16.4032729869124       -543.981281790242     
   16.4038908052458       -543.985999309793     
   16.4045093010871       -543.990727734024     
   16.4051285309715       -543.995467503773     
   16.4057484621900       -544.000218377667     
   16.4063690947249       -544.004980363999     
   16.4069904017038       -544.009753264560     
   16.4076124480871       -544.014537586860     
   16.4082351468142       -544.019332669472     
   16.4088585235206       -544.024138717024     
   16.4094825857874       -544.028955795482     
   16.4101073344295       -544.033783918989     
   16.4107327446624       -544.038622903216     
   16.4113588201455       -544.043472783480     
   16.4119855516792       -544.048333495346     
   16.4126129483566       -544.053205116055     
   16.4132409837906       -544.058087447309     
   16.4138696911656       -544.062980753573     
   16.4144990511975       -544.067884891381     
   16.4151290394109       -544.072799676069     
   16.4157596738782       -544.077725254538     
   16.4163909469702       -544.082661573120     
   16.4170228329409       -544.087608435919     
   16.4176553523997       -544.092566009611     
   16.4182885011212       -544.097534266664     
   16.4189222382277       -544.102512891113     
   16.4195566332162       -544.107502434039     
   16.4201915970587       -544.112502200136     
   16.4208272024263       -544.117512766199     
   16.4214633900856       -544.122533670001     
   16.4221001768980       -544.127565048679     
   16.4227375517104       -544.132606818224     
   16.4233755227084       -544.137659047410     
   16.4240140443298       -544.142721378870     
   16.4246532066420       -544.147794530683     
   16.4252929211292       -544.152877804256     
   16.4259332193953       -544.157971453868     
   16.4265740710926       -544.163075241231     
   16.4272154974794       -544.168189338670     
   16.4278574949218       -544.173313720254     
   16.4285000130276       -544.178447986094     
   16.4291431220154       -544.183592699934     
   16.4297867456949       -544.188747254724     
   16.4304309409521       -544.193912108138     
   16.4310756775900       -544.199087020534     
   16.4317209544356       -544.204271984418     
   16.4323667208215       -544.209466594009     
   16.4330130843916       -544.214671717011     
   16.4336599369378       -544.219886484017     
   16.4343073192883       -544.225111225038     
   16.4349552047587       -544.230345725824     
   16.4356036244270       -544.235590238575     
   16.4362525339816       -544.240844405736     
   16.4369019367635       -544.246108254592     
   16.4375518752876       -544.251382130591     
   16.4382022886562       -544.256665540146     
   16.4388532263318       -544.261958885443     
   16.4395046073842       -544.267261508139     
   16.4401565315002       -544.272574219824     
   16.4408088697127       -544.277895969251     
   16.4414617520421       -544.283227816602     
   16.4421150500094       -544.288568712320     
   16.4427688513793       -544.293919372853     
   16.4434231065135       -544.299279391460     
   16.4440778445739       -544.304649006153     
   16.4447330231862       -544.310027868356     
   16.4453886715011       -544.315416216079     
   16.4460447556772       -544.320813769824     
   16.4467012933209       -544.326220672781     
   16.4473582579122       -544.331636704723     
   16.4480156937504       -544.337062229184     
   16.4486735330731       -544.342496685014     
   16.4493318396553       -544.347940596956     
   16.4499905451057       -544.353393397265     
   16.4506496965190       -544.358855473358     
   16.4513092694332       -544.364326620242     
   16.4519692352032       -544.369806597271     
   16.4526296358696       -544.375295750753     
   16.4532904205779       -544.380793654942     
   16.4539516336835       -544.386300675818     
   16.4546132490220       -544.391816592499     
   16.4552752425910       -544.397341201271     
   16.4559376619470       -544.402874895561     
   16.4566004505871       -544.408417200000     
   16.4572636355447       -544.413968336594     
   16.4579271928906       -544.419528101178     
   16.4585911460197       -544.425096685765     
   16.4592554553442       -544.430673754090     
   16.4599201639082       -544.436259663373     
   16.4605852231792       -544.441854001372     
   16.4612506483994       -544.447456891547     
   16.4619164366563       -544.453068304676     
   16.4625825971126       -544.458688313374     
   16.4632490983631       -544.464316647805     
   16.4639159369311       -544.469953273103     
   16.4645831778041       -544.475598733916     
   16.4652507002836       -544.481252003694     
   16.4659185851872       -544.486913760818     
   16.4665868040918       -544.492583759056     
   16.4672553780227       -544.498262171357     
   16.4679242686953       -544.503948666825     
   16.4685934843314       -544.509643309240     
   16.4692630315412       -544.515346148852     
   16.4699329033529       -544.521057120277     
   16.4706030591681       -544.526775870763     
   16.4712735702907       -544.532503002440     
   16.4719443522332       -544.538237787288     
   16.4726154715935       -544.543980787828     
   16.4732868798084       -544.549731582025     
   16.4739585948620       -544.555490316838     
   16.4746305936344       -544.561256787158     
   16.4753029016436       -544.567031204744     
   16.4759754962741       -544.572813368402     
   16.4766483740754       -544.578603241025     
   16.4773215361296       -544.584400824460     
   16.4779949623859       -544.590205938322     
   16.4786686908466       -544.596018902652     
   16.4793426675377       -544.601839244016     
   16.4800169152721       -544.607667151242     
   16.4806914873421       -544.613503077679     
   16.4813662452745       -544.619345817060     
   16.4820413127882       -544.625196432098     
   16.4827166095453       -544.631054218480     
   16.4833921951684       -544.636919685072     
   16.4840680042816       -544.642792255880     
   16.4847440650879       -544.648672167124     
   16.4854203894771       -544.654559513772     
   16.4860969610342       -544.660454144323     
   16.4867737311989       -544.666355626425     
   16.4874507707364       -544.672264568188     
   16.4881280482872       -544.678180687115     
   16.4888055729748       -544.684104054075     
   16.4894832600832       -544.690033918538     
   16.4901611990138       -544.695971053021     
   16.4908393725942       -544.701915298123     
   16.4915177595704       -544.707866458106     
   16.4921963778842       -544.713824680817     
   16.4928751905685       -544.719789631927     
   16.4935542233893       -544.725761527923     
   16.4942334552445       -544.731740173331     
   16.4949128566706       -544.737725298357     
   16.4955925495935       -544.743717967605     
   16.4962723607419       -544.749716643331     
   16.4969524090979       -544.755722364702     
   16.4976326354991       -544.761734599218     
   16.4983130528884       -544.767753450695     
   16.4989936793063       -544.773779068419     
   16.4996744540794       -544.779810904482     
   16.5003554190303       -544.785849318461     
   16.5010365857973       -544.791894403112     
   16.5017179053066       -544.797945712096     
   16.5023994274933       -544.804003678059     
   16.5030810890166       -544.810067726910     
   16.5037629482867       -544.816138367125     
   16.5044449679361       -544.822215255175     
   16.5051271331615       -544.828298247638     
   16.5058094812406       -544.834387665687     
   16.5064919813545       -544.840483223030     
   16.5071746413653       -544.846584978441     
   16.5078574342365       -544.852692678556     
   16.5085404379635       -544.858807009849     
   16.5092235117994       -544.864926700466     
   16.5099067767447       -544.871052822462     
   16.5105901802231       -544.877184892946     
   16.5112737345974       -544.883323011047     
   16.5119574362865       -544.889467132874     
   16.5126412353134       -544.895616796945     
   16.5133252247802       -544.901772828685     
   16.5140093170184       -544.907934427189     
   16.5146935354286       -544.914101790710     
   16.5153779123412       -544.920275198645     
   16.5160623705021       -544.926453941720     
   16.5167469906790       -544.932638736544     
   16.5174317206627       -544.938829099381     
   16.5181165631966       -544.945025042238     
   16.5188014946946       -544.951226338919     
   16.5194866190036       -544.957433917516     
   16.5201717970764       -544.963646505654     
   16.5208571083104       -544.969864810191     
   16.5215425173542       -544.976088497686     
   16.5222280309370       -544.982317616275     
   16.5229136841196       -544.988552471987     
   16.5235993892012       -544.994792254205     
   16.5242852413184       -545.001037815644     
   16.5249711847353       -545.007288636116     
   16.5256571852052       -545.013544389963     
   16.5263433262320       -545.019805825563     
   16.5270295506484       -545.026072408393     
   16.5277158849561       -545.032344367341     
   16.5284022673402       -545.038621124026     
   16.5290887571301       -545.044903207337     
   16.5297753475211       -545.051190542101     
   16.5304620167543       -545.057482915625     
   16.5311487499880       -545.063780178287     
   16.5318356024443       -545.070082823120     
   16.5325224877116       -545.076390043527     
   16.5332094755051       -545.082702465908     
   16.5338965465766       -545.089019900071     
   16.5345836514188       -545.095341876848     
   16.5352709005222       -545.101669399373     
   16.5359581620209       -545.108001239918     
   16.5366455342511       -545.114338290572     
   16.5373329589771       -545.120680000808     
   16.5380204486795       -545.127026471731     
   16.5387079755684       -545.133377432678     
   16.5393956229705       -545.139733639677     
   16.5400832912700       -545.146094158074     
   16.5407710458355       -545.152459578414     
   16.5414588343230       -545.158829402149     
   16.5421467252088       -545.165204249526     
   16.5428346188584       -545.171583183081     
   16.5435226053381       -545.177967023716     
   16.5442106417245       -545.184355359233     
   16.5448987221121       -545.190748120571     
   16.5455868662820       -545.197145477228     
   16.5462749941961       -545.203546670426     
   16.5469632704697       -545.209953217476     
   16.5476515829410       -545.216364060921     
   16.5483398776285       -545.222778682815     
   16.5490282538389       -545.229197994166     
   16.5497166814655       -545.235621700151     
   16.5504051516603       -545.242049703840     
   16.5510936290206       -545.248481659975     
   16.5517822227699       -545.254918574836     
   16.5524707800709       -545.261359005221     
   16.5531594503951       -545.267804334610     
   16.5538480969000       -545.274253267940     
   16.5545368158327       -545.280706691701     
   16.5552255502283       -545.287164057721     
   16.5559143419172       -545.293625743521     
   16.5566031430163       -545.300091285360     
   16.5572919998433       -545.306561103280     
   16.5579808732423       -545.313034814943     
   16.5586698113858       -545.319512858521     
   16.5593587394474       -545.325994515646     
   16.5600477503717       -545.332480646190     
   16.5607367340890       -545.338970199213     
   16.5614257514099       -545.345463732374     
   16.5621148900213       -545.351962058019     
   16.5628039420780       -545.358463201381     
   16.5634930743557       -545.364968720707     
   16.5641822222507       -545.371477991590     
   16.5648714235576       -545.377991356436     
   16.5655606052353       -545.384508109957     
   16.5662498527625       -545.391029045568     
   16.5669391068155       -545.397553587347     
   16.5676283923585       -545.404081956658     
   16.5683176542616       -545.410613616230     
   16.5690070151363       -545.417149713277     
   16.5696963813702       -545.423689345829     
   16.5703857588087       -545.430232554179     
   16.5710751414444       -545.436779266252     
   16.5717645852138       -545.443329998452     
   16.5724540106510       -545.449883980866     
   16.5731434775363       -545.456441766699     
   16.5738329603345       -545.463003098266     
   16.5745224353579       -545.469567734952     
   16.5752119782197       -545.476136381927     
   16.5759015354108       -545.482708514755     
   16.5765910756244       -545.489283819858     
   16.5772807065030       -545.495863308897     
   16.5779702955283       -545.502445702703     
   16.5786599271055       -545.509031791720     
   16.5793495549114       -545.515621118582     
   16.5800392469698       -545.522214318364     
   16.5807289759566       -545.528811115393     
   16.5814186577103       -545.535410689365     
   16.5821083983581       -545.542014040577     
   16.5827981361129       -545.548620562709     
   16.5834879117166       -545.555230630955     
   16.5841777148619       -545.561844131720     
   16.5848675509231       -545.568461101648     
   16.5855573684069       -545.575081031668     
   16.5862472141224       -545.581704355776     
   16.5869370943259       -545.588331119216     
   16.5876269978279       -545.594961199560     
   16.5883169049221       -545.601594392399     
   16.5890068574850       -545.608231085396     
   16.5896968308827       -545.614871026744     
   16.5903868459563       -545.621514402112     
   16.5910768357118       -545.628160551365     
   16.5917668680417       -545.634810113246     
   16.5924569324026       -545.641462971413     
   16.5931470276952       -545.648119100282     
   16.5938371350896       -545.654778303302     
   16.5945272606391       -545.661440623779     
   16.5952174619454       -545.668106603058     
   16.5959076137246       -545.674775016043     
   16.5965978780308       -545.681447413619     
   16.5972880959376       -545.688122244654     
   16.5979783770590       -545.694800554018     
   16.5986686976488       -545.701482097211     
   16.5993590292357       -545.708166583790     
   16.6000494126367       -545.714854393940     
   16.6007398081514       -545.721545128268     
   16.6014302020750       -545.728238638607     
   16.6021206803325       -545.734935743225     
   16.6028112623203       -545.741636616149     
   16.6035017368382       -545.748339192622     
   16.6041923192536       -545.755045547950     
   16.6048829324292       -545.761754918538     
   16.6055735754622       -545.768467280650     
   16.6062642737267       -545.775182866084     
   16.6069549939971       -545.781901336813     
   16.6076457728861       -545.788623034183     
   16.6083365607500       -545.795347460138     
   16.6090274654543       -545.802075650092     
   16.6097183236663       -545.808805998429     
   16.6104092762054       -545.815539862029     
   16.6111003198466       -545.822277195126     
   16.6117913070867       -545.829016544434     
   16.6124824241899       -545.835759711714     
   16.6131735399837       -545.842505402456     
   16.6138647686546       -545.849254716435     
   16.6145560090924       -545.856006651680     
   16.6152473059979       -545.862761629804     
   16.6159386507858       -545.869519552143     
   16.6166300939562       -545.876280897675     
   16.6173215240430       -545.883044561517     
   16.6180130884621       -545.889811970934     
   16.6187047163225       -545.896582417889     
   16.6193963387668       -545.903355213173     
   16.6200880778442       -545.910131537225     
   16.6207799128156       -545.916911172520     
   16.6214717464879       -545.923693151621     
   16.6221636419697       -545.930478078139     
   16.6228556663470       -545.937266595443     
   16.6235477415429       -545.944057923145     
   16.6242398834699       -545.950852202470     
   16.6249321153967       -545.957649647185     
   16.6256244360596       -545.964450230342     
   16.6263168133808       -545.971253622120     
   16.6270093051767       -545.978060375928     
   16.6277018292642       -545.984869669264     
   16.6283944693272       -545.991682310181     
   16.6290872117400       -545.998498150191     
   16.6297800451203       -546.005317062809     
   16.6304729640384       -546.012138979859     
   16.6311659841102       -546.018964040442     
   16.6318590942849       -546.025792121189     
   16.6325522660787       -546.032622926694     
   16.6332455994729       -546.039457427614     
   16.6339389995475       -546.046294673841     
   16.6346324857655       -546.053134842441     
   16.6353261414947       -546.059978741352     
   16.6360198518629       -546.066825222544     
   16.6367136609885       -546.073674706684     
   16.6374076344016       -546.080527826227     
   16.6381016994536       -546.087383849299     
   16.6387958908378       -546.094243103944     
   16.6394902118683       -546.101105608439     
   16.6401846448003       -546.107971172823     
   16.6408791986911       -546.114839872040     
   16.6415739048084       -546.121712000764     
   16.6422687040015       -546.128586959341     
   16.6429636536182       -546.135465300526     
   16.6436587546149       -546.142347019428     
   16.6443539701219       -546.149231736446     
   16.6450493962223       -546.156120388696     
   16.6457448762457       -546.163011409648     
   16.6464405663183       -546.169906331605     
   16.6471363742736       -546.176804226736     
   16.6478323351892       -546.183705428106     
   16.6485284425223       -546.190609856247     
   16.6492247768603       -546.197518296220     
   16.6499211933523       -546.204429296369     
   16.6506177779046       -546.211343694391     
   16.6513145899207       -546.218262065595     
   16.6520115179954       -546.225183289440     
   16.6527086737539       -546.232108459953     
   16.6534059513480       -546.239036511121     
   16.6541034242993       -546.245968158793     
   16.6548011038493       -546.252903500310     
   16.6554989573046       -546.259842196174     
   16.6561969859753       -546.266784244799     
   16.6568952103409       -546.273729835273     
   16.6575936394718       -546.280679043295     
   16.6582922700704       -546.287631821600     
   16.6589911067469       -546.294588201476     
   16.6596901360464       -546.301548034433     
   16.6603893795905       -546.308511521158     
   16.6610888533712       -546.315478806413     
   16.6617885495491       -546.322449797532     
   16.6624884137813       -546.329423938529     
   16.6631885404084       -546.336402154731     
   16.6638888784333       -546.343383923391     
   16.6645894495601       -546.350369446227     
   16.6652902550375       -546.357358721085     
   16.6659913337636       -546.364352121323     
   16.6666926277971       -546.371349054476     
   16.6673941383082       -546.378349517297     
   16.6680959132102       -546.385353973237     
   16.6687979882467       -546.392362764600     
   16.6695002905409       -546.399375149209     
   16.6702028131151       -546.406391042474     
   16.6709056900621       -546.413411769012     
   16.6716087637246       -546.420435739390     
   16.6723121313302       -546.427463909989     
   16.6730157874467       -546.434496211907     
   16.6737197092580       -546.441532402328     
   16.6744239256222       -546.448572754918     
   16.6751284344465       -546.455617233980     
   16.6758332544149       -546.462666011517     
   16.6765383279386       -546.469718496752     
   16.6772437229210       -546.476775353891     
   16.6779494293743       -546.483836468280     
   16.6786554638013       -546.490901990095     
   16.6793618091280       -546.497971733625     
   16.6800684688454       -546.505045718804     
   16.6807754722619       -546.512124224115     
   16.6814827754523       -546.519206794692     
   16.6821904470551       -546.526294102936     
   16.6828984106414       -546.533385368268     
   16.6836067871020       -546.540481786549     
   16.6843154280519       -546.547581856168     
   16.6850244335984       -546.554686564850     
   16.6857338313692       -546.561796174370     
   16.6864436473256       -546.568910929913     
   16.6871537367305       -546.576029365431     
   16.6878642875231       -546.583153349653     
   16.6885751648491       -546.590281515382     
   16.6892864029374       -546.597414190343     
   16.6899980247261       -546.604551589160     
   16.6907100614367       -546.611694009669     
   16.6914225366620       -546.618841673131     
   16.6921353825675       -546.625993883659     
   16.6928486616834       -546.633151253089     
   16.6935623030871       -546.640313054158     
   16.6942764431039       -546.647480639425     
   16.6949909393763       -546.654652564466     
   16.6957058735813       -546.661829633405     
   16.6964212544693       -546.669011918420     
   16.6971370888982       -546.676199472597     
   16.6978533591835       -546.683392102597     
   16.6985700722229       -546.690589861799     
   16.6992872595830       -546.697793051309     
   16.7000049182002       -546.705001624490     
   16.7007230330340       -546.712215414213     
   16.7014416446900       -546.719434812359     
   16.7021607316071       -546.726659586217     
   16.7028803092953       -546.733889875497     
   16.7036003142422       -546.741125025685     
   16.7043209283975       -546.748366848973     
   16.7050419861410       -546.755613664645     
   16.7057635591526       -546.762866176694     
   16.7064856784420       -546.770124680363     
   16.7072083005357       -546.777388722112     
   16.7079314272460       -546.784658303601     
   16.7086551221578       -546.791934047447     
   16.7093793608206       -546.799215691062     
   16.7101041565420       -546.806503351516     
   16.7108294824911       -546.813796742208     
   16.7115553764295       -546.821096225874     
   16.7122818224848       -546.828401625869     
   16.7130088995771       -546.835713718916     
   16.7137365323461       -546.843031729921     
   16.7144647452054       -546.850355887160     
   16.7151935834135       -546.857686628689     
   16.7159229793072       -546.865023256440     
   16.7166530310525       -546.872366740354     
   16.7173836740786       -546.879716413459     
   16.7181149704028       -546.887072881975     
   16.7188468841615       -546.894435767361     
   16.7195793666168       -546.901804561567     
   16.7203125727859       -546.909180806149     
   16.7210464159021       -546.916563610241     
   16.7217809358204       -546.923953356774     
   16.7225160944713       -546.931349644525     
   16.7232519111362       -546.938752649250     
   16.7239884696348       -546.946163195855     
   16.7247256883145       -546.953580444359     
   16.7254636043984       -546.961004750745     
   16.7262022030080       -546.968435946590     
   16.7269415737289       -546.975874914409     
   16.7276816025509       -546.983320488362     
   16.7284223710376       -546.990773469923     
   16.7291639065364       -546.998234115235     
   16.7299061388783       -547.005701699032     
   16.7306491612358       -547.013177139321     
   16.7313928940825       -547.020659616639     
   16.7321374772897       -547.028150518498     
   16.7328827779763       -547.035648488381     
   16.7336288959587       -547.043154510597     
   16.7343758214807       -547.050668467025     
   16.7351234661356       -547.058189448231     
   16.7358719867913       -547.065719011953     
   16.7366213394563       -547.073256695323     
   16.7373714456658       -547.080801688528     
   16.7381224429372       -547.088355354193     
   16.7388742633493       -547.095916988372     
   16.7396269484034       -547.103486987457     
   16.7403805256679       -547.111065607605     
   16.7411349773611       -547.118652648773     
   16.7418902261462       -547.126247311840     
   16.7426464240901       -547.133851104460     
   16.7434034882552       -547.141463170876     
   16.7441614751353       -547.149084057310     
   16.7449204166169       -547.156714062279     
   16.7456802646019       -547.164352679945     
   16.7464410318223       -547.172000015984     
   16.7472027398278       -547.179656264474     
   16.7479654069214       -547.187321586607     
   16.7487290502647       -547.194996132064     
   16.7494936465392       -547.202679643291     
   16.7502591982963       -547.210372122703     
   16.7510258383147       -547.218074881035     
   16.7517934099115       -547.225786320283     
   16.7525619647243       -547.233506935489     
   16.7533315981864       -547.241237661263     
   16.7541022535428       -547.248977903175     
   16.7548739323539       -547.256727652508     
   16.7556466870928       -547.264487411521     
   16.7564205126069       -547.272257103599     
   16.7571954243932       -547.280036859127     
   16.7579713284497       -547.287825709253     
   16.7587484502385       -547.295625891580     
   16.7595266358890       -547.303435835856     
   16.7603058852192       -547.311255514287     
   16.7610863610847       -547.319086534830     
   16.7618678732521       -547.326926962327     
   16.7626506029658       -547.334778588396     
   16.7634344970552       -547.342640852556     
   16.7642195004276       -547.350513175115     
   16.7650057615433       -547.358397017408     
   16.7657931589083       -547.366291133425     
   16.7665817837884       -547.374196410237     
   16.7673716492206       -547.382112950174     
   16.7681627059276       -547.390040230821     
   16.7689550296088       -547.397978981986     
   16.7697485738792       -547.405928709763     
   16.7705433809250       -547.413889807518     
   16.7713394684100       -547.421862422460     
   16.7721369138118       -547.429847300315     
   16.7729355715017       -547.437842952713     
   16.7737356113764       -547.445851049983     
   16.7745369362465       -547.453870588302     
   16.7753396134491       -547.461902210431     
   16.7761435670482       -547.469945125194     
   16.7769489960963       -547.478001291965     
   16.7777557157687       -547.486068829778     
   16.7785639024924       -547.494149470454     
   16.7793734265217       -547.502241883805     
   16.7801843961130       -547.510347118907     
   16.7809967658993       -547.518464688750     
   16.7818105511386       -547.526594711948     
   16.7826258117270       -547.534737752678     
   16.7834425819157       -547.542894118043     
   16.7842607894761       -547.551063051855     
   16.7850805086461       -547.559245259865     
   16.7859016964992       -547.567440277795     
   16.7867244465448       -547.575649002625     
   16.7875487435601       -547.583871245646     
   16.7883745349109       -547.592106444950     
   16.7892018998519       -547.600355353614     
   16.7900308455447       -547.608618005135     
   16.7908614024654       -547.616894664796     
   16.7916935370031       -547.625184958990     
   16.7925273111823       -547.633489466563     
   16.7933627629020       -547.641808525004     
   16.7941997693574       -547.650140871629     
   16.7950384725043       -547.658487879278     
   16.7958788638760       -547.666849422487     
   16.7967209885408       -547.675225907937     
   16.7975647528085       -547.683616361785     
   16.7984102440227       -547.692021610448     
   16.7992575016001       -547.700442002577     
   16.8001064986550       -547.708877227386     
   16.8009572548327       -547.717327436214     
   16.8018098482883       -547.725793360514     
   16.8026641425784       -547.734273600639     
   16.8035203767391       -547.742770483615     
   16.8043783373593       -547.751281845398     
   16.8052381988457       -547.759809369600     
   16.8060999099756       -547.768352500789     
   16.8069634682336       -547.776911166351     
   16.8078289756463       -547.785486328838     
   16.8086963860004       -547.794077481041     
   16.8095657183998       -547.802684762632     
   16.8104370306623       -547.811308695571     
   16.8113103333258       -547.819949332843     
   16.8121855245882       -547.828605615985     
   16.8130627188423       -547.837278624618     
   16.8139419547350       -547.845968687732     
   16.8148232392202       -547.854675820272     
   16.8157065492008       -547.863399739799     
   16.8165919509992       -547.872141046391     
   16.8174793885337       -547.880899130832     
   16.8183689991532       -547.889675292114     
   16.8192606539706       -547.898468201645     
   16.8201545018034       -547.907279269319     
   16.8210504752968       -547.916107772398     
   16.8219486691542       -547.924954584625     
   16.8228489949715       -547.933818775215     
   16.8237515374051       -547.942701117063     
   16.8246563900775       -547.951602469315     
   16.8255634630076       -547.960521884059     
   16.8264727921792       -547.969459651911     
   16.8273843832469       -547.978415764519     
   16.8282983055768       -547.987390838374     
   16.8292145199059       -547.996384422047     
   16.8301331178224       -548.005397347719     
   16.8310540000963       -548.014428574417     
   16.8319773716641       -548.023480043223     
   16.8329031550801       -548.032550924661     
   16.8338313395134       -548.041641042320     
   16.8347618875118       -548.050749958697     
   16.8356949935034       -548.059879504523     
   16.8366305116668       -548.069028179641     
   16.8375685828490       -548.078197287206     
   16.8385092250220       -548.087386926883     
   16.8394523464852       -548.096596126517     
   16.8403980950198       -548.105826251820     
   16.8413462854892       -548.115075418027     
   16.8422972487733       -548.124346773082     
   16.8432508510995       -548.133638930682     
   16.8442069805920       -548.142950719834     
   16.8451659082648       -548.152284697062     
   16.8461274391184       -548.161638879916     
   16.8470916591878       -548.171014021122     
   16.8480587195076       -548.180411502166     
   16.8490284742472       -548.189829817886     
   16.8500011041464       -548.199270634766     
   16.8509765469832       -548.208733257750     
   16.8519546540961       -548.218216154681     
   16.8529357398990       -548.227722281532     
   16.8539196282295       -548.237249836879     
   16.8549064602430       -548.246800092529     
   16.8558961932712       -548.256372538701     
   16.8568889250429       -548.265968022170     
   16.8578845261438       -548.275585193071     
   16.8588832418860       -548.285226319960     
   16.8598849163821       -548.294889794997     
   16.8608895740348       -548.304575750954     
   16.8618973720648       -548.314285598171     
   16.8629082044786       -548.324018208383     
   16.8639222068491       -548.333774778614     
   16.8649392251933       -548.343553718034     
   16.8659594834316       -548.353357068700     
   16.8669830144477       -548.363185031849     
   16.8680095971507       -548.373035370663     
   16.8690394842076       -548.382910394037     
   16.8700726637539       -548.392809869285     
   16.8711090916633       -548.402733253883     
   16.8721487866501       -548.412680606387     
   16.8731919106337       -548.422653352260     
   16.8742382576150       -548.432649397568     
   16.8752880555166       -548.442670793622     
   16.8763412561906       -548.452716951695     
   16.8773979279635       -548.462788392659     
   16.8784580393809       -548.472884684175     
   16.8795216550676       -548.483006307506     
   16.8805887424973       -548.493152817187     
   16.8816593196058       -548.503324246514     
   16.8827336258351       -548.513522728856     
   16.8838114280479       -548.523745907965     
   16.8848928291723       -548.533994617028     
   16.8859779178230       -548.544269549122     
   16.8870665908569       -548.554569579515     
   16.8881591121304       -548.564897052987     
   16.8892552102840       -548.575249251327     
   16.8903551379481       -548.585628406174     
   16.8914588417032       -548.596033854948     
   16.8925663765781       -548.606465956385     
   16.8936776996063       -548.616924143760     
   16.8947929287722       -548.627409362860     
   16.8959120286566       -548.637921113317     
   16.8970350736654       -548.648459924356     
   16.8981620125213       -548.659025143148     
   16.8992929588540       -548.669617660780     
   16.9004278742585       -548.680236940316     
   16.9015668395177       -548.690883558142     
   16.9027099592246       -548.701558308021     
   16.9038569938003       -548.712258768617     
   16.9050082453093       -548.722987571033     
   16.9061636332695       -548.733743773380     
   16.9073231288979       -548.744526915340     
   16.9084868884596       -548.755338253934     
   16.9096548623495       -548.766177128535     
   16.9108271545852       -548.777044301649     
   16.9120036417088       -548.787938424328     
   16.9131845107097       -548.798861020361     
   16.9143697117649       -548.809811416984     
   16.9155592668113       -548.820789603080     
   16.9167532219609       -548.831795787235     
   16.9179516465086       -548.842830387090     
   16.9191543253994       -548.853891201376     
   16.9203617792139       -548.864982789382     
   16.9215736192959       -548.876101347952     
   16.9227900250168       -548.887248291023     
   16.9240109735494       -548.898423172228     
   16.9252365610611       -548.909626631212     
   16.9264667172264       -548.920857781311     
   16.9277016377598       -548.932118160999     
   16.9289412190166       -548.943406572667     
   16.9301855247215       -548.954723341943     
   16.9314344573924       -548.966067325644     
   16.9326883803883       -548.977441560011     
   16.9339469701632       -548.988842842591     
   16.9352104642695       -549.000273056285     
   16.9364788360323       -549.011731684339     
   16.9377519358166       -549.023217099617     
   16.9390301965679       -549.034732924498     
   16.9403132102188       -549.046275195797     
   16.9416012820022       -549.057846371492     
   16.9428943769862       -549.069445841495     
   16.9441924771447       -549.081073145673     
   16.9454957146411       -549.092729164171     
   16.9468038849168       -549.104411761815     
   16.9481173095530       -549.116123499378     
   16.9494358655586       -549.127862961715     
   16.9507596222750       -549.139630445381     
   16.9520884916134       -549.151424843702     
   16.9534226714031       -549.163247582968     
   16.9547620514428       -549.175097351894     
   16.9561067016978       -549.186974431985     
   16.9574568109064       -549.198880143740     
   16.9588121638006       -549.210812239122     
   16.9601728239269       -549.222770927532     
   16.9615389038368       -549.234756840466     
   16.9629104886111       -549.246770358557     
   16.9642874405996       -549.258809907536     
   16.9656698652002       -549.270876037277     
   16.9670578564004       -549.282969187872     
   16.9684512875588       -549.295087872451     
   16.9698502902017       -549.307232847190     
   16.9712548975178       -549.319404004549     
   16.9726650352035       -549.331600301855     
   16.9740808202429       -549.343822346797     
   16.9755022756434       -549.356069926172     
   16.9769293418944       -549.368342112168     
   16.9783621199318       -549.380639352064     
   16.9798007042828       -549.392962027254     
   16.9812449059023       -549.405308086367     
   16.9826949079946       -549.417678659127     
   16.9841506772665       -549.430073016600     
   16.9856122512890       -549.442491028894     
   16.9870795619797       -549.454931664106     
   16.9885528123445       -549.467396181528     
   16.9900318820866       -549.479883094318     
   16.9915169760445       -549.492393655673     
   16.9930077502336       -549.504924490495     
   16.9945045798255       -549.517478269248     
   16.9960072929551       -549.530053056587     
   16.9975160805571       -549.542649950672     
   16.9990307109965       -549.555266514042     
   17.0005512627964       -549.567902896495     
   17.0020779171031       -549.580560086266     
   17.0036105270579       -549.593236342291     
   17.0051493207993       -549.605933020226     
   17.0066940078338       -549.618647188297     
   17.0082448781638       -549.631380693012     
   17.0098016465474       -549.644130646426     
   17.0113645720979       -549.656898619825     
   17.0129336577558       -549.669684072520     
   17.0145088068969       -549.682485649770     
   17.0160900412266       -549.695302957116     
   17.0176774338239       -549.708136007161     
   17.0192708983234       -549.720983516658     
   17.0208705832546       -549.733846089992     
   17.0224764523538       -549.746722832744     
   17.0240884832931       -549.759612958936     
   17.0257064719373       -549.772514230848     
   17.0273308637008       -549.785429580457     
   17.0289613875838       -549.798356221130     
   17.0305979784485       -549.811293009916     
   17.0322407780425       -549.824240431873     
   17.0338897398288       -549.837197475194     
   17.0355449667652       -549.850164295261     
   17.0372062826660       -549.863138854664     
   17.0388737880933       -549.876121277688     
   17.0405475590124       -549.889111481694     
   17.0422273736281       -549.902107070171     
   17.0439133702123       -549.915108434187     
   17.0456056495365       -549.928115656483     
   17.0473039318027       -549.941125892336     
   17.0490084349186       -549.954140112517     
   17.0507189212774       -549.967155798455     
   17.0524357159602       -549.980174709053     
   17.0541586639787       -549.993194940922     
   17.0558875174220       -550.006213901448     
   17.0576226450530       -550.019233636835     
   17.0593637267375       -550.032251005206     
   17.0611109452936       -550.045266632485     
   17.0628641701117       -550.058278795681     
   17.0646234170683       -550.071286860271     
   17.0663885780662       -550.084289271588     
   17.0681599389693       -550.097287365497     
   17.0699371523650       -550.110277818269     
   17.0717201610629       -550.123259447821     
   17.0735094211710       -550.136234786652     
   17.0753044629567       -550.149199633524     
   17.0771052498995       -550.162152944773     
   17.0789118997820       -550.175094777471     
   17.0807246500447       -550.188026019066     
   17.0825427820075       -550.200940744136     
   17.0843667993897       -550.213841734643     
   17.0861967048609       -550.226728183290     
   17.0880320373098       -550.239596030573     
   17.0898732754442       -550.252447812702     
   17.0917200995068       -550.265280463092     
   17.0935723266758       -550.278091893473     
   17.0954303218780       -550.290883794281     
   17.0972935767566       -550.303651831884     
   17.0991625487824       -550.316398302806     
   17.1010368492727       -550.329119707691     
   17.1029163422920       -550.341814293992     
   17.1048013320194       -550.354483271425     
   17.1066915062300       -550.367123690186     
   17.1085869703543       -550.379735407507     
   17.1104876113338       -550.392316816913     
   17.1123935338046       -550.404867750549     
   17.1143043514310       -550.417384811342     
   17.1162201221537       -550.429867536543     
   17.1181412304037       -550.442317558933     
   17.1200669164931       -550.454729096251     
   17.1219975806263       -550.467103881499     
   17.1239329434844       -550.479439265284     
   17.1258730410532       -550.491734624477     
   17.1278178140070       -550.503988725701     
   17.1297673744292       -550.516201408594     
   17.1317214248680       -550.528369947089     
   17.1336799608815       -550.540493461478     
   17.1356426878965       -550.552569287116     
   17.1376101057585       -550.564599640478     
   17.1395814864487       -550.576579218206     
   17.1415573165046       -550.588510133151     
   17.1435370426093       -550.600388198611     
   17.1455211352949       -550.612215391317     
   17.1475091271632       -550.623988072926     
   17.1495009420176       -550.635704966509     
   17.1514963646717       -550.647363992539     
   17.1534959831671       -550.658967745927     
   17.1554991257939       -550.670511487522     
   17.1575056559899       -550.681993632708     
   17.1595158258612       -550.693414814770     
   17.1615296157714       -550.704774093945     
   17.1635466358996       -550.716068463182     
   17.1655668616109       -550.727296997662     
   17.1675902726673       -550.738458796390     
   17.1696168112800       -550.749552752561     
   17.1716463609471       -550.760577447276     
   17.1736788333008       -550.771531628125     
   17.1757141696793       -550.782414212066     
   17.1777520923652       -550.793222964916     
   17.1797929103781       -550.803958770732     
   17.1818361144238       -550.814618204808     
   17.1838818681695       -550.825201394560     
   17.1859298187086       -550.835705796911     
   17.1879801385362       -550.846131588114     
   17.1900327776630       -550.856477794223     
   17.1920873326117       -550.866741688966     
   17.1941439900919       -550.876923524280     
   17.1962023235105       -550.887020521186     
   17.1982626723621       -550.897033681278     
   17.2003248305551       -550.906961327535     
   17.2023883044297       -550.916800453764     
   17.2044536142438       -550.926552907054     
   17.2065199421827       -550.936214210757     
   17.2085876623517       -550.945785528151     
   17.2106567477727       -550.955266122648     
   17.2127266620792       -550.964652962808     
   17.2147978490448       -550.973947492399     
   17.2168697920796       -550.983146828439     
   17.2189428037022       -550.992251806907     
   17.2210163075144       -551.001259362558     
   17.2230904529436       -551.010169640605     
   17.2251646773577       -551.018979749642     
   17.2272397645825       -551.027692527670     
   17.2293152294249       -551.036305423855     
   17.2313905511825       -551.044815837042     
   17.2334659902484       -551.053224413685     
   17.2355415001298       -551.061530528226     
   17.2376166286950       -551.069731971191     
   17.2396917999279       -551.077830020353     
   17.2417667425089       -551.085823207759     
   17.2438410490267       -551.093709606197     
   17.2459147369674       -551.101488954198     
   17.2479878902719       -551.109161231943     
   17.2500605246640       -551.116726155800     
   17.2521321185114       -551.124181519495     
   17.2542027544051       -551.131527352452     
   17.2562723756869       -551.138763185008     
   17.2583409090665       -551.145888503350     
   17.2604078303559       -551.152901291993     
   17.2624740262028       -551.159804322466     
   17.2645383530775       -551.166593559057     
   17.2666014750090       -551.173271009233     
   17.2686628253089       -551.179834656665     
   17.2707224758697       -551.186284588563     
   17.2727802922664       -551.192620249130     
   17.2748358120305       -551.198840128840     
   17.2768896343401       -551.204945946345     
   17.2789414895624       -551.210936781485     
   17.2809910096326       -551.216811493898     
   17.2830380335577       -551.222569601086     
   17.2850831437118       -551.228212688700     
   17.2871253659534       -551.233738050068     
   17.2891647029179       -551.239145754444     
   17.2912018632753       -551.244437688263     
   17.2932361825019       -551.249612131593     
   17.2952678111098       -551.254669517555     
   17.2972960901217       -551.259608300330     
   17.2993218779707       -551.264430651179     
   17.3013441070340       -551.269134129529     
   17.3033635552113       -551.273720671990     
   17.3053791230958       -551.278187938326     
   17.3073918414113       -551.282538378262     
   17.3094009282140       -551.286770449326     
   17.3114066038896       -551.290884812683     
   17.3134082816815       -551.294880494926     
   17.3154066664521       -551.298759126628     
   17.3174014435196       -551.302520291283     
   17.3193920951182       -551.306163278903     
   17.3213788738948       -551.309688843423     
   17.3233616379212       -551.313097018414     
   17.3253404216231       -551.316388160514     
   17.3273151153700       -551.319562394390     
   17.3292854687342       -551.322619657542     
   17.3312516376008       -551.325560543133     
   17.3332136743845       -551.328385466390     
   17.3351708328489       -551.331093751156     
   17.3371236671684       -551.333686581900     
   17.3390720050399       -551.336164118329     
   17.3410157154506       -551.338526611129     
   17.3429548278761       -551.340774525059     
   17.3448890876829       -551.342908015868     
   17.3468186173855       -551.344927683909     
   17.3487433248662       -551.346833898482     
   17.3506631215673       -551.348627055879     
   17.3525778444046       -551.350307512199     
   17.3544873593899       -551.351875686290     
   17.3563920978480       -551.353332446626     
   17.3582915349217       -551.354677917087     
   17.3601857888834       -551.355912743951     
   17.3620747273370       -551.357037407579     
   17.3639583911261       -551.358052509589     
   17.3658366390449       -551.358958562385     
   17.3677096432989       -551.359756237958     
   17.3695770963565       -551.360446008330     
   17.3714390192657       -551.361028511325     
   17.3732953940013       -551.361504373723     
   17.3751462907802       -551.361874244278     
   17.3769916300139       -551.362138741111     
   17.3788310124826       -551.362298484280     
   17.3806649618845       -551.362354188459     
