  0.000000000000000E+000   91.1671727915079     
   1.00000000000000        91.1671727915079     
   2.00000000000000        91.1671727915079     
   3.00000000000000        91.1671727915079     
   4.00000000000000        91.1672009026613     
   5.00000000000000        91.1671425815130     
   6.00000000000000        91.1671423062317     
   7.00000000000000        91.1671346448125     
   8.00000000000000        91.1671180091628     
   9.00000000000000        91.1669664668962     
   10.0000000000000        91.1665492930559     
   11.0000000000000        91.1656338895829     
   12.0000000000000        91.1634968107010     
   13.0000000000000        91.1593110514733     
   14.0000000000000        91.1509548485602     
   15.0000000000000        91.1345717496372     
   16.0000000000000        91.1027033920493     
   17.0000000000000        91.1739159668497     
   18.0000000000000        91.1571844586805     
   19.0000000000000        91.1740536698712     
   20.0000000000000        91.1264120329193     
   21.0000000000000        91.1742896044425     
   22.0000000000000        91.1743072810923     
   23.0000000000000        91.1744183008196     
   24.0000000000000        91.1745962405645     
   25.0000000000000        91.1746592771561     
   26.0000000000000        91.1747852012713     
   27.0000000000000        91.1748659565391     
   28.0000000000000        91.1748882146121     
   29.0000000000000        91.1750357903129     
   30.0000000000000        91.1750737368850     
   31.0000000000000        91.1750628709234     
   32.0000000000000        91.1751179581026     
   33.0000000000000        91.1750063520853     
   34.0000000000000        91.1749319556735     
   35.0000000000000        91.1748446061330     
   36.0000000000000        91.1746131175301     
   37.0000000000000        91.1743939012018     
   38.0000000000000        91.1741019790945     
   39.0000000000000        91.1737885114400     
   40.0000000000000        91.1734588341376     
   41.0000000000000        91.1729093391594     
   42.0000000000000        91.1723091309444     
   43.0000000000000        91.1717281518700     
   44.0000000000000        91.1709486530768     
   45.0000000000000        91.1701618551213     
   46.0000000000000        91.1692670941849     
   47.0000000000000        91.1682988112353     
   48.0000000000000        91.1671718586157     
   49.0000000000000        91.1660584164780     
   50.0000000000000        91.1647297761700     
   51.0000000000000        91.1634169528928     
   52.0000000000000        91.1619718000815     
   53.0000000000000        91.1602784106168     
   54.0000000000000        91.1586340804186     
   55.0000000000000        91.1567711598067     
   56.0000000000000        91.1547218675767     
   57.0000000000000        91.1527503381440     
   58.0000000000000        91.1505295771290     
   59.0000000000000        91.1482120868401     
   60.0000000000000        91.1458834441218     
   61.0000000000000        91.1433716018493     
   62.0000000000000        91.1406069892230     
   63.0000000000000        91.1379260227691     
   64.0000000000000        91.1349088282394     
   65.0000000000000        91.1319156609265     
   66.0000000000000        91.1287930238991     
   67.0000000000000        91.1255168600104     
   68.0000000000000        91.1221376290501     
   69.0000000000000        91.1185771959278     
   70.0000000000000        91.1150026679740     
   71.0000000000000        91.1112171983719     
   72.0000000000000        91.1072443273709     
   73.0000000000000        91.1033802615416     
   74.0000000000000        91.0991862262171     
   75.0000000000000        91.0950397341550     
   76.0000000000000        91.0905615213063     
   77.0000000000000        91.0861614009934     
   78.0000000000000        91.0816336592278     
   79.0000000000000        91.0769516733266     
   80.0000000000000        91.0720839636501     
   81.0000000000000        91.0671472699004     
   82.0000000000000        91.0621713713938     
   83.0000000000000        91.0569790556023     
   84.0000000000000        91.0517499765932     
   85.0000000000000        91.0464213474520     
   86.0000000000000        91.0409930715492     
   87.0000000000000        91.1287947732567     
   88.0000000000000        91.1261278925246     
   89.0000000000000        91.1234270841295     
   90.0000000000000        91.1207183880421     
   91.0000000000000        91.1178291420883     
   92.0000000000000        91.1150494438181     
   93.0000000000000        91.1119049622376     
   94.0000000000000        91.1089605649627     
   95.0000000000000        91.1058545392661     
   96.0000000000000        91.1027393230116     
   97.0000000000000        91.0995491417836     
   98.0000000000000        91.0961691345006     
   99.0000000000000        91.0929219844937     
   100.000000000000        91.0895095199657     
   101.000000000000        91.0860494813696     
   102.000000000000        91.0825103834562     
   103.000000000000        91.0789880840945     
   104.000000000000        91.0753474965687     
   105.000000000000        91.0717514715355     
   106.000000000000        91.0678343244725     
   107.000000000000        91.0641616678154     
   108.000000000000        91.0602867049548     
   109.000000000000        91.0563586788619     
   110.000000000000        91.0524033634886     
   111.000000000000        91.0484783907485     
   112.000000000000        91.0442629593833     
   113.000000000000        91.0402268410024     
   114.000000000000        91.0360095268216     
   115.000000000000        91.0318569956959     
   116.000000000000        91.0275484606739     
   117.000000000000        91.0232147642264     
   118.000000000000        91.0187863050064     
   119.000000000000        91.0143557474671     
   120.000000000000        91.0098590193974     
   121.000000000000        91.0054515612482     
   122.000000000000        91.0007965011176     
   123.000000000000        90.9961364921579     
   124.000000000000        90.9915587385210     
   125.000000000000        90.9866795303053     
   126.000000000000        90.9819409059548     
   127.000000000000        90.9771909216649     
   128.000000000000        90.9723421693927     
   129.000000000000        90.9674549078719     
   130.000000000000        90.9625351446163     
   131.000000000000        90.9575935526539     
   132.000000000000        90.9524406632474     
   133.000000000000        90.9475085305683     
   134.000000000000        90.9423888652024     
   135.000000000000        90.9371998393881     
   136.000000000000        90.9319606352265     
   137.000000000000        90.9268011362801     
   138.000000000000        90.9214511591216     
   139.000000000000        90.9162307001128     
   140.000000000000        90.9108223846172     
   141.000000000000        90.9054861427447     
   142.000000000000        90.9000422399671     
   143.000000000000        90.8946161013295     
   144.000000000000        90.8890218780735     
   145.000000000000        90.8834704617138     
   146.000000000000        90.8778966266067     
   147.000000000000        90.8722253021210     
   148.000000000000        90.8666804380506     
   149.000000000000        90.8609354346133     
   150.000000000000        90.8553256931376     
   151.000000000000        90.8494865333740     
   152.000000000000        90.8435736343989     
   153.000000000000        90.8378388791710     
   154.000000000000        90.8319118003962     
   155.000000000000        90.8260546479923     
   156.000000000000        90.8201450414484     
   157.000000000000        90.8141564275133     
   158.000000000000        90.8082074025485     
   159.000000000000        90.8021481316972     
   160.000000000000        90.7960924370130     
   161.000000000000        90.7900519391220     
   162.000000000000        90.7839545859810     
   163.000000000000        90.7777183504548     
   164.000000000000        90.7716339054657     
   165.000000000000        90.7653837955330     
   166.000000000000        90.7591608760365     
   167.000000000000        90.7529562786862     
   168.000000000000        90.7466308642266     
   169.000000000000        90.7404055100964     
   170.000000000000        90.7339766019750     
   171.000000000000        90.7276410686091     
   172.000000000000        90.7212267050676     
   173.000000000000        90.7147223315995     
   174.000000000000        90.7083461536660     
   175.000000000000        90.7017667146445     
   176.000000000000        90.6953089630392     
   177.000000000000        90.6887103678571     
   178.000000000000        90.6822019485319     
   179.000000000000        90.6756711495671     
   180.000000000000        90.6690868370287     
   181.000000000000        90.6624726870314     
   182.000000000000        90.6558323851096     
   183.000000000000        90.6491121975475     
   184.000000000000        90.6423010721905     
   185.000000000000        90.6356751198936     
   186.000000000000        90.6289049272768     
   187.000000000000        90.6220433162630     
   188.000000000000        90.6152232199261     
   189.000000000000        90.6084550607651     
   190.000000000000        90.6016404907096     
   191.000000000000        90.5948221073580     
   192.000000000000        90.5878941026876     
   193.000000000000        90.5809932839708     
   194.000000000000        90.5739740420028     
   195.000000000000        90.5670535430682     
   196.000000000000        90.5600451130853     
   197.000000000000        90.5531198536326     
   198.000000000000        90.5461474810581     
   199.000000000000        90.5389950963465     
   200.000000000000        90.5318401322500     
   201.000000000000        90.5248117846994     
   202.000000000000        90.5177266458821     
   203.000000000000        90.5107281407219     
   204.000000000000        90.5035250140425     
   205.000000000000        90.4963201658144     
   206.000000000000        90.4891544224915     
   207.000000000000        90.4819504498802     
   208.000000000000        90.4747592141140     
   209.000000000000        90.4675317718503     
   210.000000000000        90.4603333961415     
   211.000000000000        90.4530522700648     
   212.000000000000        90.4458058614955     
   213.000000000000        90.4384580544459     
   214.000000000000        90.4310932917959     
   215.000000000000        90.4238736805426     
   216.000000000000        90.4164486395169     
   217.000000000000        90.4090468809750     
   218.000000000000        90.4016861249610     
   219.000000000000        90.3942306549993     
   220.000000000000        90.3868387291452     
   221.000000000000        90.3794441537377     
   222.000000000000        90.3719578126831     
   223.000000000000        90.3644517871513     
   224.000000000000        90.3567877766349     
   225.000000000000        90.3493377113665     
   226.000000000000        90.3419199314380     
   227.000000000000        90.3343169128401     
   228.000000000000        90.3267461347681     
   229.000000000000        90.3192409858403     
   230.000000000000        90.3115784108250     
   231.000000000000        90.3040414725428     
   232.000000000000        90.2964411195153     
   233.000000000000        90.2887577335033     
   234.000000000000        90.2811281536168     
   235.000000000000        90.2734926022834     
   236.000000000000        90.2658147283726     
   237.000000000000        90.2581826919656     
   238.000000000000        90.2503781717690     
   239.000000000000        90.2427436492519     
   240.000000000000        90.2349053676753     
   241.000000000000        90.2272495505424     
   242.000000000000        90.2194134342411     
   243.000000000000        90.2117207209474     
   244.000000000000        90.2038542671324     
   245.000000000000        90.1961614561569     
   246.000000000000        90.1882932403405     
   247.000000000000        90.1805442681242     
   248.000000000000        90.1726148836347     
   249.000000000000        90.1647720902529     
   250.000000000000        90.1568741175090     
   251.000000000000        90.1490854772983     
   252.000000000000        90.1411258890658     
   253.000000000000        90.1331981558643     
   254.000000000000        90.1252589893608     
   255.000000000000        90.1173299544232     
   256.000000000000        90.1093921777514     
   257.000000000000        90.1014256901122     
   258.000000000000        90.0934965420033     
   259.000000000000        90.0854625395565     
   260.000000000000        90.0774717833931     
   261.000000000000        90.0695927565130     
   262.000000000000        90.0614411802636     
   263.000000000000        90.0534796878925     
   264.000000000000        90.0453779746839     
   265.000000000000        90.0373581871876     
   266.000000000000        90.0293175005296     
   267.000000000000        90.0212917629707     
   268.000000000000        90.0131076368243     
   269.000000000000        90.0050753507693     
   270.000000000000        89.9969790410211     
   271.000000000000        89.9886987375085     
   272.000000000000        89.9805777803567     
   273.000000000000        89.9725680150926     
   274.000000000000        89.9644409310393     
   275.000000000000        89.9563982084419     
   276.000000000000        89.9480621940290     
   277.000000000000        89.9398397262062     
   278.000000000000        89.9317334198046     
   279.000000000000        89.9236042146632     
   280.000000000000        89.9152847900297     
   281.000000000000        89.9070347280403     
   282.000000000000        89.8987766682064     
   283.000000000000        89.8906112638163     
   284.000000000000        89.8822520309977     
   285.000000000000        89.8741201460671     
   286.000000000000        89.8657976594833     
   287.000000000000        89.8576608003375     
   288.000000000000        89.8492409926783     
   289.000000000000        89.8408859107096     
   290.000000000000        89.8325307323367     
   291.000000000000        89.8242700611273     
   292.000000000000        89.8159662369528     
   293.000000000000        89.8076079017287     
   294.000000000000        89.7992753604555     
   295.000000000000        89.7909176424024     
   296.000000000000        89.7825508230650     
   297.000000000000        89.7741614058465     
   298.000000000000        89.7657970544181     
   299.000000000000        89.7573344447219     
   300.000000000000        89.7489044836721     
   301.000000000000        89.7406022492457     
   302.000000000000        89.7321084239880     
   303.000000000000        89.7237094350914     
   304.000000000000        89.7151835155716     
   305.000000000000        89.7067486924527     
   306.000000000000        89.6983477233885     
   307.000000000000        89.6898153219205     
   308.000000000000        89.6814352549453     
   309.000000000000        89.6729417491513     
   310.000000000000        89.6644671869165     
   311.000000000000        89.6559950824510     
   312.000000000000        89.6474016992539     
   313.000000000000        89.6388373678341     
   314.000000000000        89.6304176224695     
   315.000000000000        89.6219060094322     
   316.000000000000        89.6133795470554     
   317.000000000000        89.6047990615032     
   318.000000000000        89.5961396495816     
   319.000000000000        89.5876565893114     
   320.000000000000        89.5790182124197     
   321.000000000000        89.5704099284141     
   322.000000000000        89.5618681426203     
   323.000000000000        89.5532535584952     
   324.000000000000        89.5447027552787     
   325.000000000000        89.5359754814718     
   326.000000000000        89.5274202987895     
   327.000000000000        89.5188621664570     
   328.000000000000        89.5101862287226     
   329.000000000000        89.5015055517590     
   330.000000000000        89.4930091011634     
   331.000000000000        89.4841515812128     
   332.000000000000        89.4756416651732     
   333.000000000000        89.4669022839171     
   334.000000000000        89.4582757689546     
   335.000000000000        89.4495285494517     
   336.000000000000        89.4407725559651     
   337.000000000000        89.4321594540367     
   338.000000000000        89.4233905324538     
   339.000000000000        89.4145856563580     
   340.000000000000        89.4060075564808     
   341.000000000000        89.3973099685722     
   342.000000000000        89.3883698610840     
   343.000000000000        89.3797433311348     
   344.000000000000        89.3709660912149     
   345.000000000000        89.3621010678354     
   346.000000000000        89.3533157690275     
   347.000000000000        89.3446793677781     
   348.000000000000        89.3358591247125     
   349.000000000000        89.3270851518684     
   350.000000000000        89.3181953512792     
   351.000000000000        89.3094213593541     
   352.000000000000        89.3006457091485     
   353.000000000000        89.2918748377256     
   354.000000000000        89.2830419672697     
   355.000000000000        89.2742603564893     
   356.000000000000        89.2652993796094     
   357.000000000000        89.2566333528638     
   358.000000000000        89.2477406608811     
   359.000000000000        89.2387654535293     
   360.000000000000        89.2299910959412     
   361.000000000000        89.2211975420515     
   362.000000000000        89.2122220191378     
   363.000000000000        89.2033799529878     
   364.000000000000        89.1944092618438     
   365.000000000000        89.1856068471331     
   366.000000000000        89.1765710604849     
   367.000000000000        89.1678413561156     
   368.000000000000        89.1588535308623     
   369.000000000000        89.1498197687302     
   370.000000000000        89.1410669238669     
   371.000000000000        89.1320269147393     
   372.000000000000        89.1231710110391     
   373.000000000000        89.1142940134061     
   374.000000000000        89.1053111445632     
   375.000000000000        89.0960177981035     
   376.000000000000        89.0872664013634     
   377.000000000000        89.0783292877039     
   378.000000000000        89.0694030073681     
   379.000000000000        89.0603369091983     
   380.000000000000        89.0515179472076     
   381.000000000000        89.0424070121392     
   382.000000000000        89.0332210784765     
   383.000000000000        89.0243921057637     
   384.000000000000        89.0153935108098     
   385.000000000000        89.0062664083389     
   386.000000000000        88.9973090457132     
   387.000000000000        88.9882375340676     
   388.000000000000        88.9792321260742     
   389.000000000000        88.9702315263173     
   390.000000000000        88.9611246128112     
   391.000000000000        88.9520264098790     
   392.000000000000        88.9429835211085     
   393.000000000000        88.9340834763511     
   394.000000000000        88.9249571706284     
   395.000000000000        88.9159819647397     
   396.000000000000        88.9067737409296     
   397.000000000000        88.8977570881609     
   398.000000000000        88.8885482033727     
   399.000000000000        88.8794460600464     
   400.000000000000        88.8704885668419     
   401.000000000000        88.8611934766027     
   402.000000000000        88.8521241201299     
   403.000000000000        88.8430723190300     
   404.000000000000        88.8339161985912     
   405.000000000000        88.8248804353981     
   406.000000000000        88.8156529980584     
   407.000000000000        88.8064895731674     
   408.000000000000        88.7973977614884     
   409.000000000000        88.7882683410708     
   410.000000000000        88.7790051492034     
   411.000000000000        88.7698157298387     
   412.000000000000        88.7608888931227     
   413.000000000000        88.7515320307024     
   414.000000000000        88.7423034992761     
   415.000000000000        88.7331700009108     
   416.000000000000        88.7239487415113     
   417.000000000000        88.7147024060933     
   418.000000000000        88.7054657563449     
   419.000000000000        88.6963943213128     
   420.000000000000        88.6871543231081     
   421.000000000000        88.6779048416016     
   422.000000000000        88.6687792452751     
   423.000000000000        88.6595783051809     
   424.000000000000        88.6502833999822     
   425.000000000000        88.6409489723684     
   426.000000000000        88.6318819770509     
   427.000000000000        88.6225724159155     
   428.000000000000        88.6131359418522     
   429.000000000000        88.6039121493708     
   430.000000000000        88.5948033010286     
   431.000000000000        88.5855101514254     
   432.000000000000        88.5762594322974     
   433.000000000000        88.5668543308125     
   434.000000000000        88.5576682115387     
   435.000000000000        88.5483145972901     
   436.000000000000        88.5391236362947     
   437.000000000000        88.5298555682978     
   438.000000000000        88.5205512458231     
   439.000000000000        88.5111068131620     
   440.000000000000        88.5016977675616     
   441.000000000000        88.4925538479927     
   442.000000000000        88.4830905721478     
   443.000000000000        88.4737835491645     
   444.000000000000        88.4644627361421     
   445.000000000000        88.4551453691304     
   446.000000000000        88.4458207738284     
   447.000000000000        88.4365278370455     
   448.000000000000        88.4271036175068     
   449.000000000000        88.4177611135932     
   450.000000000000        88.4082629936844     
   451.000000000000        88.3991128173083     
   452.000000000000        88.3898031146043     
   453.000000000000        88.3802475003687     
   454.000000000000        88.3707896485746     
   455.000000000000        88.3614566172760     
   456.000000000000        88.3521105811793     
   457.000000000000        88.3427396290045     
   458.000000000000        88.3333596433238     
   459.000000000000        88.3238209656592     
   460.000000000000        88.3145594676367     
   461.000000000000        88.3051344060353     
   462.000000000000        88.2954995114584     
   463.000000000000        88.2861903338475     
   464.000000000000        88.2768188127521     
   465.000000000000        88.2674229256355     
   466.000000000000        88.2580473299346     
   467.000000000000        88.2484174056792     
   468.000000000000        88.2389728653494     
   469.000000000000        88.2297070761654     
   470.000000000000        88.2200059194396     
   471.000000000000        88.2105666657560     
   472.000000000000        88.2012953893766     
   473.000000000000        88.1916426164753     
   474.000000000000        88.1821829835047     
   475.000000000000        88.1726900936640     
   476.000000000000        88.1632730049385     
   477.000000000000        88.1537514568545     
   478.000000000000        88.1443458198789     
   479.000000000000        88.1347645158444     
   480.000000000000        88.1252309074007     
   481.000000000000        88.1157668415724     
   482.000000000000        88.1061703980621     
   483.000000000000        88.0967623949388     
   484.000000000000        88.0872344629828     
   485.000000000000        88.0776991267862     
   486.000000000000        88.0680772120119     
   487.000000000000        88.0586833484835     
   488.000000000000        88.0490100817700     
   489.000000000000        88.0396580004893     
   490.000000000000        88.0300282952681     
   491.000000000000        88.0205029383645     
   492.000000000000        88.0110818943535     
   493.000000000000        88.0013940978748     
   494.000000000000        87.9916614680789     
   495.000000000000        87.9822455194982     
   496.000000000000        87.9727388522275     
   497.000000000000        87.9629438772898     
   498.000000000000        87.9535190848821     
   499.000000000000        87.9438710526323     
   500.000000000000        87.9343309127370     
   501.000000000000        87.9246947939077     
   502.000000000000        87.9152580217398     
   503.000000000000        87.9054512002767     
   504.000000000000        87.8958198756786     
   505.000000000000        87.8863668804731     
   506.000000000000        87.8767969871643     
   507.000000000000        87.8667818634936     
   508.000000000000        87.8575383300588     
   509.000000000000        87.8477780622188     
   510.000000000000        87.8381920180681     
   511.000000000000        87.8284224522770     
   512.000000000000        87.8188621217646     
   513.000000000000        87.8091777353337     
   514.000000000000        87.7995811797024     
   515.000000000000        87.7898583830152     
   516.000000000000        87.7801848140825     
   517.000000000000        87.7706271577368     
   518.000000000000        87.7609030137470     
   519.000000000000        87.7511164299481     
   520.000000000000        87.7414296001648     
   521.000000000000        87.7319273387332     
   522.000000000000        87.7222023629341     
   523.000000000000        87.7126260741094     
   524.000000000000        87.7028998491193     
   525.000000000000        87.6932965833224     
   526.000000000000        87.6833177345008     
   527.000000000000        87.6737761498002     
   528.000000000000        87.6639166657696     
   529.000000000000        87.6543837324321     
   530.000000000000        87.6445593420973     
   531.000000000000        87.6348023443703     
   532.000000000000        87.6249873113452     
   533.000000000000        87.6153518965042     
   534.000000000000        87.6056183792810     
   535.000000000000        87.5959143257421     
   536.000000000000        87.5860139082886     
   537.000000000000        87.5763972865473     
   538.000000000000        87.5664816064472     
   539.000000000000        87.5568952783445     
   540.000000000000        87.5471020653939     
   541.000000000000        87.5374656666344     
   542.000000000000        87.5277838003499     
   543.000000000000        87.5178190694021     
   544.000000000000        87.5080968910845     
   545.000000000000        87.4984570267139     
   546.000000000000        87.4885075693475     
   547.000000000000        87.4787309421931     
   548.000000000000        87.4687319571012     
   549.000000000000        87.4591221698279     
   550.000000000000        87.4491902420951     
   551.000000000000        87.4396246772764     
   552.000000000000        87.4297646834303     
   553.000000000000        87.4199231904749     
   554.000000000000        87.4099740557921     
   555.000000000000        87.4003236423772     
   556.000000000000        87.3903001069156     
   557.000000000000        87.3807526434787     
   558.000000000000        87.3706971567000     
   559.000000000000        87.3607367038917     
   560.000000000000        87.3510455552015     
   561.000000000000        87.3412305135416     
   562.000000000000        87.3314302506668     
   563.000000000000        87.3214412813590     
   564.000000000000        87.3115672817217     
   565.000000000000        87.3018312097191     
   566.000000000000        87.2919828027327     
   567.000000000000        87.2820901841188     
   568.000000000000        87.2723144493262     
   569.000000000000        87.2622549675376     
   570.000000000000        87.2523427740399     
   571.000000000000        87.2424569555039     
   572.000000000000        87.2326508129785     
   573.000000000000        87.2228530449266     
   574.000000000000        87.2128415019714     
   575.000000000000        87.2029219661938     
   576.000000000000        87.1929367588695     
   577.000000000000        87.1832145844955     
   578.000000000000        87.1732662026652     
   579.000000000000        87.1634445894348     
   580.000000000000        87.1533018828675     
   581.000000000000        87.1435008616909     
   582.000000000000        87.1337137840001     
   583.000000000000        87.1237506193287     
   584.000000000000        87.1137098841653     
   585.000000000000        87.1037284384171     
   586.000000000000        87.0937812508302     
   587.000000000000        87.0838062453081     
   588.000000000000        87.0740738261780     
   589.000000000000        87.0639624911754     
   590.000000000000        87.0540501780288     
   591.000000000000        87.0441120823116     
   592.000000000000        87.0340295856229     
   593.000000000000        87.0240549533787     
   594.000000000000        87.0140514218566     
   595.000000000000        87.0042229884293     
   596.000000000000        86.9940860233586     
   597.000000000000        86.9841171828247     
   598.000000000000        86.9740683966568     
   599.000000000000        86.9641789818449     
   600.000000000000        86.9540886288974     
   601.000000000000        86.9443456880841     
   602.000000000000        86.9342110567140     
   603.000000000000        86.9240756795172     
   604.000000000000        86.9141361095357     
   605.000000000000        86.9042578359957     
   606.000000000000        86.8942215150101     
   607.000000000000        86.8840678883404     
   608.000000000000        86.8739954988153     
   609.000000000000        86.8640191682064     
   610.000000000000        86.8541057181324     
   611.000000000000        86.8439470353407     
   612.000000000000        86.8338865818691     
   613.000000000000        86.8238754109801     
   614.000000000000        86.8138549704122     
   615.000000000000        86.8036105351934     
   616.000000000000        86.7936142203162     
   617.000000000000        86.7836567480027     
   618.000000000000        86.7734569516470     
   619.000000000000        86.7634288083493     
   620.000000000000        86.7532557936284     
   621.000000000000        86.7432291784706     
   622.000000000000        86.7333311184924     
   623.000000000000        86.7229522018143     
   624.000000000000        86.7129597998779     
   625.000000000000        86.7031021423063     
   626.000000000000        86.6928695118059     
   627.000000000000        86.6827067051271     
   628.000000000000        86.6725066027484     
   629.000000000000        86.6623487984270     
   630.000000000000        86.6523611740065     
   631.000000000000        86.6425088926852     
   632.000000000000        86.6322692815061     
   633.000000000000        86.6219678711668     
   634.000000000000        86.6119717679945     
   635.000000000000        86.6016823348573     
   636.000000000000        86.5918010043283     
   637.000000000000        86.5817157062092     
   638.000000000000        86.5714423222897     
   639.000000000000        86.5612504293998     
   640.000000000000        86.5509734019017     
   641.000000000000        86.5410617848692     
   642.000000000000        86.5307611612099     
   643.000000000000        86.5205137205909     
   644.000000000000        86.5106959445120     
   645.000000000000        86.5004347266734     
   646.000000000000        86.4900656758363     
   647.000000000000        86.4798952160865     
   648.000000000000        86.4698251503553     
   649.000000000000        86.4596979433215     
   650.000000000000        86.4492591232650     
   651.000000000000        86.4391726594936     
   652.000000000000        86.4289520000631     
   653.000000000000        86.4187714210126     
   654.000000000000        86.4085645738629     
   655.000000000000        86.3984173386855     
   656.000000000000        86.3881907122403     
   657.000000000000        86.3779039561704     
   658.000000000000        86.3677864270936     
   659.000000000000        86.3575813250662     
   660.000000000000        86.3474076490585     
   661.000000000000        86.3372091294392     
   662.000000000000        86.3267072863091     
   663.000000000000        86.3165100956489     
   664.000000000000        86.3064598944730     
   665.000000000000        86.2959555757848     
   666.000000000000        86.2858471214436     
   667.000000000000        86.2756510187871     
   668.000000000000        86.2651185234388     
   669.000000000000        86.2550877339601     
   670.000000000000        86.2446393645673     
   671.000000000000        86.2346634094555     
   672.000000000000        86.2239926392529     
   673.000000000000        86.2140413953278     
   674.000000000000        86.2036911800105     
   675.000000000000        86.1934898732893     
   676.000000000000        86.1831306349553     
   677.000000000000        86.1728621193263     
   678.000000000000        86.1623953102787     
   679.000000000000        86.1523833356961     
   680.000000000000        86.1418104457583     
   681.000000000000        86.1315529495701     
   682.000000000000        86.1210965403667     
   683.000000000000        86.1110535002077     
   684.000000000000        86.1008233970021     
   685.000000000000        86.0904686172425     
   686.000000000000        86.0801429848716     
   687.000000000000        86.0697438866704     
   688.000000000000        86.0593660042253     
   689.000000000000        86.0490876560841     
   690.000000000000        86.0385996262584     
   691.000000000000        86.0283645347668     
   692.000000000000        86.0179136880464     
   693.000000000000        86.0076823259432     
   694.000000000000        85.9972850094031     
   695.000000000000        85.9868760050049     
   696.000000000000        85.9767495755137     
   697.000000000000        85.9663752356422     
   698.000000000000        85.9560295874432     
   699.000000000000        85.9454767677136     
   700.000000000000        85.9351320241169     
   701.000000000000        85.9249434483755     
   702.000000000000        85.9144132645243     
   703.000000000000        85.9042662811342     
   704.000000000000        85.8935107223971     
   705.000000000000        85.8831990871524     
   706.000000000000        85.8727777214255     
   707.000000000000        85.8624466310400     
   708.000000000000        85.8523341628607     
   709.000000000000        85.8417088233624     
   710.000000000000        85.8310595319512     
   711.000000000000        85.8208904663627     
   712.000000000000        85.8105082499879     
   713.000000000000        85.8000957389781     
   714.000000000000        85.7893906573851     
   715.000000000000        85.7791768470023     
   716.000000000000        85.7688366921975     
   717.000000000000        85.7583109081365     
   718.000000000000        85.7477916679856     
   719.000000000000        85.7373508608465     
   720.000000000000        85.7267468893042     
   721.000000000000        85.7163980740413     
   722.000000000000        85.7058707961326     
   723.000000000000        85.6955040799727     
   724.000000000000        85.6851443539135     
   725.000000000000        85.6743735260510     
   726.000000000000        85.6644251552204     
   727.000000000000        85.6533743220210     
   728.000000000000        85.6431591330332     
   729.000000000000        85.6327218595959     
   730.000000000000        85.6222918932753     
   731.000000000000        85.6115816818306     
   732.000000000000        85.6013183232185     
   733.000000000000        85.5905688951698     
   734.000000000000        85.5803365254585     
   735.000000000000        85.5697578082898     
   736.000000000000        85.5592342741805     
   737.000000000000        85.5488242321526     
   738.000000000000        85.5381357682602     
   739.000000000000        85.5276718391895     
   740.000000000000        85.5169749285286     
   741.000000000000        85.5067210627361     
   742.000000000000        85.4960995123637     
   743.000000000000        85.4851932647824     
   744.000000000000        85.4752032397074     
   745.000000000000        85.4645300321060     
   746.000000000000        85.4538194307817     
   747.000000000000        85.4432680886110     
   748.000000000000        85.4327892041043     
   749.000000000000        85.4223479821945     
   750.000000000000        85.4116399081224     
   751.000000000000        85.4010798805380     
   752.000000000000        85.3903918725605     
   753.000000000000        85.3797953675657     
   754.000000000000        85.3694231188932     
   755.000000000000        85.3587311873142     
   756.000000000000        85.3483178332563     
   757.000000000000        85.3378248115233     
   758.000000000000        85.3269060690178     
   759.000000000000        85.3163448863049     
   760.000000000000        85.3058618128617     
   761.000000000000        85.2952956510045     
   762.000000000000        85.2847527585885     
   763.000000000000        85.2742127570812     
   764.000000000000        85.2635861071197     
   765.000000000000        85.2527664780187     
   766.000000000000        85.2423519899054     
   767.000000000000        85.2317059046709     
   768.000000000000        85.2209746283139     
   769.000000000000        85.2101002688713     
   770.000000000000        85.1996432324666     
   771.000000000000        85.1889028507680     
   772.000000000000        85.1781243505235     
   773.000000000000        85.1676410819441     
   774.000000000000        85.1570640434011     
   775.000000000000        85.1463845388245     
   776.000000000000        85.1359947002314     
   777.000000000000        85.1249935944769     
   778.000000000000        85.1142152281705     
   779.000000000000        85.1036585889209     
   780.000000000000        85.0932131512875     
   781.000000000000        85.0823333240597     
   782.000000000000        85.0717496801776     
   783.000000000000        85.0609595084098     
   784.000000000000        85.0503182775621     
   785.000000000000        85.0397446445963     
   786.000000000000        85.0287944792349     
   787.000000000000        85.0184051512352     
   788.000000000000        85.0075558174142     
   789.000000000000        84.9972883537787     
   790.000000000000        84.9860980431688     
   791.000000000000        84.9755283468808     
   792.000000000000        84.9648985821733     
   793.000000000000        84.9541098320656     
   794.000000000000        84.9433872883268     
   795.000000000000        84.9329673404476     
   796.000000000000        84.9216881048820     
   797.000000000000        84.9113873358993     
   798.000000000000        84.9004072551599     
   799.000000000000        84.8898086353040     
   800.000000000000        84.8789602984329     
   801.000000000000        84.8682580626717     
   802.000000000000        84.8573838772235     
   803.000000000000        84.8466445144330     
   804.000000000000        84.8358275916951     
   805.000000000000        84.8253658136174     
   806.000000000000        84.8144503286168     
   807.000000000000        84.8035285151994     
   808.000000000000        84.7926508462416     
   809.000000000000        84.7821811776440     
   810.000000000000        84.7713008845473     
   811.000000000000        84.7602649508692     
   812.000000000000        84.7495931661100     
   813.000000000000        84.7389419712541     
   814.000000000000        84.7278183756310     
   815.000000000000        84.7173592389634     
   816.000000000000        84.7065026059812     
   817.000000000000        84.6956816119256     
   818.000000000000        84.6850063508189     
   819.000000000000        84.6739905613866     
   820.000000000000        84.6632678209636     
   821.000000000000        84.6525945214515     
   822.000000000000        84.6415902991805     
   823.000000000000        84.6308287179190     
   824.000000000000        84.6199074985070     
   825.000000000000        84.6090277220217     
   826.000000000000        84.5983349957255     
   827.000000000000        84.5874463230857     
   828.000000000000        84.5765335548439     
   829.000000000000        84.5655392276584     
   830.000000000000        84.5547609043159     
   831.000000000000        84.5437443326492     
   832.000000000000        84.5333791087836     
   833.000000000000        84.5222958989711     
   834.000000000000        84.5113368353568     
   835.000000000000        84.5006123836251     
   836.000000000000        84.4898013873170     
   837.000000000000        84.4787465034077     
   838.000000000000        84.4675771031049     
   839.000000000000        84.4567933596679     
   840.000000000000        84.4458651071709     
   841.000000000000        84.4352384163869     
   842.000000000000        84.4246055162922     
   843.000000000000        84.4133099078994     
   844.000000000000        84.4026016940136     
   845.000000000000        84.3916145823249     
   846.000000000000        84.3807525128048     
   847.000000000000        84.3699280034207     
   848.000000000000        84.3585911207470     
   849.000000000000        84.3476507313533     
   850.000000000000        84.3370032678294     
   851.000000000000        84.3261945972689     
   852.000000000000        84.3150139815348     
   853.000000000000        84.3039867295398     
   854.000000000000        84.2931859041348     
   855.000000000000        84.2824935990688     
   856.000000000000        84.2712916566806     
   857.000000000000        84.2602692086654     
   858.000000000000        84.2492662123911     
   859.000000000000        84.2384330575266     
   860.000000000000        84.2272958917813     
   861.000000000000        84.2162225329554     
   862.000000000000        84.2054669750988     
   863.000000000000        84.1942876123195     
   864.000000000000        84.1833977968956     
   865.000000000000        84.1726147818410     
   866.000000000000        84.1615261828022     
   867.000000000000        84.1503330288867     
   868.000000000000        84.1395086329851     
   869.000000000000        84.1285932827902     
   870.000000000000        84.1173384055468     
   871.000000000000        84.1065568677953     
   872.000000000000        84.0956745916797     
   873.000000000000        84.0845515320400     
   874.000000000000        84.0730053103154     
   875.000000000000        84.0627785536289     
   876.000000000000        84.0514657418481     
   877.000000000000        84.0403844601928     
   878.000000000000        84.0294710258771     
   879.000000000000        84.0180957974223     
   880.000000000000        84.0073041828577     
   881.000000000000        83.9960005457446     
   882.000000000000        83.9852394744041     
   883.000000000000        83.9740940669206     
   884.000000000000        83.9628877822444     
   885.000000000000        83.9520067838688     
   886.000000000000        83.9411205369437     
   887.000000000000        83.9299226550514     
   888.000000000000        83.9184439070129     
   889.000000000000        83.9075373806762     
   890.000000000000        83.8967862404519     
   891.000000000000        83.8851193006949     
   892.000000000000        83.8745410577168     
   893.000000000000        83.8631906209483     
   894.000000000000        83.8521990959386     
   895.000000000000        83.8411764823566     
   896.000000000000        83.8298367976582     
   897.000000000000        83.8188886886819     
   898.000000000000        83.8077220323343     
   899.000000000000        83.7968368690403     
   900.000000000000        83.7856744425482     
   901.000000000000        83.7745854777286     
   902.000000000000        83.7636319248846     
   903.000000000000        83.7520728271129     
   904.000000000000        83.7413606920332     
   905.000000000000        83.7297449850758     
   906.000000000000        83.7188757226132     
   907.000000000000        83.7076963549810     
   908.000000000000        83.6965295042046     
   909.000000000000        83.6851144276431     
   910.000000000000        83.6740768530205     
   911.000000000000        83.6629158964084     
   912.000000000000        83.6516283683633     
   913.000000000000        83.6406588399107     
   914.000000000000        83.6296926200484     
   915.000000000000        83.6180980196983     
   916.000000000000        83.6070794378413     
   917.000000000000        83.5960902226027     
   918.000000000000        83.5850529076700     
   919.000000000000        83.5735772525593     
   920.000000000000        83.5623786015982     
   921.000000000000        83.5512061349557     
   922.000000000000        83.5394961315980     
   923.000000000000        83.5287732981004     
   924.000000000000        83.5174945502747     
   925.000000000000        83.5062097362480     
   926.000000000000        83.4954267795115     
   927.000000000000        83.4838897344473     
   928.000000000000        83.4726661216859     
   929.000000000000        83.4617750633257     
   930.000000000000        83.4502418151328     
   931.000000000000        83.4389861957912     
   932.000000000000        83.4280481324059     
   933.000000000000        83.4163853221803     
   934.000000000000        83.4053321910356     
   935.000000000000        83.3940911182928     
   936.000000000000        83.3829269985640     
   937.000000000000        83.3715369184374     
   938.000000000000        83.3600506881521     
   939.000000000000        83.3486716191777     
   940.000000000000        83.3376509931104     
   941.000000000000        83.3257274352041     
   942.000000000000        83.3150735585196     
   943.000000000000        83.3039410048007     
   944.000000000000        83.2924182990242     
   945.000000000000        83.2810470727335     
   946.000000000000        83.2696054208939     
   947.000000000000        83.2583311480726     
   948.000000000000        83.2475265813337     
   949.000000000000        83.2359261704401     
   950.000000000000        83.2247997350647     
   951.000000000000        83.2134294605540     
   952.000000000000        83.2018635837623     
   953.000000000000        83.1902389405999     
   954.000000000000        83.1795713457006     
   955.000000000000        83.1681308335318     
   956.000000000000        83.1567548529721     
   957.000000000000        83.1454409058021     
   958.000000000000        83.1340949305025     
   959.000000000000        83.1225234310969     
   960.000000000000        83.1112238675010     
   961.000000000000        83.0999238351814     
   962.000000000000        83.0886754014770     
   963.000000000000        83.0769227456558     
   964.000000000000        83.0658564218928     
   965.000000000000        83.0544711319069     
   966.000000000000        83.0433521203975     
   967.000000000000        83.0317806293040     
   968.000000000000        83.0204840866941     
   969.000000000000        83.0088171944867     
   970.000000000000        82.9975743286560     
   971.000000000000        82.9862928983400     
   972.000000000000        82.9748912852980     
   973.000000000000        82.9634166678348     
   974.000000000000        82.9515475272585     
   975.000000000000        82.9407445108689     
   976.000000000000        82.9291422868089     
   977.000000000000        82.9177416951603     
   978.000000000000        82.9063615889076     
   979.000000000000        82.8947324838365     
   980.000000000000        82.8838223789976     
   981.000000000000        82.8721611025093     
   982.000000000000        82.8607421845008     
   983.000000000000        82.8491696784290     
   984.000000000000        82.8379189420277     
   985.000000000000        82.8264500831548     
   986.000000000000        82.8149701435973     
   987.000000000000        82.8035521901142     
   988.000000000000        82.7920762525471     
   989.000000000000        82.7804594516459     
   990.000000000000        82.7686197256974     
   991.000000000000        82.7576009706606     
   992.000000000000        82.7461266400715     
   993.000000000000        82.7345087597297     
   994.000000000000        82.7232035870049     
   995.000000000000        82.7115331617218     
   996.000000000000        82.7000526946749     
   997.000000000000        82.6887255455269     
   998.000000000000        82.6773116242127     
   999.000000000000        82.6654525202715     
   1000.00000000000        82.6545083922918     
   1001.00000000000        82.6426903095490     
   1002.00000000000        82.6307634355725     
   1003.00000000000        82.6193678600962     
   1004.00000000000        82.6080052282226     
   1005.00000000000        82.5968373472457     
   1006.00000000000        82.5849203232458     
   1007.00000000000        82.5737741160002     
   1008.00000000000        82.5618089377798     
   1009.00000000000        82.5500598525996     
   1010.00000000000        82.5387305787156     
   1011.00000000000        82.5269955656856     
   1012.00000000000        82.5157990405326     
   1013.00000000000        82.5040595779069     
   1014.00000000000        82.4925665280553     
   1015.00000000000        82.4811995201011     
   1016.00000000000        82.4693340467397     
   1017.00000000000        82.4580020121082     
   1018.00000000000        82.4462801771980     
   1019.00000000000        82.4350476771014     
   1020.00000000000        82.4228931208586     
   1021.00000000000        82.4112875531147     
   1022.00000000000        82.4002484146321     
   1023.00000000000        82.3885406454614     
   1024.00000000000        82.3766712408094     
   1025.00000000000        82.3652339519001     
   1026.00000000000        82.3535759059433     
   1027.00000000000        82.3416952363415     
   1028.00000000000        82.3302085518031     
   1029.00000000000        82.3186665319266     
   1030.00000000000        82.3072079825053     
   1031.00000000000        82.2953087080008     
   1032.00000000000        82.2840621670651     
   1033.00000000000        82.2721707596505     
   1034.00000000000        82.2605852205283     
   1035.00000000000        82.2489800632319     
   1036.00000000000        82.2371020277346     
   1037.00000000000        82.2257823248608     
   1038.00000000000        82.2138731369101     
   1039.00000000000        82.2023893932629     
   1040.00000000000        82.1905530286535     
   1041.00000000000        82.1784000563110     
   1042.00000000000        82.1675502234976     
   1043.00000000000        82.1557338205480     
   1044.00000000000        82.1436570046788     
   1045.00000000000        82.1322591654046     
   1046.00000000000        82.1202717408940     
   1047.00000000000        82.1086513485343     
   1048.00000000000        82.0969238901267     
   1049.00000000000        82.0851850462302     
   1050.00000000000        82.0736033554858     
   1051.00000000000        82.0617305729319     
   1052.00000000000        82.0501456195585     
   1053.00000000000        82.0387847057294     
   1054.00000000000        82.0265248301310     
   1055.00000000000        82.0152818513861     
   1056.00000000000        82.0033567818903     
   1057.00000000000        81.9917761429289     
   1058.00000000000        81.9798662359240     
   1059.00000000000        81.9680670122562     
   1060.00000000000        81.9560659002582     
   1061.00000000000        81.9448624738956     
   1062.00000000000        81.9329400580942     
   1063.00000000000        81.9210820161868     
   1064.00000000000        81.9093241606644     
   1065.00000000000        81.8974017699296     
   1066.00000000000        81.8857896733739     
   1067.00000000000        81.8741417386691     
   1068.00000000000        81.8621063265912     
   1069.00000000000        81.8501745740312     
   1070.00000000000        81.8389401351234     
   1071.00000000000        81.8266368242528     
   1072.00000000000        81.8147551397318     
   1073.00000000000        81.8033506374048     
   1074.00000000000        81.7912728875755     
   1075.00000000000        81.7799128562218     
   1076.00000000000        81.7678679437130     
   1077.00000000000        81.7558018619200     
   1078.00000000000        81.7441194744668     
   1079.00000000000        81.7320149198744     
   1080.00000000000        81.7206256716154     
   1081.00000000000        81.7090422333500     
   1082.00000000000        81.6969412555035     
   1083.00000000000        81.6847684385698     
   1084.00000000000        81.6730328514331     
   1085.00000000000        81.6611671242678     
   1086.00000000000        81.6491935643432     
   1087.00000000000        81.6375495970589     
   1088.00000000000        81.6256471622899     
   1089.00000000000        81.6139279166405     
   1090.00000000000        81.6018122846772     
   1091.00000000000        81.5901686248179     
   1092.00000000000        81.5781332717878     
   1093.00000000000        81.5662580412023     
   1094.00000000000        81.5545860286309     
   1095.00000000000        81.5426524992846     
   1096.00000000000        81.5308497620539     
   1097.00000000000        81.5189731195411     
   1098.00000000000        81.5071545631598     
   1099.00000000000        81.4950174980218     
   1100.00000000000        81.4836122721328     
   1101.00000000000        81.4709284706915     
   1102.00000000000        81.4589691870941     
   1103.00000000000        81.4475281070833     
   1104.00000000000        81.4355716736285     
   1105.00000000000        81.4234666535098     
   1106.00000000000        81.4116380377657     
   1107.00000000000        81.3995624289813     
   1108.00000000000        81.3872240862612     
   1109.00000000000        81.3757245046655     
   1110.00000000000        81.3639360748370     
   1111.00000000000        81.3516905872486     
   1112.00000000000        81.3397508628037     
   1113.00000000000        81.3282927354366     
   1114.00000000000        81.3160251884128     
   1115.00000000000        81.3038021292559     
   1116.00000000000        81.2917749999551     
   1117.00000000000        81.2796624751667     
   1118.00000000000        81.2677461050818     
   1119.00000000000        81.2562561890389     
   1120.00000000000        81.2440378696867     
   1121.00000000000        81.2321356372711     
   1122.00000000000        81.2199054300064     
   1123.00000000000        81.2080784080700     
   1124.00000000000        81.1961055968488     
   1125.00000000000        81.1839082706515     
   1126.00000000000        81.1719297338511     
   1127.00000000000        81.1595039830824     
   1128.00000000000        81.1476665274689     
   1129.00000000000        81.1360149922622     
   1130.00000000000        81.1234519162681     
   1131.00000000000        81.1118358888580     
   1132.00000000000        81.0997139059177     
   1133.00000000000        81.0876695968276     
   1134.00000000000        81.0756610692511     
   1135.00000000000        81.0639484439128     
   1136.00000000000        81.0513424641225     
   1137.00000000000        81.0395075192405     
   1138.00000000000        81.0273597623900     
   1139.00000000000        81.0154349211457     
   1140.00000000000        81.0030727501450     
   1141.00000000000        80.9913542391218     
   1142.00000000000        80.9787282875029     
   1143.00000000000        80.9668214927510     
   1144.00000000000        80.9545688709907     
   1145.00000000000        80.9428075472919     
   1146.00000000000        80.9308335515478     
   1147.00000000000        80.9183749716506     
   1148.00000000000        80.9064372934914     
   1149.00000000000        80.8942089505700     
   1150.00000000000        80.8820240934766     
   1151.00000000000        80.8699651799827     
   1152.00000000000        80.8580396548211     
   1153.00000000000        80.8456287182473     
   1154.00000000000        80.8337241247188     
   1155.00000000000        80.8211283910188     
   1156.00000000000        80.8095695227081     
   1157.00000000000        80.7967767906113     
   1158.00000000000        80.7851011738567     
   1159.00000000000        80.7728260646347     
   1160.00000000000        80.7607463499953     
   1161.00000000000        80.7485831262998     
   1162.00000000000        80.7363918006364     
   1163.00000000000        80.7238317288233     
   1164.00000000000        80.7118661797561     
   1165.00000000000        80.6994023030129     
   1166.00000000000        80.6876322680641     
   1167.00000000000        80.6755224647460     
   1168.00000000000        80.6631257622075     
   1169.00000000000        80.6512540040642     
   1170.00000000000        80.6389807178417     
   1171.00000000000        80.6263049690871     
   1172.00000000000        80.6144889478181     
   1173.00000000000        80.6021297867687     
   1174.00000000000        80.5898590779489     
   1175.00000000000        80.5780457641982     
   1176.00000000000        80.5653687790683     
   1177.00000000000        80.5531845281068     
   1178.00000000000        80.5414006088312     
   1179.00000000000        80.5287535794023     
   1180.00000000000        80.5163551194051     
   1181.00000000000        80.5038357186967     
   1182.00000000000        80.4919117320004     
   1183.00000000000        80.4796594808362     
   1184.00000000000        80.4674714825476     
   1185.00000000000        80.4553875193315     
   1186.00000000000        80.4430601550574     
   1187.00000000000        80.4305778335198     
   1188.00000000000        80.4180777383338     
   1189.00000000000        80.4060683846821     
   1190.00000000000        80.3938618140815     
   1191.00000000000        80.3812833155148     
   1192.00000000000        80.3690133620487     
   1193.00000000000        80.3571004883637     
   1194.00000000000        80.3443349735223     
   1195.00000000000        80.3325416832236     
   1196.00000000000        80.3199512259805     
   1197.00000000000        80.3074161825128     
   1198.00000000000        80.2950579812504     
   1199.00000000000        80.2828982171462     
   1200.00000000000        80.2703325959943     
   1201.00000000000        80.2582214115417     
   1202.00000000000        80.2457123686672     
   1203.00000000000        80.2332912582122     
   1204.00000000000        80.2211751703985     
   1205.00000000000        80.2087285898194     
   1206.00000000000        80.1965419263481     
   1207.00000000000        80.1840601891094     
   1208.00000000000        80.1715815215285     
   1209.00000000000        80.1594708170275     
   1210.00000000000        80.1471769079945     
   1211.00000000000        80.1344995435727     
   1212.00000000000        80.1223587495722     
   1213.00000000000        80.1099201926151     
   1214.00000000000        80.0974483137233     
   1215.00000000000        80.0846582130961     
   1216.00000000000        80.0725366445224     
   1217.00000000000        80.0602500032720     
   1218.00000000000        80.0477362919775     
   1219.00000000000        80.0353149522835     
   1220.00000000000        80.0227711136252     
   1221.00000000000        80.0104550866895     
   1222.00000000000        79.9979778118441     
   1223.00000000000        79.9856000593828     
   1224.00000000000        79.9729981426808     
   1225.00000000000        79.9606677178239     
   1226.00000000000        79.9482431296236     
   1227.00000000000        79.9356930643869     
   1228.00000000000        79.9232594028932     
   1229.00000000000        79.9106259515432     
   1230.00000000000        79.8985321961326     
   1231.00000000000        79.8853900351897     
   1232.00000000000        79.8735905680054     
   1233.00000000000        79.8610854687753     
   1234.00000000000        79.8484359832472     
   1235.00000000000        79.8355098910832     
   1236.00000000000        79.8234473937660     
   1237.00000000000        79.8107777733642     
   1238.00000000000        79.7981822226048     
   1239.00000000000        79.7861739754357     
   1240.00000000000        79.7731218365026     
   1241.00000000000        79.7608496400611     
   1242.00000000000        79.7481657418063     
   1243.00000000000        79.7357481119743     
   1244.00000000000        79.7228379141333     
   1245.00000000000        79.7105802614551     
   1246.00000000000        79.6982182377048     
   1247.00000000000        79.6854106280334     
   1248.00000000000        79.6732791837298     
   1249.00000000000        79.6604727993934     
   1250.00000000000        79.6479274508617     
   1251.00000000000        79.6357876142641     
   1252.00000000000        79.6228864979532     
   1253.00000000000        79.6102020368297     
   1254.00000000000        79.5975505554097     
   1255.00000000000        79.5849632760543     
   1256.00000000000        79.5724446112888     
   1257.00000000000        79.5603087086450     
   1258.00000000000        79.5470899153592     
   1259.00000000000        79.5346455257150     
   1260.00000000000        79.5220730646205     
   1261.00000000000        79.5092521452350     
   1262.00000000000        79.4968447301943     
   1263.00000000000        79.4840020140157     
   1264.00000000000        79.4716881237601     
   1265.00000000000        79.4591909976008     
   1266.00000000000        79.4461247213636     
   1267.00000000000        79.4337281306472     
   1268.00000000000        79.4213036729952     
   1269.00000000000        79.4083723372962     
   1270.00000000000        79.3956991356734     
   1271.00000000000        79.3830375251162     
   1272.00000000000        79.3701671347137     
   1273.00000000000        79.3571856735584     
   1274.00000000000        79.3452569075571     
   1275.00000000000        79.3325133116337     
   1276.00000000000        79.3195785794618     
   1277.00000000000        79.3071014148834     
   1278.00000000000        79.2945573204251     
   1279.00000000000        79.2814705075119     
   1280.00000000000        79.2693019010122     
   1281.00000000000        79.2563683925480     
   1282.00000000000        79.2434622226063     
   1283.00000000000        79.2306938910167     
   1284.00000000000        79.2182916850642     
   1285.00000000000        79.2054521115728     
   1286.00000000000        79.1925361740479     
   1287.00000000000        79.1799858942395     
   1288.00000000000        79.1671245837258     
   1289.00000000000        79.1544543819872     
   1290.00000000000        79.1416225415176     
   1291.00000000000        79.1291190685452     
   1292.00000000000        79.1163985639550     
   1293.00000000000        79.1033069170520     
   1294.00000000000        79.0907903397215     
   1295.00000000000        79.0780883588274     
   1296.00000000000        79.0649353085771     
   1297.00000000000        79.0523703760027     
   1298.00000000000        79.0400517074636     
   1299.00000000000        79.0268991008595     
   1300.00000000000        79.0140438006461     
   1301.00000000000        79.0010748534095     
   1302.00000000000        78.9889202618480     
   1303.00000000000        78.9754485000548     
   1304.00000000000        78.9630587060232     
   1305.00000000000        78.9502676239143     
   1306.00000000000        78.9373960944222     
   1307.00000000000        78.9245512978249     
   1308.00000000000        78.9117011872515     
   1309.00000000000        78.8991481955402     
   1310.00000000000        78.8857085800484     
   1311.00000000000        78.8728832531637     
   1312.00000000000        78.8601717678170     
   1313.00000000000        78.8477072915384     
   1314.00000000000        78.8343880834292     
   1315.00000000000        78.8214471905232     
   1316.00000000000        78.8086010448452     
   1317.00000000000        78.7960186053161     
   1318.00000000000        78.7826859887531     
   1319.00000000000        78.7705547890322     
   1320.00000000000        78.7571519310613     
   1321.00000000000        78.7445598844100     
   1322.00000000000        78.7313621123694     
   1323.00000000000        78.7187819759906     
   1324.00000000000        78.7052218882982     
   1325.00000000000        78.6927468865357     
   1326.00000000000        78.6804716727132     
   1327.00000000000        78.6665419494267     
   1328.00000000000        78.6541024087453     
   1329.00000000000        78.6408756784054     
   1330.00000000000        78.6280639117017     
   1331.00000000000        78.6151717395511     
   1332.00000000000        78.6022987288749     
   1333.00000000000        78.5893410147146     
   1334.00000000000        78.5763877901740     
   1335.00000000000        78.5632570108121     
   1336.00000000000        78.5502082741036     
   1337.00000000000        78.5374983720589     
   1338.00000000000        78.5246107661967     
   1339.00000000000        78.5118498148139     
   1340.00000000000        78.4984595709276     
   1341.00000000000        78.4858774568008     
   1342.00000000000        78.4726993959233     
   1343.00000000000        78.4596578686090     
   1344.00000000000        78.4468886842225     
   1345.00000000000        78.4336693056829     
   1346.00000000000        78.4202474370023     
   1347.00000000000        78.4078758129304     
   1348.00000000000        78.3946139935326     
   1349.00000000000        78.3815035698412     
   1350.00000000000        78.3686600922798     
   1351.00000000000        78.3556461378042     
   1352.00000000000        78.3420122687029     
   1353.00000000000        78.3293664852965     
   1354.00000000000        78.3166248032553     
   1355.00000000000        78.3032916340213     
   1356.00000000000        78.2903231972853     
   1357.00000000000        78.2770378570198     
   1358.00000000000        78.2641947119175     
