3.05529
3.05256
3.05036
3.05249
3.04817
3.05415
3.05195
3.04376
3.04756
3.04319
3.04758
3.05029
3.05193
3.05247
3.04757
3.04917
3.05304
3.04756
3.05302
3.04972
3.05519
3.0541
3.04972
2.94928
2.95151
2.68548
3.05574
3.05248
3.05523
3.05302
3.05795
3.05413
3.05359
3.05578
3.06126
3.05688
3.05692
3.06782
3.05856
3.0657
3.06243
3.06244
3.06682
3.06413
3.07072
3.0691
3.06801
3.07077
3.07081
3.06752
3.07139
3.07418
3.07367
3.07586
3.07262
3.071
3.07323
3.07767
3.07497
3.07557
3.07614
3.07181
3.08173
3.08396
3.07581
3.07529
3.08027
3.08689
3.0815
3.0821
3.08489
3.08441
3.0861
3.09056
3.08623
3.08902
3.08965
3.08861
3.08869
3.09368
3.08555
3.08945
3.08844
3.08631
3.08804
3.09085
3.08769
3.09268
3.09166
3.09612
3.0962
3.0881
3.09368
3.09594
3.09167
3.09175
3.09182
3.09414
3.09096
3.08449
3.09004
3.09561
3.09244
3.09034
3.09263
3.09386
3.09721
3.09516
3.08649
3.09208
3.08673
3.09019
3.0957
3.08817
3.09375
3.09497
3.08745
3.08753
3.08767
3.08667
3.09011
3.09241
3.08266
3.08936
3.09716
3.08522
3.08535
3.07888
3.08128
3.08245
3.08036
3.08823
3.08062
3.08623
3.07871
3.08546
3.07899
3.08682
3.07924
3.07501
3.08065
3.07531
3.07105
3.0734
3.07793
3.07916
3.07818
3.07064
3.0752
3.07643
3.07549
3.0734
3.06483
3.07156
3.064
3.0697
3.07088
3.06447
3.06241
3.06693
3.0627
3.06612
3.06194
3.06206
3.06003
3.05026
3.05931
3.05722
3.04965
3.0587
3.05217
3.06
3.05356
3.05375
3.05284
3.04418
3.04986
3.05325
3.04355
3.04592
3.03844
3.04621
3.04422
3.03559
3.04015
3.04144
3.04047
3.03519
3.03202
3.03
3.03124
3.03144
3.0294
3.03288
3.0319
3.02658
3.02903
3.02915
3.02269
3.02068
3.0186
3.01672
3.02122
3.01591
3.01484
3.01291
3.01089
3.02103
3.01555
3.00705
3.00941
3.00618
3.0075
3.0055
2.99914
3.00255
3.00272
3.00174
2.99979
2.99879
2.99682
2.99487
2.98954
2.99515
2.98763
2.98567
2.98356
2.98371
2.98174
2.98083
2.98105
2.97563
2.98138
2.97822
2.97521
2.97207
2.97556
2.96908
2.96811
2.96392
2.96304
2.96206
2.96889
2.9558
2.96052
2.95399
2.95524
2.94894
2.9468
2.94591
2.94282
2.94969
2.95422
2.94444
2.94139
2.93827
2.93298
2.93975
2.93762
2.93665
2.93259
2.92939
2.93405
2.9276
2.92997
2.92453
2.91707
2.92836
2.91855
2.91751
2.91236
2.90934
2.91279
2.90638
2.90212
2.90675
2.91015
2.90259
2.90285
2.90079
2.89893
2.89563
2.8927
2.89495
2.89063
2.88881
2.8978
2.88798
2.88156
2.88284
2.88302
2.87994
2.87465
2.87704
2.87377
2.87299
2.86654
2.86683
2.86362
2.86156
2.85957
2.86194
2.85467
2.85466
2.85365
2.85403
2.84763
2.85204
2.84773
2.8372
2.83516
2.83752
2.83995
2.83781
2.83369
2.83386
2.82967
2.81667
2.81905
2.82118
2.82373
2.82615
2.813
2.8154
2.81787
2.80701
2.80934
2.80965
2.80301
2.80116
2.80799
2.79929
2.79518
2.80201
2.79095
2.789
2.79364
2.7894
2.7921
2.77658
2.77897
2.77044
2.77503
2.77951
2.76876
2.77119
2.76699
2.7692
2.76727
2.75865
2.76111
2.75893
2.7505
2.75483
2.74852
2.74871
2.74689
2.747
2.74046
2.73851
2.73656
2.73646
2.72584
2.73512
2.73509
2.73512
2.72864
2.72219
2.73123
2.71824
2.71176
2.71849
2.71666
2.70805
2.70383
2.70625
2.68882
2.68664
2.69584
2.69821
2.70288
2.68516
2.69216
2.6923
2.67947
2.68382
2.68168
2.67981
2.67555
2.67578
2.67374
2.66271
2.6675
2.65195
2.65673
2.65705
2.65727
2.65308
2.65746
2.64454
2.64683
2.64269
2.6385
2.63629
2.63004
2.62349
2.6324
2.62807
2.62642
2.61976
2.62891
2.62241
2.62498
2.60946
2.60516
2.60777
2.59884
2.60373
2.5995
2.60192
2.5977
2.60232
2.60026
2.58002
2.59623
2.58751
2.58749
2.57664
2.57723
2.57924
2.57741
2.57523
2.56856
2.56215
2.56023
2.56294
2.56729
2.54985
2.5501
2.54817
2.55293
2.54392
2.54635
2.53998
2.53347
2.5377
2.52938
2.54062
2.53412
2.532
2.52557
2.53044
2.52612
2.51297
2.51312
2.49773
2.5025
2.50463
2.50722
2.50091
2.49645
2.49461
2.49458
2.49493
2.49518
2.49514
2.48889
2.4733
2.4804
2.47383
2.47427
2.46319
2.46557
2.46547
2.46145
2.45958
2.45968
2.46177
2.44891
2.46693
2.44247
2.44302
2.44293
2.42994
2.44545
2.43231
2.43674
2.43091
2.42844
2.42859
2.41982
2.42229
2.42046
2.42288
2.39371
2.40106
2.40802
2.41215
2.3969
2.39062
2.39316
2.3954
2.38643
2.37572
2.37368
2.36944
2.3854
2.37201
2.37445
2.37466
2.37283
2.36837
2.37313
2.3577
2.35347
2.37125
2.34698
2.34738
2.35218
2.34321
2.33896
2.33696
2.33457
2.33062
2.33077
2.31761
2.32437
2.32883
2.31351
2.31811
2.31636
2.30958
2.29869
2.29888
2.30377
2.2971
2.29066
2.29764
2.30009
2.29097
2.28901
2.27806
2.27626
2.27845
2.27659
2.26978
2.26311
2.27259
2.25929
2.25761
2.25306
2.25332
2.25107
2.25599
2.24008
2.24707
2.23854
2.22742
2.23671
2.23259
2.21919
2.21513
2.22391
2.22618
2.21784
2.2113
2.20244
2.20917
2.20279
2.19167
2.18965
2.1946
2.18772
2.1902
2.19051
2.18874
2.17522
2.17993
2.1868
2.1733
2.16244
2.16275
2.16986
2.16768
2.16113
2.14562
2.15004
2.13693
2.15512
2.14151
2.13501
2.14024
2.14254
2.13139
2.13587
2.12255
2.12973
2.10955
2.12339
2.12342
2.11226
2.11062
2.10632
2.09755
2.10631
2.10009
2.09792
2.10042
2.08033
2.08727
2.08723
2.07869
2.07407
2.06521
2.07725
2.06148
2.06415
2.0594
2.0597
2.05803
2.05539
2.04438
2.04703
2.04034
2.03395
2.03639
2.03863
2.02772
2.03911
2.03239
2.01711
2.01245
2.01277
2.00453
2.0089
1.99137
2.00929
2.01377
2.00959
1.98725
1.98281
1.97858
1.98345
1.99264
1.97034
1.98841
1.97043
1.97581
1.96174
1.96212
1.96684
1.96703
1.96717
1.94931
1.94952
1.94969
1.95429
1.93671
1.94098
1.94608
1.93705
1.93284
1.92398
1.91969
1.92448
1.91995
1.91145
1.92509
1.90728
1.90229
1.90722
1.88963
1.88538
1.89504
1.88101
1.88167
1.89049
1.8727
1.87726
1.87293
1.86432
1.86847
1.87829
1.86444
1.86
1.85599
1.85189
1.85592
1.84286
1.83903
1.85208
1.84801
1.83436
1.83972
1.83899
1.82607
1.82202
1.83583
1.81352
1.80919
1.82751
1.81367
1.80524
1.80509
1.80139
1.79653
1.80566
1.79192
1.80592
1.79242
1.78381
1.76583
1.76156
1.76178
1.76175
1.78415
1.76279
1.77176
1.74004
1.75798
1.75372
1.74929
1.75065
1.73663
1.74098
1.74543
1.73283
1.71865
1.72354
1.71967
1.7143
1.71945
1.71947
1.71997
1.71102
1.7069
1.70154
1.69316
1.68065
1.69443
1.68056
1.68522
1.68551
1.66748
1.68118
1.67228
1.659
1.66752
1.66401
1.65062
1.65039
1.65106
1.66031
1.64683
1.65134
1.6559
1.64747
1.63817
1.63387
1.63841
1.63422
1.62035
1.6341
1.6167
1.60729
1.61661
1.60344
1.59884
1.59487
1.59889
1.59902
1.595
1.57691
1.59022
1.59585
1.57788
1.578
1.56891
1.57856
1.56044
1.57426
1.56511
1.56903
1.55169
1.54734
1.55619
1.5393
1.53386
1.52952
1.53887
1.54429
1.52603
1.51726
1.5257
1.53528
1.52598
1.53131
1.51356
1.52273
1.50007
1.50007
1.49101
1.4867
1.49655
1.49151
1.49231
1.50091
1.48281
1.47428
1.47858
1.46977
1.47908
1.47549
1.4665
1.46106
1.46588
1.46642
1.45777
1.43911
1.44847
1.44871
1.45777
1.46264
1.43521
1.4309
1.43118
1.42729
1.42742
1.4233
1.43225
1.40505
1.40984
1.42785
1.41841
1.40572
1.41405
1.40106
1.37846
1.38846
1.38869
1.40196
1.38828
1.37984
1.37514
1.36581
1.37056
1.36178
1.37579
1.35281
1.36637
1.35862
1.36289
1.34457
1.33985
1.34932
1.34027
1.34553
1.3128
1.32793
1.34556
1.32781
1.3271
1.32771
1.31923
1.31011
1.32333
1.29236
1.30545
1.28755
1.29214
1.28388
1.27457
1.29315
1.28843
1.27536
1.27123
1.2797
1.27009
1.27087
1.27625
1.26633
1.26282
1.25756
1.25375
1.24921
1.25793
1.25347
1.24523
1.23061
1.24558
1.21318
1.23705
1.21803
1.22744
1.22807
1.22356
1.21438
1.21409
1.21914
1.20559
1.21453
1.21462
1.19687
1.19642
1.19778
1.18356
1.19801
1.19274
1.1886
1.16578
1.17979
1.1609
1.17035
1.16205
1.15316
1.17163
1.16263
1.14414
1.14862
1.14887
1.14426
1.15377
1.13149
1.14537
1.14531
1.1542
1.12672
1.12283
1.13196
1.13165
1.1277
1.10978
1.12825
1.12334
1.1235
1.11547
1.11057
1.12377
1.10538
1.09225
1.09708
1.06989
1.07928
1.0928
1.07018
1.06588
1.07024
1.07951
1.05647
1.06657
1.06253
1.07559
1.05755
1.06256
1.06197
1.06207
1.06156
1.03997
1.03974
1.06749
1.02106
1.03143
1.0082
1.0082
1.02758
1.02192
1.00868
1.01442
1.0136
1.0139
1.01882
1.01893
1.00022
1.00054
1.00524
1.0012
0.987195
0.996558
0.987815
1.00168
0.99691
0.969333
0.96943
0.983971
0.974529
0.984033
0.973857
0.989152
0.961524
0.956799
0.961695
0.962513
0.962236
0.948316
0.95273
0.952838
0.93921
0.939218
0.939731
0.939726
0.944638
0.940262
0.92155
0.912554
0.921748
0.921634
0.903626
0.913255
0.908419
0.916926
0.903937
0.91
0.913499
0.90035
0.896059
0.891382
0.886308
0.90092
0.891405
0.896278
0.887102
0.873415
0.878499
0.859601
0.873316
0.873749
0.869817
0.878874
0.847068
0.851506
0.85134
0.851255
0.861051
0.852016
0.842992
0.843254
0.852166
0.842747
0.834382
0.842888
0.824881
0.825558
0.824811
0.829055
0.825765
0.806397
0.812706
0.830645
0.816761
0.821796
0.793492
0.812546
0.821993
0.794016
0.79934
0.780516
0.789986
0.794676
0.794439
0.794912
0.800363
0.78184
0.786029
0.795625
0.763003
0.786441
0.764059
0.75482
0.767941
0.763952
0.76392
0.759328
0.768533
0.75957
0.754857
0.740737
0.736787
0.751386
0.7556
0.727763
0.742137
0.742035
0.747358
0.742829
0.733219
0.733136
0.724126
0.742385
0.710423
0.729154
0.720348
0.706149
0.719449
0.711016
0.71096
0.715356
0.715855
0.693314
0.716353
0.693373
0.707147
0.697749
0.693781
0.698219
0.684159
0.698801
0.689234
0.685012
0.694168
0.680153
0.680479
0.68119
0.694877
0.68109
0.681093
0.66697
0.66713
0.67211
0.663228
0.681459
0.653471
0.672455
0.668248
0.663885
0.658522
0.649788
0.649995
0.645444
0.67373
0.645111
0.65982
0.631438
0.654804
0.655309
0.646105
0.641553
0.604614
0.646328
0.632332
0.637468
0.637038
0.610002
0.623483
0.619299
0.628386
0.614919
0.619135
0.600713
0.614948
0.610825
0.615462
0.610515
0.620115
0.606551
0.596697
0.588308
0.597193
0.602091
0.597195
0.5974
0.588193
0.579202
0.579346
0.588758
0.588751
0.579562
0.585265
0.584834
0.584959
0.58942
0.566075
0.58043
0.575078
0.561477
0.575657
0.562149
0.549187
0.580343
0.567221
0.571347
0.548753
0.572069
0.567621
0.548976
0.558225
0.543926
0.572722
0.531188
0.559087
0.563379
0.535589
0.540216
0.52657
0.545176
0.531251
0.549702
0.545907
0.531715
0.546166
0.532012
0.522989
0.555714
0.555574
0.53647
0.527575
0.532265
0.545951
0.522894
0.542475
0.532576
0.514147
0.53317
0.514529
0.514629
0.515247
0.533193
0.543364
0.505742
0.524204
0.525608
0.505371
0.506259
0.515337
0.515572
0.506401
0.505835
0.515725
0.48764
0.516641
0.507025
0.516225
0.506919
0.488329
0.517176
0.488991
0.488231
0.498263
0.507218
0.517933
0.497618
0.469967
0.489293
0.49815
0.508338
0.507498
0.470918
0.509385
0.472024
0.499346
0.518231
0.480248
0.50893
0.481047
0.472225
0.49101
0.480567
0.47192
0.452848
0.472042
0.471591
0.472196
0.471818
0.434991
0.454344
0.491002
0.491277
0.473274
0.444541
0.473171
0.463384
0.454717
0.463678
0.464419
0.46342
0.453997
0.483161
0.454945
0.46498
0.445737
0.437612
0.44603
0.474063
0.427518
0.437277
0.455905
0.437037
0.455397
0.456859
0.475171
0.465061
0.455496
0.446663
0.419192
0.437748
0.447725
0.456533
0.4378
0.43817
0.428818
0.447461
0.447824
0.467053
0.429164
0.429058
0.448264
0.438392
0.438305
0.448017
0.429497
0.458195
0.439261
0.420559
0.477739
0.458223
0.448671
0.420485
0.45843
0.440203
0.440087
0.440079
0.439755
0.440459
0.430127
0.458944
0.431048
0.440634
0.430977
0.42204
0.45013
0.450287
0.422937
0.440609
0.441762
0.41308
0.431601
0.441779
0.423177
0.44116
0.441516
0.432135
0.470619
0.44127
0.424389
0.451643
0.433721
0.432554
0.432947
0.405012
0.452018
0.442091
0.461742
0.433631
0.423861
0.433271
0.424359
0.452263
0.443342
0.443684
0.453038
