  0.000000000000000E+000   108.259104791300     
   1.00000000000000        108.261067303590     
   2.00000000000000        108.262916757720     
   3.00000000000000        108.264351314689     
   4.00000000000000        108.266604798513     
   5.00000000000000        108.267487258079     
   6.00000000000000        108.269164789322     
   7.00000000000000        108.271056199002     
   8.00000000000000        108.272290347775     
   9.00000000000000        108.273726984859     
   10.0000000000000        108.275301048397     
   11.0000000000000        108.276519178014     
   12.0000000000000        108.278173496943     
   13.0000000000000        108.279430555692     
   14.0000000000000        108.280705577256     
   15.0000000000000        108.281778661258     
   16.0000000000000        108.282648426278     
   17.0000000000000        108.284001750494     
   18.0000000000000        108.284308258652     
   19.0000000000000        108.285008035892     
   20.0000000000000        108.285217758269     
   21.0000000000000        108.284910410623     
   22.0000000000000        108.284871803609     
   23.0000000000000        108.284733722020     
   24.0000000000000        108.283710444430     
   25.0000000000000        108.282116425723     
   26.0000000000000        108.281478002876     
   27.0000000000000        108.279782184574     
   28.0000000000000        108.277586321613     
   29.0000000000000        108.275381563952     
   30.0000000000000        108.272627250448     
   31.0000000000000        108.269305468025     
   32.0000000000000        108.266025294774     
   33.0000000000000        108.262163932228     
   34.0000000000000        108.257800855031     
   35.0000000000000        108.253205266202     
   36.0000000000000        108.247968380995     
   37.0000000000000        108.242499580372     
   38.0000000000000        108.236515499180     
   39.0000000000000        108.230166457016     
   40.0000000000000        108.223217627698     
   41.0000000000000        108.216069060938     
   42.0000000000000        108.207998677382     
   43.0000000000000        108.199925101564     
   44.0000000000000        108.191225547144     
   45.0000000000000        108.182339554802     
   46.0000000000000        108.172797424091     
   47.0000000000000        108.162974678409     
   48.0000000000000        108.152489882239     
   49.0000000000000        108.141906906277     
   50.0000000000000        108.130266765392     
   51.0000000000000        108.118501138872     
   52.0000000000000        108.106429448269     
   53.0000000000000        108.094029061411     
   54.0000000000000        108.080914111931     
   55.0000000000000        108.067100026742     
   56.0000000000000        108.053035837600     
   57.0000000000000        108.038848065990     
   58.0000000000000        108.024397577512     
   59.0000000000000        108.009162110778     
   60.0000000000000        107.993736852905     
   61.0000000000000        107.977817468859     
   62.0000000000000        107.961048230053     
   63.0000000000000        107.944384950802     
   64.0000000000000        107.926886730561     
   65.0000000000000        107.909808290317     
   66.0000000000000        107.892234464779     
   67.0000000000000        107.873990603460     
   68.0000000000000        107.854704632512     
   69.0000000000000        107.836123554687     
   70.0000000000000        107.816832020542     
   71.0000000000000        107.797017563218     
   72.0000000000000        107.777044991144     
   73.0000000000000        107.756593955219     
   74.0000000000000        107.735751310978     
   75.0000000000000        107.715208011648     
   76.0000000000000        107.693950746981     
   77.0000000000000        107.672165377580     
   78.0000000000000        107.650116403220     
   79.0000000000000        107.628362639940     
   80.0000000000000        107.605713793761     
   81.0000000000000        107.583003178430     
   82.0000000000000        107.559792599511     
   83.0000000000000        107.536659840292     
   84.0000000000000        107.513161707709     
   85.0000000000000        107.489221564116     
   86.0000000000000        107.465736375824     
   87.0000000000000        107.440668234417     
   88.0000000000000        107.416317969414     
   89.0000000000000        107.391534346778     
   90.0000000000000        107.366259502298     
   91.0000000000000        107.341237351563     
   92.0000000000000        107.316192272745     
   93.0000000000000        107.290464804415     
   94.0000000000000        107.264204971848     
   95.0000000000000        107.238127367064     
   96.0000000000000        107.211531062706     
   97.0000000000000        107.185648195725     
   98.0000000000000        107.158588638798     
   99.0000000000000        107.131802296049     
   100.000000000000        107.104537309180     
   101.000000000000        107.077468412867     
   102.000000000000        107.050092931524     
   103.000000000000        107.022266485388     
   104.000000000000        106.994810395999     
   105.000000000000        106.966680725286     
   106.000000000000        106.938466944771     
   107.000000000000        106.910482257052     
   108.000000000000        106.881843071640     
   109.000000000000        106.853513179709     
   110.000000000000        106.824779048502     
   111.000000000000        106.795947944355     
   112.000000000000        106.766703978858     
   113.000000000000        106.738003125307     
   114.000000000000        106.708731655907     
   115.000000000000        106.678882669968     
   116.000000000000        106.649706690592     
   117.000000000000        106.620253769508     
   118.000000000000        106.590003842455     
   119.000000000000        106.560601517251     
   120.000000000000        106.530777743544     
   121.000000000000        106.500371585012     
   122.000000000000        106.469989141211     
   123.000000000000        106.439898042981     
   124.000000000000        106.409413084032     
   125.000000000000        106.379088441912     
   126.000000000000        106.348343224569     
   127.000000000000        106.317918366845     
   128.000000000000        106.286933895268     
   129.000000000000        106.255807624625     
   130.000000000000        106.225299525567     
   131.000000000000        106.193766342585     
   132.000000000000        106.162942076577     
   133.000000000000        106.131605190348     
   134.000000000000        106.099823308852     
   135.000000000000        106.068308464922     
   136.000000000000        106.036722823937     
   137.000000000000        106.005567459314     
   138.000000000000        105.973627691985     
   139.000000000000        105.941763211408     
   140.000000000000        105.910024043408     
   141.000000000000        105.878133195152     
   142.000000000000        105.846312676122     
   143.000000000000        105.814179200018     
   144.000000000000        105.782222981403     
   145.000000000000        105.749762680365     
   146.000000000000        105.717588054346     
   147.000000000000        105.685567068186     
   148.000000000000        105.653115062983     
   149.000000000000        105.620736167309     
   150.000000000000        105.587655131474     
   151.000000000000        105.555470549274     
   152.000000000000        105.522305982581     
   153.000000000000        105.490088741127     
   154.000000000000        105.457384056523     
   155.000000000000        105.424837316671     
   156.000000000000        105.392134876317     
   157.000000000000        105.358870658866     
   158.000000000000        105.325806573733     
   159.000000000000        105.293110459066     
   160.000000000000        105.259687177318     
   161.000000000000        105.226742578567     
   162.000000000000        105.193394718942     
   163.000000000000        105.160774722372     
   164.000000000000        105.127311027929     
   165.000000000000        105.094240822839     
   166.000000000000        105.060661381655     
   167.000000000000        105.027428362083     
   168.000000000000        104.993948476285     
   169.000000000000        104.960807098941     
   170.000000000000        104.927213753258     
   171.000000000000        104.893524141750     
   172.000000000000        104.859733427244     
   173.000000000000        104.826139069323     
   174.000000000000        104.792724441072     
   175.000000000000        104.759229040674     
   176.000000000000        104.725662757643     
   177.000000000000        104.691915181243     
   178.000000000000        104.658423604091     
   179.000000000000        104.624412041035     
   180.000000000000        104.590746363099     
   181.000000000000        104.556897917026     
   182.000000000000        104.522671208703     
   183.000000000000        104.488839909500     
   184.000000000000        104.454544406362     
   185.000000000000        104.421082764766     
   186.000000000000        104.387021210419     
   187.000000000000        104.352973488695     
   188.000000000000        104.319069180614     
   189.000000000000        104.285281520857     
   190.000000000000        104.251031420931     
   191.000000000000        104.216652085727     
   192.000000000000        104.182693157161     
   193.000000000000        104.148493906867     
   194.000000000000        104.114114465456     
   195.000000000000        104.080092364243     
   196.000000000000        104.045965965160     
   197.000000000000        104.011658066346     
   198.000000000000        103.977298937231     
   199.000000000000        103.943335582215     
   200.000000000000        103.908963271439     
   201.000000000000        103.874675472982     
   202.000000000000        103.840212046371     
   203.000000000000        103.805855251164     
   204.000000000000        103.771586840733     
   205.000000000000        103.737303209446     
   206.000000000000        103.702858961991     
   207.000000000000        103.668284921059     
   208.000000000000        103.634145079602     
   209.000000000000        103.599551382747     
   210.000000000000        103.564997159799     
   211.000000000000        103.530417805483     
   212.000000000000        103.496195288775     
   213.000000000000        103.461512736566     
   214.000000000000        103.426977200026     
   215.000000000000        103.392218339534     
   216.000000000000        103.358168301727     
   217.000000000000        103.323449676127     
   218.000000000000        103.289004233460     
   219.000000000000        103.254386068566     
   220.000000000000        103.219746043287     
   221.000000000000        103.185077133040     
   222.000000000000        103.150244601168     
   223.000000000000        103.116003479408     
   224.000000000000        103.081208033616     
   225.000000000000        103.046665518584     
   226.000000000000        103.011966593490     
   227.000000000000        102.977516014622     
   228.000000000000        102.942439726960     
   229.000000000000        102.907919667672     
   230.000000000000        102.873285702936     
   231.000000000000        102.838580559720     
   232.000000000000        102.803799548239     
   233.000000000000        102.769013541281     
   234.000000000000        102.734572720612     
   235.000000000000        102.699879768021     
   236.000000000000        102.665142341971     
   237.000000000000        102.630460110370     
   238.000000000000        102.595834521224     
   239.000000000000        102.561019780501     
   240.000000000000        102.526707876952     
   241.000000000000        102.491623843872     
   242.000000000000        102.456938844681     
   243.000000000000        102.422199772522     
   244.000000000000        102.387813051179     
   245.000000000000        102.353079632990     
   246.000000000000        102.318014852748     
   247.000000000000        102.283645837641     
   248.000000000000        102.248693966481     
   249.000000000000        102.213788703694     
   250.000000000000        102.179072384064     
   251.000000000000        102.144541295544     
   252.000000000000        102.109826167840     
   253.000000000000        102.074684630522     
   254.000000000000        102.040224811733     
   255.000000000000        102.005682957670     
   256.000000000000        101.970811399703     
   257.000000000000        101.936037700706     
   258.000000000000        101.901597532950     
   259.000000000000        101.866589007260     
   260.000000000000        101.831852848668     
   261.000000000000        101.797224288277     
   262.000000000000        101.762598634786     
   263.000000000000        101.727694729374     
   264.000000000000        101.692939562784     
   265.000000000000        101.658602879542     
   266.000000000000        101.623425305740     
   267.000000000000        101.589011648276     
   268.000000000000        101.554119920408     
   269.000000000000        101.519409697993     
   270.000000000000        101.484794530823     
   271.000000000000        101.450214429064     
   272.000000000000        101.415585055664     
   273.000000000000        101.380739781104     
   274.000000000000        101.346312286755     
   275.000000000000        101.311359229872     
   276.000000000000        101.276846695280     
   277.000000000000        101.242199834099     
   278.000000000000        101.207367702573     
   279.000000000000        101.172679359647     
   280.000000000000        101.138205055845     
   281.000000000000        101.103374707186     
   282.000000000000        101.068886528449     
   283.000000000000        101.034134730746     
   284.000000000000        100.999565769832     
   285.000000000000        100.965411098721     
   286.000000000000        100.930449859302     
   287.000000000000        100.895830783032     
   288.000000000000        100.860986181954     
   289.000000000000        100.826651994927     
   290.000000000000        100.791753356995     
   291.000000000000        100.757642109706     
   292.000000000000        100.723021788949     
   293.000000000000        100.688527884498     
   294.000000000000        100.654356022470     
   295.000000000000        100.619222679957     
   296.000000000000        100.584904697485     
   297.000000000000        100.550183245977     
   298.000000000000        100.516071429079     
   299.000000000000        100.481646628314     
   300.000000000000        100.446816775407     
   301.000000000000        100.412503020015     
   302.000000000000        100.377791455233     
   303.000000000000        100.343526760890     
   304.000000000000        100.308887065454     
   305.000000000000        100.274572341407     
   306.000000000000        100.240706533221     
   307.000000000000        100.205774080382     
   308.000000000000        100.171646754916     
   309.000000000000        100.137068129081     
   310.000000000000        100.103135276857     
   311.000000000000        100.068508605039     
   312.000000000000        100.034203698054     
   313.000000000000        99.9999523475726     
   314.000000000000        99.9652122845410     
   315.000000000000        99.9309740348487     
   316.000000000000        99.8966176097899     
   317.000000000000        99.8626030740239     
   318.000000000000        99.8283043676654     
   319.000000000000        99.7941184737916     
   320.000000000000        99.7601102611187     
   321.000000000000        99.7258752066671     
   322.000000000000        99.6917955399820     
   323.000000000000        99.6572892117317     
   324.000000000000        99.6231189962883     
   325.000000000000        99.5891103481912     
   326.000000000000        99.5547724901746     
   327.000000000000        99.5205433405017     
   328.000000000000        99.4868180990575     
   329.000000000000        99.4523103988080     
   330.000000000000        99.4183640632315     
   331.000000000000        99.3841382593341     
   332.000000000000        99.3504719595685     
   333.000000000000        99.3158622637251     
   334.000000000000        99.2822508663123     
   335.000000000000        99.2475865516346     
   336.000000000000        99.2142599045389     
   337.000000000000        99.1803140272975     
   338.000000000000        99.1464875938726     
   339.000000000000        99.1121606690975     
   340.000000000000        99.0782168345708     
   341.000000000000        99.0443522296564     
   342.000000000000        99.0102350609892     
   343.000000000000        98.9763647352650     
   344.000000000000        98.9426715938082     
   345.000000000000        98.9085081389472     
   346.000000000000        98.8749673997266     
   347.000000000000        98.8410809039901     
   348.000000000000        98.8077032679246     
   349.000000000000        98.7738290504772     
   350.000000000000        98.7402902000220     
   351.000000000000        98.7063107094218     
   352.000000000000        98.6728284825113     
   353.000000000000        98.6391189159260     
   354.000000000000        98.6051531709472     
   355.000000000000        98.5712707650031     
   356.000000000000        98.5377972515268     
   357.000000000000        98.5040405736909     
   358.000000000000        98.4706757385825     
   359.000000000000        98.4370332150957     
   360.000000000000        98.4036726072100     
   361.000000000000        98.3698532969677     
   362.000000000000        98.3364441265330     
   363.000000000000        98.3025186793471     
   364.000000000000        98.2695592693497     
   365.000000000000        98.2359592100023     
   366.000000000000        98.2021585348938     
   367.000000000000        98.1690218269864     
   368.000000000000        98.1354886879705     
   369.000000000000        98.1016886229698     
   370.000000000000        98.0684356839132     
   371.000000000000        98.0353553138500     
   372.000000000000        98.0022289891848     
   373.000000000000        97.9687545617087     
   374.000000000000        97.9351814570928     
   375.000000000000        97.9023763026522     
   376.000000000000        97.8685773563323     
   377.000000000000        97.8356167472312     
   378.000000000000        97.8025395797312     
   379.000000000000        97.7693981209844     
   380.000000000000        97.7361513028519     
   381.000000000000        97.7028612487183     
   382.000000000000        97.6700043312177     
   383.000000000000        97.6370390224384     
   384.000000000000        97.6037476245459     
   385.000000000000        97.5706265073283     
   386.000000000000        97.5376499534173     
   387.000000000000        97.5049229378090     
   388.000000000000        97.4715685626906     
   389.000000000000        97.4386536366397     
   390.000000000000        97.4057596076873     
   391.000000000000        97.3727994322318     
   392.000000000000        97.3396677730420     
   393.000000000000        97.3067149250715     
   394.000000000000        97.2745702788622     
   395.000000000000        97.2411791116143     
   396.000000000000        97.2080627411628     
   397.000000000000        97.1759880644791     
   398.000000000000        97.1430929368789     
   399.000000000000        97.1102878802279     
   400.000000000000        97.0775017631986     
   401.000000000000        97.0450403748149     
   402.000000000000        97.0122557896455     
   403.000000000000        96.9797471725795     
   404.000000000000        96.9464432734020     
   405.000000000000        96.9143928017659     
   406.000000000000        96.8818077533198     
   407.000000000000        96.8489150440034     
   408.000000000000        96.8168045110298     
   409.000000000000        96.7841265189806     
   410.000000000000        96.7516693134777     
   411.000000000000        96.7187836086850     
   412.000000000000        96.6867111346153     
   413.000000000000        96.6542648561619     
   414.000000000000        96.6225836089599     
   415.000000000000        96.5901038869110     
   416.000000000000        96.5574903022731     
   417.000000000000        96.5251527331217     
   418.000000000000        96.4931535676569     
   419.000000000000        96.4604782908887     
   420.000000000000        96.4283499233719     
   421.000000000000        96.3958569714828     
   422.000000000000        96.3635146521593     
   423.000000000000        96.3316182040231     
   424.000000000000        96.3003258856301     
   425.000000000000        96.2678153872943     
   426.000000000000        96.2355297523025     
   427.000000000000        96.2036322314716     
   428.000000000000        96.1714643231437     
   429.000000000000        96.1397494067474     
   430.000000000000        96.1076614973602     
   431.000000000000        96.0754358019713     
   432.000000000000        96.0441077868329     
   433.000000000000        96.0118213956103     
   434.000000000000        95.9801406978502     
   435.000000000000        95.9480807595590     
   436.000000000000        95.9159487511251     
   437.000000000000        95.8849540667878     
   438.000000000000        95.8528495519871     
   439.000000000000        95.8213323718705     
   440.000000000000        95.7892052378667     
   441.000000000000        95.7579983131698     
   442.000000000000        95.7264788035028     
   443.000000000000        95.6943699075650     
   444.000000000000        95.6631404937803     
   445.000000000000        95.6315771588669     
   446.000000000000        95.5997781823917     
   447.000000000000        95.5686599078237     
   448.000000000000        95.5371625199722     
   449.000000000000        95.5059963938227     
   450.000000000000        95.4741387961563     
   451.000000000000        95.4430302748983     
   452.000000000000        95.4111266319091     
   453.000000000000        95.3800192100141     
   454.000000000000        95.3483931280185     
   455.000000000000        95.3173964404958     
   456.000000000000        95.2858946456562     
   457.000000000000        95.2552075834093     
   458.000000000000        95.2234822077282     
   459.000000000000        95.1927051741620     
   460.000000000000        95.1614207763248     
   461.000000000000        95.1301308004196     
   462.000000000000        95.0996884699203     
   463.000000000000        95.0686191834471     
   464.000000000000        95.0373810483805     
   465.000000000000        95.0062762672793     
   466.000000000000        94.9757108204263     
   467.000000000000        94.9446524029831     
   468.000000000000        94.9136912560860     
   469.000000000000        94.8825070362007     
   470.000000000000        94.8518042006587     
   471.000000000000        94.8215036218313     
   472.000000000000        94.7899199970866     
   473.000000000000        94.7591044128524     
   474.000000000000        94.7286023079312     
   475.000000000000        94.6979778722387     
   476.000000000000        94.6674030790551     
   477.000000000000        94.6371228668917     
   478.000000000000        94.6063285791547     
   479.000000000000        94.5757201331050     
   480.000000000000        94.5450898250759     
   481.000000000000        94.5148010001363     
   482.000000000000        94.4842941285277     
   483.000000000000        94.4532688006981     
   484.000000000000        94.4232243662202     
   485.000000000000        94.3920916617662     
   486.000000000000        94.3622673377339     
   487.000000000000        94.3319525737671     
   488.000000000000        94.3020150779028     
   489.000000000000        94.2714309735472     
   490.000000000000        94.2413774837995     
   491.000000000000        94.2109786691488     
   492.000000000000        94.1807986233678     
   493.000000000000        94.1511214360506     
   494.000000000000        94.1209870955603     
   495.000000000000        94.0900989914983     
   496.000000000000        94.0602087231571     
   497.000000000000        94.0302213154280     
   498.000000000000        94.0006649052234     
   499.000000000000        93.9697591676145     
   500.000000000000        93.9407579203572     
   501.000000000000        93.9105601584036     
   502.000000000000        93.8805680950040     
   503.000000000000        93.8506633441087     
   504.000000000000        93.8209807325163     
   505.000000000000        93.7908919467881     
   506.000000000000        93.7613464850399     
   507.000000000000        93.7316960803433     
   508.000000000000        93.7019670406846     
   509.000000000000        93.6723474887685     
   510.000000000000        93.6421548586518     
   511.000000000000        93.6130880547585     
   512.000000000000        93.5831819104498     
   513.000000000000        93.5541121809420     
   514.000000000000        93.5243729340187     
   515.000000000000        93.4949047594615     
   516.000000000000        93.4651745605100     
   517.000000000000        93.4362131836950     
   518.000000000000        93.4065611923941     
   519.000000000000        93.3769344567281     
   520.000000000000        93.3481433562228     
   521.000000000000        93.3181162586993     
   522.000000000000        93.2893829026204     
   523.000000000000        93.2598573371211     
   524.000000000000        93.2307214333309     
   525.000000000000        93.2018252557537     
   526.000000000000        93.1724636377738     
   527.000000000000        93.1435085151404     
   528.000000000000        93.1144160357998     
   529.000000000000        93.0852296352245     
   530.000000000000        93.0562152314814     
   531.000000000000        93.0270089122796     
   532.000000000000        92.9984335334597     
   533.000000000000        92.9692407851445     
   534.000000000000        92.9405538895118     
   535.000000000000        92.9114595722588     
   536.000000000000        92.8827377374584     
   537.000000000000        92.8539819674677     
   538.000000000000        92.8247683684118     
   539.000000000000        92.7960419026062     
   540.000000000000        92.7679535267477     
   541.000000000000        92.7393646962872     
   542.000000000000        92.7105028599664     
   543.000000000000        92.6820291955744     
   544.000000000000        92.6533941332880     
   545.000000000000        92.6242609797262     
   546.000000000000        92.5958934159087     
   547.000000000000        92.5678682177600     
   548.000000000000        92.5392282635127     
   549.000000000000        92.5105638015146     
   550.000000000000        92.4824307258514     
   551.000000000000        92.4544619173511     
   552.000000000000        92.4255909987710     
   553.000000000000        92.3970084695475     
   554.000000000000        92.3691892605082     
   555.000000000000        92.3409827534443     
   556.000000000000        92.3125638871171     
   557.000000000000        92.2843181725064     
   558.000000000000        92.2562820785204     
   559.000000000000        92.2285258995001     
   560.000000000000        92.1997411979549     
   561.000000000000        92.1715624037624     
   562.000000000000        92.1439643469778     
   563.000000000000        92.1159257966196     
   564.000000000000        92.0877728336960     
   565.000000000000        92.0602467553825     
   566.000000000000        92.0321591965729     
   567.000000000000        92.0039475240668     
   568.000000000000        91.9765199028403     
   569.000000000000        91.9486439167689     
   570.000000000000        91.9209843919835     
   571.000000000000        91.8929353785918     
   572.000000000000        91.8652823237940     
   573.000000000000        91.8378023399116     
   574.000000000000        91.8099777962996     
   575.000000000000        91.7824939395288     
   576.000000000000        91.7547223466170     
   577.000000000000        91.7271793457764     
   578.000000000000        91.6997464335985     
   579.000000000000        91.6725254603982     
   580.000000000000        91.6447417689604     
   581.000000000000        91.6173253769598     
   582.000000000000        91.5897703704407     
   583.000000000000        91.5626180272732     
   584.000000000000        91.5354538377203     
   585.000000000000        91.5079505678780     
   586.000000000000        91.4809581958214     
   587.000000000000        91.4532439376153     
   588.000000000000        91.4263015336828     
   589.000000000000        91.3987989131655     
   590.000000000000        91.3722740781769     
   591.000000000000        91.3445218554268     
   592.000000000000        91.3174321073085     
   593.000000000000        91.2902656183541     
   594.000000000000        91.2635511596074     
   595.000000000000        91.2362515332723     
   596.000000000000        91.2092137249898     
   597.000000000000        91.1822182697686     
   598.000000000000        91.1556978610982     
   599.000000000000        91.1287330859087     
   600.000000000000        91.1013086389635     
   601.000000000000        91.0748472065357     
   602.000000000000        91.0480020414253     
   603.000000000000        91.0212272554573     
   604.000000000000        90.9945732882936     
   605.000000000000        90.9675570356897     
   606.000000000000        90.9408776665983     
   607.000000000000        90.9145620350577     
   608.000000000000        90.8878736549404     
   609.000000000000        90.8616322325928     
   610.000000000000        90.8345042050343     
   611.000000000000        90.8081617887986     
   612.000000000000        90.7818320927895     
   613.000000000000        90.7550178877875     
   614.000000000000        90.7286943966045     
   615.000000000000        90.7018918079141     
   616.000000000000        90.6757856934573     
   617.000000000000        90.6489702241418     
   618.000000000000        90.6228612723400     
   619.000000000000        90.5967484261980     
   620.000000000000        90.5703694393465     
   621.000000000000        90.5442605740828     
   622.000000000000        90.5180345443257     
   623.000000000000        90.4918666926971     
   624.000000000000        90.4657272052457     
   625.000000000000        90.4392859001641     
   626.000000000000        90.4131464752940     
   627.000000000000        90.3870960402832     
   628.000000000000        90.3616680682237     
   629.000000000000        90.3351998454756     
   630.000000000000        90.3087270458362     
   631.000000000000        90.2831487549424     
   632.000000000000        90.2564335344514     
   633.000000000000        90.2310973384176     
   634.000000000000        90.2051752273300     
   635.000000000000        90.1793824711542     
   636.000000000000        90.1532336071071     
   637.000000000000        90.1278777484050     
   638.000000000000        90.1020499374621     
   639.000000000000        90.0757977269787     
   640.000000000000        90.0505456706025     
   641.000000000000        90.0245141261989     
   642.000000000000        89.9986926319904     
   643.000000000000        89.9733388026345     
   644.000000000000        89.9479753894425     
   645.000000000000        89.9221667911714     
   646.000000000000        89.8961242919644     
   647.000000000000        89.8714260087532     
   648.000000000000        89.8454797682648     
   649.000000000000        89.8196563508571     
   650.000000000000        89.7946396610753     
   651.000000000000        89.7693723886652     
   652.000000000000        89.7438639894451     
   653.000000000000        89.7179292810031     
   654.000000000000        89.6930054619656     
   655.000000000000        89.6671880123025     
   656.000000000000        89.6424740145607     
   657.000000000000        89.6166465975549     
   658.000000000000        89.5916079279223     
   659.000000000000        89.5660962951619     
   660.000000000000        89.5410594128157     
   661.000000000000        89.5157756829447     
   662.000000000000        89.4906253029997     
   663.000000000000        89.4651288093178     
   664.000000000000        89.4405339313977     
   665.000000000000        89.4150076077337     
   666.000000000000        89.3905200628013     
   667.000000000000        89.3651150292845     
   668.000000000000        89.3402761493027     
   669.000000000000        89.3150109863570     
   670.000000000000        89.2901898667567     
   671.000000000000        89.2655655922375     
   672.000000000000        89.2397107800074     
   673.000000000000        89.2151154231831     
   674.000000000000        89.1903720833723     
   675.000000000000        89.1653091048251     
   676.000000000000        89.1408118857638     
   677.000000000000        89.1153884814216     
   678.000000000000        89.0906978281175     
   679.000000000000        89.0661746422671     
   680.000000000000        89.0413095683817     
   681.000000000000        89.0164650222269     
   682.000000000000        88.9917441724151     
   683.000000000000        88.9671107397326     
   684.000000000000        88.9420183534713     
   685.000000000000        88.9177346939999     
   686.000000000000        88.8927716764647     
   687.000000000000        88.8689193969135     
   688.000000000000        88.8438332251544     
   689.000000000000        88.8192174014078     
   690.000000000000        88.7945723843105     
   691.000000000000        88.7697083566391     
   692.000000000000        88.7455176907775     
   693.000000000000        88.7208892360014     
   694.000000000000        88.6965779264331     
   695.000000000000        88.6723749743560     
   696.000000000000        88.6477213264577     
   697.000000000000        88.6233255523945     
   698.000000000000        88.5992468484778     
   699.000000000000        88.5747032817715     
   700.000000000000        88.5498040598949     
   701.000000000000        88.5257544495564     
   702.000000000000        88.5012938493106     
   703.000000000000        88.4775722468907     
   704.000000000000        88.4532142222887     
   705.000000000000        88.4286914862878     
   706.000000000000        88.4045841675939     
   707.000000000000        88.3799200219975     
   708.000000000000        88.3558450082463     
   709.000000000000        88.3319626310928     
   710.000000000000        88.3073907764539     
   711.000000000000        88.2830874633070     
   712.000000000000        88.2588623968722     
   713.000000000000        88.2347704507167     
   714.000000000000        88.2108969079133     
   715.000000000000        88.1867790689341     
   716.000000000000        88.1626849480066     
   717.000000000000        88.1385742589200     
   718.000000000000        88.1144474539476     
   719.000000000000        88.0902292700430     
   720.000000000000        88.0664488333505     
   721.000000000000        88.0418688827542     
   722.000000000000        88.0180969602004     
   723.000000000000        87.9941958476413     
   724.000000000000        87.9700694957271     
   725.000000000000        87.9466388617671     
   726.000000000000        87.9222937859629     
   727.000000000000        87.8986217384557     
   728.000000000000        87.8741445550145     
   729.000000000000        87.8503838152241     
   730.000000000000        87.8264621891777     
   731.000000000000        87.8030099005797     
   732.000000000000        87.7788681688825     
   733.000000000000        87.7550652122299     
   734.000000000000        87.7308167865952     
   735.000000000000        87.7067909528553     
   736.000000000000        87.6830073405087     
   737.000000000000        87.6594040186684     
   738.000000000000        87.6358280761035     
   739.000000000000        87.6119359571717     
   740.000000000000        87.5877600342189     
   741.000000000000        87.5645355886133     
   742.000000000000        87.5410561942739     
   743.000000000000        87.5167826961630     
   744.000000000000        87.4927571587881     
   745.000000000000        87.4690653576065     
   746.000000000000        87.4455755749696     
   747.000000000000        87.4218635672784     
   748.000000000000        87.3983715365761     
   749.000000000000        87.3745593020519     
   750.000000000000        87.3503987188268     
   751.000000000000        87.3270402892646     
   752.000000000000        87.3029806022682     
   753.000000000000        87.2797225881373     
   754.000000000000        87.2561199826620     
   755.000000000000        87.2316045935295     
   756.000000000000        87.2082427392976     
   757.000000000000        87.1848400614250     
   758.000000000000        87.1614529621825     
   759.000000000000        87.1378415980578     
   760.000000000000        87.1135410306977     
   761.000000000000        87.0899300012701     
   762.000000000000        87.0663294347078     
   763.000000000000        87.0428202987856     
   764.000000000000        87.0197447601124     
   765.000000000000        86.9958000476293     
   766.000000000000        86.9720479500928     
   767.000000000000        86.9484298598206     
   768.000000000000        86.9245905260212     
   769.000000000000        86.9008298437337     
   770.000000000000        86.8771994331043     
   771.000000000000        86.8539138876209     
   772.000000000000        86.8303755475817     
   773.000000000000        86.8065230140046     
   774.000000000000        86.7829913890714     
   775.000000000000        86.7594664389606     
   776.000000000000        86.7360756486723     
   777.000000000000        86.7124277211827     
   778.000000000000        86.6891052866797     
   779.000000000000        86.6656581782935     
   780.000000000000        86.6418092595509     
   781.000000000000        86.6177021126863     
   782.000000000000        86.5941587366519     
   783.000000000000        86.5708564244223     
   784.000000000000        86.5476548578579     
   785.000000000000        86.5235414490831     
   786.000000000000        86.4999979848016     
   787.000000000000        86.4768944288753     
   788.000000000000        86.4525576616073     
   789.000000000000        86.4292176332197     
   790.000000000000        86.4057799527926     
   791.000000000000        86.3824568153993     
   792.000000000000        86.3583411636757     
   793.000000000000        86.3346767938227     
   794.000000000000        86.3108887606472     
   795.000000000000        86.2869652568166     
   796.000000000000        86.2639973112416     
   797.000000000000        86.2401739646645     
   798.000000000000        86.2165737625244     
   799.000000000000        86.1925746111627     
   800.000000000000        86.1687913569160     
   801.000000000000        86.1451139209212     
   802.000000000000        86.1216385041846     
   803.000000000000        86.0983080707163     
   804.000000000000        86.0742735866588     
   805.000000000000        86.0501052319356     
   806.000000000000        86.0267689786946     
   807.000000000000        86.0027393783918     
   808.000000000000        85.9796094846285     
   809.000000000000        85.9556495714054     
   810.000000000000        85.9321719622354     
   811.000000000000        85.9076638105740     
   812.000000000000        85.8845488436545     
   813.000000000000        85.8603690944641     
   814.000000000000        85.8367752498246     
   815.000000000000        85.8129382494809     
   816.000000000000        85.7891976483669     
   817.000000000000        85.7649273759983     
   818.000000000000        85.7411167538314     
   819.000000000000        85.7178572211554     
   820.000000000000        85.6935534280441     
   821.000000000000        85.6697081571717     
   822.000000000000        85.6456601282473     
   823.000000000000        85.6216797402707     
   824.000000000000        85.5978677349128     
   825.000000000000        85.5738913442384     
   826.000000000000        85.5500263589341     
   827.000000000000        85.5260754068057     
   828.000000000000        85.5019810043857     
   829.000000000000        85.4782715176164     
   830.000000000000        85.4542992040464     
   831.000000000000        85.4302263901229     
   832.000000000000        85.4056607133627     
   833.000000000000        85.3816884755977     
   834.000000000000        85.3580371198271     
   835.000000000000        85.3333884604014     
   836.000000000000        85.3094096137772     
   837.000000000000        85.2850756937753     
   838.000000000000        85.2610025157947     
   839.000000000000        85.2360125957538     
   840.000000000000        85.2126888992139     
   841.000000000000        85.1881098820933     
   842.000000000000        85.1637953698693     
   843.000000000000        85.1399036253026     
   844.000000000000        85.1156705018296     
   845.000000000000        85.0912096661770     
   846.000000000000        85.0665472836934     
   847.000000000000        85.0424048936827     
   848.000000000000        85.0178513864268     
   849.000000000000        84.9933899373471     
   850.000000000000        84.9690288510030     
   851.000000000000        84.9444563665371     
   852.000000000000        84.9194286030767     
   853.000000000000        84.8955050380430     
   854.000000000000        84.8705557285431     
   855.000000000000        84.8461150291617     
   856.000000000000        84.8216349481920     
   857.000000000000        84.7967794855521     
   858.000000000000        84.7724643748373     
   859.000000000000        84.7470425199448     
   860.000000000000        84.7228045642962     
   861.000000000000        84.6975679437411     
   862.000000000000        84.6730238397366     
   863.000000000000        84.6482028281025     
   864.000000000000        84.6228048323369     
   865.000000000000        84.5983190128441     
   866.000000000000        84.5734202601572     
   867.000000000000        84.5481373878407     
   868.000000000000        84.5232988698578     
   869.000000000000        84.4984362335533     
   870.000000000000        84.4731434313538     
   871.000000000000        84.4484550193712     
   872.000000000000        84.4234431848098     
   873.000000000000        84.3982166644421     
   874.000000000000        84.3731811376795     
   875.000000000000        84.3476130672623     
   876.000000000000        84.3218671981891     
   877.000000000000        84.2967581545571     
   878.000000000000        84.2714821392202     
   879.000000000000        84.2462329161455     
   880.000000000000        84.2208106185124     
   881.000000000000        84.1946732968725     
   882.000000000000        84.1693506691096     
   883.000000000000        84.1438022918364     
   884.000000000000        84.1182357956968     
   885.000000000000        84.0930151472482     
   886.000000000000        84.0667520590898     
   887.000000000000        84.0408661244601     
   888.000000000000        84.0153182147758     
   889.000000000000        83.9898558054801     
   890.000000000000        83.9635636420142     
   891.000000000000        83.9376652043419     
   892.000000000000        83.9118648117782     
   893.000000000000        83.8852345407521     
   894.000000000000        83.8594562389792     
   895.000000000000        83.8337329214720     
   896.000000000000        83.8073440904193     
   897.000000000000        83.7809564195908     
   898.000000000000        83.7552412729288     
   899.000000000000        83.7285335827847     
   900.000000000000        83.7018117908010     
   901.000000000000        83.6757365800871     
   902.000000000000        83.6496478448448     
   903.000000000000        83.6230318936140     
   904.000000000000        83.5963157180427     
   905.000000000000        83.5701359186046     
   906.000000000000        83.5429194493373     
   907.000000000000        83.5166384195391     
   908.000000000000        83.4898652609506     
   909.000000000000        83.4628838706541     
   910.000000000000        83.4360091161158     
   911.000000000000        83.4096921347456     
   912.000000000000        83.3822351071826     
   913.000000000000        83.3554919248131     
   914.000000000000        83.3281188534770     
   915.000000000000        83.3005717041387     
   916.000000000000        83.2731081579252     
   917.000000000000        83.2461569151746     
   918.000000000000        83.2190213599252     
   919.000000000000        83.1915134097347     
   920.000000000000        83.1633561158761     
   921.000000000000        83.1366172859012     
   922.000000000000        83.1087888623040     
   923.000000000000        83.0814399885763     
   924.000000000000        83.0535021848319     
   925.000000000000        83.0261335309842     
   926.000000000000        82.9979754850156     
   927.000000000000        82.9702949566265     
   928.000000000000        82.9422050628201     
   929.000000000000        82.9139254380371     
   930.000000000000        82.8860921619933     
   931.000000000000        82.8581671399779     
   932.000000000000        82.8298550207668     
   933.000000000000        82.8011091188588     
   934.000000000000        82.7731425933442     
   935.000000000000        82.7438191134944     
   936.000000000000        82.7161254003748     
   937.000000000000        82.6874304916631     
   938.000000000000        82.6586862399576     
   939.000000000000        82.6298788035464     
   940.000000000000        82.6010958677405     
   941.000000000000        82.5717821452458     
   942.000000000000        82.5429347774451     
   943.000000000000        82.5143475565836     
   944.000000000000        82.4847588955418     
   945.000000000000        82.4559048177420     
   946.000000000000        82.4268025498477     
   947.000000000000        82.3972881371508     
   948.000000000000        82.3676880262312     
   949.000000000000        82.3381035619606     
   950.000000000000        82.3088952095883     
   951.000000000000        82.2786725366101     
   952.000000000000        82.2490690076142     
   953.000000000000        82.2193796730585     
   954.000000000000        82.1900309128375     
   955.000000000000        82.1594767910404     
   956.000000000000        82.1294255155796     
   957.000000000000        82.0992126128006     
   958.000000000000        82.0689750391435     
   959.000000000000        82.0384382361389     
   960.000000000000        82.0083439121113     
   961.000000000000        81.9784941186136     
   962.000000000000        81.9475140314394     
   963.000000000000        81.9165959608234     
   964.000000000000        81.8859430306583     
   965.000000000000        81.8550878150812     
   966.000000000000        81.8239779317282     
   967.000000000000        81.7932987662330     
   968.000000000000        81.7618058524216     
   969.000000000000        81.7309362472388     
   970.000000000000        81.6994386081509     
   971.000000000000        81.6677776665064     
   972.000000000000        81.6362684288273     
   973.000000000000        81.6049147859186     
   974.000000000000        81.5732573978950     
   975.000000000000        81.5411341646568     
   976.000000000000        81.5091172716226     
   977.000000000000        81.4780187196641     
   978.000000000000        81.4448210899326     
   979.000000000000        81.4126872545026     
   980.000000000000        81.3810843320318     
   981.000000000000        81.3480844893724     
   982.000000000000        81.3159958094953     
   983.000000000000        81.2835639730731     
   984.000000000000        81.2504581608115     
   985.000000000000        81.2183691826285     
   986.000000000000        81.1848981241543     
   987.000000000000        81.1516970167788     
   988.000000000000        81.1190383349679     
   989.000000000000        81.0856564593248     
   990.000000000000        81.0520958278344     
   991.000000000000        81.0188464486483     
   992.000000000000        80.9853475274427     
   993.000000000000        80.9510989821555     
   994.000000000000        80.9172570533667     
   995.000000000000        80.8836940471467     
   996.000000000000        80.8496444490403     
   997.000000000000        80.8157840638648     
   998.000000000000        80.7810212360117     
   999.000000000000        80.7468524736963     
   1000.00000000000        80.7123714157736     
   1001.00000000000        80.6779251459413     
   1002.00000000000        80.6430128398938     
   1003.00000000000        80.6079307441178     
   1004.00000000000        80.5736491594122     
   1005.00000000000        80.5381676710187     
   1006.00000000000        80.5028540250038     
   1007.00000000000        80.4672273428686     
   1008.00000000000        80.4318985601935     
   1009.00000000000        80.3964527216983     
   1010.00000000000        80.3607220959285     
   1011.00000000000        80.3252642751017     
   1012.00000000000        80.2884047481710     
   1013.00000000000        80.2530114142625     
   1014.00000000000        80.2166729762765     
   1015.00000000000        80.1807443796080     
   1016.00000000000        80.1437164273564     
   1017.00000000000        80.1078068752164     
   1018.00000000000        80.0704383393605     
   1019.00000000000        80.0338452724886     
   1020.00000000000        79.9969776203707     
   1021.00000000000        79.9594141553933     
   1022.00000000000        79.9224873316676     
   1023.00000000000        79.8854096706988     
   1024.00000000000        79.8474959232033     
   1025.00000000000        79.8097789115924     
   1026.00000000000        79.7716176270387     
   1027.00000000000        79.7337104250691     
   1028.00000000000        79.6960045309101     
   1029.00000000000        79.6579773073526     
   1030.00000000000        79.6186495560207     
   1031.00000000000        79.5808871119795     
   1032.00000000000        79.5417576689679     
   1033.00000000000        79.5029092331494     
   1034.00000000000        79.4636691946751     
   1035.00000000000        79.4242654020305     
   1036.00000000000        79.3849364032506     
   1037.00000000000        79.3456445403771     
   1038.00000000000        79.3066640246358     
   1039.00000000000        79.2662538525365     
   1040.00000000000        79.2269884454311     
   1041.00000000000        79.1861540079890     
   1042.00000000000        79.1466361679092     
   1043.00000000000        79.1062392257026     
   1044.00000000000        79.0661586650232     
   1045.00000000000        79.0249803547086     
   1046.00000000000        78.9843690537405     
   1047.00000000000        78.9433197484214     
   1048.00000000000        78.9018699646237     
   1049.00000000000        78.8606983335054     
   1050.00000000000        78.8196022297807     
   1051.00000000000        78.7774690931015     
   1052.00000000000        78.7355824447691     
   1053.00000000000        78.6937324878810     
   1054.00000000000        78.6516181839133     
   1055.00000000000        78.6092964685731     
   1056.00000000000        78.5673541427271     
   1057.00000000000        78.5242800247991     
   1058.00000000000        78.4814439232075     
   1059.00000000000        78.4386199926994     
   1060.00000000000        78.3951802127693     
   1061.00000000000        78.3520592537069     
   1062.00000000000        78.3083782936526     
   1063.00000000000        78.2641488722765     
   1064.00000000000        78.2209862147988     
   1065.00000000000        78.1766782440265     
   1066.00000000000        78.1323197079381     
   1067.00000000000        78.0880161583886     
   1068.00000000000        78.0430994384695     
   1069.00000000000        77.9984998307887     
   1070.00000000000        77.9537567549607     
   1071.00000000000        77.9088638822653     
   1072.00000000000        77.8628120857509     
   1073.00000000000        77.8175128839843     
   1074.00000000000        77.7717970498015     
   1075.00000000000        77.7263172383982     
   1076.00000000000        77.6792626794703     
   1077.00000000000        77.6329865952376     
   1078.00000000000        77.5868636535949     
   1079.00000000000        77.5397482948363     
   1080.00000000000        77.4928013616623     
   1081.00000000000        77.4464788881068     
   1082.00000000000        77.3987715765048     
   1083.00000000000        77.3508339751757     
   1084.00000000000        77.3036730414253     
   1085.00000000000        77.2561453771723     
   1086.00000000000        77.2080340302970     
   1087.00000000000        77.1595765659727     
   1088.00000000000        77.1112479242353     
   1089.00000000000        77.0623452424620     
   1090.00000000000        77.0130977753231     
   1091.00000000000        76.9641572382517     
   1092.00000000000        76.9148948748829     
   1093.00000000000        76.8650217495838     
   1094.00000000000        76.8153169877603     
   1095.00000000000        76.7655643514996     
   1096.00000000000        76.7150517980077     
   1097.00000000000        76.6645585099120     
   1098.00000000000        76.6143481683401     
   1099.00000000000        76.5629395506343     
   1100.00000000000        76.5120439210987     
   1101.00000000000        76.4604078013466     
   1102.00000000000        76.4090867437905     
   1103.00000000000        76.3573174703462     
   1104.00000000000        76.3055959169055     
   1105.00000000000        76.2527730071327     
   1106.00000000000        76.2004933725569     
   1107.00000000000        76.1477972701670     
   1108.00000000000        76.0951978769856     
   1109.00000000000        76.0413351774639     
   1110.00000000000        75.9881226363652     
   1111.00000000000        75.9347228680031     
   1112.00000000000        75.8806426109468     
   1113.00000000000        75.8267852445660     
   1114.00000000000        75.7719661960093     
   1115.00000000000        75.7186917712057     
   1116.00000000000        75.6623568864358     
   1117.00000000000        75.6078091078833     
   1118.00000000000        75.5522949652295     
   1119.00000000000        75.4966457268680     
   1120.00000000000        75.4407011157876     
   1121.00000000000        75.3845987144659     
   1122.00000000000        75.3286726756093     
   1123.00000000000        75.2708917510146     
   1124.00000000000        75.2152762379956     
   1125.00000000000        75.1577934393289     
   1126.00000000000        75.1010091694339     
   1127.00000000000        75.0428087446919     
   1128.00000000000        74.9851255141205     
   1129.00000000000        74.9265798882417     
   1130.00000000000        74.8683421659218     
   1131.00000000000        74.8099034917776     
   1132.00000000000        74.7505910817294     
   1133.00000000000        74.6910076795841     
   1134.00000000000        74.6314852398420     
   1135.00000000000        74.5718892273780     
   1136.00000000000        74.5118156693340     
   1137.00000000000        74.4515305259847     
   1138.00000000000        74.3906939687580     
   1139.00000000000        74.3298505037486     
   1140.00000000000        74.2689966925166     
   1141.00000000000        74.2074774829665     
   1142.00000000000        74.1456810444312     
   1143.00000000000        74.0828479784095     
   1144.00000000000        74.0210542125866     
   1145.00000000000        73.9588812043974     
   1146.00000000000        73.8954100721351     
   1147.00000000000        73.8326338507287     
   1148.00000000000        73.7688578745737     
   1149.00000000000        73.7047545416237     
   1150.00000000000        73.6413859020682     
   1151.00000000000        73.5774485724078     
   1152.00000000000        73.5114199074133     
   1153.00000000000        73.4466602485718     
   1154.00000000000        73.3824598028180     
   1155.00000000000        73.3160441005180     
   1156.00000000000        73.2503148781053     
   1157.00000000000        73.1833157026004     
   1158.00000000000        73.1174188845532     
   1159.00000000000        73.0501802343493     
   1160.00000000000        72.9833367503480     
   1161.00000000000        72.9155586849513     
   1162.00000000000        72.8475426528561     
   1163.00000000000        72.7787110832191     
   1164.00000000000        72.7108639011290     
   1165.00000000000        72.6417675882390     
   1166.00000000000        72.5733929345367     
   1167.00000000000        72.5031316734876     
   1168.00000000000        72.4336387420371     
   1169.00000000000        72.3632198717107     
   1170.00000000000        72.2926976587134     
   1171.00000000000        72.2219741110987     
   1172.00000000000        72.1498961037773     
   1173.00000000000        72.0788450753138     
   1174.00000000000        72.0079630094599     
   1175.00000000000        71.9345283872683     
   1176.00000000000        71.8618254424599     
   1177.00000000000        71.7898196068079     
   1178.00000000000        71.7163393859535     
   1179.00000000000        71.6429690799354     
   1180.00000000000        71.5682481114536     
   1181.00000000000        71.4951010275556     
   1182.00000000000        71.4198365519132     
   1183.00000000000        71.3448166346349     
   1184.00000000000        71.2687388302114     
   1185.00000000000        71.1935324235854     
   1186.00000000000        71.1167394881806     
   1187.00000000000        71.0405691196517     
   1188.00000000000        70.9642021051942     
   1189.00000000000        70.8863088121093     
   1190.00000000000        70.8080155473387     
   1191.00000000000        70.7307748915111     
   1192.00000000000        70.6519360745211     
   1193.00000000000        70.5729294806010     
   1194.00000000000        70.4931466463767     
   1195.00000000000        70.4137756577059     
   1196.00000000000        70.3343308460929     
   1197.00000000000        70.2530646394679     
   1198.00000000000        70.1722242676396     
   1199.00000000000        70.0913487163354     
   1200.00000000000        70.0094190675221     
   1201.00000000000        69.9272508255386     
   1202.00000000000        69.8453299179204     
   1203.00000000000        69.7617310280762     
   1204.00000000000        69.6780770516310     
   1205.00000000000        69.5943690470856     
   1206.00000000000        69.5108094169235     
   1207.00000000000        69.4258591922167     
   1208.00000000000        69.3409343959677     
   1209.00000000000        69.2552023641226     
   1210.00000000000        69.1694560735798     
   1211.00000000000        69.0832394506976     
   1212.00000000000        68.9962457129594     
   1213.00000000000        68.9095025182826     
   1214.00000000000        68.8222137911922     
   1215.00000000000        68.7336128316428     
   1216.00000000000        68.6453901399269     
   1217.00000000000        68.5561194428631     
   1218.00000000000        68.4663506842874     
   1219.00000000000        68.3764861200771     
   1220.00000000000        68.2861703362510     
   1221.00000000000        68.1952618380462     
   1222.00000000000        68.1040777281563     
   1223.00000000000        68.0121129293752     
   1224.00000000000        67.9196827271324     
   1225.00000000000        67.8268760983299     
   1226.00000000000        67.7338097018084     
   1227.00000000000        67.6400252802820     
   1228.00000000000        67.5454653713759     
   1229.00000000000        67.4510390915720     
   1230.00000000000        67.3557020878918     
   1231.00000000000        67.2600739757122     
   1232.00000000000        67.1631666204669     
   1233.00000000000        67.0666639845037     
   1234.00000000000        66.9695015122740     
   1235.00000000000        66.8727298966999     
   1236.00000000000        66.7738416646112     
   1237.00000000000        66.6746521769570     
   1238.00000000000        66.5758474463099     
   1239.00000000000        66.4762081351255     
   1240.00000000000        66.3750824849625     
   1241.00000000000        66.2750542949859     
   1242.00000000000        66.1732262478696     
   1243.00000000000        66.0714841701524     
   1244.00000000000        65.9691939237998     
   1245.00000000000        65.8666968467725     
   1246.00000000000        65.7625252443354     
   1247.00000000000        65.6585808801972     
   1248.00000000000        65.5530858121605     
   1249.00000000000        65.4479124220072     
   1250.00000000000        65.3424471735460     
   1251.00000000000        65.2354932975436     
   1252.00000000000        65.1285061592369     
   1253.00000000000        65.0212670944841     
   1254.00000000000        64.9127890398001     
   1255.00000000000        64.8039561549540     
   1256.00000000000        64.6944019092385     
   1257.00000000000        64.5839365117380     
   1258.00000000000        64.4734826653911     
   1259.00000000000        64.3627522654378     
   1260.00000000000        64.2518918575488     
   1261.00000000000        64.1400121084016     
   1262.00000000000        64.0252347435122     
   1263.00000000000        63.9119243006298     
   1264.00000000000        63.7977899706849     
   1265.00000000000        63.6822627439036     
   1266.00000000000        63.5673601842756     
   1267.00000000000        63.4508382550474     
   1268.00000000000        63.3342720034709     
   1269.00000000000        63.2165420793094     
   1270.00000000000        63.0992242748439     
   1271.00000000000        62.9797709451555     
   1272.00000000000        62.8601828385338     
   1273.00000000000        62.7392179812758     
   1274.00000000000        62.6201295156475     
   1275.00000000000        62.4969556364650     
   1276.00000000000        62.3748276226067     
   1277.00000000000        62.2519629295320     
   1278.00000000000        62.1293160172551     
   1279.00000000000        62.0044827406921     
   1280.00000000000        61.8795332027359     
   1281.00000000000        61.7523571557990     
   1282.00000000000        61.6283774155727     
   1283.00000000000        61.4976200675397     
   1284.00000000000        61.3711839085713     
   1285.00000000000        61.2429808219490     
   1286.00000000000        61.1134729008416     
   1287.00000000000        60.9817501104730     
   1288.00000000000        60.8506765626296     
   1289.00000000000        60.7199875200310     
   1290.00000000000        60.5879957949271     
   1291.00000000000        60.4542931650458     
   1292.00000000000        60.3199461777030     
   1293.00000000000        60.1847118816621     
   1294.00000000000        60.0484674169249     
   1295.00000000000        59.9126199511329     
   1296.00000000000        59.7743723898171     
   1297.00000000000        59.6360008773183     
   1298.00000000000        59.4984311721560     
   1299.00000000000        59.3582713625538     
   1300.00000000000        59.2163439228203     
   1301.00000000000        59.0752632111458     
   1302.00000000000        58.9321406659140     
   1303.00000000000        58.7885903312513     
   1304.00000000000        58.6453737792902     
   1305.00000000000        58.5007245700313     
   1306.00000000000        58.3536778099338     
   1307.00000000000        58.2069418981475     
   1308.00000000000        58.0603444279377     
   1309.00000000000        57.9107021425428     
   1310.00000000000        57.7597801952761     
   1311.00000000000        57.6106097437891     
   1312.00000000000        57.4593675753541     
   1313.00000000000        57.3046268712063     
   1314.00000000000        57.1524062626299     
   1315.00000000000        56.9976649418564     
   1316.00000000000        56.8406038956143     
   1317.00000000000        56.6850317873530     
   1318.00000000000        56.5285338176499     
   1319.00000000000        56.3712148647212     
   1320.00000000000        56.2086112365662     
   1321.00000000000        56.0490301653055     
   1322.00000000000        55.8881110581665     
   1323.00000000000        55.7246405094487     
   1324.00000000000        55.5627066491179     
   1325.00000000000        55.3958513110653     
   1326.00000000000        55.2275539621615     
   1327.00000000000        55.0644892643174     
   1328.00000000000        54.8912615156671     
   1329.00000000000        54.7236483753747     
   1330.00000000000        54.5570801655817     
   1331.00000000000        54.3815531945356     
   1332.00000000000        54.2111327707583     
   1333.00000000000        54.0366415257590     
   1334.00000000000        53.8599933699522     
   1335.00000000000        53.6855353653379     
   1336.00000000000        53.5061612554191     
   1337.00000000000        53.3292188485138     
   1338.00000000000        53.1477394000925     
   1339.00000000000        52.9666919691490     
   1340.00000000000        52.7827900426480     
   1341.00000000000        52.6007780256791     
   1342.00000000000        52.4151322395786     
   1343.00000000000        52.2242244586320     
   1344.00000000000        52.0402190934971     
   1345.00000000000        51.8481018959448     
   1346.00000000000        51.6570441214183     
   1347.00000000000        51.4672804934864     
   1348.00000000000        51.2684020688118     
   1349.00000000000        51.0769991643209     
   1350.00000000000        50.8793115391678     
   1351.00000000000        50.6794070690191     
   1352.00000000000        50.4845613913206     
   1353.00000000000        50.2758499149197     
   1354.00000000000        50.0819287689984     
   1355.00000000000        49.8693457938762     
   1356.00000000000        49.6648980875253     
   1357.00000000000        49.4596555514714     
   1358.00000000000        49.2489804322891     
