   16.1451823282935       -528.504119476798     
   16.1451823282935       -528.504119476798     
   16.1451823282935       -528.504119476798     
   16.1451823282935       -528.504119476798     
   16.1451823282941       -528.504119476813     
   16.1451823282933       -528.504119476798     
   16.1451823285522       -528.504119481877     
   16.1451823290686       -528.504119492020     
   16.1451823324211       -528.504119557823     
   16.1451823417033       -528.504119740071     
   16.1451823662033       -528.504120221129     
   16.1451824152023       -528.504121183185     
   16.1451825034032       -528.504122914950     
   16.1451826455148       -528.504125705193     
   16.1451828591088       -528.504129898982     
   16.1451831618209       -528.504135842479     
   16.1451835722201       -528.504143900340     
   16.1451859634457       -528.504190850188     
   16.1451866412944       -528.504204159195     
   16.1451889926220       -528.504250325597     
   16.1451900073189       -528.504270248319     
   16.1451934342990       -528.504337534148     
   16.1451948499798       -528.504365329805     
   16.1451995401312       -528.504457416711     
   16.1452032933874       -528.504531108338     
   16.1452075537503       -528.504614756355     
   16.1452123490889       -528.504708907902     
   16.1452177125459       -528.504814213637     
   16.1452236734744       -528.504931249729     
   16.1452302671452       -528.505060708616     
   16.1452375268581       -528.505203244000     
   16.1452454912786       -528.505359614835     
   16.1452542001009       -528.505530600320     
   16.1452636954505       -528.505717027350     
   16.1452740248277       -528.505919828283     
   16.1452852363888       -528.506139948353     
   16.1452973829806       -528.506378424834     
   16.1453105192335       -528.506636329927     
   16.1453247043029       -528.506914824698     
   16.1453400011758       -528.507215145306     
   16.1453564715553       -528.507538502643     
   16.1453741844371       -528.507886250736     
   16.1453932076451       -528.508259720489     
   16.1454136134407       -528.508660329826     
   16.1454354735118       -528.509089485276     
   16.1454588622165       -528.509548645729     
   16.1454838545639       -528.510039282701     
   16.1455105277067       -528.510562909651     
   16.1455389550092       -528.511120965471     
   16.1455692156515       -528.511715003100     
   16.1456013838202       -528.512346477262     
   16.1456355348763       -528.513016865531     
   16.1456717445833       -528.513727653175     
   16.1457100849157       -528.514480250888     
   16.1457506289182       -528.515276090067     
   16.1457934463399       -528.516116537299     
   16.1458386071036       -528.517002962180     
   16.1458861773935       -528.517936660777     
   16.1459362223967       -528.518918909191     
   16.1459888042632       -528.519950923728     
   16.1460439834740       -528.521033887548     
   16.1461018174049       -528.522168922573     
   16.1461623630209       -528.523357142360     
   16.1462256708390       -528.524599533572     
   16.1462917919436       -528.525897093656     
   16.1463607743772       -528.527250760060     
   16.1464326626829       -528.528661401127     
   16.1465074989602       -528.530129837018     
   16.1465853215346       -528.531656813313     
   16.1466661680193       -528.533243061363     
   16.1467500735412       -528.534889263348     
   16.1468370681724       -528.536596001853     
   16.1469271822900       -528.538363865096     
   16.1470204407109       -528.540193331923     
   16.1471168691357       -528.542084897956     
   16.1472164873678       -528.544038942928     
   16.1473193172507       -528.546055886123     
   16.1474253737138       -528.548136010941     
   16.1475346719532       -528.550279605479     
   16.1476472251028       -528.552486917179     
   16.1477630447294       -528.554758162340     
   16.1478821376799       -528.557093464318     
   16.1480045116344       -528.559492962479     
   16.1481301720023       -528.561956751393     
   16.1482591223684       -528.564484889386     
   16.1483913617663       -528.567077345317     
   16.1485268933778       -528.569734169025     
   16.1486657135707       -528.572455276488     
   16.1488078195405       -528.575240599501     
   16.1489532074208       -528.578090048890     
   16.1491018711845       -528.581003492727     
   16.1492538040751       -528.583980784606     
   16.1494089989055       -528.587021769272     
   16.1495674436915       -528.590126197349     
   16.1497291308925       -528.593293906204     
   16.1498940490713       -528.596524656590     
   16.1500621825445       -528.599818125949     
   16.1502335211215       -528.603174098957     
   16.1504080531150       -528.606592330820     
   16.1505857594826       -528.610072432450     
   16.1507666275243       -528.613614138842     
   16.1509506402773       -528.617217101259     
   16.1511377805136       -528.620880965580     
   16.1513280327309       -528.624605411314     
   16.1515213787269       -528.628390064958     
   16.1517177998163       -528.632234543387     
   16.1519172791189       -528.636138498681     
   16.1521197948372       -528.640101486453     
   16.1523253315794       -528.644123187667     
   16.1525338639131       -528.648203086574     
   16.1527453760717       -528.652340856541     
   16.1529598482866       -528.656536092414     
   16.1531772583769       -528.660788341818     
   16.1533975850266       -528.665097169200     
   16.1536208084912       -528.669462169637     
   16.1538469077157       -528.673882912495     
   16.1540758630291       -528.678358994119     
   16.1543076520683       -528.682889958189     
   16.1545422532915       -528.687475364335     
   16.1547796464242       -528.692114796926     
   16.1550198070558       -528.696807759450     
   16.1552627186355       -528.701553908919     
   16.1555083558788       -528.706352731650     
   16.1557567003490       -528.711203847794     
   16.1560077259639       -528.716106728010     
   16.1562614180477       -528.721061065837     
   16.1565177501587       -528.726066324889     
   16.1567767062258       -528.731122171332     
   16.1570382599345       -528.736228071371     
   16.1573023905041       -528.741383599161     
   16.1575690807767       -528.746588399648     
   16.1578383090437       -528.751842028869     
   16.1581100527677       -528.757144026764     
   16.1583842948302       -528.762494039023     
   16.1586610110777       -528.767891574040     
   16.1589401819388       -528.773336229628     
   16.1592217897845       -528.778827641567     
   16.1595058125980       -528.784365360028     
   16.1597922298880       -528.789948964943     
   16.1600810256785       -528.795578124365     
   16.1603721758307       -528.801252347184     
   16.1606656663627       -528.806971340324     
   16.1609614746212       -528.812734641760     
   16.1612595812719       -528.818541854169     
   16.1615599682809       -528.824392605631     
   16.1618626211113       -528.830286592318     
   16.1621675157446       -528.836223325823     
   16.1624746353698       -528.842202458167     
   16.1627839660969       -528.848223698180     
   16.1630954850067       -528.854286579095     
   16.1634091790309       -528.860390825866     
   16.1637250280421       -528.866536026151     
   16.1640430148138       -528.872721824009     
   16.1643631227010       -528.878947874997     
   16.1646853379447       -528.885213890768     
   16.1650096375948       -528.891519404380     
   16.1653360130457       -528.897864227736     
   16.1656644423021       -528.904247912578     
   16.1659949108890       -528.910670156853     
   16.1663274048979       -528.917130669608     
   16.1666619065204       -528.923629084078     
   16.1669984017373       -528.930165107260     
   16.1673368791649       -528.936738497359     
   16.1676773180410       -528.943348830478     
   16.1680197006715       -528.949995742427     
   16.1683640207373       -528.956679089897     
   16.1687102589380       -528.963398477645     
   16.1690584047763       -528.970153681250     
   16.1694084377360       -528.976944282083     
   16.1697603544358       -528.983770193881     
   16.1701141346166       -528.990631003122     
   16.1704697656347       -528.997526444000     
   16.1708272291082       -529.004456139548     
   16.1711865172459       -529.011419918214     
   16.1715476213224       -529.018417590254     
   16.1719105216101       -529.025448752873     
   16.1722752092179       -529.032513213300     
   16.1726416726127       -529.039610727530     
   16.1730098936587       -529.046740923906     
   16.1733798642906       -529.053903625725     
   16.1737515746734       -529.061098622129     
   16.1741250116276       -529.068325637490     
   16.1745001640144       -529.075584435792     
   16.1748770202778       -529.082874773012     
   16.1752555660467       -529.090196350677     
   16.1756357919956       -529.097548968086     
   16.1760176969556       -529.104932582093     
   16.1764012557615       -529.112346685841     
   16.1767864665211       -529.119791222285     
   16.1771733107670       -529.127265814241     
   16.1775617860079       -529.134770393182     
   16.1779518824963       -529.142304750421     
   16.1783435811521       -529.149868497130     
   16.1787368858876       -529.157461688475     
   16.1791317729433       -529.165083845437     
   16.1795282486051       -529.172735068991     
   16.1799262878788       -529.180414856499     
   16.1803258944347       -529.188123258456     
   16.1807270514811       -529.195859930609     
   16.1811297392094       -529.203624470727     
   16.1815339788191       -529.211417267288     
   16.1819397325370       -529.219237571699     
   16.1823470051632       -529.227085456383     
   16.1827557870461       -529.234960714966     
   16.1831660706831       -529.242863182677     
   16.1835778528626       -529.250792777340     
   16.1839911038809       -529.258748906737     
   16.1844058427572       -529.266731916854     
   16.1848220452302       -529.274741320332     
   16.1852397126765       -529.282777123488     
   16.1856588366617       -529.290839143679     
   16.1860793945044       -529.298926924457     
   16.1865013966406       -529.307040646308     
   16.1869248284650       -529.315180008140     
   16.1873496840086       -529.323344874982     
   16.1877759490925       -529.331534954181     
   16.1882036329323       -529.339750402462     
   16.1886327271605       -529.347991038798     
   16.1890632009476       -529.356256250889     
   16.1894950738305       -529.364546393685     
   16.1899283243807       -529.372861035561     
   16.1903629589656       -529.381200278411     
   16.1907989573671       -529.389563714081     
   16.1912363277322       -529.397951478546     
   16.1916750517129       -529.406363199669     
   16.1921151261675       -529.414798796934     
   16.1925565515743       -529.423258259209     
   16.1929993068890       -529.431741163004     
   16.1934434110156       -529.440247850114     
   16.1938888221250       -529.448777499070     
   16.1943355800131       -529.457330851656     
   16.1947836446748       -529.465907121528     
   16.1952330161799       -529.474506289800     
   16.1956837030857       -529.483128499880     
   16.1961356975775       -529.491773581802     
   16.1965889698872       -529.500440945907     
   16.1970435429882       -529.509131011146     
   16.1974994102286       -529.517843629932     
   16.1979565444775       -529.526578263307     
   16.1984149631087       -529.535335222899     
   16.1988746511865       -529.544114202901     
   16.1993356052774       -529.552915117340     
   16.1997978237962       -529.561737915472     
   16.2002613010301       -529.570582467772     
   16.2007260263339       -529.579448550590     
   16.2011920047891       -529.588336240427     
   16.2016592281884       -529.597245360143     
   16.2021276851843       -529.606175672903     
   16.2025973791526       -529.615127222467     
   16.2030683152482       -529.624100086483     
   16.2035404623880       -529.633093652170     
   16.2040138428111       -529.642108322529     
   16.2044884452410       -529.651143862080     
   16.2049642621648       -529.660200107188     
   16.2054412787232       -529.669276754415     
   16.2059195122228       -529.678374112365     
   16.2063989457437       -529.687491838471     
   16.2068795860126       -529.696630039849     
   16.2073614177826       -529.705788405845     
   16.2078444357450       -529.714966814892     
   16.2083286523057       -529.724165481835     
   16.2088140618264       -529.733384278676     
   16.2093006406787       -529.742622735779     
   16.2097884072762       -529.751881181961     
   16.2102773393964       -529.761159174464     
   16.2107674589561       -529.770457108243     
   16.2112587400250       -529.779774470298     
   16.2117511797211       -529.789111185150     
   16.2122447854157       -529.798467371555     
   16.2127395573097       -529.807843012153     
   16.2132354853576       -529.817237895535     
   16.2137325688432       -529.826651986965     
   16.2142307971546       -529.836085064366     
   16.2147301759428       -529.845537213594     
   16.2152306944737       -529.855008210317     
   16.2157323731290       -529.864498418829     
   16.2162351806556       -529.874007226594     
   16.2167391209239       -529.883534685694     
   16.2172442008194       -529.893080904891     
   16.2177504040814       -529.902645555529     
   16.2182577387459       -529.912228768124     
   16.2187662059378       -529.921830542400     
   16.2192757912244       -529.931450584321     
   16.2197865113603       -529.941089188651     
   16.2202983434172       -529.950745901078     
   16.2208112887947       -529.960420726493     
   16.2213253478380       -529.970113649804     
   16.2218405240242       -529.979824714959     
   16.2223568000121       -529.989553573396     
   16.2228741851566       -529.999300379714     
   16.2233926909231       -530.009065328049     
   16.2239122817914       -530.018847727610     
   16.2244329820945       -530.028648014806     
   16.2249547762573       -530.038465874546     
   16.2254776734253       -530.048301457020     
   16.2260016668277       -530.058154612751     
   16.2265267476036       -530.068025153247     
   16.2270529262004       -530.077913252768     
   16.2275801766496       -530.087818401298     
   16.2281085385078       -530.097741319812     
   16.2286379702046       -530.107681205292     
   16.2291684839388       -530.117638264725     
   16.2297000732683       -530.127612354991     
   16.2302327497363       -530.137603670330     
   16.2307665102721       -530.147612130662     
   16.2313013316246       -530.157637277734     
   16.2318372358021       -530.167679501654     
   16.2323742196208       -530.177738720173     
   16.2329122697908       -530.187814661767     
   16.2334513838858       -530.197907258480     
   16.2339915622839       -530.208016494871     
   16.2345328088193       -530.218142420024     
   16.2350751276563       -530.228285089033     
   16.2356185030340       -530.238444184361     
   16.2361629464995       -530.248619899023     
   16.2367084369047       -530.258811815002     
   16.2372549947992       -530.269020293330     
   16.2378026108178       -530.279245136058     
   16.2383512744070       -530.289486123162     
   16.2389010050850       -530.299743595824     
   16.2394517705028       -530.310016927382     
   16.2400035932252       -530.320306515729     
   16.2405564704809       -530.330612285761     
   16.2411103977169       -530.340934129374     
   16.2416653696832       -530.351271925421     
   16.2422213791213       -530.361625515361     
   16.2427784390911       -530.371995119058     
   16.2433365575795       -530.382380861454     
   16.2438956914079       -530.392781915652     
   16.2444558914938       -530.403199205262     
   16.2450171148964       -530.413631908043     
   16.2455793871827       -530.424080475612     
   16.2461426944379       -530.434544625590     
   16.2467070336613       -530.445024278481     
   16.2472724143819       -530.455519587325     
   16.2478388179138       -530.466030181458     
   16.2484062639638       -530.476556402544     
   16.2489747325197       -530.487097855323     
   16.2495442479103       -530.497654966850     
   16.2501147926408       -530.508227388476     
   16.2506863511905       -530.518814808544     
   16.2512589508687       -530.529417708676     
   16.2518325643687       -530.540035558923     
   16.2524072117213       -530.550668705750     
   16.2529828897431       -530.561317065643     
   16.2535595782853       -530.571980241497     
   16.2541372984175       -530.582658598389     
   16.2547160579645       -530.593352256052     
   16.2552958130439       -530.604060379119     
   16.2558765908572       -530.614783445490     
   16.2564584023263       -530.625521631839     
   16.2570412379821       -530.636274738325     
   16.2576250650921       -530.647042136377     
   16.2582099201999       -530.657824475100     
   16.2587958058280       -530.668621775651     
   16.2593826891507       -530.679433408091     
   16.2599705968697       -530.690259839161     
   16.2605595288837       -530.701101041574     
   16.2611494592590       -530.711956512663     
   16.2617404042335       -530.722826526006     
   16.2623323662099       -530.733711100271     
   16.2629253324820       -530.744609976318     
   16.2635193008987       -530.755523089261     
   16.2641143064567       -530.766451056217     
   16.2647103042137       -530.777393025972     
   16.2653072981215       -530.788349045615     
   16.2659053124419       -530.799319534563     
   16.2665043428936       -530.810304388142     
   16.2671043771820       -530.821303354896     
   16.2677054004060       -530.832316135798     
   16.2683074433193       -530.843343268309     
   16.2689104822178       -530.854384292034     
   16.2695145405395       -530.865439609755     
   16.2701195709304       -530.876508328700     
   16.2707256488945       -530.887591803679     
   16.2713326909769       -530.898688481975     
   16.2719407457869       -530.909799225934     
   16.2725498008479       -530.920923780941     
   16.2731598556076       -530.932062110209     
   16.2737709237652       -530.943214437008     
   16.2743829870802       -530.954380401585     
   16.2749960185424       -530.965559484641     
   16.2756100820243       -530.976752823990     
   16.2762251363379       -530.987959641585     
   16.2768411805380       -530.999179893246     
   16.2774582256159       -531.010413752054     
   16.2780762551659       -531.021660892220     
   16.2786953050028       -531.032921937993     
   16.2793153360828       -531.044196151750     
   16.2799363557774       -531.055483640273     
   16.2805583766912       -531.066784605136     
   16.2811813988489       -531.078099019040     
   16.2818054119178       -531.089426666629     
   16.2824303915521       -531.100767078548     
   16.2830563840907       -531.112121067898     
   16.2836833830164       -531.123488488171     
   16.2843113565266       -531.134868734909     
   16.2849403140956       -531.146261951959     
   16.2855702727728       -531.157668420128     
   16.2862012201261       -531.169087885966     
   16.2868331513230       -531.180520233844     
   16.2874660818863       -531.191965716222     
   16.2880999997549       -531.203424086503     
   16.2887348917022       -531.214895077283     
   16.2893707913036       -531.226379266605     
   16.2900076609406       -531.237875946390     
   16.2906455358164       -531.249385723466     
   16.2912843659177       -531.260907666729     
   16.2919242017405       -531.272442658228     
   16.2925650352547       -531.283990523836     
   16.2932068525338       -531.295550983530     
   16.2938496385880       -531.307123738399     
   16.2944934163421       -531.318709172119     
   16.2951381933229       -531.330307390628     
   16.2957839185705       -531.341917448226     
   16.2964306713774       -531.353540741038     
   16.2970783811880       -531.365175971354     
   16.2977270840456       -531.376823757280     
   16.2983767606320       -531.388483722330     
   16.2990273901928       -531.400155464697     
   16.2996790541928       -531.411840415720     
   16.3003316801704       -531.423537245821     
   16.3009852679095       -531.435245921632     
   16.3016398616459       -531.446967205498     
   16.3022954368068       -531.458700626958     
   16.3029519815793       -531.470445944520     
   16.3036094916479       -531.482203050953     
   16.3042680077804       -531.493972644792     
   16.3049274692845       -531.505753610880     
   16.3055879568699       -531.517547360359     
   16.3062494076724       -531.529352739715     
   16.3069118142224       -531.541169585427     
   16.3075751959147       -531.552998213010     
   16.3082395948872       -531.564839342464     
   16.3089049500987       -531.576691854731     
   16.3095712550111       -531.588555602910     
   16.3102385573322       -531.600431405459     
   16.3109068641361       -531.612319356456     
   16.3115760896650       -531.624217899458     
   16.3122463344107       -531.636128790065     
   16.3129175428862       -531.648051010357     
   16.3135896872620       -531.659984035068     
   16.3142628801627       -531.671929831733     
   16.3149370130330       -531.683886441751     
   16.3156121041897       -531.695854158912     
   16.3162881778097       -531.707833380060     
   16.3169652074237       -531.719823604290     
   16.3176432517453       -531.731825839146     
   16.3183222241552       -531.743838519251     
   16.3190021939486       -531.755862838661     
   16.3196831373907       -531.767898345031     
   16.3203650281933       -531.779944541646     
   16.3210478960393       -531.792001920679     
   16.3217317293388       -531.804070244951     
   16.3224165734376       -531.816150281666     
   16.3231023430763       -531.828240494229     
   16.3237891110349       -531.840342133219     
   16.3244768392453       -531.852454494685     
   16.3251655252607       -531.864577502871     
   16.3258551821775       -531.876711355406     
   16.3265458135831       -531.888856082092     
   16.3272374076672       -531.901011442111     
   16.3279299682702       -531.913177469687     
   16.3286234952399       -531.925354128805     
   16.3293179989183       -531.937541567429     
   16.3300134607178       -531.949739425836     
   16.3307098936990       -531.961947899530     
   16.3314072858470       -531.974166744083     
   16.3321056277759       -531.986395761633     
   16.3328049604959       -531.998635636235     
   16.3335052479013       -532.010885701777     
   16.3342064991776       -532.023146085019     
   16.3349087074354       -532.035416631392     
   16.3356118751453       -532.047697350048     
   16.3363160169106       -532.059988461551     
   16.3370211477235       -532.072290192693     
   16.3377271889693       -532.084601137773     
   16.3384342172325       -532.096922597964     
   16.3391421986503       -532.109253948234     
   16.3398511423974       -532.121595313656     
   16.3405610359290       -532.133946441245     
   16.3412719381754       -532.146308320705     
   16.3419837592132       -532.158679353321     
   16.3426965152585       -532.171059786691     
   16.3434102750333       -532.183450779004     
   16.3441249757526       -532.195851204669     
   16.3448406333621       -532.208261305219     
   16.3455572674057       -532.220681383871     
   16.3462748444794       -532.233110826041     
   16.3469933625123       -532.245549560685     
   16.3477128414777       -532.257997898021     
   16.3484332643568       -532.270455507882     
   16.3491547165450       -532.282923830149     
   16.3498770352454       -532.295400015486     
   16.3506003227456       -532.307885795773     
   16.3513246232926       -532.320381897516     
   16.3520498278153       -532.332886402583     
   16.3527759712025       -532.345399877144     
   16.3535030816707       -532.357922771102     
   16.3542311583593       -532.370455032622     
   16.3549601717538       -532.382996117158     
   16.3556901764644       -532.395546927059     
   16.3564210956637       -532.408106104631     
   16.3571529359817       -532.420673727916     
   16.3578857749340       -532.433251090857     
   16.3586195619924       -532.445837288469     
   16.3593542760112       -532.458431921317     
   16.3600899202053       -532.471035007882     
   16.3608265500270       -532.483647460584     
   16.3615641127579       -532.496268339062     
   16.3623026282937       -532.508897946420     
   16.3630420682819       -532.521535760461     
   16.3637824569857       -532.534182158517     
   16.3645238193690       -532.546837528804     
   16.3652660581769       -532.559500173928     
   16.3660093057605       -532.572172313914     
   16.3667534828062       -532.584852557760     
   16.3674985905307       -532.597540888528     
   16.3682446571861       -532.610237749061     
   16.3689916497619       -532.622942539325     
   16.3697395789006       -532.635655402322     
   16.3704884785270       -532.648376875833     
   16.3712382632341       -532.661105470979     
   16.3719890247744       -532.673842707052     
   16.3727407132700       -532.686587698758     
   16.3734933380091       -532.699340565043     
   16.3742468944142       -532.712101189580     
   16.3750013946195       -532.724869738944     
   16.3757568635750       -532.737646595662     
   16.3765132441482       -532.750430754269     
   16.3772705411495       -532.763222257563     
   16.3780287608513       -532.776021172700     
   16.3787879450372       -532.788828165314     
   16.3795480416800       -532.801642318154     
   16.3803090825070       -532.814464126655     
   16.3810710146108       -532.827292660339     
   16.3818339337682       -532.840129491800     
   16.3825977453373       -532.852972988549     
   16.3833625138807       -532.865824196488     
   16.3841281822779       -532.878682115828     
   16.3848948157906       -532.891547802370     
   16.3856623399665       -532.904419966508     
   16.3864307904796       -532.917299166962     
   16.3872002051941       -532.930185997408     
   16.3879704830480       -532.943078725177     
   16.3887417364024       -532.955979190709     
   16.3895139162182       -532.968886532297     
   16.3902869826122       -532.981800043242     
   16.3910609651055       -532.994720176648     
   16.3918358959654       -533.007647430044     
   16.3926117406100       -533.020581185338     
   16.3933884908827       -533.033521265985     
   16.3941661511218       -533.046467703563     
   16.3949447567496       -533.059421046448     
   16.3957242637922       -533.072380521640     
   16.3965047056670       -533.085346643391     
   16.3972860089892       -533.098318151795     
   16.3980682985314       -533.111297076626     
   16.3988514287539       -533.124280961783     
   16.3996355379711       -533.137272058986     
   16.4004205261145       -533.150268668091     
   16.4012064113322       -533.163271048630     
   16.4019932548192       -533.176280170635     
   16.4027809279684       -533.189293866526     
   16.4035695458024       -533.202313995411     
   16.4043590998914       -533.215340374940     
   16.4051495354974       -533.228372059792     
   16.4059408927171       -533.241409669034     
   16.4067331085910       -533.254452123641     
   16.4075262733072       -533.267500866103     
   16.4083203301984       -533.280554921032     
   16.4091152523819       -533.293613804868     
   16.4099111541467       -533.306679351823     
   16.4107078902826       -533.319749135146     
   16.4115055265893       -533.332824192679     
   16.4123041103438       -533.345905255701     
   16.4131035168257       -533.358990238776     
   16.4139038401504       -533.372080640402     
   16.4147050584824       -533.385176060052     
   16.4155072239369       -533.398277305445     
   16.4163102408718       -533.411382771083     
   16.4171141040213       -533.424492329374     
   16.4179189470526       -533.437608116059     
   16.4187246139540       -533.450727544943     
   16.4195312113051       -533.463852308516     
   16.4203386511253       -533.476980931737     
   16.4211470014474       -533.490114477463     
   16.4219562216357       -533.503252241702     
   16.4227663514740       -533.516394826380     
   16.4235773400083       -533.529541361087     
   16.4243892005165       -533.542692017712     
   16.4252019615436       -533.555847214535     
   16.4260156082664       -533.569006667123     
   16.4268301036451       -533.582169732763     
   16.4276454797954       -533.595336886792     
   16.4284617526815       -533.608508342310     
   16.4292789017336       -533.621683722697     
   16.4300969220960       -533.634862905310     
   16.4309157590243       -533.648044964837     
   16.4317355443204       -533.661231978185     
   16.4325561486818       -533.674421820324     
   16.4333776611283       -533.687615877716     
   16.4341999877195       -533.700812597206     
   16.4350232034773       -533.714013138509     
   16.4358473369789       -533.727217913678     
   16.4366722809715       -533.740425159325     
   16.4374980727419       -533.753635428759     
   16.4383247273234       -533.766848917701     
   16.4391522779423       -533.780066111503     
   16.4399806374345       -533.793285573120     
   16.4408098922919       -533.806508637877     
   16.4416400016256       -533.819734607809     
   16.4424709304789       -533.832962881352     
   16.4433027565097       -533.846194649290     
   16.4441354153593       -533.859428841912     
   16.4449689096662       -533.872665456365     
   16.4458032420044       -533.885904488503     
   16.4466384453009       -533.899146414944     
   16.4474745151753       -533.912391119709     
   16.4483113973274       -533.925637697161     
   16.4491491353760       -533.938886792326     
   16.4499877492901       -533.952138674256     
   16.4508271138299       -533.965391319172     
   16.4516673485497       -533.978646569929     
   16.4525084434486       -533.991904221679     
   16.4533503790271       -534.005163920534     
   16.4541931231501       -534.018425114700     
   16.4550367080923       -534.031688266288     
   16.4558811887597       -534.044954190918     
   16.4567263934772       -534.058220146355     
   16.4575724715091       -534.071488430331     
   16.4584193800451       -534.084758324170     
   16.4592671125130       -534.098029678469     
   16.4601156348920       -534.111301914949     
   16.4609650346815       -534.124576355302     
   16.4618152342535       -534.137851739128     
   16.4626662443993       -534.151128188983     
   16.4635180905517       -534.164406054755     
   16.4643706857452       -534.177683935326     
   16.4652241427508       -534.190963540575     
   16.4660784333718       -534.204244383611     
   16.4669335143539       -534.217525745160     
   16.4677893919666       -534.230807676533     
   16.4686461110478       -534.244090826222     
   16.4695035898446       -534.257373879984     
   16.4703619350133       -534.270658442751     
   16.4712210235190       -534.283942563270     
   16.4720809142036       -534.297227105577     
   16.4729416496852       -534.310512680036     
   16.4738031614093       -534.323798180892     
   16.4746654313513       -534.337083284277     
   16.4755285312563       -534.350369048392     
   16.4763924372884       -534.363655058114     
   16.4772571218944       -534.376940842398     
   16.4781225565372       -534.390225916519     
   16.4789888405897       -534.403511758152     
   16.4798558444573       -534.416796332414     
   16.4807236745514       -534.430081222876     
   16.4815922752913       -534.443365530678     
   16.4824616206282       -534.456648810898     
   16.4833318032990       -534.469932432534     
   16.4842027406355       -534.483215085333     
   16.4850744478472       -534.496496954234     
   16.4859468861709       -534.509777402054     
   16.4868201503399       -534.523057822968     
   16.4876942430386       -534.536338207661     
   16.4885690109223       -534.549616179327     
   16.4894445300773       -534.562892847549     
   16.4903208642347       -534.576169130203     
   16.4911979190042       -534.589443549296     
   16.4920757064147       -534.602716240668     
   16.4929543251596       -534.615988647769     
   16.4938336734571       -534.629259184236     
   16.4947137559382       -534.642527873162     
   16.4955945907209       -534.655794940278     
   16.4964762261446       -534.669061064633     
   16.4973585318975       -534.682324238165     
   16.4982416232507       -534.695586146569     
   16.4991254820471       -534.708846467809     
   16.5000099970271       -534.722103486216     
   16.5008952994463       -534.735359121842     
   16.5017814009931       -534.748613499367     
   16.5026681416080       -534.761864177417     
   16.5035556806637       -534.775113490192     
   16.5044439319082       -534.788360101127     
   16.5053328775888       -534.801603698666     
   16.5062225995657       -534.814845453991     
   16.5071130336235       -534.828084362642     
   16.5080041543828       -534.841320000283     
   16.5088960484997       -534.854553605634     
   16.5097886340799       -534.867783914931     
   16.5106819119350       -534.881010893354     
   16.5115759279285       -534.894235171931     
   16.5124706324636       -534.907455969020     
   16.5133660612820       -534.920673764864     
   16.5142622469147       -534.933888990199     
   16.5151590365327       -534.947099344514     
   16.5160565856642       -534.960307071829     
   16.5169548678811       -534.973511733187     
   16.5178537607819       -534.986711482532     
   16.5187534410362       -534.999908866012     
   16.5196537770492       -535.013101904042     
   16.5205548196982       -535.026291294635     
   16.5214565262197       -535.039476364051     
   16.5223589087463       -535.052657242544     
   16.5232620363732       -535.065834890236     
   16.5241657991798       -535.079007654902     
   16.5250702465279       -535.092176209044     
   16.5259753683436       -535.105340358044     
   16.5268811558485       -535.118499926495     
   16.5277876666270       -535.131655702149     
   16.5286948126904       -535.144806359720     
   16.5296026164566       -535.157952177426     
   16.5305111129362       -535.171093613855     
   16.5314202438934       -535.184229778912     
   16.5323300652747       -535.197361433005     
   16.5332405202097       -535.210487707387     
   16.5341516710642       -535.223609453009     
   16.5350633876023       -535.236724747636     
   16.5359758700233       -535.249836422779     
   16.5368889024949       -535.262941328925     
   16.5378026190982       -535.276041344288     
   16.5387170446404       -535.289136774343     
   16.5396320396235       -535.302225573774     
   16.5405477101596       -535.315309213722     
   16.5414639571169       -535.328386230583     
   16.5423809026117       -535.341458319570     
   16.5432984813117       -535.354524500086     
   16.5442166235910       -535.367583734624     
   16.5451354078616       -535.380637092181     
   16.5460548569631       -535.393684848372     
   16.5469749293633       -535.406726365254     
   16.5478955675809       -535.419760781893     
   16.5488169026546       -535.432789905433     
   16.5497388007442       -535.445811795129     
   16.5506612876497       -535.458826769769     
   16.5515843941254       -535.471835216289     
   16.5525081874587       -535.484838033328     
   16.5534325349349       -535.497833304893     
   16.5543574151208       -535.510820685377     
   16.5552829763810       -535.523802210606     
   16.5562090983687       -535.536776144349     
   16.5571358225116       -535.549743020558     
   16.5580631671264       -535.562703047501     
   16.5589910595800       -535.575655163353     
   16.5599195390054       -535.588599868410     
   16.5608486426652       -535.601537634138     
   16.5617782971109       -535.614467390638     
   16.5627084953229       -535.627388995039     
   16.5636393190863       -535.640303536245     
   16.5645706887795       -535.653209862227     
   16.5655026430187       -535.666108461708     
   16.5664351670144       -535.678999082942     
   16.5673682129760       -535.691881019680     
   16.5683018330494       -535.704754946200     
   16.5692360835158       -535.717621589822     
   16.5701708068159       -535.730478734622     
   16.5711061263386       -535.743328032433     
   16.5720419257779       -535.756167839907     
   16.5729783588895       -535.769000220011     
   16.5739152949220       -535.781823333760     
   16.5748527190056       -535.794636933977     
   16.5757907803160       -535.807443012513     
   16.5767293475702       -535.820239729495     
   16.5776684803909       -535.833027851826     
   16.5786080708380       -535.845805864941     
   16.5795482617962       -535.858575666192     
   16.5804888943165       -535.871335051401     
   16.5814300791499       -535.884085478523     
   16.5823718512514       -535.896827372984     
   16.5833140603777       -535.909558656873     
   16.5842567951000       -535.922280483283     
   16.5852000568215       -535.934992825118     
   16.5861438142696       -535.947695215451     
   16.5870880586652       -535.960387491752     
   16.5880328513019       -535.973070432054     
   16.5889781143555       -535.985742946126     
   16.5899239152727       -535.998405892853     
   16.5908701419032       -536.011057726500     
   16.5918168993473       -536.023699808255     
   16.5927641994578       -536.036332249103     
   16.5937118788817       -536.048952827419     
   16.5946600280269       -536.061562705727     
   16.5956087324553       -536.074162975783     
   16.5965578914727       -536.086752254254     
   16.5975075322541       -536.099330857673     
   16.5984576323271       -536.111898444142     
   16.5994082158953       -536.124455289581     
   16.6003592302778       -536.137000654388     
   16.6013107252833       -536.149535152115     
   16.6022626451483       -536.162058004615     
   16.6032150578532       -536.174570062314     
   16.6041678712841       -536.187070071741     
   16.6051211563713       -536.199558920649     
   16.6060748936765       -536.212036310098     
   16.6070290787315       -536.224502137920     
   16.6079837451663       -536.236956798923     
   16.6089387945211       -536.249398965709     
   16.6098943025320       -536.261829582611     
   16.6108501871416       -536.274247540015     
   16.6118065546471       -536.286654175841     
   16.6127633355506       -536.299048544548     
   16.6137205113857       -536.311430365226     
   16.6146780909641       -536.323799710444     
   16.6156361064140       -536.336156952602     
   16.6165946226436       -536.348502883528     
   16.6175534431130       -536.360834929888     
   16.6185126643521       -536.373154294197     
   16.6194723062171       -536.385461189071     
   16.6204324293711       -536.397756347797     
   16.6213928368351       -536.410037206893     
   16.6223536804010       -536.422305667671     
   16.6233148776252       -536.434560635680     
   16.6242764988849       -536.446802966733     
   16.6252385328763       -536.459032473736     
   16.6262009246063       -536.471248416186     
   16.6271636642913       -536.483450630374     
   16.6281267575401       -536.495639147775     
   16.6290903463590       -536.507815721750     
   16.6300541831387       -536.519977182543     
   16.6310184240821       -536.532125462734     
   16.6319829898675       -536.544259522401     
   16.6329479697511       -536.556380443464     
   16.6339132563307       -536.568486836462     
   16.6348789259327       -536.580579619069     
   16.6358449333099       -536.592658184090     
   16.6368112744557       -536.604722442236     
   16.6377779966147       -536.616772942856     
   16.6387450162877       -536.628808605616     
   16.6397123696582       -536.640829842698     
   16.6406801100970       -536.652837276473     
   16.6416482116129       -536.664830542795     
   16.6426165027850       -536.676807482043     
   16.6435851728102       -536.688770397799     
   16.6445542178987       -536.700719201341     
   16.6455235524648       -536.712652797811     
   16.6464931470057       -536.724570787876     
   16.6474630780345       -536.736474074482     
   16.6484332930527       -536.748361974940     
   16.6494038040392       -536.760234598929     
   16.6503748187844       -536.772094444721     
   16.6513459050043       -536.783936195352     
   16.6523172888295       -536.795762577109     
   16.6532890209755       -536.807574168211     
   16.6542611550025       -536.819371577265     
   16.6552334474061       -536.831151812308     
   16.6562060113717       -536.842916211550     
   16.6571788753609       -536.854665082035     
   16.6581519896967       -536.866397787104     
   16.6591253754412       -536.878114544757     
   16.6600991091257       -536.889816237381     
   16.6610730838635       -536.901501542481     
   16.6620472349721       -536.913169651030     
   16.6630217039793       -536.924822223024     
   16.6639963989331       -536.936458122073     
   16.6649714523942       -536.948078892688     
   16.6659465674831       -536.959680963439     
   16.6669220108044       -536.971267474117     
   16.6678977522421       -536.982838027630     
   16.6688737059097       -536.994391569475     
   16.6698498354939       -537.005927637452     
   16.6708262555119       -537.017447550214     
   16.6718029057227       -537.028950560561     
   16.6727798117819       -537.040436935320     
   16.6737569315896       -537.051906144508     
   16.6747341137529       -537.063356382001     
   16.6757117008339       -537.074791626801     
   16.6766893912127       -537.086208314606     
   16.6776672674185       -537.097607379415     
   16.6786455140524       -537.108990935405     
   16.6796237989370       -537.120355083811     
   16.6806022784784       -537.131701613573     
   16.6815810965584       -537.143032155873     
   16.6825599965755       -537.154343706687     
   16.6835390837719       -537.165637452941     
   16.6845184673547       -537.176914618540     
   16.6854979267515       -537.188172631344     
   16.6864775412951       -537.199412375136     
   16.6874574094992       -537.210634946648     
   16.6884374790377       -537.221839711550     
   16.6894175815339       -537.233024716639     
   16.6903979615918       -537.244192722676     
   16.6913784472603       -537.255341738040     
   16.6923591244587       -537.266472709394     
   16.6933398445984       -537.277583921954     
   16.6943209726453       -537.288679475460     
   16.6953019614965       -537.299753153347     
   16.6962832178054       -537.310809520903     
   16.6972646672637       -537.321847705418     
   16.6982462618419       -537.332867134959     
   16.6992279117991       -537.343866774681     
   16.7002097698154       -537.354848306000     
   16.7011916831235       -537.365809990908     
   16.7021738044250       -537.376753504577     
   16.7031559599594       -537.387676882092     
   16.7041382715464       -537.398581451096     
   16.7051207261144       -537.409467035817     
   16.7061032387745       -537.420332668116     
   16.7070858574741       -537.431178851868     
   16.7080686978452       -537.442006831727     
   16.7090514694764       -537.452813382202     
   16.7100345455548       -537.463602578049     
   16.7110175717665       -537.474370501339     
   16.7120007297233       -537.485119117497     
   16.7129839106451       -537.495847211074     
   16.7139672182341       -537.506555887463     
   16.7149506305168       -537.517244878720     
   16.7159340656947       -537.527913270314     
   16.7169177132028       -537.538563088427     
   16.7179014244787       -537.549192694380     
   16.7188850000448       -537.559799913593     
   16.7198688106488       -537.570388719760     
   16.7208526340814       -537.580956691963     
   16.7218365410556       -537.591504565207     
   16.7228204269104       -537.602031194125     
   16.7238044469979       -537.612538215733     
   16.7247885466108       -537.623025017616     
   16.7257726729553       -537.633491012326     
   16.7267567801407       -537.643935690125     
   16.7277410085718       -537.654360516375     
   16.7287252288336       -537.664764095316     
   16.7297095085655       -537.675147118716     
   16.7306937631537       -537.685508671464     
   16.7316780751555       -537.695849600059     
   16.7326624436091       -537.706169869300     
   16.7336467491021       -537.716468205923     
   16.7346311009699       -537.726745732871     
   16.7356155181471       -537.737002622773     
   16.7365999788972       -537.747238624055     
   16.7375843350473       -537.757452176535     
   16.7385687862589       -537.767645330678     
   16.7395532054547       -537.777816747141     
   16.7405376571825       -537.787967071286     
   16.7415220163389       -537.798094993632     
   16.7425063979753       -537.808201678738     
   16.7434908269883       -537.818287358357     
   16.7444752439179       -537.828351400589     
   16.7454595594732       -537.838392874764     
   16.7464438796831       -537.848412844192     
   16.7474282036312       -537.858411277688     
   16.7484124758432       -537.868387591778     
   16.7493967517756       -537.878342328579     
   16.7503809612074       -537.888274758414     
   16.7513651912540       -537.898185740400     
   16.7523492994399       -537.908073821600     
   16.7533333915654       -537.917940048064     
   16.7543174351025       -537.927784074243     
   16.7553014903949       -537.937606483465     
   16.7562854378412       -537.947406063569     
   16.7572692508316       -537.957182535931     
   16.7582531377271       -537.966937951598     
   16.7592369080880       -537.976670402131     
   16.7602206438485       -537.986380681657     
   16.7612043154804       -537.996068480352     
   16.7621878854869       -538.005733412894     
   16.7631713549629       -538.015375475210     
   16.7641547219626       -538.024994633481     
   16.7651380899524       -538.034591881617     
   16.7661212876936       -538.044165532454     
   16.7671044608816       -538.053716989685     
   16.7680875957684       -538.063246100268     
   16.7690705822645       -538.072751781889     
   16.7700534509089       -538.082234317219     
   16.7710361655524       -538.091693345064     
   16.7720189608347       -538.101131104893     
   16.7730015009819       -538.110544356532     
   16.7739840099502       -538.119935233772     
   16.7749663543331       -538.129302446556     
   16.7759485783952       -538.138646405016     
   16.7769307732809       -538.147967959740     
   16.7779126834432       -538.157264674548     
   16.7788945813059       -538.166539117257     
   16.7798763180356       -538.175789866407     
   16.7808580168770       -538.185018068616     
   16.7818394706160       -538.194221764032     
   16.7828208163727       -538.203402228988     
   16.7838020219404       -538.212559149179     
   16.7847830962308       -538.221692595456     
   16.7857639905700       -538.230802103819     
   16.7867447597070       -538.239888171607     
   16.7877254395741       -538.248951117552     
   16.7887058870861       -538.257989608814     
   16.7896862378252       -538.267004885070     
   16.7906663875784       -538.275995976699     
   16.7916463833137       -538.284963305181     
   16.7926262977564       -538.293907522660     
   16.7936059026864       -538.302826537954     
   16.7945853417153       -538.311721653445     
   16.7955646652142       -538.320593314842     
   16.7965437722012       -538.329440597372     
   16.7975227037418       -538.338263864149     
   16.7985015159016       -538.347063609210     
   16.7994800798858       -538.355838665899     
   16.8004584601049       -538.364589605335     
   16.8014367258199       -538.373317035890     
   16.8024146369047       -538.382018810153     
   16.8033925065443       -538.390697707233     
   16.8043701363006       -538.399351954315     
   16.8053474749492       -538.407981094933     
   16.8063246876537       -538.416586580483     
   16.8073017456524       -538.425168146059     
   16.8082785659724       -538.433725055176     
   16.8092550392308       -538.442256348644     
   16.8102313709368       -538.450763817586     
   16.8112075220772       -538.459247111998     
   16.8121833604567       -538.467705078874     
   16.8131590534132       -538.476139163293     
   16.8141345503193       -538.484548918204     
   16.8151097613233       -538.492933564572     
   16.8160846779308       -538.501293028385     
   16.8170594410031       -538.509628511791     
   16.8180340245328       -538.517939782891     
   16.8190081970603       -538.526224867164     
   16.8199822699816       -538.534486409641     
   16.8209559283063       -538.542721735561     
   16.8219295233565       -538.550933811988     
   16.8229026697681       -538.559119385274     
   16.8238758136018       -538.567282202101     
   16.8248485091364       -538.575418518391     
   16.8258209905065       -538.583530294782     
   16.8267931901845       -538.591616964288     
   16.8277651171020       -538.599678599625     
   16.8287367986919       -538.607715425489     
   16.8297082149921       -538.615727273645     
   16.8306793847544       -538.623714295769     
   16.8316502221636       -538.631675785466     
   16.8326207464959       -538.639611902516     
   16.8335910167996       -538.647523128850     
   16.8345610315922       -538.655409449304     
   16.8355307594605       -538.663270606703     
   16.8365001409044       -538.671106120135     
   16.8374692847659       -538.678916869074     
   16.8384381578795       -538.686702583334     
   16.8394065703311       -538.694461741732     
   16.8403748982720       -538.702197356528     
   16.8413428163373       -538.709906825126     
   16.8423103744780       -538.717590551852     
   16.8432777318125       -538.725249799376     
   16.8442447260990       -538.732883282370     
   16.8452113739208       -538.740491136021     
   16.8461777099168       -538.748073635652     
   16.8471437763178       -538.755631112479     
   16.8481095514025       -538.763163395881     
   16.8490749801696       -538.770670058715     
   16.8500400211531       -538.778150784114     
   16.8510047641079       -538.785606271500     
   16.8519691220606       -538.793035852475     
   16.8529332025438       -538.800440358435     
   16.8538969223730       -538.807819152629     
   16.8548603197560       -538.815172531380     
   16.8558234099363       -538.822500612892     
   16.8567861034817       -538.829802721317     
   16.8577484754637       -538.837079431134     
   16.8587104188829       -538.844329939704     
   16.8596721741879       -538.851556060807     
   16.8606334951667       -538.858755946407     
   16.8615943979780       -538.865929727544     
   16.8625549801743       -538.873078138568     
   16.8635152518240       -538.880201256557     
   16.8644750838345       -538.887298130503     
   16.8654346053198       -538.894369721500     
   16.8663936761734       -538.901415004002     
   16.8673524513577       -538.908435122808     
   16.8683108632096       -538.915429585817     
   16.8692688719817       -538.922398110211     
   16.8702265294405       -538.929341079420     
   16.8711837559340       -538.936257923837     
   16.8721406257697       -538.943149188533     
   16.8730971626332       -538.950015048729     
   16.8740532673427       -538.956854799806     
   16.8750089769707       -538.963668716737     
   16.8759642261912       -538.970456344425     
   16.8769192799227       -538.977219568798     
   16.8778737673392       -538.983955771255     
   16.8788279319122       -538.990666682104     
   16.8797815874046       -538.997351001482     
   16.8807349517047       -539.004010265504     
   16.8816878334789       -539.010643145666     
   16.8826403854225       -539.017250714256     
   16.8835924530595       -539.023831909188     
   16.8845441943741       -539.030387831997     
   16.8854955031198       -539.036917758320     
   16.8864464554875       -539.043422219896     
   16.8873968441626       -539.049899812177     
   16.8883468994598       -539.056352117550     
   16.8892964427037       -539.062777933432     
   16.8902456142761       -539.069178222126     
   16.8911944424073       -539.075553180126     
   16.8921427348928       -539.081901528305     
   16.8930907041826       -539.088224700303     
   16.8940381416726       -539.094521316118     
   16.8949851678063       -539.100792190817     
   16.8959317828376       -539.107037336347     
   16.8968779677334       -539.113256638113     
   16.8978235984866       -539.119449297272     
   16.8987689691069       -539.125617249301     
   16.8997137750947       -539.131758517979     
   16.9006581777641       -539.137874167602     
   16.9016020809306       -539.143963588765     
   16.9025455681447       -539.150027334385     
   16.9034885982470       -539.156065152332     
   16.9044312236540       -539.162077390225     
   16.9053733920610       -539.168063726480     
   16.9063150576308       -539.174023885585     
   16.9072562107750       -539.179957824643     
   16.9081969291841       -539.185866048720     
   16.9091371774454       -539.191748349243     
   16.9100770130792       -539.197605099020     
   16.9110163867741       -539.203436003576     
   16.9119552365977       -539.209240695316     
   16.9128935859697       -539.215019337367     
   16.9138314927926       -539.220772301691     
   16.9147690210714       -539.226499991797     
   16.9157060264177       -539.232201539489     
   16.9166424675161       -539.237876714149     
   16.9175784653787       -539.243526267077     
   16.9185139471296       -539.249149774536     
   16.9194490264351       -539.254747934508     
   16.9203836342036       -539.260320346497     
   16.9213176616320       -539.265866381364     
   16.9222511525049       -539.271386321343     
   16.9231842967965       -539.276881303245     
   16.9241169230526       -539.282350330323     
   16.9250489981205       -539.287793228694     
   16.9259806356358       -539.293210679418     
   16.9269116441469       -539.298601589719     
   16.9278423262564       -539.303967728149     
   16.9287723633007       -539.309307274380     
   16.9297019894430       -539.314621592959     
   16.9306310391613       -539.319909755359     
   16.9315596021065       -539.325172292418     
   16.9324877065168       -539.330409380316     
   16.9334153010238       -539.335620746337     
   16.9343422410340       -539.340805602507     
   16.9352687538482       -539.345965241562     
   16.9361947924501       -539.351099416424     
   16.9371202948403       -539.356207802179     
   16.9380452370938       -539.361290288725     
   16.9389697271928       -539.366347488438     
   16.9398936516291       -539.371378799522     
   16.9408169801249       -539.376384081654     
   16.9417399041331       -539.381364391316     
   16.9426622765421       -539.386318951656     
   16.9435840402088       -539.391247480380     
   16.9445053536910       -539.396150846092     
   16.9454260853915       -539.401028368447     
   16.9463463074361       -539.405880451639     
   16.9472659907370       -539.410706962910     
   16.9481851159766       -539.415507823389     
   16.9491038012733       -539.420283668805     
   16.9500218488602       -539.425033492895     
   16.9509394016124       -539.429758058774     
   16.9518562965019       -539.434456551666     
   16.9527727624613       -539.439130166968     
   16.9536885669777       -539.443777741384     
   16.9546039186436       -539.448400356894     
   16.9555187463226       -539.452997672517     
   16.9564330210467       -539.457569564751     
   16.9573466989365       -539.462115838935     
   16.9582597767154       -539.466636505385     
   16.9591723751723       -539.471132184393     
   16.9600843871329       -539.475602369785     
   16.9609959088974       -539.480047555757     
   16.9619067833758       -539.484467000788     
   16.9628171243118       -539.488861282938     
   16.9637269222282       -539.493230378779     
   16.9646360663386       -539.497573783141     
   16.9655448143459       -539.501892748580     
   16.9664528248646       -539.506185677223     
   16.9673604593609       -539.510454301868     
   16.9682673341155       -539.514696842569     
   16.9691737607818       -539.518914784770     
   16.9700796174932       -539.523107581786     
   16.9709848079709       -539.527274816530     
   16.9718893831483       -539.531416753860     
   16.9727935099782       -539.535534180381     
   16.9736971177415       -539.539626792728     
   16.9746000069696       -539.543693716274     
   16.9755023831420       -539.547735905129     
   16.9764041114572       -539.551752781423     
   16.9773053307326       -539.555744989426     
   16.9782059383211       -539.559712098999     
   16.9791059694030       -539.563654292229     
   16.9800053877250       -539.567571437510     
   16.9809042468819       -539.571463794840     
   16.9818025816498       -539.575331538130     
   16.9827001744489       -539.579173760765     
   16.9835973075034       -539.582991698655     
   16.9844937713436       -539.586784485422     
   16.9853896327549       -539.590552434180     
   16.9862849707259       -539.594295902207     
   16.9871797357278       -539.598014706367     
   16.9880738761102       -539.601708659888     
   16.9889673466866       -539.605377607513     
   16.9898603403848       -539.609022367513     
   16.9907525003165       -539.612641515370     
   16.9916442483701       -539.616236792324     
   16.9925353325640       -539.619807205832     
   16.9934259497555       -539.623353570278     
   16.9943158111180       -539.626874764552     
   16.9952051251175       -539.630371645631     
   16.9960938454389       -539.633844057375     
   16.9969819493559       -539.637291939711     
   16.9978694252745       -539.640715277477     
   16.9987562545271       -539.644114029856     
   16.9996425550454       -539.647488676273     
   17.0005282267059       -539.650838862275     
   17.0014132432149       -539.654164519990     
   17.0022976896848       -539.657465998665     
   17.0031815426383       -539.660743237822     
   17.0040646694985       -539.663995778814     
   17.0049472554574       -539.667224334873     
   17.0058292553463       -539.670428766563     
   17.0067105769003       -539.673608769735     
   17.0075913252006       -539.676764754200     
   17.0084714544146       -539.679896584043     
   17.0093509405204       -539.683004204911     
   17.0102297411510       -539.686087500668     
   17.0111080442814       -539.689147159021     
   17.0119856434696       -539.692182489671     
   17.0128626145015       -539.695193788517     
   17.0137390513117       -539.698181405605     
   17.0146147031224       -539.701144519539     
   17.0154898619996       -539.704084150449     
   17.0163643100117       -539.706999595481     
   17.0172381228161       -539.709891141392     
   17.0181114586384       -539.712759337475     
   17.0189840337263       -539.715603282413     
   17.0198559773358       -539.718423433747     
   17.0207272662342       -539.721219748768     
   17.0215980106248       -539.723992610292     
   17.0224680166557       -539.726741433318     
   17.0233374658682       -539.729466824268     
   17.0242063088720       -539.732168656221     
   17.0250743371498       -539.734846318315     
   17.0259419275999       -539.737501004507     
   17.0268088529431       -539.740132045146     
   17.0276750569932       -539.742739306035     
   17.0285405190796       -539.745322764284     
   17.0294055484450       -539.747883371514     
   17.0302698502289       -539.750420282930     
   17.0311335672838       -539.752933951517     
   17.0319965890707       -539.755424088202     
   17.0328589254393       -539.757890757683     
   17.0337207775916       -539.760334564024     
   17.0345818036650       -539.762754571653     
   17.0354423278065       -539.765151726053     
   17.0363020195549       -539.767525141448     
   17.0371611270472       -539.769875540660     
   17.0380197457610       -539.772203209941     
   17.0388776033582       -539.774507442722     
   17.0397347452437       -539.776788401141     
   17.0405912946214       -539.779046446914     
   17.0414472788408       -539.781281680494     
   17.0423024544381       -539.783493502517     
   17.0431570502654       -539.785682541871     
   17.0440110627401       -539.787848818043     
   17.0448643765498       -539.789992071514     
   17.0457169569158       -539.792112253723     
   17.0465689231610       -539.794209696905     
   17.0474203141772       -539.796284526572     
   17.0482710101670       -539.798336483480     
   17.0491210296309       -539.800365648829     
   17.0499703784866       -539.802372072445     
   17.0508190577563       -539.804355792163     
   17.0516671307211       -539.806316988979     
   17.0525145779851       -539.808255649477     
   17.0533612514097       -539.810171472564     
   17.0542073014695       -539.812064836326     
   17.0550526573257       -539.813935617043     
   17.0558974508281       -539.815784138991     
   17.0567415535411       -539.817610153463     
   17.0575849399704       -539.819413643534     
   17.0584277464893       -539.821194934790     
   17.0592698528749       -539.822953806681     
   17.0601112948438       -539.824690370471     
   17.0609520295933       -539.826404574647     
   17.0617921221358       -539.828096588026     
   17.0626315679882       -539.829766435432     
   17.0634703073069       -539.831414034183     
   17.0643084698815       -539.833039672958     
   17.0651458976607       -539.834643080059     
   17.0659826367689       -539.836224382801     
   17.0668187917129       -539.837783812152     
   17.0676541817930       -539.839321067411     
   17.0684889686239       -539.840836482996     
   17.0693230388877       -539.842329888488     
   17.0701564642273       -539.843801448966     
   17.0709892537802       -539.845251214458     
   17.0718213151478       -539.846679061113     
   17.0726527132852       -539.848085138379     
   17.0734835166098       -539.849469595094     
   17.0743136052162       -539.850832266442     
   17.0751430217224       -539.852173260355     
   17.0759717323961       -539.853492559865     
   17.0767998465808       -539.854790373967     
   17.0776271944891       -539.856066473614     
   17.0784538701464       -539.857321043790     
   17.0792799383530       -539.858554216917     
   17.0801053279274       -539.859765921065     
   17.0809299594211       -539.860956079530     
   17.0817540675659       -539.862125065309     
   17.0825773722410       -539.863272516974     
   17.0834000169089       -539.864398675476     
   17.0842221014151       -539.865503709501     
   17.0850433809646       -539.866587327357     
   17.0858639601858       -539.867649709791     
   17.0866839280574       -539.868691007461     
   17.0875032713718       -539.869711236199     
   17.0883218946154       -539.870710313888     
   17.0891398268919       -539.871688315223     
   17.0899570457807       -539.872645252399     
   17.0907736369835       -539.873581262422     
   17.0915894823977       -539.874496247838     
   17.0924046988714       -539.875390377623     
   17.0932192287814       -539.876263624392     
   17.0940331034118       -539.877116058415     
   17.0948463267421       -539.877947719404     
   17.0956588833492       -539.878758627499     
   17.0964706629063       -539.879548713245     
   17.0972817400893       -539.880318091251     
   17.0980922021520       -539.881066880291     
   17.0989019727987       -539.881795045454     
   17.0997111219654       -539.882502685505     
   17.1005195313578       -539.883189734654     
   17.1013272304325       -539.883856258923     
   17.1021342903764       -539.884502354296     
   17.1029406885601       -539.885128038179     
   17.1037462758678       -539.885733236690     
   17.1045513446747       -539.886318206147     
   17.1053557165767       -539.886882849227     
   17.1061593129697       -539.887427152717     
   17.1069623287717       -539.887951286219     
   17.1077645953112       -539.888455176406     
   17.1085661802718       -539.888938906166     
   17.1093671204405       -539.889402534332     
   17.1101673430320       -539.889846056656     
   17.1109668064818       -539.890269492316     
   17.1117657085941       -539.890672982496     
   17.1125639693966       -539.891056518958     
   17.1133613704862       -539.891420039829     
   17.1141581846015       -539.891763710606     
   17.1149543251573       -539.892087528249     
   17.1157497368279       -539.892391509828     
   17.1165445215402       -539.892675732102     
   17.1173386444742       -539.892940218051     
   17.1181319692438       -539.893184963876     
   17.1189246633870       -539.893410061952     
   17.1197167015811       -539.893615540408     
   17.1205079919519       -539.893801415135     
   17.1212986518972       -539.893967752447     
   17.1220886626192       -539.894114583556     
   17.1228779212943       -539.894241929025     
   17.1236665265229       -539.894349844588     
   17.1244544352846       -539.894438362127     
   17.1252416170056       -539.894507518780     
   17.1260282054865       -539.894557363019     
   17.1268140019915       -539.894587921386     
   17.1275991489713       -539.894599240652     
