  0.000000000000000E+000  0.000000000000000E+000
   1.00000000000000      -5.762713404315322E-003
   2.00000000000000      -1.579405385439901E-002
   3.00000000000000      -4.416874768954601E-003
   4.00000000000000      -1.190964019824426E-002
   5.00000000000000      -3.071328054885604E-003
   6.00000000000000      -2.381946574014355E-003
   7.00000000000000      -8.761036930784298E-003
   8.00000000000000      -8.891596422878153E-004
   9.00000000000000      -8.192389405583991E-005
   10.0000000000000       7.691174322467137E-004
   11.0000000000000       1.665856122367499E-003
   12.0000000000000       2.620786082112071E-003
   13.0000000000000       1.138096162007235E-002
   14.0000000000000       4.770324914249566E-003
   15.0000000000000       1.679122378816247E-002
   16.0000000000000       1.481529046111559E-002
   17.0000000000000       1.797265322198673E-002
   18.0000000000000       2.156784560088609E-002
   19.0000000000000       2.566330913659442E-002
   20.0000000000000       3.033706402006017E-002
   21.0000000000000       3.563271797881137E-002
   22.0000000000000       4.161120745936330E-002
   23.0000000000000       4.830853399730930E-002
   24.0000000000000       5.578053135524599E-002
   25.0000000000000       6.404120692632259E-002
   26.0000000000000       7.311640255560030E-002
   27.0000000000000       8.301601615277029E-002
   28.0000000000000       9.376385750281757E-002
   29.0000000000000       0.105367660445652     
   30.0000000000000       0.117797141328725     
   31.0000000000000       0.131063022939411     
   32.0000000000000       0.145166077321802     
   33.0000000000000       0.160074450193902     
   34.0000000000000       0.175782577676296     
   35.0000000000000       0.192272249184471     
   36.0000000000000       0.209530196300348     
   37.0000000000000       0.227516528089319     
   38.0000000000000       0.246220771615220     
   39.0000000000000       0.265618310314962     
   40.0000000000000       0.285686222325366     
   41.0000000000000       0.306400762820414     
   42.0000000000000       0.327720801600181     
   43.0000000000000       0.349634271824061     
   44.0000000000000       0.372112393578973     
   45.0000000000000       0.395127708819672     
   46.0000000000000       0.418645262200144     
   47.0000000000000       0.442647441419632     
   48.0000000000000       0.467096965162577     
   49.0000000000000       0.491983040943871     
   50.0000000000000       0.517251607533817     
   51.0000000000000       0.542904705304789     
   52.0000000000000       0.568892639796610     
   53.0000000000000       0.595201351282249     
   54.0000000000000       0.621797338938830     
   55.0000000000000       0.648657277748376     
   56.0000000000000       0.675757286491591     
   57.0000000000000       0.703081043648649     
   58.0000000000000       0.730587286674191     
   59.0000000000000       0.758260734416920     
   60.0000000000000       0.786090391048809     
   61.0000000000000       0.814018193452331     
   62.0000000000000       0.842074080038784     
   63.0000000000000       0.870194999886882     
   64.0000000000000       0.898381946183891     
   65.0000000000000       0.926606905643296     
   66.0000000000000       0.954847853966200     
   67.0000000000000       0.983125190798511     
   68.0000000000000        1.01134838903545     
   69.0000000000000        1.03958375974241     
   70.0000000000000        1.06774723436424     
   71.0000000000000        1.09586862455505     
   72.0000000000000        1.12392302209247     
   73.0000000000000        1.15188790611738     
   74.0000000000000        1.17974629471468     
   75.0000000000000        1.20751803465992     
   76.0000000000000        1.23516374834626     
   77.0000000000000        1.26268455171453     
   78.0000000000000        1.29005494699573     
   79.0000000000000        1.31729531223501     
   80.0000000000000        1.34436456915609     
   81.0000000000000        1.37129162475454     
   82.0000000000000        1.39802421235628     
   83.0000000000000        1.42462309121775     
   84.0000000000000        1.45100263150730     
   85.0000000000000        1.47718817262162     
   86.0000000000000        1.50322443571556     
   87.0000000000000        1.52903427724019     
   88.0000000000000        1.55463575464820     
   89.0000000000000        1.58005736346802     
   90.0000000000000        1.60526720035010     
   91.0000000000000        1.63024094938427     
   92.0000000000000        1.65502660936405     
   93.0000000000000        1.67959882179767     
   94.0000000000000        1.70392736758010     
   95.0000000000000        1.72808855173817     
   96.0000000000000        1.75198142500622     
   97.0000000000000        1.77566771352953     
   98.0000000000000        1.79914996271698     
   99.0000000000000        1.82237826095851     
   100.000000000000        1.84540532437198     
   101.000000000000        1.86822376841181     
   102.000000000000        1.89079256717171     
   103.000000000000        1.91316615935038     
   104.000000000000        1.93529962946436     
   105.000000000000        1.95723082083471     
   106.000000000000        1.97891014346430     
   107.000000000000        2.00040720418682     
   108.000000000000        2.02169811401682     
   109.000000000000        2.04271036976326     
   110.000000000000        2.06356505048071     
   111.000000000000        2.08418673844120     
   112.000000000000        2.10458198030382     
   113.000000000000        2.12481493318286     
   114.000000000000        2.14479547799316     
   115.000000000000        2.16459725103085     
   116.000000000000        2.18417437094312     
   117.000000000000        2.20356860947155     
   118.000000000000        2.22274656186555     
   119.000000000000        2.24171958363422     
   120.000000000000        2.26052842749787     
   121.000000000000        2.27912577005606     
   122.000000000000        2.29751687367863     
   123.000000000000        2.31574553333616     
   124.000000000000        2.33377045612592     
   125.000000000000        2.35162699554921     
   126.000000000000        2.36925830480578     
   127.000000000000        2.38675887567782     
   128.000000000000        2.40406617317921     
   129.000000000000        2.42119895347905     
   130.000000000000        2.43811017131372     
   131.000000000000        2.45494301269304     
   132.000000000000        2.47150717713323     
   133.000000000000        2.48797439347438     
   134.000000000000        2.50425844029246     
   135.000000000000        2.52036713665051     
   136.000000000000        2.53635529879230     
   137.000000000000        2.55210992021009     
   138.000000000000        2.56778499879047     
   139.000000000000        2.58326496999966     
   140.000000000000        2.59859489938968     
   141.000000000000        2.61382112775583     
   142.000000000000        2.62885783599716     
   143.000000000000        2.64373057925016     
   144.000000000000        2.65850697679977     
   145.000000000000        2.67311176547487     
   146.000000000000        2.68760414742759     
   147.000000000000        2.70192520757034     
   148.000000000000        2.71615788525477     
   149.000000000000        2.73024094797172     
   150.000000000000        2.74415177837568     
   151.000000000000        2.75800936451419     
   152.000000000000        2.77168675816984     
   153.000000000000        2.78523238607311     
   154.000000000000        2.79873173251119     
   155.000000000000        2.81197839719966     
   156.000000000000        2.82524204706322     
   157.000000000000        2.83831904367296     
   158.000000000000        2.85126466965790     
   159.000000000000        2.86417133590113     
   160.000000000000        2.87689011931441     
   161.000000000000        2.88953062923806     
   162.000000000000        2.90209100776626     
   163.000000000000        2.91449679303528     
   164.000000000000        2.92683766162853     
   165.000000000000        2.93903562561432     
   166.000000000000        2.95114450192301     
   167.000000000000        2.96318976074303     
   168.000000000000        2.97512521883009     
   169.000000000000        2.98691355092098     
   170.000000000000        2.99866181025850     
   171.000000000000        3.01027985717978     
   172.000000000000        3.02178569689894     
   173.000000000000        3.03332972350214     
   174.000000000000        3.04462181434678     
   175.000000000000        3.05597372381355     
   176.000000000000        3.06707845491863     
   177.000000000000        3.07825634281950     
   178.000000000000        3.08918635907479     
   179.000000000000        3.10021129382705     
   180.000000000000        3.11104663306118     
   181.000000000000        3.12182648576453     
   182.000000000000        3.13251302366909     
   183.000000000000        3.14312031142069     
   184.000000000000        3.15371745367301     
   185.000000000000        3.16415623670585     
   186.000000000000        3.17457097473551     
   187.000000000000        3.18489532482854     
   188.000000000000        3.19512725250057     
   189.000000000000        3.20537127464470     
   190.000000000000        3.21543457347513     
   191.000000000000        3.22553600680553     
   192.000000000000        3.23548223344698     
   193.000000000000        3.24541471562458     
   194.000000000000        3.25526307002659     
   195.000000000000        3.26505112714169     
   196.000000000000        3.27479277865224     
   197.000000000000        3.28444179989495     
   198.000000000000        3.29405838055864     
   199.000000000000        3.30359941752996     
   200.000000000000        3.31308722669770     
   201.000000000000        3.32252715391835     
   202.000000000000        3.33189701963292     
   203.000000000000        3.34121522746750     
   204.000000000000        3.35045728823438     
   205.000000000000        3.35969682664617     
   206.000000000000        3.36880613872926     
   207.000000000000        3.37792983340243     
   208.000000000000        3.38702430236405     
   209.000000000000        3.39598197699478     
   210.000000000000        3.40494910828137     
   211.000000000000        3.41381573116301     
   212.000000000000        3.42270561270779     
   213.000000000000        3.43149916498345     
   214.000000000000        3.44024989968993     
   215.000000000000        3.44895266167664     
   216.000000000000        3.45766360966342     
   217.000000000000        3.46623020257551     
   218.000000000000        3.47483597377621     
   219.000000000000        3.48339382544723     
   220.000000000000        3.49185357731614     
   221.000000000000        3.50031829101109     
   222.000000000000        3.50872930732686     
   223.000000000000        3.51710144012057     
   224.000000000000        3.52539014041130     
   225.000000000000        3.53375936072318     
   226.000000000000        3.54193840070509     
   227.000000000000        3.55017094434529     
   228.000000000000        3.55833758101817     
   229.000000000000        3.56647415813488     
   230.000000000000        3.57461355003473     
   231.000000000000        3.58264147392119     
   232.000000000000        3.59071374563700     
   233.000000000000        3.59867810223931     
   234.000000000000        3.60661953609452     
   235.000000000000        3.61459145756098     
   236.000000000000        3.62245468377366     
   237.000000000000        3.63032579267972     
   238.000000000000        3.63817560538146     
   239.000000000000        3.64594940735892     
   240.000000000000        3.65376364542030     
   241.000000000000        3.66144177377224     
   242.000000000000        3.66916832849038     
   243.000000000000        3.67689215060584     
   244.000000000000        3.68447024709464     
   245.000000000000        3.69210643227326     
   246.000000000000        3.69974735685470     
   247.000000000000        3.70726263389284     
   248.000000000000        3.71482285480698     
   249.000000000000        3.72231690353475     
   250.000000000000        3.72981735620712     
   251.000000000000        3.73725603028778     
   252.000000000000        3.74474546269682     
   253.000000000000        3.75203142025585     
   254.000000000000        3.75954178899909     
   255.000000000000        3.76680743624581     
   256.000000000000        3.77420283575563     
   257.000000000000        3.78148093673153     
   258.000000000000        3.78877821613202     
   259.000000000000        3.79606203914816     
   260.000000000000        3.80325782286144     
   261.000000000000        3.81050151657391     
   262.000000000000        3.81770973885456     
   263.000000000000        3.82488411351526     
   264.000000000000        3.83200762758473     
   265.000000000000        3.83914941483173     
   266.000000000000        3.84627156597278     
   267.000000000000        3.85336515335969     
   268.000000000000        3.86044566198700     
   269.000000000000        3.86749709553132     
   270.000000000000        3.87450689098638     
   271.000000000000        3.88155647170968     
   272.000000000000        3.88851908817220     
   273.000000000000        3.89551880878564     
   274.000000000000        3.90242999874914     
   275.000000000000        3.90943134513665     
   276.000000000000        3.91638801230164     
   277.000000000000        3.92320302685212     
   278.000000000000        3.93011575732038     
   279.000000000000        3.93704628575857     
   280.000000000000        3.94382516271630     
   281.000000000000        3.95072165443016     
   282.000000000000        3.95752988694026     
   283.000000000000        3.96434531809041     
   284.000000000000        3.97110130523857     
   285.000000000000        3.97793541693674     
   286.000000000000        3.98466378394526     
   287.000000000000        3.99142531186509     
   288.000000000000        3.99816458289686     
   289.000000000000        4.00489148029151     
   290.000000000000        4.01158241326119     
   291.000000000000        4.01827113265391     
   292.000000000000        4.02495874047751     
   293.000000000000        4.03165316200809     
   294.000000000000        4.03828634725511     
   295.000000000000        4.04492217916386     
   296.000000000000        4.05155631554505     
   297.000000000000        4.05818835058812     
   298.000000000000        4.06472379772696     
   299.000000000000        4.07138803793415     
   300.000000000000        4.07792931195050     
   301.000000000000        4.08448225800183     
   302.000000000000        4.09109833964392     
   303.000000000000        4.09761291365206     
   304.000000000000        4.10414049010563     
   305.000000000000        4.11067746967506     
   306.000000000000        4.11715109611479     
   307.000000000000        4.12372183815400     
   308.000000000000        4.13016429366764     
   309.000000000000        4.13664643925463     
   310.000000000000        4.14311850573868     
   311.000000000000        4.14963557079384     
   312.000000000000        4.15607471615617     
   313.000000000000        4.16245306035093     
   314.000000000000        4.16892127627693     
   315.000000000000        4.17535733960494     
   316.000000000000        4.18173615265097     
   317.000000000000        4.18818577720729     
   318.000000000000        4.19457658234380     
   319.000000000000        4.20094505579914     
   320.000000000000        4.20734531156022     
   321.000000000000        4.21375717730149     
   322.000000000000        4.22003355661055     
   323.000000000000        4.22649113863277     
   324.000000000000        4.23274601877679     
   325.000000000000        4.23914332045285     
   326.000000000000        4.24548058597083     
   327.000000000000        4.25171850411173     
   328.000000000000        4.25819379231636     
   329.000000000000        4.26438810637196     
   330.000000000000        4.27070986937484     
   331.000000000000        4.27705625326652     
   332.000000000000        4.28327463039018     
   333.000000000000        4.28963841102951     
   334.000000000000        4.29588621463900     
   335.000000000000        4.30214267626243     
   336.000000000000        4.30843358442282     
   337.000000000000        4.31467270104604     
   338.000000000000        4.32092499014376     
   339.000000000000        4.32719894590271     
   340.000000000000        4.33345049691170     
   341.000000000000        4.33963002696321     
   342.000000000000        4.34589426970632     
   343.000000000000        4.35211533002939     
   344.000000000000        4.35832774624341     
   345.000000000000        4.36456966618080     
   346.000000000000        4.37080360433474     
   347.000000000000        4.37695653040828     
   348.000000000000        4.38314498932262     
   349.000000000000        4.38937070788022     
   350.000000000000        4.39555731831499     
   351.000000000000        4.40170274248309     
   352.000000000000        4.40795969034354     
   353.000000000000        4.41407498880944     
   354.000000000000        4.42027496614714     
   355.000000000000        4.42645405913988     
   356.000000000000        4.43259460180464     
   357.000000000000        4.43875014297239     
   358.000000000000        4.44489118035603     
   359.000000000000        4.45111165924474     
   360.000000000000        4.45720425933661     
   361.000000000000        4.46336967106646     
   362.000000000000        4.46949871205973     
   363.000000000000        4.47562288052125     
   364.000000000000        4.48177113254492     
   365.000000000000        4.48789835680233     
   366.000000000000        4.49398449213603     
   367.000000000000        4.50018779859207     
   368.000000000000        4.50619838750287     
   369.000000000000        4.51239905028860     
   370.000000000000        4.51848890077424     
   371.000000000000        4.52458883695337     
   372.000000000000        4.53068674187983     
   373.000000000000        4.53681617176971     
   374.000000000000        4.54288070155065     
   375.000000000000        4.54900451474297     
   376.000000000000        4.55509703440759     
   377.000000000000        4.56121407760172     
   378.000000000000        4.56725920466971     
   379.000000000000        4.57336718604936     
   380.000000000000        4.57942030420701     
   381.000000000000        4.58551368393241     
   382.000000000000        4.59163563056373     
   383.000000000000        4.59769210735360     
   384.000000000000        4.60373448585261     
   385.000000000000        4.60987602092010     
   386.000000000000        4.61589920353286     
   387.000000000000        4.62195401482035     
   388.000000000000        4.62810151506618     
   389.000000000000        4.63404902922116     
   390.000000000000        4.64020224251473     
   391.000000000000        4.64617903337136     
   392.000000000000        4.65224538357235     
   393.000000000000        4.65836899110159     
   394.000000000000        4.66434739757139     
   395.000000000000        4.67046855195233     
   396.000000000000        4.67646153495821     
   397.000000000000        4.68254255435790     
   398.000000000000        4.68860934734497     
   399.000000000000        4.69463755533571     
   400.000000000000        4.70067562748595     
   401.000000000000        4.70671007900789     
   402.000000000000        4.71272863625519     
   403.000000000000        4.71885515790774     
   404.000000000000        4.72481255531210     
   405.000000000000        4.73084846057768     
   406.000000000000        4.73692813747972     
   407.000000000000        4.74292475367028     
   408.000000000000        4.74896559344953     
   409.000000000000        4.75503843483541     
   410.000000000000        4.76101729456032     
   411.000000000000        4.76707580402128     
   412.000000000000        4.77308765029174     
   413.000000000000        4.77909798379963     
   414.000000000000        4.78512604141620     
   415.000000000000        4.79114033478060     
   416.000000000000        4.79720694627222     
   417.000000000000        4.80320651512069     
   418.000000000000        4.80920332606082     
   419.000000000000        4.81526563245639     
   420.000000000000        4.82123608259830     
   421.000000000000        4.82732291063033     
   422.000000000000        4.83323994873377     
   423.000000000000        4.83938887211691     
   424.000000000000        4.84524200478687     
   425.000000000000        4.85139096072298     
   426.000000000000        4.85729948860574     
   427.000000000000        4.86335755195191     
   428.000000000000        4.86935586806454     
   429.000000000000        4.87540170177809     
   430.000000000000        4.88137892052848     
   431.000000000000        4.88741384907043     
   432.000000000000        4.89342508890827     
   433.000000000000        4.89935098164497     
   434.000000000000        4.90552894753783     
   435.000000000000        4.91135313361433     
   436.000000000000        4.91744539414630     
   437.000000000000        4.92343345345223     
   438.000000000000        4.92945549414696     
   439.000000000000        4.93545603182204     
   440.000000000000        4.94135774187752     
   441.000000000000        4.94743795117887     
   442.000000000000        4.95340469998400     
   443.000000000000        4.95952411917563     
   444.000000000000        4.96534624063034     
   445.000000000000        4.97144476141880     
   446.000000000000        4.97742480334125     
   447.000000000000        4.98340088791090     
   448.000000000000        4.98942631122532     
   449.000000000000        4.99537340125976     
   450.000000000000        5.00144856670813     
   451.000000000000        5.00740068779282     
   452.000000000000        5.01334813367166     
   453.000000000000        5.01939584507554     
   454.000000000000        5.02538812543547     
   455.000000000000        5.03132812951132     
   456.000000000000        5.03731767429149     
   457.000000000000        5.04338717602921     
   458.000000000000        5.04927921818107     
   459.000000000000        5.05529944691917     
   460.000000000000        5.06132482582170     
   461.000000000000        5.06725841705082     
   462.000000000000        5.07329580921538     
   463.000000000000        5.07915487117375     
   464.000000000000        5.08528515769175     
   465.000000000000        5.09124080974624     
   466.000000000000        5.09718718718919     
   467.000000000000        5.10307576172745     
   468.000000000000        5.10923269381290     
   469.000000000000        5.11515595252941     
   470.000000000000        5.12107234371823     
   471.000000000000        5.12710125938071     
   472.000000000000        5.13297630353758     
   473.000000000000        5.13908486710132     
   474.000000000000        5.14495510583757     
   475.000000000000        5.15100554028870     
   476.000000000000        5.15694743171573     
   477.000000000000        5.16293169104869     
   478.000000000000        5.16891199921812     
   479.000000000000        5.17488717825463     
   480.000000000000        5.18081379451766     
   481.000000000000        5.18675404769497     
   482.000000000000        5.19282422379930     
   483.000000000000        5.19874525182160     
   484.000000000000        5.20473562289112     
   485.000000000000        5.21062780296688     
   486.000000000000        5.21657760813271     
   487.000000000000        5.22254839905472     
   488.000000000000        5.22855121139177     
   489.000000000000        5.23450266615853     
   490.000000000000        5.24042981308698     
   491.000000000000        5.24642287709503     
   492.000000000000        5.25239525939019     
   493.000000000000        5.25831254876502     
   494.000000000000        5.26424597167808     
   495.000000000000        5.27023411531281     
   496.000000000000        5.27613603950253     
   497.000000000000        5.28215943098339     
   498.000000000000        5.28800642585041     
   499.000000000000        5.29404251767438     
   500.000000000000        5.29990428564290     
   501.000000000000        5.30594662657762     
   502.000000000000        5.31175178695791     
   503.000000000000        5.31777289768005     
   504.000000000000        5.32376148942515     
   505.000000000000        5.32963879179433     
   506.000000000000        5.33544766288543     
   507.000000000000        5.34156394722915     
   508.000000000000        5.34742790705426     
   509.000000000000        5.35330177838815     
   510.000000000000        5.35932566536915     
   511.000000000000        5.36520151475091     
   512.000000000000        5.37109117333662     
   513.000000000000        5.37706074098474     
   514.000000000000        5.38298633581588     
   515.000000000000        5.38895842394697     
   516.000000000000        5.39478488211975     
   517.000000000000        5.40066826676345     
   518.000000000000        5.40663628005232     
   519.000000000000        5.41246363484449     
   520.000000000000        5.41848457074392     
   521.000000000000        5.42425169236805     
   522.000000000000        5.43030612855642     
   523.000000000000        5.43615693482771     
   524.000000000000        5.44197070797035     
   525.000000000000        5.44795899683830     
   526.000000000000        5.45382865352477     
   527.000000000000        5.45962278528380     
   528.000000000000        5.46567805268958     
   529.000000000000        5.47140100648388     
   530.000000000000        5.47737161647621     
   531.000000000000        5.48325582168605     
   532.000000000000        5.48907853385673     
   533.000000000000        5.49504944480921     
   534.000000000000        5.50080297359696     
   535.000000000000        5.50675006197723     
   536.000000000000        5.51254715222074     
   537.000000000000        5.51848251991642     
   538.000000000000        5.52429136655616     
   539.000000000000        5.53019095342810     
   540.000000000000        5.53597482516566     
   541.000000000000        5.54192195276081     
   542.000000000000        5.54760010552278     
   543.000000000000        5.55360923150083     
   544.000000000000        5.55937003548663     
   545.000000000000        5.56519921229737     
   546.000000000000        5.57103599200631     
   547.000000000000        5.57694892722889     
   548.000000000000        5.58267798980200     
   549.000000000000        5.58860663554779     
   550.000000000000        5.59430511597396     
   551.000000000000        5.60019151701319     
   552.000000000000        5.60593852872341     
   553.000000000000        5.61183078154857     
   554.000000000000        5.61753878955013     
   555.000000000000        5.62343333707132     
   556.000000000000        5.62916826619643     
   557.000000000000        5.63492026136190     
   558.000000000000        5.64078632364117     
   559.000000000000        5.64662831147475     
   560.000000000000        5.65226239012161     
   561.000000000000        5.65800531779275     
   562.000000000000        5.66397123369295     
   563.000000000000        5.66967552080434     
   564.000000000000        5.67531413283771     
   565.000000000000        5.68122069606714     
   566.000000000000        5.68684507082165     
   567.000000000000        5.69266915116762     
   568.000000000000        5.69841444441744     
   569.000000000000        5.70407226423445     
   570.000000000000        5.70991374144452     
   571.000000000000        5.71564382878418     
   572.000000000000        5.72133773342074     
   573.000000000000        5.72699739391646     
   574.000000000000        5.73281819328997     
   575.000000000000        5.73842087809608     
   576.000000000000        5.74409687310655     
   577.000000000000        5.74995234119688     
   578.000000000000        5.75553150033767     
   579.000000000000        5.76129861261597     
   580.000000000000        5.76696560181108     
   581.000000000000        5.77258116219997     
   582.000000000000        5.77828325114650     
   583.000000000000        5.78392103357616     
   584.000000000000        5.78963512380578     
   585.000000000000        5.79537320912312     
   586.000000000000        5.80083636835180     
   587.000000000000        5.80658712846587     
   588.000000000000        5.81214083756957     
   589.000000000000        5.81785658758148     
   590.000000000000        5.82345152560707     
   591.000000000000        5.82910926556570     
   592.000000000000        5.83468217212415     
   593.000000000000        5.84031471685710     
   594.000000000000        5.84594447870386     
   595.000000000000        5.85137992960190     
   596.000000000000        5.85711441187087     
   597.000000000000        5.86267443060256     
   598.000000000000        5.86828123753620     
   599.000000000000        5.87374379694916     
   600.000000000000        5.87930731902335     
   601.000000000000        5.88505041343989     
   602.000000000000        5.89039247118782     
   603.000000000000        5.89603905305782     
   604.000000000000        5.90153962155962     
   605.000000000000        5.90700942428204     
   606.000000000000        5.91262567514664     
   607.000000000000        5.91807830411876     
   608.000000000000        5.92356329870882     
   609.000000000000        5.92907536047327     
   610.000000000000        5.93466726992632     
   611.000000000000        5.94003470021976     
   612.000000000000        5.94550838572200     
   613.000000000000        5.95108417434571     
   614.000000000000        5.95635314826362     
   615.000000000000        5.96195915371257     
   616.000000000000        5.96725244645924     
   617.000000000000        5.97298900670676     
   618.000000000000        5.97807318773590     
   619.000000000000        5.98377947977580     
   620.000000000000        5.98884800463961     
   621.000000000000        5.99465495129574     
   622.000000000000        5.99966801559031     
   623.000000000000        6.00523000833756     
   624.000000000000        6.01066199676838     
   625.000000000000        6.01594057340545     
   626.000000000000        6.02140114454770     
   627.000000000000        6.02658561237022     
   628.000000000000        6.03194043513629     
   629.000000000000        6.03746499370228     
   630.000000000000        6.04261162573920     
   631.000000000000        6.04805652055330     
   632.000000000000        6.05320670627303     
   633.000000000000        6.05860419832692     
   634.000000000000        6.06391388140120     
   635.000000000000        6.06908375227081     
   636.000000000000        6.07449622875405     
   637.000000000000        6.07963791897466     
   638.000000000000        6.08492916606077     
   639.000000000000        6.09011884937982     
   640.000000000000        6.09537119838201     
   641.000000000000        6.10059112874536     
   642.000000000000        6.10584851616350     
   643.000000000000        6.11096708388564     
   644.000000000000        6.11621898276308     
   645.000000000000        6.12126274920938     
   646.000000000000        6.12664101841459     
   647.000000000000        6.13166413713223     
   648.000000000000        6.13694413857439     
   649.000000000000        6.14186131836648     
   650.000000000000        6.14721823928010     
   651.000000000000        6.15225540566466     
   652.000000000000        6.15717293849569     
   653.000000000000        6.16252696432363     
   654.000000000000        6.16742592150512     
   655.000000000000        6.17256809776277     
   656.000000000000        6.17764873961518     
   657.000000000000        6.18267931721909     
   658.000000000000        6.18783274483318     
   659.000000000000        6.19260688161162     
   660.000000000000        6.19785352997037     
   661.000000000000        6.20278954277874     
   662.000000000000        6.20767653577088     
   663.000000000000        6.21274418394422     
   664.000000000000        6.21757669013834     
   665.000000000000        6.22277962423161     
   666.000000000000        6.22755026353660     
   667.000000000000        6.23257556261200     
   668.000000000000        6.23745260901085     
   669.000000000000        6.24234120191397     
   670.000000000000        6.24725301452332     
   671.000000000000        6.25212738155271     
   672.000000000000        6.25697033104169     
   673.000000000000        6.26195197379384     
   674.000000000000        6.26667999247577     
   675.000000000000        6.27140921866794     
   676.000000000000        6.27663500792532     
   677.000000000000        6.28103622138039     
   678.000000000000        6.28607978172441     
   679.000000000000        6.29064091956463     
   680.000000000000        6.29541919077198     
   681.000000000000        6.30031318280269     
   682.000000000000        6.30498857622159     
   683.000000000000        6.30967335670797     
   684.000000000000        6.31451321851318     
   685.000000000000        6.31924495812391     
   686.000000000000        6.32371561147384     
   687.000000000000        6.32857133098487     
   688.000000000000        6.33318928174012     
   689.000000000000        6.33778542508711     
   690.000000000000        6.34245313908039     
   691.000000000000        6.34695156007099     
   692.000000000000        6.35175072773938     
   693.000000000000        6.35629752556229     
   694.000000000000        6.36078731125323     
   695.000000000000        6.36542433684157     
   696.000000000000        6.36979788973291     
   697.000000000000        6.37463009240736     
   698.000000000000        6.37890552981311     
   699.000000000000        6.38348891898942     
   700.000000000000        6.38803854660860     
   701.000000000000        6.39231444016759     
   702.000000000000        6.39690798343208     
   703.000000000000        6.40152510879994     
   704.000000000000        6.40574701418841     
   705.000000000000        6.41011887585650     
   706.000000000000        6.41469784686322     
   707.000000000000        6.41894126423899     
   708.000000000000        6.42337563324636     
   709.000000000000        6.42758608990714     
   710.000000000000        6.43211156479149     
   711.000000000000        6.43635526316263     
   712.000000000000        6.44052446709608     
   713.000000000000        6.44504604872253     
   714.000000000000        6.44915522346360     
   715.000000000000        6.45351881608572     
   716.000000000000        6.45774161188386     
   717.000000000000        6.46192396655590     
   718.000000000000        6.46619819475150     
   719.000000000000        6.47025222231028     
   720.000000000000        6.47456189396716     
   721.000000000000        6.47863058367721     
   722.000000000000        6.48288060190396     
   723.000000000000        6.48698902181486     
   724.000000000000        6.49095565497020     
   725.000000000000        6.49518612339908     
   726.000000000000        6.49919412516547     
   727.000000000000        6.50335453007235     
   728.000000000000        6.50733724678520     
   729.000000000000        6.51145918657432     
   730.000000000000        6.51535089250747     
   731.000000000000        6.51922526642884     
   732.000000000000        6.52344966179407     
   733.000000000000        6.52715418977331     
   734.000000000000        6.53121108491022     
   735.000000000000        6.53517982726112     
   736.000000000000        6.53914776999538     
   737.000000000000        6.54289508063949     
   738.000000000000        6.54677465895085     
   739.000000000000        6.55055634677009     
   740.000000000000        6.55471802920719     
   741.000000000000        6.55815577353634     
   742.000000000000        6.56218422040978     
   743.000000000000        6.56590040509396     
   744.000000000000        6.56968884078717     
   745.000000000000        6.57334388598146     
   746.000000000000        6.57724552744066     
   747.000000000000        6.58058986587283     
   748.000000000000        6.58453358251413     
   749.000000000000        6.58831237202706     
   750.000000000000        6.59196415292976     
   751.000000000000        6.59526986716885     
   752.000000000000        6.59914456924572     
   753.000000000000        6.60265476405711     
   754.000000000000        6.60649946741575     
   755.000000000000        6.60962407483075     
   756.000000000000        6.61346839337154     
   757.000000000000        6.61674202720940     
   758.000000000000        6.62047048232651     
   759.000000000000        6.62375427707260     
   760.000000000000        6.62741246773327     
   761.000000000000        6.63080932863960     
   762.000000000000        6.63417554854110     
   763.000000000000        6.63763008792083     
   764.000000000000        6.64101156369390     
   765.000000000000        6.64454634376732     
   766.000000000000        6.64763885668506     
   767.000000000000        6.65087711085553     
   768.000000000000        6.65441383453817     
   769.000000000000        6.65778333537954     
   770.000000000000        6.66079978425335     
   771.000000000000        6.66417347734177     
   772.000000000000        6.66740263774206     
   773.000000000000        6.67050713276187     
   774.000000000000        6.67378980298452     
   775.000000000000        6.67702383529714     
   776.000000000000        6.68012306632135     
   777.000000000000        6.68325233739396     
   778.000000000000        6.68642857597824     
   779.000000000000        6.68937549576687     
   780.000000000000        6.69258225231897     
   781.000000000000        6.69542896581815     
   782.000000000000        6.69864309114048     
   783.000000000000        6.70161889997930     
   784.000000000000        6.70456666757131     
   785.000000000000        6.70759861403257     
   786.000000000000        6.71052105394895     
   787.000000000000        6.71337126065117     
   788.000000000000        6.71644705521801     
   789.000000000000        6.71923629385347     
   790.000000000000        6.72194606046020     
   791.000000000000        6.72495279095208     
   792.000000000000        6.72789008384023     
   793.000000000000        6.73050448963527     
   794.000000000000        6.73324271943223     
   795.000000000000        6.73623290462934     
   796.000000000000        6.73864687946410     
   797.000000000000        6.74162758539219     
   798.000000000000        6.74437562612801     
   799.000000000000        6.74684339439384     
   800.000000000000        6.74976196682319     
   801.000000000000        6.75220600190134     
   802.000000000000        6.75474861156397     
   803.000000000000        6.75744813413530     
   804.000000000000        6.75999742805014     
   805.000000000000        6.76262177244141     
   806.000000000000        6.76481821229608     
   807.000000000000        6.76785195158300     
   808.000000000000        6.76991619553198     
   809.000000000000        6.77260983953788     
   810.000000000000        6.77497587754125     
   811.000000000000        6.77743819269158     
   812.000000000000        6.77973049821516     
   813.000000000000        6.78224558010249     
   814.000000000000        6.78440493497100     
   815.000000000000        6.78700949379354     
   816.000000000000        6.78934825409172     
   817.000000000000        6.79130436225108     
   818.000000000000        6.79372147940799     
   819.000000000000        6.79591515757565     
   820.000000000000        6.79831211857222     
   821.000000000000        6.80044180793697     
   822.000000000000        6.80261902404679     
   823.000000000000        6.80469123376600     
   824.000000000000        6.80679908440510     
   825.000000000000        6.80929889103349     
   826.000000000000        6.81077049973250     
   827.000000000000        6.81341250101958     
   828.000000000000        6.81524765201319     
   829.000000000000        6.81731159289988     
   830.000000000000        6.81932702877322     
   831.000000000000        6.82115534950143     
   832.000000000000        6.82320365258163     
   833.000000000000        6.82529353950498     
   834.000000000000        6.82693791231337     
   835.000000000000        6.82916542012123     
   836.000000000000        6.83067898678094     
   837.000000000000        6.83286070393865     
   838.000000000000        6.83448827844980     
   839.000000000000        6.83630490621170     
   840.000000000000        6.83818925858242     
   841.000000000000        6.83981209048805     
   842.000000000000        6.84188060369590     
   843.000000000000        6.84341508524830     
   844.000000000000        6.84509240770660     
   845.000000000000        6.84653224453970     
   846.000000000000        6.84874426646268     
   847.000000000000        6.84999129905026     
   848.000000000000        6.85142662895424     
   849.000000000000        6.85351247737751     
   850.000000000000        6.85476491167443     
   851.000000000000        6.85645255119024     
   852.000000000000        6.85779693679359     
   853.000000000000        6.85945547637957     
   854.000000000000        6.86075976526013     
   855.000000000000        6.86247618277502     
   856.000000000000        6.86367618618011     
   857.000000000000        6.86545364393002     
   858.000000000000        6.86620009038364     
   859.000000000000        6.86814702272251     
   860.000000000000        6.86920145395985     
   861.000000000000        6.87079986639118     
   862.000000000000        6.87190137837346     
   863.000000000000        6.87297906939089     
   864.000000000000        6.87457448889361     
   865.000000000000        6.87583746600661     
   866.000000000000        6.87675997262544     
   867.000000000000        6.87825011047603     
   868.000000000000        6.87932591843459     
   869.000000000000        6.88027631350432     
   870.000000000000        6.88172780135175     
   871.000000000000        6.88268109941967     
   872.000000000000        6.88374915637884     
   873.000000000000        6.88474667302280     
   874.000000000000        6.88591803837221     
   875.000000000000        6.88704773561004     
   876.000000000000        6.88775979577323     
   877.000000000000        6.88883744274930     
   878.000000000000        6.88965080220624     
   879.000000000000        6.89095686230559     
   880.000000000000        6.89186876000508     
   881.000000000000        6.89227776177936     
   882.000000000000        6.89351050411113     
   883.000000000000        6.89454409300065     
   884.000000000000        6.89490044023101     
   885.000000000000        6.89607792917181     
   886.000000000000        6.89668018892299     
   887.000000000000        6.89710543306228     
   888.000000000000        6.89839384416301     
   889.000000000000        6.89888736004614     
   890.000000000000        6.89958234631337     
   891.000000000000        6.90022773383904     
   892.000000000000        6.90093481184190     
   893.000000000000        6.90155837246741     
   894.000000000000        6.90240802942693     
   895.000000000000        6.90259225787246     
   896.000000000000        6.90324469407115     
   897.000000000000        6.90427089472596     
   898.000000000000        6.90411417792288     
   899.000000000000        6.90486402459719     
   900.000000000000        6.90573907767650     
   901.000000000000        6.90563716799211     
   902.000000000000        6.90638336005810     
   903.000000000000        6.90674605313880     
   904.000000000000        6.90752981208137     
   905.000000000000        6.90750587932371     
   906.000000000000        6.90772042300622     
   907.000000000000        6.90830355635913     
   908.000000000000        6.90858409044016     
   909.000000000000        6.90892178130592     
   910.000000000000        6.90923142368372     
   911.000000000000        6.90925217139441     
   912.000000000000        6.90985587018983     
   913.000000000000        6.90977750034223     
   914.000000000000        6.91030457163804     
   915.000000000000        6.90998092712374     
   916.000000000000        6.91074558348030     
   917.000000000000        6.91052015319123     
   918.000000000000        6.91051872035418     
   919.000000000000        6.91113001476718     
   920.000000000000        6.91075750129713     
   921.000000000000        6.91111201225929     
   922.000000000000        6.91095578714592     
   923.000000000000        6.91096521363672     
   924.000000000000        6.91115204020653     
   925.000000000000        6.91107053318578     
   926.000000000000        6.91108598653913     
   927.000000000000        6.91071815251776     
   928.000000000000        6.91078350707362     
   929.000000000000        6.91062349645523     
   930.000000000000        6.91099940080827     
   931.000000000000        6.91046522121057     
   932.000000000000        6.91016894896263     
   933.000000000000        6.91003404669255     
   934.000000000000        6.91016826658213     
   935.000000000000        6.90991449794826     
   936.000000000000        6.90961386538504     
   937.000000000000        6.90950538525129     
   938.000000000000        6.90899650077010     
   939.000000000000        6.90867452480299     
   940.000000000000        6.90860620040743     
   941.000000000000        6.90828840977899     
   942.000000000000        6.90780846652764     
   943.000000000000        6.90778401863927     
   944.000000000000        6.90663810042280     
   945.000000000000        6.90692828008736     
   946.000000000000        6.90656379920154     
   947.000000000000        6.90578980190496     
   948.000000000000        6.90570745728813     
   949.000000000000        6.90493301971860     
   950.000000000000        6.90464497968422     
   951.000000000000        6.90405570250342     
   952.000000000000        6.90368826200179     
   953.000000000000        6.90287561693833     
   954.000000000000        6.90274069564401     
   955.000000000000        6.90198191820039     
   956.000000000000        6.90126828007978     
   957.000000000000        6.90116540048695     
   958.000000000000        6.90007306709486     
   959.000000000000        6.89944697528301     
   960.000000000000        6.89875497978915     
   961.000000000000        6.89863411626421     
   962.000000000000        6.89766749778264     
   963.000000000000        6.89639655781390     
   964.000000000000        6.89656560160398     
   965.000000000000        6.89521890716617     
   966.000000000000        6.89478502001633     
   967.000000000000        6.89407495533085     
   968.000000000000        6.89311281003136     
   969.000000000000        6.89281062723456     
   970.000000000000        6.89132108577489     
   971.000000000000        6.89100870351581     
   972.000000000000        6.89031969118201     
   973.000000000000        6.88879495920608     
   974.000000000000        6.88847594436387     
   975.000000000000        6.88735134992836     
   976.000000000000        6.88660428997785     
   977.000000000000        6.88546421177685     
   978.000000000000        6.88513417644413     
   979.000000000000        6.88381079284270     
   980.000000000000        6.88254277324424     
   981.000000000000        6.88187662268777     
   982.000000000000        6.88117680878381     
   983.000000000000        6.87989142232384     
   984.000000000000        6.87904756062810     
   985.000000000000        6.87776506728299     
   986.000000000000        6.87683975394074     
   987.000000000000        6.87617506081523     
   988.000000000000        6.87477660975340     
   989.000000000000        6.87353778464644     
   990.000000000000        6.87282766812204     
   991.000000000000        6.87152298050479     
   992.000000000000        6.87067915393047     
   993.000000000000        6.86936701945823     
   994.000000000000        6.86814730438252     
   995.000000000000        6.86683140290612     
   996.000000000000        6.86628710320984     
   997.000000000000        6.86461324390006     
   998.000000000000        6.86354242870232     
   999.000000000000        6.86251140586938     
   1000.00000000000        6.86118457535617     
   1001.00000000000        6.86013060477914     
   1002.00000000000        6.85888220397744     
   1003.00000000000        6.85748157086955     
   1004.00000000000        6.85622224526295     
   1005.00000000000        6.85516881908750     
   1006.00000000000        6.85382765017274     
   1007.00000000000        6.85238269547030     
   1008.00000000000        6.85129986299177     
   1009.00000000000        6.85015599108181     
   1010.00000000000        6.84825612103975     
   1011.00000000000        6.84741909024386     
   1012.00000000000        6.84590055219129     
   1013.00000000000        6.84492967311533     
   1014.00000000000        6.84295840180074     
   1015.00000000000        6.84208237747409     
   1016.00000000000        6.84074274634372     
   1017.00000000000        6.83940469694430     
   1018.00000000000        6.83759155113958     
   1019.00000000000        6.83674471634838     
   1020.00000000000        6.83469696961483     
   1021.00000000000        6.83388740202091     
   1022.00000000000        6.83217766827761     
   1023.00000000000        6.83067782134491     
   1024.00000000000        6.82924465319992     
   1025.00000000000        6.82796719094552     
   1026.00000000000        6.82658826676027     
   1027.00000000000        6.82514286981857     
   1028.00000000000        6.82355563488569     
   1029.00000000000        6.82178177288244     
   1030.00000000000        6.82062289181867     
   1031.00000000000        6.81951839500612     
   1032.00000000000        6.81716837844942     
   1033.00000000000        6.81623845090238     
   1034.00000000000        6.81502753571423     
   1035.00000000000        6.81262607765467     
   1036.00000000000        6.81185819987695     
   1037.00000000000        6.80987744779369     
   1038.00000000000        6.80862757069885     
   1039.00000000000        6.80692821320657     
   1040.00000000000        6.80554871233683     
   1041.00000000000        6.80414862314054     
   1042.00000000000        6.80246366433633     
   1043.00000000000        6.80073634128269     
   1044.00000000000        6.79883487784323     
   1045.00000000000        6.79785150096462     
   1046.00000000000        6.79581743112466     
   1047.00000000000        6.79487745256833     
   1048.00000000000        6.79311167862714     
   1049.00000000000        6.79157712582998     
   1050.00000000000        6.78952116045773     
   1051.00000000000        6.78841882844582     
   1052.00000000000        6.78670949892722     
   1053.00000000000        6.78495523156562     
   1054.00000000000        6.78340842920912     
   1055.00000000000        6.78178830634908     
   1056.00000000000        6.78038324043009     
   1057.00000000000        6.77847497148573     
   1058.00000000000        6.77671678120466     
   1059.00000000000        6.77593218926521     
   1060.00000000000        6.77399716942329     
   1061.00000000000        6.77190002098810     
   1062.00000000000        6.77052737334474     
   1063.00000000000        6.76905409060075     
   1064.00000000000        6.76744147182347     
   1065.00000000000        6.76621418632750     
   1066.00000000000        6.76401241515115     
   1067.00000000000        6.76232982544948     
   1068.00000000000        6.76077581172791     
   1069.00000000000        6.75972017699324     
   1070.00000000000        6.75721622121714     
   1071.00000000000        6.75592994248208     
   1072.00000000000        6.75445456070278     
   1073.00000000000        6.75296232706059     
   1074.00000000000        6.75155018292388     
   1075.00000000000        6.74984056350824     
   1076.00000000000        6.74734833031022     
   1077.00000000000        6.74628050589679     
   1078.00000000000        6.74468573414824     
   1079.00000000000        6.74363189043157     
   1080.00000000000        6.74110970436340     
   1081.00000000000        6.74009001331645     
   1082.00000000000        6.73809765683634     
   1083.00000000000        6.73680123096590     
   1084.00000000000        6.73490020626897     
   1085.00000000000        6.73350722500882     
   1086.00000000000        6.73226363692023     
   1087.00000000000        6.73037018883691     
   1088.00000000000        6.72884199481305     
   1089.00000000000        6.72688983815104     
   1090.00000000000        6.72585784086022     
   1091.00000000000        6.72406840234018     
   1092.00000000000        6.72244271847765     
   1093.00000000000        6.72090526124085     
   1094.00000000000        6.71897064493613     
   1095.00000000000        6.71780962421689     
   1096.00000000000        6.71624976835937     
   1097.00000000000        6.71456595956858     
   1098.00000000000        6.71373352814503     
   1099.00000000000        6.71133083623358     
   1100.00000000000        6.70993065123631     
   1101.00000000000        6.70903103845674     
   1102.00000000000        6.70666962243395     
   1103.00000000000        6.70583033656172     
   1104.00000000000        6.70393827709130     
   1105.00000000000        6.70265279275348     
   1106.00000000000        6.70125466968680     
   1107.00000000000        6.69980848164673     
   1108.00000000000        6.69783220475733     
   1109.00000000000        6.69689024575931     
   1110.00000000000        6.69535270043047     
   1111.00000000000        6.69355558458229     
   1112.00000000000        6.69285546173390     
   1113.00000000000        6.69056449123618     
   1114.00000000000        6.68929163026806     
   1115.00000000000        6.68878891041301     
   1116.00000000000        6.68627765049146     
   1117.00000000000        6.68544313001164     
   1118.00000000000        6.68421151623982     
   1119.00000000000        6.68269354392927     
   1120.00000000000        6.68123695266963     
   1121.00000000000        6.67943253858397     
   1122.00000000000        6.67900612837343     
   1123.00000000000        6.67772888368035     
   1124.00000000000        6.67562714957137     
   1125.00000000000        6.67489990752969     
   1126.00000000000        6.67338715016662     
   1127.00000000000        6.67222097008101     
   1128.00000000000        6.67042578391335     
   1129.00000000000        6.67032973372982     
   1130.00000000000        6.66814430331133     
   1131.00000000000        6.66746675567688     
   1132.00000000000        6.66589566467283     
   1133.00000000000        6.66522689473834     
   1134.00000000000        6.66355667402807     
   1135.00000000000        6.66260689668772     
   1136.00000000000        6.66114684364480     
   1137.00000000000        6.66004469595061     
   1138.00000000000        6.65978148074096     
   1139.00000000000        6.65759600440207     
   1140.00000000000        6.65715056520464     
   1141.00000000000        6.65589391780037     
   1142.00000000000        6.65415383246215     
   1143.00000000000        6.65455137789489     
   1144.00000000000        6.65246146585281     
   1145.00000000000        6.65253728735019     
   1146.00000000000        6.65050125426345     
   1147.00000000000        6.64993434461009     
   1148.00000000000        6.64922679018742     
   1149.00000000000        6.64761981224446     
   1150.00000000000        6.64692982652222     
   1151.00000000000        6.64641086949855     
   1152.00000000000        6.64617550398828     
   1153.00000000000        6.64385801711544     
   1154.00000000000        6.64387751889392     
   1155.00000000000        6.64248205830364     
   1156.00000000000        6.64259890244438     
   1157.00000000000        6.64132683644468     
   1158.00000000000        6.64090424130967     
   1159.00000000000        6.63928569535710     
   1160.00000000000        6.63945777371214     
   1161.00000000000        6.63842949760154     
   1162.00000000000        6.63826009409305     
   1163.00000000000        6.63686137787592     
   1164.00000000000        6.63605387479827     
   1165.00000000000        6.63689449164668     
   1166.00000000000        6.63522744726993     
   1167.00000000000        6.63527777181170     
   1168.00000000000        6.63425162562730     
   1169.00000000000        6.63395510600979     
   1170.00000000000        6.63314217471122     
   1171.00000000000        6.63316623164588     
   1172.00000000000        6.63308233140177     
   1173.00000000000        6.63240403470918     
   1174.00000000000        6.63110870825141     
   1175.00000000000        6.63201280498212     
   1176.00000000000        6.63110130876743     
   1177.00000000000        6.63142996053247     
   1178.00000000000        6.63037883556896     
   1179.00000000000        6.63061806978414     
   1180.00000000000        6.63010007993346     
   1181.00000000000        6.63014126979788     
   1182.00000000000        6.63021140691759     
   1183.00000000000        6.62958169966139     
   1184.00000000000        6.62978609117191     
   1185.00000000000        6.62970689441083     
   1186.00000000000        6.62961596560122     
   1187.00000000000        6.63031044654479     
   1188.00000000000        6.62988807878014     
   1189.00000000000        6.62927110734946     
   1190.00000000000        6.63061309666967     
   1191.00000000000        6.63014555337962     
   1192.00000000000        6.62966224776456     
   1193.00000000000        6.63021867548904     
   1194.00000000000        6.63195515358843     
   1195.00000000000        6.63057949232924     
   1196.00000000000        6.63135124945321     
   1197.00000000000        6.63193214164214     
   1198.00000000000        6.63182930077999     
   1199.00000000000        6.63203598012821     
   1200.00000000000        6.63277826804423     
   1201.00000000000        6.63359301700733     
   1202.00000000000        6.63377727105151     
   1203.00000000000        6.63473857714797     
   1204.00000000000        6.63462233512489     
   1205.00000000000        6.63600077004436     
   1206.00000000000        6.63631813028937     
   1207.00000000000        6.63742661595201     
   1208.00000000000        6.63749293345989     
   1209.00000000000        6.63876342273484     
   1210.00000000000        6.63967985696164     
   1211.00000000000        6.64022007346996     
   1212.00000000000        6.64095738203727     
   1213.00000000000        6.64214092982039     
   1214.00000000000        6.64315830907012     
   1215.00000000000        6.64409124082369     
   1216.00000000000        6.64577864828166     
   1217.00000000000        6.64602550550297     
   1218.00000000000        6.64779498930530     
   1219.00000000000        6.64812987404764     
   1220.00000000000        6.65085850320379     
   1221.00000000000        6.65028498451541     
   1222.00000000000        6.65328331095662     
   1223.00000000000        6.65423762998167     
   1224.00000000000        6.65516480042003     
   1225.00000000000        6.65726056560719     
   1226.00000000000        6.65806674837034     
   1227.00000000000        6.65980347092003     
   1228.00000000000        6.66196316662746     
   1229.00000000000        6.66373168681100     
   1230.00000000000        6.66467554746115     
   1231.00000000000        6.66713193681230     
   1232.00000000000        6.66923252219117     
   1233.00000000000        6.67012692548036     
   1234.00000000000        6.67314008871712     
   1235.00000000000        6.67386268938796     
   1236.00000000000        6.67654723557020     
   1237.00000000000        6.67874844680501     
   1238.00000000000        6.68030395096687     
   1239.00000000000        6.68386909770291     
   1240.00000000000        6.68430577302927     
   1241.00000000000        6.68770627629880     
   1242.00000000000        6.69017948633841     
   1243.00000000000        6.69240342048188     
   1244.00000000000        6.69461055799271     
   1245.00000000000        6.69776958277849     
   1246.00000000000        6.69953954541482     
   1247.00000000000        6.70242527232076     
   1248.00000000000        6.70493988688396     
   1249.00000000000        6.70848465633465     
   1250.00000000000        6.71154276253488     
   1251.00000000000        6.71293637017392     
   1252.00000000000        6.71727954088624     
   1253.00000000000        6.71969879028454     
   1254.00000000000        6.72314923018071     
   1255.00000000000        6.72545323704113     
   1256.00000000000        6.72898069005054     
   1257.00000000000        6.73341548452978     
   1258.00000000000        6.73534014431657     
   1259.00000000000        6.73960112392332     
   1260.00000000000        6.74328419960368     
   1261.00000000000        6.74630205285197     
   1262.00000000000        6.75048077382259     
   1263.00000000000        6.75275753138111     
   1264.00000000000        6.75816737904549     
   1265.00000000000        6.76092290426018     
   1266.00000000000        6.76540382126542     
   1267.00000000000        6.76932637734835     
   1268.00000000000        6.77307421312103     
   1269.00000000000        6.77762099334679     
   1270.00000000000        6.78182208988885     
   1271.00000000000        6.78563180294388     
   1272.00000000000        6.79030038377356     
   1273.00000000000        6.79470699462355     
   1274.00000000000        6.79934487575702     
   1275.00000000000        6.80388040048500     
   1276.00000000000        6.80791241983930     
   1277.00000000000        6.81384039746101     
   1278.00000000000        6.81866760456978     
   1279.00000000000        6.82284829963831     
   1280.00000000000        6.82779211769158     
   1281.00000000000        6.83264391263664     
   1282.00000000000        6.83932139196320     
   1283.00000000000        6.84351676511218     
   1284.00000000000        6.84920502027488     
   1285.00000000000        6.85378483461472     
   1286.00000000000        6.86051334163594     
   1287.00000000000        6.86615007362819     
   1288.00000000000        6.87095538896272     
   1289.00000000000        6.87705767634367     
   1290.00000000000        6.88321289523214     
   1291.00000000000        6.88973174209845     
   1292.00000000000        6.89553485386115     
   1293.00000000000        6.90068090104444     
   1294.00000000000        6.90799452364413     
   1295.00000000000        6.91408381618078     
   1296.00000000000        6.92123729025210     
   1297.00000000000        6.92734591573382     
   1298.00000000000        6.93338768597553     
   1299.00000000000        6.94084883593132     
   1300.00000000000        6.94759646123015     
   1301.00000000000        6.95515591606702     
   1302.00000000000        6.96180633444075     
   1303.00000000000        6.96888317431716     
   1304.00000000000        6.97687411223882     
   1305.00000000000        6.98398347711831     
   1306.00000000000        6.99201369415923     
   1307.00000000000        6.99901159912187     
   1308.00000000000        7.00715031054214     
   1309.00000000000        7.01529501653324     
   1310.00000000000        7.02361958747454     
   1311.00000000000        7.02984163057468     
   1312.00000000000        7.04064474165429     
   1313.00000000000        7.04720222000242     
   1314.00000000000        7.05681003653947     
   1315.00000000000        7.06507222352766     
   1316.00000000000        7.07429129063342     
   1317.00000000000        7.08317214423082     
   1318.00000000000        7.09167637949868     
   1319.00000000000        7.10089120987119     
   1320.00000000000        7.11053128692986     
   1321.00000000000        7.12016763916253     
   1322.00000000000        7.12884257831426     
   1323.00000000000        7.13844737206562     
   1324.00000000000        7.14995942273530     
   1325.00000000000        7.15855873748149     
   1326.00000000000        7.16979748846989     
   1327.00000000000        7.18028344066205     
   1328.00000000000        7.18985207520465     
   1329.00000000000        7.19892544586618     
   1330.00000000000        7.21286343033753     
   1331.00000000000        7.22273295503664     
   1332.00000000000        7.23320577450226     
   1333.00000000000        7.24330292306073     
   1334.00000000000        7.25578609862509     
   1335.00000000000        7.26859279926697     
   1336.00000000000        7.27871762814319     
   1337.00000000000        7.29098562320080     
   1338.00000000000        7.30285002687578     
   1339.00000000000        7.31439031093698     
   1340.00000000000        7.32940981839733     
   1341.00000000000        7.33937021975570     
   1342.00000000000        7.35402547935520     
   1343.00000000000        7.36507953844969     
   1344.00000000000        7.37891852179370     
   1345.00000000000        7.39326512144203     
   1346.00000000000        7.40378930258233     
   1347.00000000000        7.42030519814067     
   1348.00000000000        7.43478224766672     
   1349.00000000000        7.44649148057000     
   1350.00000000000        7.46129199291333     
   1351.00000000000        7.47497475994378     
   1352.00000000000        7.49147526301189     
   1353.00000000000        7.50490164120089     
   1354.00000000000        7.52137237341005     
   1355.00000000000        7.53566137881438     
   1356.00000000000        7.55045071127683     
   1357.00000000000        7.56692806474865     
   1358.00000000000        7.58470936855920     
