  0.000000000000000E+000  1.113483510932052E-002
   1.00000000000000       1.113463197045326E-002
   2.00000000000000       1.113460323282993E-002
   3.00000000000000       1.113460692851437E-002
   4.00000000000000       1.113460408642452E-002
   5.00000000000000       1.113466058323441E-002
   6.00000000000000       1.113494969852494E-002
   7.00000000000000       1.113575231227825E-002
   8.00000000000000       1.113746322864940E-002
   9.00000000000000       1.114059766249421E-002
   10.0000000000000       1.113461703256422E-002
   11.0000000000000       1.113571956960482E-002
   12.0000000000000       1.113973546921296E-002
   13.0000000000000       1.113463118555259E-002
   14.0000000000000       1.113719120688521E-002
   15.0000000000000       1.113465073213809E-002
   16.0000000000000       1.113913233098578E-002
   17.0000000000000       1.113466630553495E-002
   18.0000000000000       1.114264303072914E-002
   19.0000000000000       1.113470395625092E-002
   20.0000000000000       1.113472360855662E-002
   21.0000000000000       1.113474245197099E-002
   22.0000000000000       1.113475964257368E-002
   23.0000000000000       1.113479386890675E-002
   24.0000000000000       1.113482629932653E-002
   25.0000000000000       1.113485407696015E-002
   26.0000000000000       1.113489899461603E-002
   27.0000000000000       1.113494440042696E-002
   28.0000000000000       1.113499226056435E-002
   29.0000000000000       1.113504764764701E-002
   30.0000000000000       1.113511702248901E-002
   31.0000000000000       1.113518006605668E-002
   32.0000000000000       1.113526248448216E-002
   33.0000000000000       1.113534377929200E-002
   34.0000000000000       1.113543269279568E-002
   35.0000000000000       1.113553540377078E-002
   36.0000000000000       1.113565059772674E-002
   37.0000000000000       1.113577209611621E-002
   38.0000000000000       1.113590360382214E-002
   39.0000000000000       1.113604067305393E-002
   40.0000000000000       1.113619475613448E-002
   41.0000000000000       1.113636681206143E-002
   42.0000000000000       1.113653681397497E-002
   43.0000000000000       1.113672249605383E-002
   44.0000000000000       1.113692133817160E-002
   45.0000000000000       1.113714027641423E-002
   46.0000000000000       1.113735677424738E-002
   47.0000000000000       1.113760571743195E-002
   48.0000000000000       1.113785353680501E-002
   49.0000000000000       1.113812931946327E-002
   50.0000000000000       1.113840863777537E-002
   51.0000000000000       1.113871544815136E-002
   52.0000000000000       1.113902447020497E-002
   53.0000000000000       1.113935682404333E-002
   54.0000000000000       1.113970751840785E-002
   55.0000000000000       1.114007508627995E-002
   56.0000000000000       1.114045040003223E-002
   57.0000000000000       1.114085296331350E-002
   58.0000000000000       1.114126422664802E-002
   59.0000000000000       1.114168978007202E-002
   60.0000000000000       1.114213263988505E-002
   61.0000000000000       1.114260962994226E-002
   62.0000000000000       1.114308966663871E-002
   63.0000000000000       1.114358487711085E-002
   64.0000000000000       1.114411089020653E-002
   65.0000000000000       1.114463614572044E-002
   66.0000000000000       1.114519686362003E-002
   67.0000000000000       1.114576115827368E-002
   68.0000000000000       1.114636720791631E-002
   69.0000000000000       1.114697286031902E-002
   70.0000000000000       1.114759947549311E-002
   71.0000000000000       1.114823702967641E-002
   72.0000000000000       1.114891372541107E-002
   73.0000000000000       1.114959475589252E-002
   74.0000000000000       1.115029363414440E-002
   75.0000000000000       1.115101308589262E-002
   76.0000000000000       1.115174933546361E-002
   77.0000000000000       1.115249921836878E-002
   78.0000000000000       1.115328038066867E-002
   79.0000000000000       1.115406830975250E-002
   80.0000000000000       1.115487531514012E-002
   81.0000000000000       1.115570394095896E-002
   82.0000000000000       1.115655662219417E-002
   83.0000000000000       1.115741185396398E-002
   84.0000000000000       1.115830446264453E-002
   85.0000000000000       1.115919123421159E-002
   86.0000000000000       1.116011369317379E-002
   87.0000000000000       1.116104536480917E-002
   88.0000000000000       1.116199592806949E-002
   89.0000000000000       1.116295671154135E-002
   90.0000000000000       1.116394103679822E-002
   91.0000000000000       1.116494570478711E-002
   92.0000000000000       1.116595398136689E-002
   93.0000000000000       1.116700191063773E-002
   94.0000000000000       1.116805199894485E-002
   95.0000000000000       1.116911845878120E-002
   96.0000000000000       1.117019339001079E-002
   97.0000000000000       1.117129534645333E-002
   98.0000000000000       1.117240985793664E-002
   99.0000000000000       1.117354421060237E-002
   100.000000000000       1.117469224440723E-002
   101.000000000000       1.117584897173282E-002
   102.000000000000       1.117703177666972E-002
   103.000000000000       1.117821956119396E-002
   104.000000000000       1.117943161338798E-002
   105.000000000000       1.118065487654315E-002
   106.000000000000       1.118188563807181E-002
   107.000000000000       1.118314358478023E-002
   108.000000000000       1.118440575533170E-002
   109.000000000000       1.118568718436165E-002
   110.000000000000       1.118698617827147E-002
   111.000000000000       1.118829439899963E-002
   112.000000000000       1.118961363686383E-002
   113.000000000000       1.119095195677351E-002
   114.000000000000       1.119230230655872E-002
   115.000000000000       1.119366117900796E-002
   116.000000000000       1.119504682783258E-002
   117.000000000000       1.119642785068165E-002
   118.000000000000       1.119783192200896E-002
   119.000000000000       1.119924647096067E-002
   120.000000000000       1.120067562471465E-002
   121.000000000000       1.120212343844692E-002
   122.000000000000       1.120358092794015E-002
   123.000000000000       1.120503879325355E-002
   124.000000000000       1.120652500234597E-002
   125.000000000000       1.120800415482723E-002
   126.000000000000       1.120952173197156E-002
   127.000000000000       1.121102623549622E-002
   128.000000000000       1.121255870313233E-002
   129.000000000000       1.121409507630539E-002
   130.000000000000       1.121564411858393E-002
   131.000000000000       1.121720376701320E-002
   132.000000000000       1.121877599770964E-002
   133.000000000000       1.122035055820447E-002
   134.000000000000       1.122195914495773E-002
   135.000000000000       1.122356448035913E-002
   136.000000000000       1.122518115584753E-002
   137.000000000000       1.122680582910160E-002
   138.000000000000       1.122843433623145E-002
   139.000000000000       1.123008724981748E-002
   140.000000000000       1.123174104821349E-002
   141.000000000000       1.123341341464688E-002
   142.000000000000       1.123508955176993E-002
   143.000000000000       1.123678272275555E-002
   144.000000000000       1.123848371026179E-002
   145.000000000000       1.124018543658334E-002
   146.000000000000       1.124190459850863E-002
   147.000000000000       1.124362700649830E-002
   148.000000000000       1.124537509262084E-002
   149.000000000000       1.124712418847898E-002
   150.000000000000       1.124888040422344E-002
   151.000000000000       1.125064483823590E-002
   152.000000000000       1.125241777949156E-002
   153.000000000000       1.125419964355999E-002
   154.000000000000       1.125599248886051E-002
   155.000000000000       1.125779616455553E-002
   156.000000000000       1.125960474465379E-002
   157.000000000000       1.126142577161251E-002
   158.000000000000       1.126325759831958E-002
   159.000000000000       1.126509024134821E-002
   160.000000000000       1.126694163253204E-002
   161.000000000000       1.126879888122675E-002
   162.000000000000       1.127065658651961E-002
   163.000000000000       1.127252471294458E-002
   164.000000000000       1.127440279315395E-002
   165.000000000000       1.127628211927543E-002
   166.000000000000       1.127818215683938E-002
   167.000000000000       1.128008461293432E-002
   168.000000000000       1.128200491346500E-002
   169.000000000000       1.128392012821725E-002
   170.000000000000       1.128585036070181E-002
   171.000000000000       1.128778257153102E-002
   172.000000000000       1.128972533959504E-002
   173.000000000000       1.129167205635396E-002
   174.000000000000       1.129362586468519E-002
   175.000000000000       1.129560195032169E-002
   176.000000000000       1.129757432877604E-002
   177.000000000000       1.129954616439057E-002
   178.000000000000       1.130153658084655E-002
   179.000000000000       1.130353443263334E-002
   180.000000000000       1.130553624434706E-002
   181.000000000000       1.130754166652344E-002
   182.000000000000       1.130955054797821E-002
   183.000000000000       1.131158204456514E-002
   184.000000000000       1.131361943314660E-002
   185.000000000000       1.131564145144065E-002
   186.000000000000       1.131769541915786E-002
   187.000000000000       1.131974556826982E-002
   188.000000000000       1.132179578193612E-002
   189.000000000000       1.132386082510557E-002
   190.000000000000       1.132593182475890E-002
   191.000000000000       1.132801805351929E-002
   192.000000000000       1.133008734636735E-002
   193.000000000000       1.133217729389071E-002
   194.000000000000       1.133428048857476E-002
   195.000000000000       1.133638575661491E-002
   196.000000000000       1.133849296524771E-002
   197.000000000000       1.134061380335791E-002
   198.000000000000       1.134274146776878E-002
   199.000000000000       1.134486803532634E-002
   200.000000000000       1.134699707911266E-002
   201.000000000000       1.134913849960350E-002
   202.000000000000       1.135127895153358E-002
   203.000000000000       1.135343808045759E-002
   204.000000000000       1.135559599836323E-002
   205.000000000000       1.135776859152724E-002
   206.000000000000       1.135992531050286E-002
   207.000000000000       1.136211203703858E-002
   208.000000000000       1.136429829483862E-002
   209.000000000000       1.136648337112993E-002
   210.000000000000       1.136868480960731E-002
   211.000000000000       1.137088801266645E-002
   212.000000000000       1.137308857204531E-002
   213.000000000000       1.137530190290090E-002
   214.000000000000       1.137751522860181E-002
   215.000000000000       1.137974181266438E-002
   216.000000000000       1.138197281307840E-002
   217.000000000000       1.138421162815849E-002
   218.000000000000       1.138644124940300E-002
   219.000000000000       1.138868861286794E-002
   220.000000000000       1.139094507181233E-002
   221.000000000000       1.139320872851510E-002
   222.000000000000       1.139546285325257E-002
   223.000000000000       1.139773242528465E-002
   224.000000000000       1.140001201781889E-002
   225.000000000000       1.140229047280255E-002
   226.000000000000       1.140457469324473E-002
   227.000000000000       1.140686092698454E-002
   228.000000000000       1.140915744337900E-002
   229.000000000000       1.141146248114790E-002
   230.000000000000       1.141376676315262E-002
   231.000000000000       1.141607671310029E-002
   232.000000000000       1.141839745293317E-002
   233.000000000000       1.142070992325958E-002
   234.000000000000       1.142303987254172E-002
   235.000000000000       1.142537779384275E-002
   236.000000000000       1.142770843162583E-002
   237.000000000000       1.143005554121820E-002
   238.000000000000       1.143240035510581E-002
   239.000000000000       1.143475214287553E-002
   240.000000000000       1.143710817275834E-002
   241.000000000000       1.143946883388582E-002
   242.000000000000       1.144183310602758E-002
   243.000000000000       1.144420792516365E-002
   244.000000000000       1.144659124210881E-002
   245.000000000000       1.144897060567312E-002
   246.000000000000       1.145135708309890E-002
   247.000000000000       1.145375128692490E-002
   248.000000000000       1.145614042199341E-002
   249.000000000000       1.145854213574557E-002
   250.000000000000       1.146094979018864E-002
   251.000000000000       1.146336198407884E-002
   252.000000000000       1.146578304734097E-002
   253.000000000000       1.146820420103953E-002
   254.000000000000       1.147062398040011E-002
   255.000000000000       1.147306021436342E-002
   256.000000000000       1.147549089457843E-002
   257.000000000000       1.147793439415380E-002
   258.000000000000       1.148037171103116E-002
   259.000000000000       1.148282443806476E-002
   260.000000000000       1.148528924935146E-002
   261.000000000000       1.148773220466935E-002
   262.000000000000       1.149019865976357E-002
   263.000000000000       1.149266680165151E-002
   264.000000000000       1.149513991823175E-002
   265.000000000000       1.149762540040181E-002
   266.000000000000       1.150009780476331E-002
   267.000000000000       1.150259023365956E-002
   268.000000000000       1.150507440719096E-002
   269.000000000000       1.150757413037732E-002
   270.000000000000       1.151007697419550E-002
   271.000000000000       1.151257403931851E-002
   272.000000000000       1.151507972332746E-002
   273.000000000000       1.151760253474213E-002
   274.000000000000       1.152011222216355E-002
   275.000000000000       1.152263447323835E-002
   276.000000000000       1.152516303087873E-002
   277.000000000000       1.152769461046494E-002
   278.000000000000       1.153023595066601E-002
   279.000000000000       1.153277127700381E-002
   280.000000000000       1.153531649128117E-002
   281.000000000000       1.153786861371647E-002
   282.000000000000       1.154042552236569E-002
   283.000000000000       1.154298342102005E-002
   284.000000000000       1.154553565917589E-002
   285.000000000000       1.154811265556910E-002
   286.000000000000       1.155068259391077E-002
   287.000000000000       1.155325509764897E-002
   288.000000000000       1.155583252373137E-002
   289.000000000000       1.155842283456373E-002
   290.000000000000       1.156101002770319E-002
   291.000000000000       1.156360159695180E-002
   292.000000000000       1.156619297161364E-002
   293.000000000000       1.156880976623489E-002
   294.000000000000       1.157140604569750E-002
   295.000000000000       1.157401120547295E-002
   296.000000000000       1.157662554381451E-002
   297.000000000000       1.157924163378252E-002
   298.000000000000       1.158187572177614E-002
   299.000000000000       1.158449211329498E-002
   300.000000000000       1.158712967589264E-002
   301.000000000000       1.158975962340428E-002
   302.000000000000       1.159240860612324E-002
   303.000000000000       1.159505487874102E-002
   304.000000000000       1.159769554820204E-002
   305.000000000000       1.160035484395223E-002
   306.000000000000       1.160300794528323E-002
   307.000000000000       1.160567157854179E-002
   308.000000000000       1.160832232190027E-002
   309.000000000000       1.161100183709415E-002
   310.000000000000       1.161367014138448E-002
   311.000000000000       1.161635124777259E-002
   312.000000000000       1.161902372284132E-002
   313.000000000000       1.162171880349001E-002
   314.000000000000       1.162440900836469E-002
   315.000000000000       1.162710594788435E-002
   316.000000000000       1.162980025610522E-002
   317.000000000000       1.163250333963378E-002
   318.000000000000       1.163520942535552E-002
   319.000000000000       1.163791039393786E-002
   320.000000000000       1.164063280960611E-002
   321.000000000000       1.164334603332269E-002
   322.000000000000       1.164607570517528E-002
   323.000000000000       1.164879908058640E-002
   324.000000000000       1.165153156401776E-002
   325.000000000000       1.165426662885481E-002
   326.000000000000       1.165701091558074E-002
   327.000000000000       1.165975232047143E-002
   328.000000000000       1.166250086907052E-002
   329.000000000000       1.166525199172656E-002
   330.000000000000       1.166800674065589E-002
   331.000000000000       1.167076605603298E-002
   332.000000000000       1.167352651017177E-002
   333.000000000000       1.167630055572523E-002
   334.000000000000       1.167906497465878E-002
   335.000000000000       1.168184098095504E-002
   336.000000000000       1.168461642931817E-002
   337.000000000000       1.168740264339758E-002
   338.000000000000       1.169019170573277E-002
   339.000000000000       1.169298016485654E-002
   340.000000000000       1.169578606441013E-002
   341.000000000000       1.169859660326980E-002
   342.000000000000       1.170139623519118E-002
   343.000000000000       1.170419698261510E-002
   344.000000000000       1.170701307427704E-002
   345.000000000000       1.170982670243575E-002
   346.000000000000       1.171264526992573E-002
   347.000000000000       1.171546850173593E-002
   348.000000000000       1.171829951573067E-002
   349.000000000000       1.172113592362944E-002
   350.000000000000       1.172396841067235E-002
   351.000000000000       1.172680709662635E-002
   352.000000000000       1.172965490818687E-002
   353.000000000000       1.173249520257021E-002
   354.000000000000       1.173535905302999E-002
   355.000000000000       1.173821244611852E-002
   356.000000000000       1.174107733981958E-002
   357.000000000000       1.174393682875019E-002
   358.000000000000       1.174680375278763E-002
   359.000000000000       1.174966973587317E-002
   360.000000000000       1.175255996967561E-002
   361.000000000000       1.175544098789566E-002
   362.000000000000       1.175831400148912E-002
   363.000000000000       1.176121189028672E-002
   364.000000000000       1.176409821738075E-002
   365.000000000000       1.176699409212783E-002
   366.000000000000       1.176990145079655E-002
   367.000000000000       1.177280334080506E-002
   368.000000000000       1.177570901434540E-002
   369.000000000000       1.177862003118649E-002
   370.000000000000       1.178153810040737E-002
   371.000000000000       1.178445376651096E-002
   372.000000000000       1.178739342382083E-002
   373.000000000000       1.179031558709789E-002
   374.000000000000       1.179323667761148E-002
   375.000000000000       1.179617971938505E-002
   376.000000000000       1.179912830895302E-002
   377.000000000000       1.180206574369781E-002
   378.000000000000       1.180502111264805E-002
   379.000000000000       1.180796528550960E-002
   380.000000000000       1.181091684797778E-002
   381.000000000000       1.181388838802183E-002
   382.000000000000       1.181684907730440E-002
   383.000000000000       1.181981050288721E-002
   384.000000000000       1.182279036844265E-002
   385.000000000000       1.182577054080319E-002
   386.000000000000       1.182873616828821E-002
   387.000000000000       1.183172190662875E-002
   388.000000000000       1.183470872064239E-002
   389.000000000000       1.183770765293783E-002
   390.000000000000       1.184070746417856E-002
   391.000000000000       1.184370457232195E-002
   392.000000000000       1.184670887094551E-002
   393.000000000000       1.184971491871956E-002
   394.000000000000       1.185272236224087E-002
   395.000000000000       1.185573560451508E-002
   396.000000000000       1.185876202049996E-002
   397.000000000000       1.186178556908087E-002
   398.000000000000       1.186481332987300E-002
   399.000000000000       1.186784424663546E-002
   400.000000000000       1.187087868538399E-002
   401.000000000000       1.187391236988674E-002
   402.000000000000       1.187695792254073E-002
   403.000000000000       1.188000681367056E-002
   404.000000000000       1.188305457251402E-002
   405.000000000000       1.188611721181396E-002
   406.000000000000       1.188917016377537E-002
   407.000000000000       1.189223695572297E-002
   408.000000000000       1.189530803792441E-002
   409.000000000000       1.189837965187377E-002
   410.000000000000       1.190144889965573E-002
   411.000000000000       1.190453262177280E-002
   412.000000000000       1.190760866107349E-002
   413.000000000000       1.191069912013086E-002
   414.000000000000       1.191379261441533E-002
   415.000000000000       1.191688614096175E-002
   416.000000000000       1.191997630921499E-002
   417.000000000000       1.192309153529642E-002
   418.000000000000       1.192619355370027E-002
   419.000000000000       1.192930559788196E-002
   420.000000000000       1.193241664374595E-002
   421.000000000000       1.193553900232250E-002
   422.000000000000       1.193865290200512E-002
   423.000000000000       1.194179660561263E-002
   424.000000000000       1.194492066441302E-002
   425.000000000000       1.194804869368097E-002
   426.000000000000       1.195120266240757E-002
   427.000000000000       1.195434047150233E-002
   428.000000000000       1.195748676493512E-002
   429.000000000000       1.196064030479401E-002
   430.000000000000       1.196379423436666E-002
   431.000000000000       1.196695384044082E-002
   432.000000000000       1.197011447734925E-002
   433.000000000000       1.197328219410624E-002
   434.000000000000       1.197645515529948E-002
   435.000000000000       1.197962866408247E-002
   436.000000000000       1.198280872949680E-002
   437.000000000000       1.198599606570880E-002
   438.000000000000       1.198917657694780E-002
   439.000000000000       1.199236761389186E-002
   440.000000000000       1.199556157981206E-002
   441.000000000000       1.199875514085509E-002
   442.000000000000       1.200197245112949E-002
   443.000000000000       1.200517142215059E-002
   444.000000000000       1.200839091315794E-002
   445.000000000000       1.201159478216685E-002
   446.000000000000       1.201481464524816E-002
   447.000000000000       1.201804770547013E-002
   448.000000000000       1.202126492462375E-002
   449.000000000000       1.202449105198381E-002
   450.000000000000       1.202773521644790E-002
   451.000000000000       1.203096831972831E-002
   452.000000000000       1.203422075502563E-002
   453.000000000000       1.203747401645544E-002
   454.000000000000       1.204071600180789E-002
   455.000000000000       1.204396899835360E-002
   456.000000000000       1.204723407613018E-002
   457.000000000000       1.205049369219909E-002
   458.000000000000       1.205375769263620E-002
   459.000000000000       1.205702540020844E-002
   460.000000000000       1.206030791247343E-002
   461.000000000000       1.206357958747990E-002
   462.000000000000       1.206686835543956E-002
   463.000000000000       1.207016022852127E-002
   464.000000000000       1.207344350300740E-002
   465.000000000000       1.207674627862541E-002
   466.000000000000       1.208004526966266E-002
   467.000000000000       1.208334358582915E-002
   468.000000000000       1.208666570108795E-002
   469.000000000000       1.208997052712455E-002
   470.000000000000       1.209329012290173E-002
   471.000000000000       1.209659299044475E-002
   472.000000000000       1.209993479204188E-002
   473.000000000000       1.210326350504055E-002
   474.000000000000       1.210659191959291E-002
   475.000000000000       1.210992350784441E-002
   476.000000000000       1.211325472896577E-002
   477.000000000000       1.211661343859126E-002
   478.000000000000       1.211995550020353E-002
   479.000000000000       1.212330481469742E-002
   480.000000000000       1.212667153182808E-002
   481.000000000000       1.213002446799250E-002
   482.000000000000       1.213339340581008E-002
   483.000000000000       1.213677782520045E-002
   484.000000000000       1.214012497561885E-002
   485.000000000000       1.214352924031259E-002
   486.000000000000       1.214690334953191E-002
   487.000000000000       1.215028446776956E-002
   488.000000000000       1.215367936233583E-002
   489.000000000000       1.215706906440004E-002
   490.000000000000       1.216046805148020E-002
   491.000000000000       1.216386494786056E-002
   492.000000000000       1.216727286497125E-002
   493.000000000000       1.217067385855164E-002
   494.000000000000       1.217410325385376E-002
   495.000000000000       1.217752399315949E-002
   496.000000000000       1.218092753373309E-002
   497.000000000000       1.218436867833192E-002
   498.000000000000       1.218779449912487E-002
   499.000000000000       1.219122691248948E-002
   500.000000000000       1.219466997784319E-002
   501.000000000000       1.219810653422746E-002
   502.000000000000       1.220155289194980E-002
   503.000000000000       1.220501698672759E-002
   504.000000000000       1.220847223673688E-002
   505.000000000000       1.221191778712706E-002
   506.000000000000       1.221539431763422E-002
   507.000000000000       1.221886791562011E-002
   508.000000000000       1.222233017520707E-002
   509.000000000000       1.222580246965473E-002
   510.000000000000       1.222929408421557E-002
   511.000000000000       1.223276922623873E-002
   512.000000000000       1.223627532691408E-002
   513.000000000000       1.223975714538071E-002
   514.000000000000       1.224325895029974E-002
   515.000000000000       1.224675831418223E-002
   516.000000000000       1.225026405031942E-002
   517.000000000000       1.225377165334466E-002
   518.000000000000       1.225727904367509E-002
   519.000000000000       1.226080293525826E-002
   520.000000000000       1.226432726891896E-002
   521.000000000000       1.226785189251109E-002
   522.000000000000       1.227138567256623E-002
   523.000000000000       1.227492685077178E-002
   524.000000000000       1.227846009893577E-002
   525.000000000000       1.228199590082255E-002
   526.000000000000       1.228554584550362E-002
   527.000000000000       1.228909386347518E-002
   528.000000000000       1.229265067321692E-002
   529.000000000000       1.229622169246244E-002
   530.000000000000       1.229977442824517E-002
   531.000000000000       1.230333940692045E-002
   532.000000000000       1.230692345308001E-002
   533.000000000000       1.231049919701994E-002
   534.000000000000       1.231408761483916E-002
   535.000000000000       1.231766990501712E-002
   536.000000000000       1.232124877023788E-002
   537.000000000000       1.232485263928181E-002
   538.000000000000       1.232844681085831E-002
   539.000000000000       1.233204396235543E-002
   540.000000000000       1.233565864793222E-002
   541.000000000000       1.233926934370955E-002
   542.000000000000       1.234289938856944E-002
   543.000000000000       1.234650576110133E-002
   544.000000000000       1.235013317444033E-002
   545.000000000000       1.235376474193662E-002
   546.000000000000       1.235738616321910E-002
   547.000000000000       1.236102185546741E-002
   548.000000000000       1.236467788036896E-002
   549.000000000000       1.236830695681327E-002
   550.000000000000       1.237195744362727E-002
   551.000000000000       1.237562164045871E-002
   552.000000000000       1.237927339195508E-002
   553.000000000000       1.238293701772791E-002
   554.000000000000       1.238661142575891E-002
   555.000000000000       1.239028112666824E-002
   556.000000000000       1.239394503390420E-002
   557.000000000000       1.239762548324899E-002
   558.000000000000       1.240132458502766E-002
   559.000000000000       1.240501117738860E-002
   560.000000000000       1.240869385209117E-002
   561.000000000000       1.241239588043755E-002
   562.000000000000       1.241607780750703E-002
   563.000000000000       1.241979407508580E-002
   564.000000000000       1.242350445005570E-002
   565.000000000000       1.242722711735997E-002
   566.000000000000       1.243094197755499E-002
   567.000000000000       1.243465586265633E-002
   568.000000000000       1.243838162356473E-002
   569.000000000000       1.244211948898237E-002
   570.000000000000       1.244584647986977E-002
   571.000000000000       1.244959297275369E-002
   572.000000000000       1.245334168868324E-002
   573.000000000000       1.245708962404078E-002
   574.000000000000       1.246083595604148E-002
   575.000000000000       1.246459648806826E-002
   576.000000000000       1.246835550621945E-002
   577.000000000000       1.247212055121870E-002
   578.000000000000       1.247590091359135E-002
   579.000000000000       1.247967386125935E-002
   580.000000000000       1.248345607000326E-002
   581.000000000000       1.248723145988913E-002
   582.000000000000       1.249101767220869E-002
   583.000000000000       1.249481805867157E-002
   584.000000000000       1.249860731354866E-002
   585.000000000000       1.250241511274159E-002
   586.000000000000       1.250621983993063E-002
   587.000000000000       1.251003399742285E-002
   588.000000000000       1.251383438482715E-002
   589.000000000000       1.251765406745342E-002
   590.000000000000       1.252149095131078E-002
   591.000000000000       1.252530815353954E-002
   592.000000000000       1.252914304961044E-002
   593.000000000000       1.253298208441856E-002
   594.000000000000       1.253681824134621E-002
   595.000000000000       1.254065545773535E-002
   596.000000000000       1.254452145269740E-002
   597.000000000000       1.254837577312839E-002
   598.000000000000       1.255223328800619E-002
   599.000000000000       1.255608334504536E-002
   600.000000000000       1.255995882623521E-002
   601.000000000000       1.256382811195798E-002
   602.000000000000       1.256771658927793E-002
   603.000000000000       1.257158493323934E-002
   604.000000000000       1.257547454087996E-002
   605.000000000000       1.257936753787271E-002
   606.000000000000       1.258325316266445E-002
   607.000000000000       1.258715805124212E-002
   608.000000000000       1.259105518482296E-002
   609.000000000000       1.259496368235116E-002
   610.000000000000       1.259887603529051E-002
   611.000000000000       1.260279640347563E-002
   612.000000000000       1.260671562948059E-002
   613.000000000000       1.261064217335447E-002
   614.000000000000       1.261456815288732E-002
   615.000000000000       1.261849656000754E-002
   616.000000000000       1.262244348092991E-002
   617.000000000000       1.262637913853697E-002
   618.000000000000       1.263033419667080E-002
   619.000000000000       1.263427859854743E-002
   620.000000000000       1.263824142782548E-002
   621.000000000000       1.264220150071820E-002
   622.000000000000       1.264616181654351E-002
   623.000000000000       1.265014143393198E-002
   624.000000000000       1.265411299350178E-002
   625.000000000000       1.265809235049047E-002
   626.000000000000       1.266207098216936E-002
   627.000000000000       1.266605816947090E-002
   628.000000000000       1.267004907430521E-002
   629.000000000000       1.267405159509021E-002
   630.000000000000       1.267805248205003E-002
   631.000000000000       1.268206575430910E-002
   632.000000000000       1.268606741100826E-002
   633.000000000000       1.269007732998045E-002
   634.000000000000       1.269409713767786E-002
   635.000000000000       1.269812996981079E-002
   636.000000000000       1.270216029725270E-002
   637.000000000000       1.270619321922782E-002
   638.000000000000       1.271022946328844E-002
   639.000000000000       1.271426955700610E-002
   640.000000000000       1.271831791318383E-002
   641.000000000000       1.272237129586854E-002
   642.000000000000       1.272642760593972E-002
   643.000000000000       1.273049366469869E-002
   644.000000000000       1.273455230534532E-002
   645.000000000000       1.273861891275768E-002
   646.000000000000       1.274269907631802E-002
   647.000000000000       1.274678192988919E-002
   648.000000000000       1.275085882539718E-002
   649.000000000000       1.275494763929912E-002
   650.000000000000       1.275904087714831E-002
   651.000000000000       1.276313646488544E-002
   652.000000000000       1.276725544503641E-002
   653.000000000000       1.277135307133078E-002
   654.000000000000       1.277545540223544E-002
   655.000000000000       1.277957854435224E-002
   656.000000000000       1.278369462360433E-002
   657.000000000000       1.278782691814556E-002
   658.000000000000       1.279195620728397E-002
   659.000000000000       1.279608856488509E-002
   660.000000000000       1.280023363177809E-002
   661.000000000000       1.280437888064268E-002
   662.000000000000       1.280851863052412E-002
   663.000000000000       1.281266988358150E-002
   664.000000000000       1.281682910906074E-002
   665.000000000000       1.282098943140796E-002
   666.000000000000       1.282516408743985E-002
   667.000000000000       1.282932663012573E-002
   668.000000000000       1.283351022595296E-002
   669.000000000000       1.283769142347598E-002
   670.000000000000       1.284187015124298E-002
   671.000000000000       1.284606182904754E-002
   672.000000000000       1.285025915965595E-002
   673.000000000000       1.285446026904332E-002
   674.000000000000       1.285865670728755E-002
   675.000000000000       1.286287446759589E-002
   676.000000000000       1.286708037511535E-002
   677.000000000000       1.287129758422945E-002
   678.000000000000       1.287553387403870E-002
   679.000000000000       1.287975281388127E-002
   680.000000000000       1.288398782167826E-002
   681.000000000000       1.288823069690168E-002
   682.000000000000       1.289246364747886E-002
   683.000000000000       1.289670654054664E-002
   684.000000000000       1.290095483296728E-002
   685.000000000000       1.290521772810979E-002
   686.000000000000       1.290947768281757E-002
   687.000000000000       1.291374326368882E-002
   688.000000000000       1.291801412941877E-002
   689.000000000000       1.292228092321794E-002
   690.000000000000       1.292656736433643E-002
   691.000000000000       1.293085488853216E-002
   692.000000000000       1.293514053736456E-002
   693.000000000000       1.293943135364326E-002
   694.000000000000       1.294373475982310E-002
   695.000000000000       1.294803618545458E-002
   696.000000000000       1.295234642628619E-002
   697.000000000000       1.295665974791195E-002
   698.000000000000       1.296096428404518E-002
   699.000000000000       1.296529863673188E-002
   700.000000000000       1.296961613893192E-002
   701.000000000000       1.297395315824293E-002
   702.000000000000       1.297829342040058E-002
   703.000000000000       1.298261444202664E-002
   704.000000000000       1.298697779802474E-002
   705.000000000000       1.299132365330118E-002
   706.000000000000       1.299567548173010E-002
   707.000000000000       1.300003074524556E-002
   708.000000000000       1.300440663517161E-002
   709.000000000000       1.300876120201311E-002
   710.000000000000       1.301314867306316E-002
   711.000000000000       1.301751859570165E-002
   712.000000000000       1.302191581119259E-002
   713.000000000000       1.302629506587533E-002
   714.000000000000       1.303068089297472E-002
   715.000000000000       1.303507800991075E-002
   716.000000000000       1.303949437409926E-002
   717.000000000000       1.304389256976407E-002
   718.000000000000       1.304830777678964E-002
   719.000000000000       1.305271721631531E-002
   720.000000000000       1.305714955541512E-002
   721.000000000000       1.306158205218965E-002
   722.000000000000       1.306600775275544E-002
   723.000000000000       1.307043719168880E-002
   724.000000000000       1.307487322810797E-002
   725.000000000000       1.307934861699578E-002
   726.000000000000       1.308378103500623E-002
   727.000000000000       1.308823902001137E-002
   728.000000000000       1.309270004174542E-002
   729.000000000000       1.309716163973980E-002
   730.000000000000       1.310164358152649E-002
   731.000000000000       1.310611454496451E-002
   732.000000000000       1.311058287663590E-002
   733.000000000000       1.311507532702268E-002
   734.000000000000       1.311956280301548E-002
   735.000000000000       1.312406496178517E-002
   736.000000000000       1.312855801923826E-002
   737.000000000000       1.313307002720170E-002
   738.000000000000       1.313758055968333E-002
   739.000000000000       1.314209126137762E-002
   740.000000000000       1.314661178786645E-002
   741.000000000000       1.315113624561016E-002
   742.000000000000       1.315565983762602E-002
   743.000000000000       1.316018207866937E-002
   744.000000000000       1.316472604697405E-002
   745.000000000000       1.316927176482103E-002
   746.000000000000       1.317382386888444E-002
   747.000000000000       1.317837476553714E-002
   748.000000000000       1.318293240985999E-002
   749.000000000000       1.318750393672939E-002
   750.000000000000       1.319207148461682E-002
   751.000000000000       1.319664278068854E-002
   752.000000000000       1.320121535129737E-002
   753.000000000000       1.320580016861387E-002
   754.000000000000       1.321038225259929E-002
   755.000000000000       1.321497732456724E-002
   756.000000000000       1.321955898122816E-002
   757.000000000000       1.322418167230920E-002
   758.000000000000       1.322877635117441E-002
   759.000000000000       1.323339214811517E-002
   760.000000000000       1.323800680337503E-002
   761.000000000000       1.324263027337133E-002
   762.000000000000       1.324725695495017E-002
   763.000000000000       1.325189102006919E-002
   764.000000000000       1.325652350263177E-002
   765.000000000000       1.326116796542703E-002
   766.000000000000       1.326581132222805E-002
   767.000000000000       1.327045435422877E-002
   768.000000000000       1.327513182352715E-002
   769.000000000000       1.327978251868085E-002
   770.000000000000       1.328445096089783E-002
   771.000000000000       1.328913189459895E-002
   772.000000000000       1.329379789377580E-002
   773.000000000000       1.329847208505563E-002
   774.000000000000       1.330316974051665E-002
   775.000000000000       1.330785637334218E-002
   776.000000000000       1.331254421243000E-002
   777.000000000000       1.331725068912732E-002
   778.000000000000       1.332194936842209E-002
   779.000000000000       1.332665600751449E-002
   780.000000000000       1.333137994097502E-002
   781.000000000000       1.333609704167006E-002
   782.000000000000       1.334082026683931E-002
   783.000000000000       1.334554818456111E-002
   784.000000000000       1.335027213787215E-002
   785.000000000000       1.335502867575092E-002
   786.000000000000       1.335976714836068E-002
   787.000000000000       1.336452318696359E-002
   788.000000000000       1.336928499432922E-002
   789.000000000000       1.337403132948155E-002
   790.000000000000       1.337880927018682E-002
   791.000000000000       1.338356663717508E-002
   792.000000000000       1.338834711740394E-002
   793.000000000000       1.339313372227226E-002
   794.000000000000       1.339791182353738E-002
   795.000000000000       1.340270545941028E-002
   796.000000000000       1.340750529120391E-002
   797.000000000000       1.341229569488292E-002
   798.000000000000       1.341710801709393E-002
   799.000000000000       1.342191670658258E-002
   800.000000000000       1.342673054416225E-002
   801.000000000000       1.343154536585220E-002
   802.000000000000       1.343637963740256E-002
   803.000000000000       1.344121668794454E-002
   804.000000000000       1.344603117368653E-002
   805.000000000000       1.345087839624364E-002
   806.000000000000       1.345572729114235E-002
   807.000000000000       1.346057664197566E-002
   808.000000000000       1.346542862373485E-002
   809.000000000000       1.347029126843804E-002
   810.000000000000       1.347515984687244E-002
   811.000000000000       1.348002869476564E-002
   812.000000000000       1.348490342231827E-002
   813.000000000000       1.348977791473520E-002
   814.000000000000       1.349466862058746E-002
   815.000000000000       1.349955786162423E-002
   816.000000000000       1.350445955019213E-002
   817.000000000000       1.350936585426004E-002
   818.000000000000       1.351426842700694E-002
   819.000000000000       1.351916678888132E-002
   820.000000000000       1.352409879787691E-002
   821.000000000000       1.352900155868379E-002
   822.000000000000       1.353392452433445E-002
   823.000000000000       1.353887605504805E-002
   824.000000000000       1.354380203300771E-002
   825.000000000000       1.354874202903998E-002
   826.000000000000       1.355368754406414E-002
   827.000000000000       1.355862827307889E-002
   828.000000000000       1.356359355142228E-002
   829.000000000000       1.356855724658003E-002
   830.000000000000       1.357352566288643E-002
   831.000000000000       1.357849257996756E-002
   832.000000000000       1.358346464841098E-002
   833.000000000000       1.358844825717960E-002
   834.000000000000       1.359343213518879E-002
   835.000000000000       1.359842598320002E-002
   836.000000000000       1.360341723827304E-002
   837.000000000000       1.360843946030408E-002
   838.000000000000       1.361343489973468E-002
   839.000000000000       1.361843861159598E-002
   840.000000000000       1.362346135587162E-002
   841.000000000000       1.362848384455805E-002
   842.000000000000       1.363350204155690E-002
   843.000000000000       1.363855374112255E-002
   844.000000000000       1.364356992488119E-002
   845.000000000000       1.364863316480500E-002
   846.000000000000       1.365367299909766E-002
   847.000000000000       1.365871375938017E-002
   848.000000000000       1.366378153574035E-002
   849.000000000000       1.366883534659770E-002
   850.000000000000       1.367390976670372E-002
   851.000000000000       1.367897993425871E-002
   852.000000000000       1.368406211896139E-002
   853.000000000000       1.368914883122135E-002
   854.000000000000       1.369423058152007E-002
   855.000000000000       1.369932877965867E-002
   856.000000000000       1.370444033669945E-002
   857.000000000000       1.370953629698518E-002
   858.000000000000       1.371462915308332E-002
   859.000000000000       1.371975203983514E-002
   860.000000000000       1.372486373018135E-002
   861.000000000000       1.372998635198030E-002
   862.000000000000       1.373511394100541E-002
   863.000000000000       1.374026152294261E-002
   864.000000000000       1.374539066317268E-002
   865.000000000000       1.375054804735566E-002
   866.000000000000       1.375569131511752E-002
   867.000000000000       1.376084298976023E-002
   868.000000000000       1.376601183301434E-002
   869.000000000000       1.377117145949305E-002
   870.000000000000       1.377633506257403E-002
   871.000000000000       1.378151484529252E-002
   872.000000000000       1.378669714024923E-002
   873.000000000000       1.379188544173286E-002
   874.000000000000       1.379707911509170E-002
   875.000000000000       1.380225723332854E-002
   876.000000000000       1.380746334178982E-002
   877.000000000000       1.381268609961207E-002
   878.000000000000       1.381788071323879E-002
   879.000000000000       1.382310526179740E-002
   880.000000000000       1.382832343466975E-002
   881.000000000000       1.383354697223332E-002
   882.000000000000       1.383877619260927E-002
   883.000000000000       1.384402709889022E-002
   884.000000000000       1.384926327441803E-002
   885.000000000000       1.385450677377232E-002
   886.000000000000       1.385975568126895E-002
   887.000000000000       1.386500938473585E-002
   888.000000000000       1.387027385108068E-002
   889.000000000000       1.387554183510704E-002
   890.000000000000       1.388081289125802E-002
   891.000000000000       1.388610006223289E-002
   892.000000000000       1.389138118032053E-002
   893.000000000000       1.389665847855329E-002
   894.000000000000       1.390194861972644E-002
   895.000000000000       1.390725241731141E-002
   896.000000000000       1.391255787602127E-002
   897.000000000000       1.391786030990841E-002
   898.000000000000       1.392317793367192E-002
   899.000000000000       1.392851026874918E-002
   900.000000000000       1.393381192774725E-002
   901.000000000000       1.393915084205972E-002
   902.000000000000       1.394448767491904E-002
   903.000000000000       1.394982837099833E-002
   904.000000000000       1.395516467127918E-002
   905.000000000000       1.396051481840451E-002
   906.000000000000       1.396586439573488E-002
   907.000000000000       1.397123915847109E-002
   908.000000000000       1.397660509537276E-002
   909.000000000000       1.398197185330807E-002
   910.000000000000       1.398734423480665E-002
   911.000000000000       1.399270293855629E-002
   912.000000000000       1.399810134501263E-002
   913.000000000000       1.400349603303216E-002
   914.000000000000       1.400887607354655E-002
   915.000000000000       1.401428166848719E-002
   916.000000000000       1.401969080247390E-002
   917.000000000000       1.402510456201808E-002
   918.000000000000       1.403053594405212E-002
   919.000000000000       1.403594495450883E-002
   920.000000000000       1.404136827910518E-002
   921.000000000000       1.404679755684114E-002
   922.000000000000       1.405223457120865E-002
   923.000000000000       1.405768054749708E-002
   924.000000000000       1.406312226305151E-002
   925.000000000000       1.406859186485356E-002
   926.000000000000       1.407403126483496E-002
   927.000000000000       1.407950342653959E-002
   928.000000000000       1.408496662614435E-002
   929.000000000000       1.409043430725533E-002
   930.000000000000       1.409591736523704E-002
   931.000000000000       1.410140572043437E-002
   932.000000000000       1.410689664383722E-002
   933.000000000000       1.411239171440144E-002
   934.000000000000       1.411788044691088E-002
   935.000000000000       1.412337928815384E-002
   936.000000000000       1.412890234056141E-002
   937.000000000000       1.413439680958882E-002
   938.000000000000       1.413993523035829E-002
   939.000000000000       1.414545312212346E-002
   940.000000000000       1.415097610215823E-002
   941.000000000000       1.415650645065398E-002
   942.000000000000       1.416204706406851E-002
   943.000000000000       1.416760905265051E-002
   944.000000000000       1.417313639725323E-002
   945.000000000000       1.417870452270651E-002
   946.000000000000       1.418424809762186E-002
   947.000000000000       1.418982228478351E-002
   948.000000000000       1.419539697705081E-002
   949.000000000000       1.420097929762525E-002
   950.000000000000       1.420655998398574E-002
   951.000000000000       1.421213730847138E-002
   952.000000000000       1.421772133686611E-002
   953.000000000000       1.422333439715752E-002
   954.000000000000       1.422891163509159E-002
   955.000000000000       1.423452493925420E-002
   956.000000000000       1.424014659721354E-002
   957.000000000000       1.424576731976049E-002
   958.000000000000       1.425137140015414E-002
   959.000000000000       1.425699266360370E-002
   960.000000000000       1.426263526514258E-002
   961.000000000000       1.426828291546877E-002
   962.000000000000       1.427392004881133E-002
   963.000000000000       1.427956835095851E-002
   964.000000000000       1.428519877756138E-002
   965.000000000000       1.429087465622807E-002
   966.000000000000       1.429652845331655E-002
   967.000000000000       1.430220247989591E-002
   968.000000000000       1.430787976144151E-002
   969.000000000000       1.431355800967013E-002
   970.000000000000       1.431922728830310E-002
   971.000000000000       1.432492039323835E-002
   972.000000000000       1.433062610380625E-002
   973.000000000000       1.433630376937538E-002
   974.000000000000       1.434201446681375E-002
   975.000000000000       1.434772460974252E-002
   976.000000000000       1.435344229806633E-002
   977.000000000000       1.435913948768837E-002
   978.000000000000       1.436488356693932E-002
   979.000000000000       1.437059816497666E-002
   980.000000000000       1.437632833414255E-002
   981.000000000000       1.438207956370761E-002
   982.000000000000       1.438782511925635E-002
   983.000000000000       1.439355951164186E-002
   984.000000000000       1.439932551470030E-002
   985.000000000000       1.440507845436753E-002
   986.000000000000       1.441086015911259E-002
   987.000000000000       1.441660946225370E-002
   988.000000000000       1.442238472161450E-002
   989.000000000000       1.442814951576754E-002
   990.000000000000       1.443397485184204E-002
   991.000000000000       1.443973631305179E-002
   992.000000000000       1.444555606150088E-002
   993.000000000000       1.445132495934354E-002
   994.000000000000       1.445714201788341E-002
   995.000000000000       1.446293398584489E-002
   996.000000000000       1.446877754156311E-002
   997.000000000000       1.447458267888932E-002
   998.000000000000       1.448039823595583E-002
   999.000000000000       1.448622432651286E-002
   1000.00000000000       1.449206300210956E-002
   1001.00000000000       1.449790467603274E-002
   1002.00000000000       1.450374513792752E-002
   1003.00000000000       1.450958028526312E-002
   1004.00000000000       1.451545418375798E-002
   1005.00000000000       1.452130471821019E-002
   1006.00000000000       1.452717200809604E-002
   1007.00000000000       1.453304711117129E-002
   1008.00000000000       1.453891235402953E-002
   1009.00000000000       1.454480167897762E-002
   1010.00000000000       1.455068247602117E-002
   1011.00000000000       1.455657861002140E-002
   1012.00000000000       1.456246192706216E-002
   1013.00000000000       1.456838030418689E-002
   1014.00000000000       1.457427595485719E-002
   1015.00000000000       1.458017955584893E-002
   1016.00000000000       1.458609627184704E-002
   1017.00000000000       1.459200377893726E-002
   1018.00000000000       1.459794517723100E-002
   1019.00000000000       1.460387420060290E-002
   1020.00000000000       1.460980866167935E-002
   1021.00000000000       1.461574496317212E-002
   1022.00000000000       1.462168797027643E-002
   1023.00000000000       1.462762874026267E-002
   1024.00000000000       1.463358266398508E-002
   1025.00000000000       1.463954689119394E-002
   1026.00000000000       1.464550653124560E-002
   1027.00000000000       1.465148556096827E-002
   1028.00000000000       1.465745439333317E-002
   1029.00000000000       1.466344304838126E-002
   1030.00000000000       1.466943275844343E-002
   1031.00000000000       1.467541060637567E-002
   1032.00000000000       1.468139963513765E-002
   1033.00000000000       1.468739733400857E-002
   1034.00000000000       1.469339626059324E-002
   1035.00000000000       1.469942885014956E-002
   1036.00000000000       1.470542426472480E-002
   1037.00000000000       1.471144426273318E-002
   1038.00000000000       1.471746283022046E-002
   1039.00000000000       1.472349023445219E-002
   1040.00000000000       1.472951232343194E-002
   1041.00000000000       1.473555816590012E-002
   1042.00000000000       1.474159610774981E-002
   1043.00000000000       1.474765249423370E-002
   1044.00000000000       1.475370888630879E-002
   1045.00000000000       1.475975699174916E-002
   1046.00000000000       1.476583309781881E-002
   1047.00000000000       1.477191043536108E-002
   1048.00000000000       1.477795805232595E-002
   1049.00000000000       1.478403765733592E-002
   1050.00000000000       1.479012359727950E-002
   1051.00000000000       1.479621366251964E-002
   1052.00000000000       1.480230669307825E-002
   1053.00000000000       1.480839990567399E-002
   1054.00000000000       1.481450412581043E-002
   1055.00000000000       1.482062503108076E-002
   1056.00000000000       1.482672285381489E-002
   1057.00000000000       1.483281697528427E-002
   1058.00000000000       1.483894787669318E-002
   1059.00000000000       1.484506111049675E-002
   1060.00000000000       1.485120359325497E-002
   1061.00000000000       1.485734810870505E-002
   1062.00000000000       1.486346140762555E-002
   1063.00000000000       1.486961885490715E-002
   1064.00000000000       1.487575058690702E-002
   1065.00000000000       1.488191668693606E-002
   1066.00000000000       1.488807433433742E-002
   1067.00000000000       1.489424984669856E-002
   1068.00000000000       1.490039209574002E-002
   1069.00000000000       1.490657881989126E-002
   1070.00000000000       1.491274269254105E-002
   1071.00000000000       1.491894110917731E-002
   1072.00000000000       1.492512665573988E-002
   1073.00000000000       1.493131061708442E-002
   1074.00000000000       1.493752903107520E-002
   1075.00000000000       1.494372494842183E-002
   1076.00000000000       1.494992653213546E-002
   1077.00000000000       1.495612805550274E-002
   1078.00000000000       1.496235691705260E-002
   1079.00000000000       1.496857771620720E-002
   1080.00000000000       1.497479395752155E-002
   1081.00000000000       1.498100904698833E-002
   1082.00000000000       1.498726023726250E-002
   1083.00000000000       1.499349742105951E-002
   1084.00000000000       1.499972788102598E-002
   1085.00000000000       1.500598626896470E-002
   1086.00000000000       1.501222609823048E-002
   1087.00000000000       1.501851274022253E-002
   1088.00000000000       1.502475342136443E-002
   1089.00000000000       1.503101003977969E-002
   1090.00000000000       1.503728664017332E-002
   1091.00000000000       1.504356702842480E-002
   1092.00000000000       1.504983289531714E-002
   1093.00000000000       1.505614736095034E-002
   1094.00000000000       1.506241612378185E-002
   1095.00000000000       1.506869515941201E-002
   1096.00000000000       1.507501227881622E-002
   1097.00000000000       1.508130494711060E-002
   1098.00000000000       1.508760613621158E-002
   1099.00000000000       1.509393578376375E-002
   1100.00000000000       1.510024349529349E-002
   1101.00000000000       1.510657270101725E-002
   1102.00000000000       1.511289161334858E-002
   1103.00000000000       1.511921805253639E-002
   1104.00000000000       1.512558239597549E-002
   1105.00000000000       1.513188924372831E-002
   1106.00000000000       1.513823989895848E-002
   1107.00000000000       1.514460695693412E-002
   1108.00000000000       1.515095272360004E-002
   1109.00000000000       1.515730419758858E-002
   1110.00000000000       1.516366095508124E-002
   1111.00000000000       1.517002388362747E-002
   1112.00000000000       1.517639197997209E-002
   1113.00000000000       1.518278878160543E-002
   1114.00000000000       1.518915124841438E-002
   1115.00000000000       1.519555305440955E-002
   1116.00000000000       1.520191645337407E-002
   1117.00000000000       1.520830906263966E-002
   1118.00000000000       1.521470450966502E-002
   1119.00000000000       1.522110016084793E-002
   1120.00000000000       1.522748744429368E-002
   1121.00000000000       1.523396216692790E-002
   1122.00000000000       1.524035604653357E-002
   1123.00000000000       1.524675662699338E-002
   1124.00000000000       1.525317788212028E-002
   1125.00000000000       1.525961339955494E-002
   1126.00000000000       1.526605132129230E-002
   1127.00000000000       1.527249240442109E-002
   1128.00000000000       1.527891561370146E-002
   1129.00000000000       1.528537143562266E-002
   1130.00000000000       1.529180895898724E-002
   1131.00000000000       1.529825216492127E-002
   1132.00000000000       1.530472494364770E-002
   1133.00000000000       1.531120123228439E-002
   1134.00000000000       1.531765263217336E-002
   1135.00000000000       1.532412354631899E-002
   1136.00000000000       1.533060121934348E-002
   1137.00000000000       1.533707049857781E-002
   1138.00000000000       1.534355419512866E-002
   1139.00000000000       1.535003578865473E-002
   1140.00000000000       1.535652785970410E-002
   1141.00000000000       1.536304947842287E-002
   1142.00000000000       1.536954089957216E-002
   1143.00000000000       1.537604136830259E-002
   1144.00000000000       1.538256159162197E-002
   1145.00000000000       1.538904800909267E-002
   1146.00000000000       1.539556358206643E-002
   1147.00000000000       1.540209074648883E-002
   1148.00000000000       1.540862445537963E-002
   1149.00000000000       1.541514170993501E-002
   1150.00000000000       1.542169118825454E-002
   1151.00000000000       1.542820800346278E-002
   1152.00000000000       1.543476305888324E-002
   1153.00000000000       1.544131464881886E-002
   1154.00000000000       1.544783642437125E-002
   1155.00000000000       1.545441788827257E-002
   1156.00000000000       1.546096130818624E-002
   1157.00000000000       1.546752505132723E-002
   1158.00000000000       1.547408922053984E-002
   1159.00000000000       1.548066820258214E-002
   1160.00000000000       1.548722867814552E-002
   1161.00000000000       1.549380283918964E-002
   1162.00000000000       1.550036848599137E-002
   1163.00000000000       1.550696846860030E-002
   1164.00000000000       1.551356135244559E-002
   1165.00000000000       1.552015672737236E-002
   1166.00000000000       1.552675366450136E-002
   1167.00000000000       1.553334066412113E-002
   1168.00000000000       1.553995670804676E-002
   1169.00000000000       1.554655092995066E-002
   1170.00000000000       1.555317238236257E-002
   1171.00000000000       1.555978517929114E-002
   1172.00000000000       1.556642086927791E-002
   1173.00000000000       1.557303103993848E-002
   1174.00000000000       1.557964950619826E-002
   1175.00000000000       1.558628877967375E-002
   1176.00000000000       1.559291403332136E-002
   1177.00000000000       1.559956289274037E-002
   1178.00000000000       1.560619384846995E-002
   1179.00000000000       1.561285566808056E-002
   1180.00000000000       1.561951542175197E-002
   1181.00000000000       1.562616192070656E-002
   1182.00000000000       1.563282403471248E-002
   1183.00000000000       1.563949732078419E-002
   1184.00000000000       1.564615636920958E-002
   1185.00000000000       1.565280552331186E-002
   1186.00000000000       1.565948664082038E-002
   1187.00000000000       1.566616736745525E-002
   1188.00000000000       1.567284014547341E-002
   1189.00000000000       1.567952432706155E-002
   1190.00000000000       1.568620297181187E-002
   1191.00000000000       1.569290386364940E-002
   1192.00000000000       1.569960963516778E-002
   1193.00000000000       1.570630132745012E-002
   1194.00000000000       1.571301271570021E-002
   1195.00000000000       1.571971277159152E-002
   1196.00000000000       1.572641245295182E-002
   1197.00000000000       1.573311167667842E-002
   1198.00000000000       1.573982880655159E-002
   1199.00000000000       1.574655773814645E-002
   1200.00000000000       1.575328561703477E-002
   1201.00000000000       1.575999808968747E-002
   1202.00000000000       1.576672299058200E-002
   1203.00000000000       1.577347733902850E-002
   1204.00000000000       1.578019651317943E-002
   1205.00000000000       1.578693717134808E-002
   1206.00000000000       1.579367957286970E-002
   1207.00000000000       1.580044094910539E-002
   1208.00000000000       1.580717016178043E-002
   1209.00000000000       1.581393049476294E-002
   1210.00000000000       1.582066978050278E-002
   1211.00000000000       1.582743432883893E-002
   1212.00000000000       1.583421778452719E-002
   1213.00000000000       1.584095659130880E-002
   1214.00000000000       1.584774343561844E-002
   1215.00000000000       1.585452843533361E-002
   1216.00000000000       1.586127175889928E-002
   1217.00000000000       1.586807805370747E-002
   1218.00000000000       1.587486017628241E-002
   1219.00000000000       1.588165473202942E-002
   1220.00000000000       1.588844186206056E-002
   1221.00000000000       1.589521731181354E-002
   1222.00000000000       1.590201777842912E-002
   1223.00000000000       1.590880600378039E-002
   1224.00000000000       1.591563524881780E-002
   1225.00000000000       1.592242821862502E-002
   1226.00000000000       1.592923183879085E-002
   1227.00000000000       1.593604321189806E-002
   1228.00000000000       1.594283212918585E-002
   1229.00000000000       1.594965118058545E-002
   1230.00000000000       1.595647753373387E-002
   1231.00000000000       1.596333979763279E-002
   1232.00000000000       1.597013545738593E-002
   1233.00000000000       1.597696857417514E-002
   1234.00000000000       1.598380289004234E-002
   1235.00000000000       1.599063275848232E-002
   1236.00000000000       1.599747848388158E-002
   1237.00000000000       1.600429978686274E-002
   1238.00000000000       1.601115414463578E-002
   1239.00000000000       1.601799038837341E-002
   1240.00000000000       1.602483487221987E-002
   1241.00000000000       1.603169066024635E-002
   1242.00000000000       1.603856145500324E-002
   1243.00000000000       1.604538913134233E-002
   1244.00000000000       1.605226941141830E-002
   1245.00000000000       1.605913561907675E-002
   1246.00000000000       1.606597209960902E-002
   1247.00000000000       1.607286175043379E-002
   1248.00000000000       1.607971435050067E-002
   1249.00000000000       1.608658577415981E-002
   1250.00000000000       1.609347115291807E-002
   1251.00000000000       1.610036769416744E-002
   1252.00000000000       1.610723314332897E-002
   1253.00000000000       1.611412821378146E-002
   1254.00000000000       1.612101082750987E-002
   1255.00000000000       1.612791088547248E-002
   1256.00000000000       1.613477919285034E-002
   1257.00000000000       1.614166784322957E-002
   1258.00000000000       1.614857843836855E-002
   1259.00000000000       1.615547769042494E-002
   1260.00000000000       1.616237169775330E-002
   1261.00000000000       1.616928035917953E-002
   1262.00000000000       1.617615512968422E-002
   1263.00000000000       1.618308334295430E-002
   1264.00000000000       1.618999284071207E-002
   1265.00000000000       1.619692055185539E-002
   1266.00000000000       1.620381285409585E-002
   1267.00000000000       1.621075205118333E-002
   1268.00000000000       1.621765467480297E-002
   1269.00000000000       1.622457927405410E-002
   1270.00000000000       1.623150983069015E-002
   1271.00000000000       1.623843081059029E-002
   1272.00000000000       1.624536985608827E-002
   1273.00000000000       1.625229532274539E-002
   1274.00000000000       1.625925099120138E-002
   1275.00000000000       1.626616065472940E-002
   1276.00000000000       1.627309559884539E-002
   1277.00000000000       1.628003679553230E-002
   1278.00000000000       1.628697776068472E-002
   1279.00000000000       1.629395422417584E-002
   1280.00000000000       1.630089782814223E-002
   1281.00000000000       1.630780183937949E-002
   1282.00000000000       1.631478930295084E-002
   1283.00000000000       1.632170042061845E-002
   1284.00000000000       1.632868723789715E-002
   1285.00000000000       1.633562220698052E-002
   1286.00000000000       1.634257878408395E-002
   1287.00000000000       1.634953583379587E-002
   1288.00000000000       1.635652240961998E-002
   1289.00000000000       1.636348039545328E-002
   1290.00000000000       1.637043197180808E-002
   1291.00000000000       1.637742043259826E-002
   1292.00000000000       1.638437563316536E-002
   1293.00000000000       1.639134499704249E-002
   1294.00000000000       1.639832388013563E-002
   1295.00000000000       1.640527912668088E-002
   1296.00000000000       1.641227249125273E-002
   1297.00000000000       1.641923530251965E-002
   1298.00000000000       1.642621938069050E-002
   1299.00000000000       1.643318861810190E-002
   1300.00000000000       1.644018065564970E-002
   1301.00000000000       1.644718230096715E-002
   1302.00000000000       1.645413736327531E-002
   1303.00000000000       1.646113061843097E-002
   1304.00000000000       1.646810089341996E-002
   1305.00000000000       1.647513352492619E-002
   1306.00000000000       1.648211340031793E-002
   1307.00000000000       1.648908147859799E-002
   1308.00000000000       1.649610295235411E-002
   1309.00000000000       1.650306790423405E-002
   1310.00000000000       1.651005064789767E-002
   1311.00000000000       1.651706444588448E-002
   1312.00000000000       1.652406455337266E-002
   1313.00000000000       1.653107905004517E-002
   1314.00000000000       1.653805954353199E-002
   1315.00000000000       1.654506102497980E-002
   1316.00000000000       1.655211496507176E-002
   1317.00000000000       1.655906882251570E-002
   1318.00000000000       1.656607797694917E-002
   1319.00000000000       1.657308042186151E-002
   1320.00000000000       1.658008169819110E-002
   1321.00000000000       1.658710881815938E-002
   1322.00000000000       1.659412347014056E-002
   1323.00000000000       1.660109948664957E-002
   1324.00000000000       1.660812150023024E-002
   1325.00000000000       1.661515376500953E-002
   1326.00000000000       1.662215765683045E-002
   1327.00000000000       1.662915749282335E-002
   1328.00000000000       1.663623053518361E-002
   1329.00000000000       1.664321270023299E-002
   1330.00000000000       1.665024880869712E-002
   1331.00000000000       1.665722257385409E-002
   1332.00000000000       1.666424839065428E-002
   1333.00000000000       1.667127663858300E-002
   1334.00000000000       1.667830837785263E-002
   1335.00000000000       1.668532733435504E-002
   1336.00000000000       1.669235081403949E-002
   1337.00000000000       1.669937153484285E-002
   1338.00000000000       1.670637258947385E-002
   1339.00000000000       1.671343401520517E-002
   1340.00000000000       1.672043112550754E-002
   1341.00000000000       1.672747162368636E-002
   1342.00000000000       1.673449901045327E-002
   1343.00000000000       1.674149505688471E-002
   1344.00000000000       1.674853504570452E-002
   1345.00000000000       1.675555922771029E-002
   1346.00000000000       1.676257922099671E-002
   1347.00000000000       1.676960342197989E-002
   1348.00000000000       1.677662302668816E-002
   1349.00000000000       1.678365172339667E-002
   1350.00000000000       1.679068973617547E-002
   1351.00000000000       1.679770355630243E-002
   1352.00000000000       1.680474767030745E-002
   1353.00000000000       1.681174585132727E-002
   1354.00000000000       1.681874768223606E-002
   1355.00000000000       1.682580041512865E-002
   1356.00000000000       1.683283982432096E-002
   1357.00000000000       1.683984664607353E-002
   1358.00000000000       1.684690451688896E-002
