  0.000000000000000E+000  0.000000000000000E+000
   1.00000000000000       8.698493217318588E-003
   2.00000000000000       8.730199833114315E-003
   3.00000000000000       8.761690298141942E-003
   4.00000000000000       8.793553623244542E-003
   5.00000000000000       8.825430457770149E-003
   6.00000000000000       8.857569375102077E-003
   7.00000000000000       8.890162209047016E-003
   8.00000000000000       8.924354558675898E-003
   9.00000000000000       8.963261696933971E-003
   10.0000000000000       9.012652147444912E-003
   11.0000000000000       9.080855820434393E-003
   12.0000000000000       9.178674850538228E-003
   13.0000000000000       9.318543310691397E-003
   14.0000000000000       9.514094910591828E-003
   15.0000000000000       9.779501034973107E-003
   16.0000000000000       1.012951127187348E-002
   17.0000000000000       1.057878064337017E-002
   18.0000000000000       1.114236405046135E-002
   19.0000000000000       1.183478952664798E-002
   20.0000000000000       1.267035814712449E-002
   21.0000000000000       1.366326561358589E-002
   22.0000000000000       1.482618376481206E-002
   23.0000000000000       1.617187360177472E-002
   24.0000000000000       1.771167763602995E-002
   25.0000000000000       1.945614672694564E-002
   26.0000000000000       2.141458076131932E-002
   27.0000000000000       2.359556092464457E-002
   28.0000000000000       2.600638230534478E-002
   29.0000000000000       2.865346998500173E-002
   30.0000000000000       3.154208453293407E-002
   31.0000000000000       3.467711636027007E-002
   32.0000000000000       3.806186987187706E-002
   33.0000000000000       4.169957111796895E-002
   34.0000000000000       4.559238700999593E-002
   35.0000000000000       4.974188464102675E-002
   36.0000000000000       5.414901507444102E-002
   37.0000000000000       5.881454294358093E-002
   38.0000000000000       6.373818725244793E-002
   39.0000000000000       6.891973995592772E-002
   40.0000000000000       7.435825539440988E-002
   41.0000000000000       8.005280141770695E-002
   42.0000000000000       8.600171906867378E-002
   43.0000000000000       9.220328724681937E-002
   44.0000000000000       9.865555789334619E-002
   45.0000000000000       0.105356039870652     
   46.0000000000000       0.112302347414634     
   47.0000000000000       0.119491708391690     
   48.0000000000000       0.126921158834415     
   49.0000000000000       0.134587634805669     
   50.0000000000000       0.142487602240394     
   51.0000000000000       0.150617972884491     
   52.0000000000000       0.158974793880789     
   53.0000000000000       0.167554514952921     
   54.0000000000000       0.176353131907908     
   55.0000000000000       0.185366854001655     
   56.0000000000000       0.194591377131992     
   57.0000000000000       0.204022564713595     
   58.0000000000000       0.213656334198830     
   59.0000000000000       0.223488100489530     
   60.0000000000000       0.233513562185409     
   61.0000000000000       0.243728323320221     
   62.0000000000000       0.254127869044798     
   63.0000000000000       0.264707514291240     
   64.0000000000000       0.275462963063033     
   65.0000000000000       0.286389100692625     
   66.0000000000000       0.297482076994460     
   67.0000000000000       0.308736793512295     
   68.0000000000000       0.320148673253616     
   69.0000000000000       0.331713287829562     
   70.0000000000000       0.343425908942079     
   71.0000000000000       0.355282137923038     
   72.0000000000000       0.367277254580040     
   73.0000000000000       0.379406981829761     
   74.0000000000000       0.391666696747649     
   75.0000000000000       0.404052122250379     
   76.0000000000000       0.416558797526474     
   77.0000000000000       0.429182315802151     
   78.0000000000000       0.441918697201392     
   79.0000000000000       0.454763591689989     
   80.0000000000000       0.467712751905347     
   81.0000000000000       0.480762184462028     
   82.0000000000000       0.493907974329243     
   83.0000000000000       0.507146201072436     
   84.0000000000000       0.520472628136553     
   85.0000000000000       0.533883943011072     
   86.0000000000000       0.547376206348244     
   87.0000000000000       0.560945597683244     
   88.0000000000000       0.574588823418743     
   89.0000000000000       0.588302184674720     
   90.0000000000000       0.602082447295310     
   91.0000000000000       0.615926017773991     
   92.0000000000000       0.629829764626512     
   93.0000000000000       0.643790429380042     
   94.0000000000000       0.657805012942676     
   95.0000000000000       0.671870327090582     
   96.0000000000000       0.685983532143046     
   97.0000000000000       0.700141504721468     
   98.0000000000000       0.714341718563746     
   99.0000000000000       0.728581282653356     
   100.000000000000       0.742857414049160     
   101.000000000000       0.757167689160670     
   102.000000000000       0.771509627657822     
   103.000000000000       0.785880338524093     
   104.000000000000       0.800278054726954     
   105.000000000000       0.814700036555418     
   106.000000000000       0.829143998215113     
   107.000000000000       0.843608040281165     
   108.000000000000       0.858089844536586     
   109.000000000000       0.872587273790656     
   110.000000000000       0.887098520482576     
   111.000000000000       0.901621531180051     
   112.000000000000       0.916154455092127     
   113.000000000000       0.930695541397584     
   114.000000000000       0.945242823124432     
   115.000000000000       0.959794708862640     
   116.000000000000       0.974349699066255     
   117.000000000000       0.988905921329248     
   118.000000000000        1.00346197067163     
   119.000000000000        1.01801638267194     
   120.000000000000        1.03256757672769     
   121.000000000000        1.04711436400965     
   122.000000000000        1.06165506934938     
   123.000000000000        1.07618874438538     
   124.000000000000        1.09071388146603     
   125.000000000000        1.10522941604881     
   126.000000000000        1.11973403771969     
   127.000000000000        1.13422660358148     
   128.000000000000        1.14870625443487     
   129.000000000000        1.16317166365453     
   130.000000000000        1.17762196663739     
   131.000000000000        1.19205604480321     
   132.000000000000        1.20647318215259     
   133.000000000000        1.22087233575806     
   134.000000000000        1.23525250862420     
   135.000000000000        1.24961310903829     
   136.000000000000        1.26395309137099     
   137.000000000000        1.27827187201523     
   138.000000000000        1.29256860528112     
   139.000000000000        1.30684254274662     
   140.000000000000        1.32109308999714     
   141.000000000000        1.33531952562947     
   142.000000000000        1.34952127414220     
   143.000000000000        1.36369748984545     
   144.000000000000        1.37784789714699     
   145.000000000000        1.39197179896059     
   146.000000000000        1.40606876568660     
   147.000000000000        1.42013800026906     
   148.000000000000        1.43417933519113     
   149.000000000000        1.44819211929862     
   150.000000000000        1.46217590137680     
   151.000000000000        1.47613045446737     
   152.000000000000        1.49005505986901     
   153.000000000000        1.50394958518938     
   154.000000000000        1.51781351707042     
   155.000000000000        1.53164653939162     
   156.000000000000        1.54544830631175     
   157.000000000000        1.55921864491020     
   158.000000000000        1.57295686350451     
   159.000000000000        1.58666319986052     
   160.000000000000        1.60033696769955     
   161.000000000000        1.61397808866695     
   162.000000000000        1.62758628987236     
   163.000000000000        1.64116132544429     
   164.000000000000        1.65470311432620     
   165.000000000000        1.66821109722799     
   166.000000000000        1.68168555784752     
   167.000000000000        1.69512591257774     
   168.000000000000        1.70853225058082     
   169.000000000000        1.72190422331366     
   170.000000000000        1.73524191453468     
   171.000000000000        1.74854496759511     
   172.000000000000        1.76181348786845     
   173.000000000000        1.77504704035128     
   174.000000000000        1.78824580336799     
   175.000000000000        1.80140952834519     
   176.000000000000        1.81453829363753     
   177.000000000000        1.82763180203771     
   178.000000000000        1.84069005894950     
   179.000000000000        1.85371316164074     
   180.000000000000        1.86670094529648     
   181.000000000000        1.87965311811317     
   182.000000000000        1.89257018264135     
   183.000000000000        1.90545146070798     
   184.000000000000        1.91829749269000     
   185.000000000000        1.93110790842920     
   186.000000000000        1.94388287544243     
   187.000000000000        1.95662225593358     
   188.000000000000        1.96932605800830     
   189.000000000000        1.98199455725881     
   190.000000000000        1.99462735110433     
   191.000000000000        2.00722457463907     
   192.000000000000        2.01978653047410     
   193.000000000000        2.03231286736444     
   194.000000000000        2.04480377444200     
   195.000000000000        2.05725946245379     
   196.000000000000        2.06967948829072     
   197.000000000000        2.08206449229946     
   198.000000000000        2.09441406379353     
   199.000000000000        2.10672838379921     
   200.000000000000        2.11900769818799     
   201.000000000000        2.13125165031111     
   202.000000000000        2.14346069678707     
   203.000000000000        2.15563475655933     
   204.000000000000        2.16777388636747     
   205.000000000000        2.17987807810582     
   206.000000000000        2.19194756143459     
   207.000000000000        2.20398226880665     
   208.000000000000        2.21598232991247     
   209.000000000000        2.22794791767267     
   210.000000000000        2.23987902398158     
   211.000000000000        2.25177563532979     
   212.000000000000        2.26363801109822     
   213.000000000000        2.27546615669063     
   214.000000000000        2.28726022341257     
   215.000000000000        2.29902027881115     
   216.000000000000        2.31074626614679     
   217.000000000000        2.32243848262680     
   218.000000000000        2.33409702281713     
   219.000000000000        2.34572186240084     
   220.000000000000        2.35731317700042     
   221.000000000000        2.36887100174036     
   222.000000000000        2.38039551494505     
   223.000000000000        2.39188689223700     
   224.000000000000        2.40334499852196     
   225.000000000000        2.41477025799583     
   226.000000000000        2.42616251665117     
   227.000000000000        2.43752196632181     
   228.000000000000        2.44884877452457     
   229.000000000000        2.46014298448963     
   230.000000000000        2.47140477183946     
   231.000000000000        2.48263421492874     
   232.000000000000        2.49383144344791     
   233.000000000000        2.50499642767626     
   234.000000000000        2.51612961342473     
   235.000000000000        2.52723083047460     
   236.000000000000        2.53830025174648     
   237.000000000000        2.54933810690056     
   238.000000000000        2.56034434189916     
   239.000000000000        2.57131928367030     
   240.000000000000        2.58226288898384     
   241.000000000000        2.59317536048112     
   242.000000000000        2.60405669275837     
   243.000000000000        2.61490713979274     
   244.000000000000        2.62572683938035     
   245.000000000000        2.63651586177020     
   246.000000000000        2.64727423668302     
   247.000000000000        2.65800223971103     
   248.000000000000        2.66869994110324     
   249.000000000000        2.67936743812749     
   250.000000000000        2.69000473888944     
   251.000000000000        2.70061228649816     
   252.000000000000        2.71118988101419     
   253.000000000000        2.72173786557687     
   254.000000000000        2.73225619965795     
   255.000000000000        2.74274499943844     
   256.000000000000        2.75320458103886     
   257.000000000000        2.76363500660254     
   258.000000000000        2.77403617345788     
   259.000000000000        2.78440844365741     
   260.000000000000        2.79475186043128     
   261.000000000000        2.80506660480576     
   262.000000000000        2.81535270920347     
   263.000000000000        2.82561031682429     
   264.000000000000        2.83583960329071     
   265.000000000000        2.84604052807448     
   266.000000000000        2.85621356400540     
   267.000000000000        2.86635835443469     
   268.000000000000        2.87647554241090     
   269.000000000000        2.88656467401741     
   270.000000000000        2.89662638149521     
   271.000000000000        2.90666060810474     
   272.000000000000        2.91666726198191     
   273.000000000000        2.92664669437172     
   274.000000000000        2.93659899713825     
   275.000000000000        2.94652436481719     
   276.000000000000        2.95642262448793     
   277.000000000000        2.96629423547084     
   278.000000000000        2.97613911941128     
   279.000000000000        2.98595742491290     
   280.000000000000        2.99574929517558     
   281.000000000000        3.00551488150485     
   282.000000000000        3.01525414337246     
   283.000000000000        3.02496741581209     
   284.000000000000        3.03465462857473     
   285.000000000000        3.04431610588655     
   286.000000000000        3.05395169374013     
   287.000000000000        3.06356162179564     
   288.000000000000        3.07314617645286     
   289.000000000000        3.08270520640626     
   290.000000000000        3.09223902507444     
   291.000000000000        3.10174760814045     
   292.000000000000        3.11123110150604     
   293.000000000000        3.12068963215981     
   294.000000000000        3.13012342706005     
   295.000000000000        3.13953241865966     
   296.000000000000        3.14891670963023     
   297.000000000000        3.15827663500548     
   298.000000000000        3.16761205698927     
   299.000000000000        3.17692316471354     
   300.000000000000        3.18621022026109     
   301.000000000000        3.19547302639434     
   302.000000000000        3.20471201001107     
   303.000000000000        3.21392705222834     
   304.000000000000        3.22311831786112     
   305.000000000000        3.23228607709787     
   306.000000000000        3.24143008947085     
   307.000000000000        3.25055071703262     
   308.000000000000        3.25964820565466     
   309.000000000000        3.26872225002401     
   310.000000000000        3.27777327163468     
   311.000000000000        3.28680122725651     
   312.000000000000        3.29580628440634     
   313.000000000000        3.30478857817840     
   314.000000000000        3.31374809236140     
   315.000000000000        3.32268505661551     
   316.000000000000        3.33159946553696     
   317.000000000000        3.34049143800869     
   318.000000000000        3.34936125502669     
   319.000000000000        3.35820864099873     
   320.000000000000        3.36703409577347     
   321.000000000000        3.37583753829435     
   322.000000000000        3.38461893884066     
   323.000000000000        3.39337861353289     
   324.000000000000        3.40211661911062     
   325.000000000000        3.41083291234369     
   326.000000000000        3.41952779314129     
   327.000000000000        3.42820113181297     
   328.000000000000        3.43685322826792     
   329.000000000000        3.44548404197786     
   330.000000000000        3.45409373505588     
   331.000000000000        3.46268238585662     
   332.000000000000        3.47125007003285     
   333.000000000000        3.47979690106373     
   334.000000000000        3.48832291947753     
   335.000000000000        3.49682839005893     
   336.000000000000        3.50531314799298     
   337.000000000000        3.51377744185307     
   338.000000000000        3.52222144185791     
   339.000000000000        3.53064495887559     
   340.000000000000        3.53904839818880     
   341.000000000000        3.54743159498257     
   342.000000000000        3.55579485456987     
   343.000000000000        3.56413813642243     
   344.000000000000        3.57246142973271     
   345.000000000000        3.58076508034194     
   346.000000000000        3.58904907744258     
   347.000000000000        3.59731330485360     
   348.000000000000        3.60555814083883     
   349.000000000000        3.61378345030404     
   350.000000000000        3.62198948992828     
   351.000000000000        3.63017629753793     
   352.000000000000        3.63834387853676     
   353.000000000000        3.64649228426057     
   354.000000000000        3.65462175787898     
   355.000000000000        3.66273232641083     
   356.000000000000        3.67082392501090     
   357.000000000000        3.67889701029768     
   358.000000000000        3.68695109052818     
   359.000000000000        3.69498684657731     
   360.000000000000        3.70300391909442     
   361.000000000000        3.71100253503782     
   362.000000000000        3.71898296999974     
   363.000000000000        3.72694489975403     
   364.000000000000        3.73488878091918     
   365.000000000000        3.74281458377446     
   366.000000000000        3.75072215431245     
   367.000000000000        3.75861182486496     
   368.000000000000        3.76648372512245     
   369.000000000000        3.77433764974169     
   370.000000000000        3.78217393916013     
   371.000000000000        3.78999257716647     
   372.000000000000        3.79779350431925     
   373.000000000000        3.80557708807478     
   374.000000000000        3.81334311228228     
   375.000000000000        3.82109179309253     
   376.000000000000        3.82882330342614     
   377.000000000000        3.83653750008322     
   378.000000000000        3.84423450735047     
   379.000000000000        3.85191456569561     
   380.000000000000        3.85957757514892     
   381.000000000000        3.86722366269897     
   382.000000000000        3.87485295533435     
   383.000000000000        3.88246533957588     
   384.000000000000        3.89006112073654     
   385.000000000000        3.89764025558618     
   386.000000000000        3.90520269819275     
   387.000000000000        3.91274891328040     
   388.000000000000        3.92027847665325     
   389.000000000000        3.92779171794123     
   390.000000000000        3.93528872090276     
   391.000000000000        3.94276950715290     
   392.000000000000        3.95023406858602     
   393.000000000000        3.95768264566984     
   394.000000000000        3.96511504657055     
   395.000000000000        3.97253162253315     
   396.000000000000        3.97993231681806     
   397.000000000000        3.98731713753094     
   398.000000000000        3.99468625489052     
   399.000000000000        4.00203962296476     
   400.000000000000        4.00937729849323     
   401.000000000000        4.01669970296994     
   402.000000000000        4.02400629871984     
   403.000000000000        4.03129762071610     
   404.000000000000        4.03857355818143     
   405.000000000000        4.04583414353846     
   406.000000000000        4.05307954970780     
   407.000000000000        4.06030976047815     
   408.000000000000        4.06752484339661     
   409.000000000000        4.07472490113480     
   410.000000000000        4.08190983912676     
   411.000000000000        4.08908002212692     
   412.000000000000        4.09623523938827     
   413.000000000000        4.10337571246535     
   414.000000000000        4.11050138191671     
   415.000000000000        4.11761237202902     
   416.000000000000        4.12470877196448     
   417.000000000000        4.13179053308918     
   418.000000000000        4.13885779860299     
   419.000000000000        4.14591066307188     
   420.000000000000        4.15294907245815     
   421.000000000000        4.15997318617299     
   422.000000000000        4.16698302042772     
   423.000000000000        4.17397861304871     
   424.000000000000        4.18096009913020     
   425.000000000000        4.18792735708738     
   426.000000000000        4.19488072195394     
   427.000000000000        4.20182005323188     
   428.000000000000        4.20874532120047     
   429.000000000000        4.21565686629718     
   430.000000000000        4.22255444265049     
   431.000000000000        4.22943838799599     
   432.000000000000        4.23630856994133     
   433.000000000000        4.24316502901478     
   434.000000000000        4.25000789490680     
   435.000000000000        4.25683727569278     
   436.000000000000        4.26365318758402     
   437.000000000000        4.27045544955426     
   438.000000000000        4.27724457766345     
   439.000000000000        4.28402015311948     
   440.000000000000        4.29078259201257     
   441.000000000000        4.29753174033532     
   442.000000000000        4.30426765482728     
   443.000000000000        4.31099047868836     
   444.000000000000        4.31770015788084     
   445.000000000000        4.32439706256294     
   446.000000000000        4.33108067127091     
   447.000000000000        4.33775148385341     
   448.000000000000        4.34440947329159     
   449.000000000000        4.35105445855919     
   450.000000000000        4.35768687736150     
   451.000000000000        4.36430648923081     
   452.000000000000        4.37091341575191     
   453.000000000000        4.37750772447192     
   454.000000000000        4.38408933973808     
   455.000000000000        4.39065865602554     
   456.000000000000        4.39721524643652     
   457.000000000000        4.40375963513664     
   458.000000000000        4.41029146277525     
   459.000000000000        4.41681094550312     
   460.000000000000        4.42331829406724     
   461.000000000000        4.42981316532828     
   462.000000000000        4.43629603211603     
   463.000000000000        4.44276670800046     
   464.000000000000        4.44922523080795     
   465.000000000000        4.45567181398739     
   466.000000000000        4.46210615492771     
   467.000000000000        4.46852876428508     
   468.000000000000        4.47493933944844     
   469.000000000000        4.48133794796490     
   470.000000000000        4.48772495458889     
   471.000000000000        4.49410002969047     
   472.000000000000        4.50046332187331     
   473.000000000000        4.50681506620136     
   474.000000000000        4.51315504922574     
   475.000000000000        4.51948343576142     
   476.000000000000        4.52580023391404     
   477.000000000000        4.53210558147972     
   478.000000000000        4.53839936497930     
   479.000000000000        4.54468177624660     
   480.000000000000        4.55095280447408     
   481.000000000000        4.55721235779765     
   482.000000000000        4.56346086041321     
   483.000000000000        4.56969782868340     
   484.000000000000        4.57592368140034     
   485.000000000000        4.58213835642069     
   486.000000000000        4.58834188346517     
   487.000000000000        4.59453430036017     
   488.000000000000        4.60071565844150     
   489.000000000000        4.60688605227511     
   490.000000000000        4.61304545214029     
   491.000000000000        4.61919385533513     
   492.000000000000        4.62533139695388     
   493.000000000000        4.63145809050596     
   494.000000000000        4.63757396841397     
   495.000000000000        4.64367912254201     
   496.000000000000        4.64977344211279     
   497.000000000000        4.65585712706579     
   498.000000000000        4.66193006662372     
   499.000000000000        4.66799251206186     
   500.000000000000        4.67404427965206     
   501.000000000000        4.68008568281293     
   502.000000000000        4.68611634057874     
   503.000000000000        4.69213660689637     
   504.000000000000        4.69814655471671     
   505.000000000000        4.70414603813799     
   506.000000000000        4.71013510309224     
   507.000000000000        4.71611406299809     
   508.000000000000        4.72208254769734     
   509.000000000000        4.72804091383876     
   510.000000000000        4.73398890474331     
   511.000000000000        4.73992696081818     
   512.000000000000        4.74585466327126     
   513.000000000000        4.75177257409454     
   514.000000000000        4.75768000700934     
   515.000000000000        4.76357782932061     
   516.000000000000        4.76946545471940     
   517.000000000000        4.77534316420170     
   518.000000000000        4.78121095776751     
   519.000000000000        4.78706892728092     
   520.000000000000        4.79291691873449     
   521.000000000000        4.79875533741092     
   522.000000000000        4.80458378613317     
   523.000000000000        4.81040262965566     
   524.000000000000        4.81621156536732     
   525.000000000000        4.82201106879984     
   526.000000000000        4.82780085355345     
   527.000000000000        4.83358103310729     
   528.000000000000        4.83935156152935     
   529.000000000000        4.84511270090241     
   530.000000000000        4.85086434315110     
   531.000000000000        4.85660632886423     
   532.000000000000        4.86233900928679     
   533.000000000000        4.86806236550559     
   534.000000000000        4.87377633537728     
   535.000000000000        4.87948084054722     
   536.000000000000        4.88517614850198     
   537.000000000000        4.89086220520386     
   538.000000000000        4.89653902686417     
   539.000000000000        4.90220658916595     
   540.000000000000        4.90786490561863     
   541.000000000000        4.91351439771620     
   542.000000000000        4.91915443591955     
   543.000000000000        4.92478555790372     
   544.000000000000        4.93040762046882     
   545.000000000000        4.93602068035443     
   546.000000000000        4.94162475647374     
   547.000000000000        4.94721989475878     
   548.000000000000        4.95280608170015     
   549.000000000000        4.95838340105625     
   550.000000000000        4.96395189335536     
   551.000000000000        4.96951148024283     
   552.000000000000        4.97506240488826     
   553.000000000000        4.98060432955608     
   554.000000000000        4.98613781894019     
   555.000000000000        4.99166232725987     
   556.000000000000        4.99717848135237     
   557.000000000000        5.00268571922569     
   558.000000000000        5.00818440023047     
   559.000000000000        5.01367448383845     
   560.000000000000        5.01915607272125     
   561.000000000000        5.02462911554305     
   562.000000000000        5.03009370686982     
   563.000000000000        5.03554971971298     
   564.000000000000        5.04099731618560     
   565.000000000000        5.04643655302727     
   566.000000000000        5.05186747346814     
   567.000000000000        5.05728986676121     
   568.000000000000        5.06270402471001     
   569.000000000000        5.06810994461266     
   570.000000000000        5.07350748326928     
   571.000000000000        5.07889681900425     
   572.000000000000        5.08427799234584     
   573.000000000000        5.08965083847909     
   574.000000000000        5.09501572486030     
   575.000000000000        5.10037234887841     
   576.000000000000        5.10572090506909     
   577.000000000000        5.11106139343235     
   578.000000000000        5.11639383017951     
   579.000000000000        5.12171816667662     
   580.000000000000        5.12703461367071     
   581.000000000000        5.13234304147129     
   582.000000000000        5.13764360948957     
   583.000000000000        5.14293615291059     
   584.000000000000        5.14822088518322     
   585.000000000000        5.15349766310759     
   586.000000000000        5.15876668392126     
   587.000000000000        5.16402786386583     
   588.000000000000        5.16928123266201     
   589.000000000000        5.17452698214361     
   590.000000000000        5.17976473674868     
   591.000000000000        5.18499505576733     
   592.000000000000        5.19021756363760     
   593.000000000000        5.19543246300082     
   594.000000000000        5.20063968630990     
   595.000000000000        5.20583930921759     
   596.000000000000        5.21103139656913     
   597.000000000000        5.21621583218348     
   598.000000000000        5.22139285923026     
   599.000000000000        5.22656235342276     
   600.000000000000        5.23172426072330     
   601.000000000000        5.23687881079208     
   602.000000000000        5.24202590365935     
   603.000000000000        5.24716570684198     
   604.000000000000        5.25229786909494     
   605.000000000000        5.25742297132345     
   606.000000000000        5.26254043802607     
   607.000000000000        5.26765083119481     
   608.000000000000        5.27275391306382     
   609.000000000000        5.27784956475017     
   610.000000000000        5.28293813479698     
   611.000000000000        5.28801945028364     
   612.000000000000        5.29309352201768     
   613.000000000000        5.29816052291972     
   614.000000000000        5.30322028547291     
   615.000000000000        5.30827307176007     
   616.000000000000        5.31331855755503     
   617.000000000000        5.31835707789149     
   618.000000000000        5.32338861385625     
   619.000000000000        5.32841290877028     
   620.000000000000        5.33343049760674     
   621.000000000000        5.33844080486419     
   622.000000000000        5.34344434390071     
   623.000000000000        5.34844090396931     
   624.000000000000        5.35343047966622     
   625.000000000000        5.35841330335351     
   626.000000000000        5.36338904540126     
   627.000000000000        5.36835808947708     
   628.000000000000        5.37332029508298     
   629.000000000000        5.37827572436229     
   630.000000000000        5.38322424762457     
   631.000000000000        5.38816608912622     
   632.000000000000        5.39310117861826     
   633.000000000000        5.39802962957983     
   634.000000000000        5.40295123666771     
   635.000000000000        5.40786629979109     
   636.000000000000        5.41277457578034     
   637.000000000000        5.41767638615975     
   638.000000000000        5.42257147695215     
   639.000000000000        5.42745989138770     
   640.000000000000        5.43234196720197     
   641.000000000000        5.43721730451606     
   642.000000000000        5.44208624106552     
   643.000000000000        5.44694852557509     
   644.000000000000        5.45180439851250     
   645.000000000000        5.45665398686633     
   646.000000000000        5.46149676106720     
   647.000000000000        5.46633339658625     
   648.000000000000        5.47116351515965     
   649.000000000000        5.47598734644758     
   650.000000000000        5.48080469861623     
   651.000000000000        5.48561575269188     
   652.000000000000        5.49042056811598     
   653.000000000000        5.49521885848877     
   654.000000000000        5.50001109664006     
   655.000000000000        5.50479695023803     
   656.000000000000        5.50957663813534     
   657.000000000000        5.51435009548676     
   658.000000000000        5.51911726285083     
   659.000000000000        5.52387832665759     
   660.000000000000        5.52863315451468     
   661.000000000000        5.53338187341070     
   662.000000000000        5.53812452657578     
   663.000000000000        5.54286102754963     
   664.000000000000        5.54759140064920     
   665.000000000000        5.55231567289334     
   666.000000000000        5.55703405773093     
   667.000000000000        5.56174626335844     
   668.000000000000        5.56645260319448     
   669.000000000000        5.57115274760914     
   670.000000000000        5.57584713430770     
   671.000000000000        5.58053546608287     
   672.000000000000        5.58521770781016     
   673.000000000000        5.58989431070428     
   674.000000000000        5.59456494243343     
   675.000000000000        5.59922954625804     
   676.000000000000        5.60388836804960     
   677.000000000000        5.60854142131753     
   678.000000000000        5.61318856826573     
   679.000000000000        5.61782983861492     
   680.000000000000        5.62246552687052     
   681.000000000000        5.62709532771958     
   682.000000000000        5.63171930600732     
   683.000000000000        5.63633771841279     
   684.000000000000        5.64095009480805     
   685.000000000000        5.64555715659630     
   686.000000000000        5.65015834178555     
   687.000000000000        5.65475393407367     
   688.000000000000        5.65934369569482     
   689.000000000000        5.66392807786373     
   690.000000000000        5.66850674824860     
   691.000000000000        5.67307977980030     
   692.000000000000        5.67764728329610     
   693.000000000000        5.68220916687194     
   694.000000000000        5.68676554130507     
   695.000000000000        5.69131643361435     
   696.000000000000        5.69586179786773     
   697.000000000000        5.70040165297841     
   698.000000000000        5.70493602056147     
   699.000000000000        5.70946495735648     
   700.000000000000        5.71398848497852     
   701.000000000000        5.71850654128423     
   702.000000000000        5.72301918301321     
   703.000000000000        5.72752631019572     
   704.000000000000        5.73202840646910     
   705.000000000000        5.73652487741874     
   706.000000000000        5.74101600674252     
   707.000000000000        5.74550192953468     
   708.000000000000        5.74998246747082     
   709.000000000000        5.75445776375084     
   710.000000000000        5.75892777244270     
   711.000000000000        5.76339248003696     
   712.000000000000        5.76785202162787     
   713.000000000000        5.77230619457408     
   714.000000000000        5.77675532580362     
   715.000000000000        5.78119916944500     
   716.000000000000        5.78563783627548     
   717.000000000000        5.79007134520825     
   718.000000000000        5.79449978270363     
   719.000000000000        5.79892294071650     
   720.000000000000        5.80334111645417     
   721.000000000000        5.80775409916963     
   722.000000000000        5.81216207529292     
   723.000000000000        5.81656491513359     
   724.000000000000        5.82096264841236     
   725.000000000000        5.82535558044219     
   726.000000000000        5.82974324379706     
   727.000000000000        5.83412602754833     
   728.000000000000        5.83850369393017     
   729.000000000000        5.84287665633091     
   730.000000000000        5.84724435816234     
   731.000000000000        5.85160719389960     
   732.000000000000        5.85596522568604     
   733.000000000000        5.86031817792943     
   734.000000000000        5.86466629650127     
   735.000000000000        5.86900952196010     
   736.000000000000        5.87334791104549     
   737.000000000000        5.87768144214236     
   738.000000000000        5.88201003959796     
   739.000000000000        5.88633389794796     
   740.000000000000        5.89065291181887     
   741.000000000000        5.89496717847854     
   742.000000000000        5.89927665199493     
   743.000000000000        5.90358115674553     
   744.000000000000        5.90788125202047     
   745.000000000000        5.91217632449193     
   746.000000000000        5.91646679295203     
   747.000000000000        5.92075253581597     
   748.000000000000        5.92503350985358     
   749.000000000000        5.92931000686841     
   750.000000000000        5.93358154862688     
   751.000000000000        5.93784864038141     
   752.000000000000        5.94211104436616     
   753.000000000000        5.94636884433954     
   754.000000000000        5.95062197815822     
   755.000000000000        5.95487045392785     
   756.000000000000        5.95911448239543     
   757.000000000000        5.96335392846672     
   758.000000000000        5.96758866515315     
   759.000000000000        5.97181908692987     
   760.000000000000        5.97604470475578     
   761.000000000000        5.98026606441155     
   762.000000000000        5.98448271468246     
   763.000000000000        5.98869511218700     
   764.000000000000        5.99290280030669     
   765.000000000000        5.99710610867144     
   766.000000000000        6.00130504808879     
   767.000000000000        6.00549953209843     
   768.000000000000        6.00968945262498     
   769.000000000000        6.01387505553994     
   770.000000000000        6.01805633273765     
   771.000000000000        6.02223304915415     
   772.000000000000        6.02640568032114     
   773.000000000000        6.03057363992965     
   774.000000000000        6.03473756022068     
   775.000000000000        6.03889690622109     
   776.000000000000        6.04305197243628     
   777.000000000000        6.04720286153788     
   778.000000000000        6.05134939790339     
   779.000000000000        6.05549162206107     
   780.000000000000        6.05962956913543     
   781.000000000000        6.06376334990374     
   782.000000000000        6.06789280225291     
   783.000000000000        6.07201812071865     
   784.000000000000        6.07613916210106     
   785.000000000000        6.08025594261145     
   786.000000000000        6.08436861355537     
   787.000000000000        6.08847721005731     
   788.000000000000        6.09258145382315     
   789.000000000000        6.09668158532063     
   790.000000000000        6.10077772613456     
   791.000000000000        6.10486953852935     
   792.000000000000        6.10895743859524     
   793.000000000000        6.11304103185708     
   794.000000000000        6.11712067766551     
   795.000000000000        6.12119613555282     
   796.000000000000        6.12526763788106     
   797.000000000000        6.12933513871821     
   798.000000000000        6.13339830032870     
   799.000000000000        6.13745781979874     
   800.000000000000        6.14151307029111     
   801.000000000000        6.14556435982065     
   802.000000000000        6.14961175593448     
   803.000000000000        6.15365505058749     
   804.000000000000        6.15769443831537     
   805.000000000000        6.16172982725404     
   806.000000000000        6.16576131196945     
   807.000000000000        6.16978893839366     
   808.000000000000        6.17381244984762     
   809.000000000000        6.17783216785560     
   810.000000000000        6.18184792219887     
   811.000000000000        6.18585998306588     
   812.000000000000        6.18986791275135     
   813.000000000000        6.19387216517187     
   814.000000000000        6.19787249445595     
   815.000000000000        6.20186894383374     
   816.000000000000        6.20586157004482     
   817.000000000000        6.20985051088531     
   818.000000000000        6.21383551237805     
   819.000000000000        6.21781680958700     
   820.000000000000        6.22179406747847     
   821.000000000000        6.22576788857272     
   822.000000000000        6.22973784056823     
   823.000000000000        6.23370401262718     
   824.000000000000        6.23766635341377     
   825.000000000000        6.24162509529007     
   826.000000000000        6.24558011667127     
   827.000000000000        6.24953139053853     
   828.000000000000        6.25347902496723     
   829.000000000000        6.25742286594995     
   830.000000000000        6.26136311612804     
   831.000000000000        6.26529963770537     
   832.000000000000        6.26923260900635     
   833.000000000000        6.27316187061976     
   834.000000000000        6.27708743335315     
   835.000000000000        6.28100957820253     
   836.000000000000        6.28492794581723     
   837.000000000000        6.28884274694425     
   838.000000000000        6.29275396807419     
   839.000000000000        6.29666166054283     
   840.000000000000        6.30056584866714     
   841.000000000000        6.30446625955678     
   842.000000000000        6.30836324986052     
   843.000000000000        6.31225662774454     
   844.000000000000        6.31614669041616     
   845.000000000000        6.32003310824545     
   846.000000000000        6.32391599471157     
   847.000000000000        6.32779547950497     
   848.000000000000        6.33167120057313     
   849.000000000000        6.33554380366645     
   850.000000000000        6.33941285648341     
   851.000000000000        6.34327839955227     
   852.000000000000        6.34714046259377     
   853.000000000000        6.35099914827951     
   854.000000000000        6.35485438365862     
   855.000000000000        6.35870627950836     
   856.000000000000        6.36255468182131     
   857.000000000000        6.36639969867286     
   858.000000000000        6.37024145164781     
   859.000000000000        6.37407971108597     
   860.000000000000        6.37791461748533     
   861.000000000000        6.38174628702695     
   862.000000000000        6.38557443601293     
   863.000000000000        6.38939938596754     
   864.000000000000        6.39322098288337     
   865.000000000000        6.39703925918301     
   866.000000000000        6.40085420135706     
   867.000000000000        6.40466586074132     
   868.000000000000        6.40847432109421     
   869.000000000000        6.41227931222728     
   870.000000000000        6.41608125833640     
   871.000000000000        6.41987986221426     
   872.000000000000        6.42367523463814     
   873.000000000000        6.42746726212889     
   874.000000000000        6.43125622568250     
   875.000000000000        6.43504191455197     
   876.000000000000        6.43882428010338     
   877.000000000000        6.44260366547608     
   878.000000000000        6.44637967349303     
   879.000000000000        6.45015258785210     
   880.000000000000        6.45392229777604     
   881.000000000000        6.45768886000442     
   882.000000000000        6.46145227723913     
   883.000000000000        6.46521251975942     
   884.000000000000        6.46896967132374     
   885.000000000000        6.47272370491322     
   886.000000000000        6.47647449894307     
   887.000000000000        6.48022241546581     
   888.000000000000        6.48396709783269     
   889.000000000000        6.48770861088893     
   890.000000000000        6.49144713566080     
   891.000000000000        6.49518262621627     
   892.000000000000        6.49891493395167     
   893.000000000000        6.50264433986302     
   894.000000000000        6.50637054404111     
   895.000000000000        6.51009385450079     
   896.000000000000        6.51381411993653     
   897.000000000000        6.51753119714844     
   898.000000000000        6.52124541036267     
   899.000000000000        6.52495667311891     
   900.000000000000        6.52866481519844     
   901.000000000000        6.53237005545391     
   902.000000000000        6.53607227500240     
   903.000000000000        6.53977155490044     
   904.000000000000        6.54346790865745     
   905.000000000000        6.54716121468864     
   906.000000000000        6.55085163510707     
   907.000000000000        6.55453909696186     
   908.000000000000        6.55822366239636     
   909.000000000000        6.56190526926723     
   910.000000000000        6.56558408779318     
   911.000000000000        6.56925986940084     
   912.000000000000        6.57293291670129     
   913.000000000000        6.57660286494009     
   914.000000000000        6.58027003564153     
   915.000000000000        6.58393438287356     
   916.000000000000        6.58759590123241     
   917.000000000000        6.59125436916355     
   918.000000000000        6.59491029462128     
   919.000000000000        6.59856307778721     
   920.000000000000        6.60221320229870     
   921.000000000000        6.60586051414832     
   922.000000000000        6.60950499712476     
   923.000000000000        6.61314665392991     
   924.000000000000        6.61678550888073     
   925.000000000000        6.62042152144894     
   926.000000000000        6.62405489157402     
   927.000000000000        6.62768546524853     
   928.000000000000        6.63131322896306     
   929.000000000000        6.63493817461195     
   930.000000000000        6.63856042918378     
   931.000000000000        6.64217999538043     
   932.000000000000        6.64579674891520     
   933.000000000000        6.64941077895030     
   934.000000000000        6.65302222057996     
   935.000000000000        6.65663070094409     
   936.000000000000        6.66023671448757     
   937.000000000000        6.66383993968615     
   938.000000000000        6.66744039545302     
   939.000000000000        6.67103833576532     
   940.000000000000        6.67463352285721     
   941.000000000000        6.67822605669842     
   942.000000000000        6.68181582110792     
   943.000000000000        6.68540306195720     
   944.000000000000        6.68898765225768     
   945.000000000000        6.69256949744341     
   946.000000000000        6.69614893524996     
   947.000000000000        6.69972550635695     
   948.000000000000        6.70329955120184     
   949.000000000000        6.70687107789028     
   950.000000000000        6.71043977030177     
   951.000000000000        6.71400619853396     
   952.000000000000        6.71756966279875     
   953.000000000000        6.72113089530686     
   954.000000000000        6.72468941242094     
   955.000000000000        6.72824522494854     
   956.000000000000        6.73179867873088     
   957.000000000000        6.73534943603238     
   958.000000000000        6.73889780756979     
   959.000000000000        6.74244347722259     
   960.000000000000        6.74598667465099     
   961.000000000000        6.74952741606628     
   962.000000000000        6.75306555286481     
   963.000000000000        6.75660112557486     
   964.000000000000        6.76013430441516     
   965.000000000000        6.76366491916696     
   966.000000000000        6.76719308871320     
   967.000000000000        6.77071875631430     
   968.000000000000        6.77424194628723     
   969.000000000000        6.77776261810370     
   970.000000000000        6.78128084201272     
   971.000000000000        6.78479661801430     
   972.000000000000        6.78831002716496     
   973.000000000000        6.79182077225741     
   974.000000000000        6.79532939366856     
   975.000000000000        6.79883526996496     
   976.000000000000        6.80233876860291     
   977.000000000000        6.80583993551444     
   978.000000000000        6.80933875178638     
   979.000000000000        6.81283505260375     
   980.000000000000        6.81632891091744     
   981.000000000000        6.81982044020660     
   982.000000000000        6.82330954860716     
   983.000000000000        6.82679626583985     
   984.000000000000        6.83028068106686     
   985.000000000000        6.83376266459773     
   986.000000000000        6.83724224885507     
   987.000000000000        6.84071947166527     
   988.000000000000        6.84419437355660     
   989.000000000000        6.84766690859702     
   990.000000000000        6.85113716054495     
   991.000000000000        6.85460489974020     
   992.000000000000        6.85807052876357     
   993.000000000000        6.86153368826442     
   994.000000000000        6.86499460520105     
   995.000000000000        6.86845312826793     
   996.000000000000        6.87190935743478     
   997.000000000000        6.87536330891291     
   998.000000000000        6.87881493406840     
   999.000000000000        6.88226429234270     
   1000.00000000000        6.88571138373583     
   1001.00000000000        6.88915610017239     
   1002.00000000000        6.89259860646735     
   1003.00000000000        6.89603886749621     
   1004.00000000000        6.89947681030807     
   1005.00000000000        6.90291246732557     
   1006.00000000000        6.90634596013350     
   1007.00000000000        6.90977719686779     
   1008.00000000000        6.91320605324174     
   1009.00000000000        6.91663269407032     
   1010.00000000000        6.92005724093833     
   1011.00000000000        6.92347949390632     
   1012.00000000000        6.92689951781951     
   1013.00000000000        6.93031721541006     
   1014.00000000000        6.93373286767397     
   1015.00000000000        6.93714619091335     
   1016.00000000000        6.94055735804882     
   1017.00000000000        6.94396634476341     
   1018.00000000000        6.94737309161568     
   1019.00000000000        6.95077765264329     
   1020.00000000000        6.95418006837454     
   1021.00000000000        6.95758027396418     
   1022.00000000000        6.96097828832541     
   1023.00000000000        6.96437411686200     
   1024.00000000000        6.96776790817760     
   1025.00000000000        6.97115931643098     
   1026.00000000000        6.97454875771237     
   1027.00000000000        6.97793591590127     
   1028.00000000000        6.98132105308049     
   1029.00000000000        6.98470397201245     
   1030.00000000000        6.98808475105181     
   1031.00000000000        6.99146347125510     
   1032.00000000000        6.99483992998098     
   1033.00000000000        6.99821429204442     
   1034.00000000000        7.00158660878120     
   1035.00000000000        7.00495671267450     
   1036.00000000000        7.00832489552785     
   1037.00000000000        7.01169076286609     
   1038.00000000000        7.01505455785885     
   1039.00000000000        7.01841632914004     
   1040.00000000000        7.02177599565312     
   1041.00000000000        7.02513351686983     
   1042.00000000000        7.02848899816367     
   1043.00000000000        7.03184236117998     
   1044.00000000000        7.03519365185080     
   1045.00000000000        7.03854290530063     
   1046.00000000000        7.04188994860886     
   1047.00000000000        7.04523511140540     
   1048.00000000000        7.04857817213573     
   1049.00000000000        7.05191906595460     
   1050.00000000000        7.05525803603164     
   1051.00000000000        7.05859485270665     
   1052.00000000000        7.06192969160214     
   1053.00000000000        7.06526237169182     
   1054.00000000000        7.06859322530752     
   1055.00000000000        7.07192179583073     
   1056.00000000000        7.07524845882341     
   1057.00000000000        7.07857306838379     
   1058.00000000000        7.08189568935711     
   1059.00000000000        7.08521621096609     
   1060.00000000000        7.08853484395773     
   1061.00000000000        7.09185131814358     
   1062.00000000000        7.09516592532717     
   1063.00000000000        7.09847839261816     
   1064.00000000000        7.10178878486177     
   1065.00000000000        7.10509749383127     
   1066.00000000000        7.10840387918002     
   1067.00000000000        7.11170838131520     
   1068.00000000000        7.11501084893128     
   1069.00000000000        7.11831150628467     
   1070.00000000000        7.12161006697561     
   1071.00000000000        7.12490656072483     
   1072.00000000000        7.12820110101149     
   1073.00000000000        7.13149373646950     
   1074.00000000000        7.13478438874422     
   1075.00000000000        7.13807305513375     
   1076.00000000000        7.14135973563810     
   1077.00000000000        7.14464448699685     
   1078.00000000000        7.14792718492329     
   1079.00000000000        7.15120804016444     
   1080.00000000000        7.15448685818460     
   1081.00000000000        7.15776377407801     
   1082.00000000000        7.16103866625984     
   1083.00000000000        7.16431178330349     
   1084.00000000000        7.16758279828093     
   1085.00000000000        7.17085191653537     
   1086.00000000000        7.17411895974244     
   1087.00000000000        7.17738427104148     
   1088.00000000000        7.18064766670433     
   1089.00000000000        7.18390887924443     
   1090.00000000000        7.18716835177085     
   1091.00000000000        7.19042588704601     
   1092.00000000000        7.19368146885860     
   1093.00000000000        7.19693514854443     
   1094.00000000000        7.20018682343188     
   1095.00000000000        7.20343666644158     
   1096.00000000000        7.20668458570944     
   1097.00000000000        7.20993057583170     
   1098.00000000000        7.21317469624981     
   1099.00000000000        7.21641680646578     
   1100.00000000000        7.21965703346818     
   1101.00000000000        7.22289543129471     
   1102.00000000000        7.22613194320578     
   1103.00000000000        7.22936645842413     
   1104.00000000000        7.23259907691950     
   1105.00000000000        7.23582995540118     
   1106.00000000000        7.23905871560533     
   1107.00000000000        7.24228567635434     
   1108.00000000000        7.24551078361051     
   1109.00000000000        7.24873401035501     
   1110.00000000000        7.25195527012751     
   1111.00000000000        7.25517464668644     
   1112.00000000000        7.25839221298269     
   1113.00000000000        7.26160790957480     
   1114.00000000000        7.26482163919491     
   1115.00000000000        7.26803347209204     
   1116.00000000000        7.27124359199433     
   1117.00000000000        7.27445168818505     
   1118.00000000000        7.27765793088294     
   1119.00000000000        7.28086236331814     
   1120.00000000000        7.28406481527193     
   1121.00000000000        7.28726549478943     
   1122.00000000000        7.29046431000654     
   1123.00000000000        7.29366121499125     
   1124.00000000000        7.29685622865673     
   1125.00000000000        7.30004947258780     
   1126.00000000000        7.30324066849035     
   1127.00000000000        7.30643018382067     
   1128.00000000000        7.30961781593742     
   1129.00000000000        7.31280352161045     
   1130.00000000000        7.31598744944342     
   1131.00000000000        7.31916944272701     
   1132.00000000000        7.32234957441211     
   1133.00000000000        7.32552786881568     
   1134.00000000000        7.32870436646599     
   1135.00000000000        7.33187897549896     
   1136.00000000000        7.33505168240518     
   1137.00000000000        7.33822262498075     
   1138.00000000000        7.34139159788245     
   1139.00000000000        7.34455888210627     
   1140.00000000000        7.34772419395433     
   1141.00000000000        7.35088765771333     
   1142.00000000000        7.35404936254545     
   1143.00000000000        7.35720918146211     
   1144.00000000000        7.36036714958783     
   1145.00000000000        7.36352316154910     
   1146.00000000000        7.36667747132306     
   1147.00000000000        7.36982988437404     
   1148.00000000000        7.37298050607552     
   1149.00000000000        7.37612930400490     
   1150.00000000000        7.37927615657737     
   1151.00000000000        7.38242111242684     
   1152.00000000000        7.38556443093425     
   1153.00000000000        7.38870578517156     
   1154.00000000000        7.39184534535748     
   1155.00000000000        7.39498293046577     
   1156.00000000000        7.39811882419429     
   1157.00000000000        7.40125284011302     
   1158.00000000000        7.40438508629733     
   1159.00000000000        7.40751527904934     
   1160.00000000000        7.41064387228568     
   1161.00000000000        7.41377053367452     
   1162.00000000000        7.41689527132152     
   1163.00000000000        7.42001832839631     
   1164.00000000000        7.42313940769156     
   1165.00000000000        7.42625876588632     
   1166.00000000000        7.42937613279214     
   1167.00000000000        7.43249185154834     
   1168.00000000000        7.43560559792879     
   1169.00000000000        7.43871758268048     
   1170.00000000000        7.44182755182625     
   1171.00000000000        7.44493597009027     
   1172.00000000000        7.44804235923895     
   1173.00000000000        7.45114686517406     
   1174.00000000000        7.45424973376710     
   1175.00000000000        7.45735064349381     
   1176.00000000000        7.46044971323710     
   1177.00000000000        7.46354687274798     
   1178.00000000000        7.46664233007156     
   1179.00000000000        7.46973586635519     
   1180.00000000000        7.47282754644410     
   1181.00000000000        7.47591748111556     
   1182.00000000000        7.47900552176591     
   1183.00000000000        7.48209167109704     
   1184.00000000000        7.48517601016548     
   1185.00000000000        7.48825856869198     
   1186.00000000000        7.49133915214083     
   1187.00000000000        7.49441804961369     
   1188.00000000000        7.49749497741268     
   1189.00000000000        7.50057009224710     
   1190.00000000000        7.50364338601129     
   1191.00000000000        7.50671491544485     
   1192.00000000000        7.50978440765741     
   1193.00000000000        7.51285213013556     
   1194.00000000000        7.51591808558118     
   1195.00000000000        7.51898219023585     
   1196.00000000000        7.52204433332230     
   1197.00000000000        7.52510464453098     
   1198.00000000000        7.52816318330337     
   1199.00000000000        7.53121986317916     
   1200.00000000000        7.53427460310180     
   1201.00000000000        7.53732759490510     
   1202.00000000000        7.54037869268730     
   1203.00000000000        7.54342792076535     
   1204.00000000000        7.54647523861099     
   1205.00000000000        7.54952080563541     
   1206.00000000000        7.55256451646511     
   1207.00000000000        7.55560627923601     
   1208.00000000000        7.55864625606119     
   1209.00000000000        7.56168432805773     
   1210.00000000000        7.56472057358027     
   1211.00000000000        7.56775484672706     
   1212.00000000000        7.57078750684874     
   1213.00000000000        7.57381803248158     
   1214.00000000000        7.57684688564786     
   1215.00000000000        7.57987376373649     
   1216.00000000000        7.58289885047563     
   1217.00000000000        7.58592197564655     
   1218.00000000000        7.58894322841144     
   1219.00000000000        7.59196276007585     
   1220.00000000000        7.59498035719087     
   1221.00000000000        7.59799598463203     
   1222.00000000000        7.60100983693500     
   1223.00000000000        7.60402171956409     
   1224.00000000000        7.60703179193050     
   1225.00000000000        7.61004006754366     
   1226.00000000000        7.61304631404147     
   1227.00000000000        7.61605075297849     
   1228.00000000000        7.61905331410571     
   1229.00000000000        7.62205403254764     
   1230.00000000000        7.62505274889307     
   1231.00000000000        7.62804971171540     
   1232.00000000000        7.63104467244124     
   1233.00000000000        7.63403780669308     
   1234.00000000000        7.63702903071252     
   1235.00000000000        7.64001850391073     
   1236.00000000000        7.64300585342765     
   1237.00000000000        7.64599144401769     
   1238.00000000000        7.64897505412631     
   1239.00000000000        7.65195688909676     
   1240.00000000000        7.65493679492160     
   1241.00000000000        7.65791479321591     
   1242.00000000000        7.66089087857592     
   1243.00000000000        7.66386506991483     
   1244.00000000000        7.66683725645536     
   1245.00000000000        7.66980775972179     
   1246.00000000000        7.67277615551823     
   1247.00000000000        7.67574277617648     
   1248.00000000000        7.67870740554579     
   1249.00000000000        7.68167017872037     
   1250.00000000000        7.68463107678704     
   1251.00000000000        7.68758989980634     
   1252.00000000000        7.69054705035906     
   1253.00000000000        7.69350203400034     
   1254.00000000000        7.69645530194490     
   1255.00000000000        7.69940651375527     
   1256.00000000000        7.70235592881239     
   1257.00000000000        7.70530336068620     
   1258.00000000000        7.70824887962572     
   1259.00000000000        7.71119245050645     
   1260.00000000000        7.71413414357737     
   1261.00000000000        7.71707396964603     
   1262.00000000000        7.72001171526356     
   1263.00000000000        7.72294754254301     
   1264.00000000000        7.72588152173340     
   1265.00000000000        7.72881362311399     
   1266.00000000000        7.73174365755286     
   1267.00000000000        7.73467191685354     
   1268.00000000000        7.73759804436728     
   1269.00000000000        7.74052235621456     
   1270.00000000000        7.74344475242567     
   1271.00000000000        7.74636517085724     
   1272.00000000000        7.74928361961494     
   1273.00000000000        7.75220018515907     
   1274.00000000000        7.75511472158787     
   1275.00000000000        7.75802739101441     
   1276.00000000000        7.76093809346895     
   1277.00000000000        7.76384693162313     
   1278.00000000000        7.76675359205831     
   1279.00000000000        7.76965860164200     
   1280.00000000000        7.77256142269917     
   1281.00000000000        7.77546237945596     
   1282.00000000000        7.77836143678788     
   1283.00000000000        7.78125842987996     
   1284.00000000000        7.78415355326789     
   1285.00000000000        7.78704662862730     
   1286.00000000000        7.78993786400330     
   1287.00000000000        7.79282706486019     
   1288.00000000000        7.79571429063944     
   1289.00000000000        7.79859960618627     
   1290.00000000000        7.80148297637619     
   1291.00000000000        7.80436430394135     
   1292.00000000000        7.80724372397599     
   1293.00000000000        7.81012111219340     
   1294.00000000000        7.81299658747652     
   1295.00000000000        7.81587013631591     
   1296.00000000000        7.81874159659851     
   1297.00000000000        7.82161118717697     
   1298.00000000000        7.82447873513066     
   1299.00000000000        7.82734443769718     
   1300.00000000000        7.83020797065036     
   1301.00000000000        7.83306972846535     
   1302.00000000000        7.83592934908963     
   1303.00000000000        7.83878711622107     
   1304.00000000000        7.84164278398817     
   1305.00000000000        7.84449653611910     
   1306.00000000000        7.84734832668180     
   1307.00000000000        7.85019808272540     
   1308.00000000000        7.85304600418935     
   1309.00000000000        7.85589173172300     
   1310.00000000000        7.85873561386948     
   1311.00000000000        7.86157755336092     
   1312.00000000000        7.86441728811454     
   1313.00000000000        7.86725520990358     
   1314.00000000000        7.87009115121121     
   1315.00000000000        7.87292503638466     
   1316.00000000000        7.87575692756727     
   1317.00000000000        7.87858695444951     
   1318.00000000000        7.88141492249568     
   1319.00000000000        7.88424085602275     
   1320.00000000000        7.88706477124202     
   1321.00000000000        7.88988678163265     
   1322.00000000000        7.89270680343621     
   1323.00000000000        7.89552474478863     
   1324.00000000000        7.89834082184067     
   1325.00000000000        7.90115476170199     
   1326.00000000000        7.90396688319498     
   1327.00000000000        7.90677684858405     
   1328.00000000000        7.90958482268418     
   1329.00000000000        7.91239087574435     
   1330.00000000000        7.91519495102499     
   1331.00000000000        7.91799702150726     
   1332.00000000000        7.92079707638362     
   1333.00000000000        7.92359511295218     
   1334.00000000000        7.92639114472236     
   1335.00000000000        7.92918524734694     
   1336.00000000000        7.93197731815430     
   1337.00000000000        7.93476736525010     
   1338.00000000000        7.93755551292102     
   1339.00000000000        7.94034151799745     
   1340.00000000000        7.94312560743770     
   1341.00000000000        7.94590768937769     
   1342.00000000000        7.94868783406642     
   1343.00000000000        7.95146584967008     
   1344.00000000000        7.95424202529033     
   1345.00000000000        7.95701614207452     
   1346.00000000000        7.95978826216598     
   1347.00000000000        7.96255828829688     
   1348.00000000000        7.96532643661798     
   1349.00000000000        7.96809253691055     
   1350.00000000000        7.97085674588391     
   1351.00000000000        7.97361885279104     
   1352.00000000000        7.97637895489980     
   1353.00000000000        7.97913713326672     
   1354.00000000000        7.98189327171077     
   1355.00000000000        7.98464752964313     
   1356.00000000000        7.98739950448301     
   1357.00000000000        7.99014979334690     
   1358.00000000000        7.99289797203891     
