  0.000000000000000E+000   104.883263142037     
   1.00000000000000        104.883263142037     
   2.00000000000000        104.883263142037     
   3.00000000000000        104.883208023928     
   4.00000000000000        104.883207670304     
   5.00000000000000        104.883263673385     
   6.00000000000000        104.883152536114     
   7.00000000000000        104.883146575771     
   8.00000000000000        104.883300141455     
   9.00000000000000        104.883099922124     
   10.0000000000000        104.882952310126     
   11.0000000000000        104.882705799614     
   12.0000000000000        104.881950882229     
   13.0000000000000        104.880295913407     
   14.0000000000000        104.876260366402     
   15.0000000000000        104.867484332714     
   16.0000000000000        104.849388146882     
   17.0000000000000        104.881443490523     
   18.0000000000000        104.868744491075     
   19.0000000000000        104.879925876561     
   20.0000000000000        104.843746870578     
   21.0000000000000        104.877316856222     
   22.0000000000000        104.876074409820     
   23.0000000000000        104.874779404851     
   24.0000000000000        104.872397595064     
   25.0000000000000        104.869850392045     
   26.0000000000000        104.867862073475     
   27.0000000000000        104.864565671708     
   28.0000000000000        104.861277093252     
   29.0000000000000        104.856732498035     
   30.0000000000000        104.853024266932     
   31.0000000000000        104.848832131523     
   32.0000000000000        104.843992196625     
   33.0000000000000        104.838448692481     
   34.0000000000000        104.833576022225     
   35.0000000000000        104.827460099101     
   36.0000000000000        104.820420871748     
   37.0000000000000        104.813233694288     
   38.0000000000000        104.806062677904     
   39.0000000000000        104.798417345815     
   40.0000000000000        104.790345625601     
   41.0000000000000        104.781192850187     
   42.0000000000000        104.771073593068     
   43.0000000000000        104.762071584868     
   44.0000000000000        104.751443961478     
   45.0000000000000        104.740340520859     
   46.0000000000000        104.729038284799     
   47.0000000000000        104.717921013865     
   48.0000000000000        104.704851897214     
   49.0000000000000        104.692516147939     
   50.0000000000000        104.679328606584     
   51.0000000000000        104.665448427134     
   52.0000000000000        104.650986909520     
   53.0000000000000        104.636663176130     
   54.0000000000000        104.620331039676     
   55.0000000000000        104.605284354853     
   56.0000000000000        104.588782069571     
   57.0000000000000        104.571918340319     
   58.0000000000000        104.554754264001     
   59.0000000000000        104.538162400518     
   60.0000000000000        104.519129790078     
   61.0000000000000        104.500834211953     
   62.0000000000000        104.481905082915     
   63.0000000000000        104.461740922753     
   64.0000000000000        104.441935423473     
   65.0000000000000        104.421769365134     
   66.0000000000000        104.400419641982     
   67.0000000000000        104.379592538953     
   68.0000000000000        104.357860939000     
   69.0000000000000        104.334837453046     
   70.0000000000000        104.312226351494     
   71.0000000000000        104.289804956956     
   72.0000000000000        104.265265518752     
   73.0000000000000        104.242020708492     
   74.0000000000000        104.217647689719     
   75.0000000000000        104.193191030939     
   76.0000000000000        104.255515960569     
   77.0000000000000        104.233238337163     
   78.0000000000000        104.212102354355     
   79.0000000000000        104.188853104568     
   80.0000000000000        104.167073910056     
   81.0000000000000        104.144275210995     
   82.0000000000000        104.120856913477     
   83.0000000000000        104.097136690325     
   84.0000000000000        104.073000201997     
   85.0000000000000        104.049773554140     
   86.0000000000000        104.025085844756     
   87.0000000000000        104.000811001914     
   88.0000000000000        103.975947304083     
   89.0000000000000        103.950280976293     
   90.0000000000000        103.925788916671     
   91.0000000000000        103.900046471465     
   92.0000000000000        103.874540510152     
   93.0000000000000        103.847724883256     
   94.0000000000000        103.821866179887     
   95.0000000000000        103.795125232992     
   96.0000000000000        103.768892612463     
   97.0000000000000        103.741573677056     
   98.0000000000000        103.714480689704     
   99.0000000000000        103.686556480543     
   100.000000000000        103.659084878967     
   101.000000000000        103.632110158292     
   102.000000000000        103.604028484768     
   103.000000000000        103.575627280713     
   104.000000000000        103.546945921942     
   105.000000000000        103.518639604586     
   106.000000000000        103.489345116291     
   107.000000000000        103.461031794766     
   108.000000000000        103.431392916721     
   109.000000000000        103.403019522393     
   110.000000000000        103.372809595121     
   111.000000000000        103.343203087721     
   112.000000000000        103.312918047845     
   113.000000000000        103.283342968254     
   114.000000000000        103.253426443548     
   115.000000000000        103.222875576911     
   116.000000000000        103.192494435867     
   117.000000000000        103.161367284587     
   118.000000000000        103.130623896396     
   119.000000000000        103.099791063383     
   120.000000000000        103.069336207514     
   121.000000000000        103.037917655864     
   122.000000000000        103.005557927072     
   123.000000000000        102.975369878351     
   124.000000000000        102.942785502914     
   125.000000000000        102.910853399791     
   126.000000000000        102.879334128985     
   127.000000000000        102.847563402119     
   128.000000000000        102.815169141987     
   129.000000000000        102.782752553656     
   130.000000000000        102.750802910811     
   131.000000000000        102.717838185627     
   132.000000000000        102.685553055355     
   133.000000000000        102.652365055027     
   134.000000000000        102.619483531631     
   135.000000000000        102.586289692347     
   136.000000000000        102.553354944506     
   137.000000000000        102.520210956415     
   138.000000000000        102.486887380940     
   139.000000000000        102.453843479685     
   140.000000000000        102.419845482456     
   141.000000000000        102.386148727583     
   142.000000000000        102.352690457135     
   143.000000000000        102.318364135771     
   144.000000000000        102.285627387405     
   145.000000000000        102.250622310562     
   146.000000000000        102.217439477475     
   147.000000000000        102.182573463962     
   148.000000000000        102.148333298725     
   149.000000000000        102.114066875300     
   150.000000000000        102.079636967648     
   151.000000000000        102.044430759480     
   152.000000000000        102.010581926138     
   153.000000000000        101.976297241685     
   154.000000000000        101.940606393194     
   155.000000000000        101.905875102947     
   156.000000000000        101.871208516894     
   157.000000000000        101.836280293768     
   158.000000000000        101.801948319662     
   159.000000000000        101.765483123507     
   160.000000000000        101.730698421288     
   161.000000000000        101.695053766956     
   162.000000000000        101.659625477452     
   163.000000000000        101.624682659033     
   164.000000000000        101.588831469572     
   165.000000000000        101.553888900361     
   166.000000000000        101.516995302023     
   167.000000000000        101.481927156517     
   168.000000000000        101.446509365214     
   169.000000000000        101.410075626848     
   170.000000000000        101.374600361868     
   171.000000000000        101.338564833483     
   172.000000000000        101.302725094126     
   173.000000000000        101.267293380215     
   174.000000000000        101.230853897180     
   175.000000000000        101.194573084496     
   176.000000000000        101.158556426197     
   177.000000000000        101.122637489972     
   178.000000000000        101.085192073202     
   179.000000000000        101.050132313485     
   180.000000000000        101.012882133231     
   181.000000000000        100.976680739200     
   182.000000000000        100.940382005082     
   183.000000000000        100.903397060814     
   184.000000000000        100.866943330636     
   185.000000000000        100.830846085045     
   186.000000000000        100.793960328026     
   187.000000000000        100.756879169567     
   188.000000000000        100.720269652288     
   189.000000000000        100.683859543605     
   190.000000000000        100.646360849759     
   191.000000000000        100.609243897342     
   192.000000000000        100.573217896028     
   193.000000000000        100.535859628545     
   194.000000000000        100.499306550822     
   195.000000000000        100.461889303499     
   196.000000000000        100.424686129558     
   197.000000000000        100.388170993738     
   198.000000000000        100.350990129627     
   199.000000000000        100.313614372513     
   200.000000000000        100.276127804495     
   201.000000000000        100.238333936540     
   202.000000000000        100.201534493199     
   203.000000000000        100.164386543596     
   204.000000000000        100.126869435006     
   205.000000000000        100.090100155510     
   206.000000000000        100.051765577742     
   207.000000000000        100.014841387520     
   208.000000000000        99.9774304662576     
   209.000000000000        99.9398289615670     
   210.000000000000        99.9021142904948     
   211.000000000000        99.8645310872751     
   212.000000000000        99.8267379126056     
   213.000000000000        99.7893743071044     
   214.000000000000        99.7512714366917     
   215.000000000000        99.7144027427712     
   216.000000000000        99.6766439250392     
   217.000000000000        99.6390154635250     
   218.000000000000        99.6013738377534     
   219.000000000000        99.5634267417657     
   220.000000000000        99.5258214859164     
   221.000000000000        99.4882408352689     
   222.000000000000        99.4506412202639     
   223.000000000000        99.4122975527627     
   224.000000000000        99.3747538970098     
   225.000000000000        99.3368269730241     
   226.000000000000        99.2980758472551     
   227.000000000000        99.2611120829230     
   228.000000000000        99.2232352549315     
   229.000000000000        99.1849239671745     
   230.000000000000        99.1467747217661     
   231.000000000000        99.1092885998144     
   232.000000000000        99.0710039324904     
   233.000000000000        99.0328738701234     
   234.000000000000        98.9939455022981     
   235.000000000000        98.9567311341496     
   236.000000000000        98.9183825152344     
   237.000000000000        98.8808398166069     
   238.000000000000        98.8425005062755     
   239.000000000000        98.8043388990916     
   240.000000000000        98.7661344295376     
   241.000000000000        98.7281684438861     
   242.000000000000        98.6896687961658     
   243.000000000000        98.6519841930995     
   244.000000000000        98.6138115958945     
   245.000000000000        98.5759024719750     
   246.000000000000        98.5376578814319     
   247.000000000000        98.4987585237364     
   248.000000000000        98.4607671307984     
   249.000000000000        98.4228878643014     
   250.000000000000        98.3843319501054     
   251.000000000000        98.3458068133707     
   252.000000000000        98.3083138000383     
   253.000000000000        98.2700006841286     
   254.000000000000        98.2322973201983     
   255.000000000000        98.1930300096736     
   256.000000000000        98.1545465765297     
   257.000000000000        98.1166422827529     
   258.000000000000        98.0781470388674     
   259.000000000000        98.0401705957096     
   260.000000000000        98.0016088968697     
   261.000000000000        97.9634941192978     
   262.000000000000        97.9248635350561     
   263.000000000000        97.8863387789203     
   264.000000000000        97.8483535640435     
   265.000000000000        97.8094049354613     
   266.000000000000        97.7713840099999     
   267.000000000000        97.7326156263601     
   268.000000000000        97.6945196636805     
   269.000000000000        97.6564795086839     
   270.000000000000        97.6179991256153     
   271.000000000000        97.5796752871344     
   272.000000000000        97.5403379218872     
   273.000000000000        97.5022378895374     
   274.000000000000        97.4642581164943     
   275.000000000000        97.4259434725808     
   276.000000000000        97.3875472950489     
   277.000000000000        97.3491716620232     
   278.000000000000        97.3106572087966     
   279.000000000000        97.2717200566894     
   280.000000000000        97.2334331690685     
   281.000000000000        97.1952394376117     
   282.000000000000        97.1564929722299     
   283.000000000000        97.1182291073053     
   284.000000000000        97.0802955187567     
   285.000000000000        97.0410782593053     
   286.000000000000        97.0026529574461     
   287.000000000000        96.9642412786319     
   288.000000000000        96.9258376979464     
   289.000000000000        96.8879088172736     
   290.000000000000        96.8493665988115     
   291.000000000000        96.8103600284565     
   292.000000000000        96.7724422127995     
   293.000000000000        96.7338351763377     
   294.000000000000        96.6954874569398     
   295.000000000000        96.6576081532659     
   296.000000000000        96.6191472334418     
   297.000000000000        96.5808704206558     
   298.000000000000        96.5419778921088     
   299.000000000000        96.5036799025106     
   300.000000000000        96.4644520905036     
   301.000000000000        96.4258697545783     
   302.000000000000        96.3887201971865     
   303.000000000000        96.3490790818946     
   304.000000000000        96.3116443215499     
   305.000000000000        96.2724583968988     
   306.000000000000        96.2345104305052     
   307.000000000000        96.1960089009827     
   308.000000000000        96.1573740574815     
   309.000000000000        96.1190446283635     
   310.000000000000        96.0807261255100     
   311.000000000000        96.0424311417171     
   312.000000000000        96.0039297054069     
   313.000000000000        95.9659995794962     
   314.000000000000        95.9277070358819     
   315.000000000000        95.8887452902655     
   316.000000000000        95.8510902100134     
   317.000000000000        95.8120512943800     
   318.000000000000        95.7741660552367     
   319.000000000000        95.7351528670444     
   320.000000000000        95.6973756235092     
   321.000000000000        95.6580450184199     
   322.000000000000        95.6201423981514     
   323.000000000000        95.5819835741688     
   324.000000000000        95.5432963869334     
   325.000000000000        95.5047633011654     
   326.000000000000        95.4668558592951     
   327.000000000000        95.4282346780083     
   328.000000000000        95.3909330172802     
   329.000000000000        95.3521785053841     
   330.000000000000        95.3139892623295     
   331.000000000000        95.2754645490169     
   332.000000000000        95.2373187505487     
   333.000000000000        95.1990123845784     
   334.000000000000        95.1611186437806     
   335.000000000000        95.1227310781893     
   336.000000000000        95.0841419729279     
   337.000000000000        95.0460216176601     
   338.000000000000        95.0078227983151     
   339.000000000000        94.9692691155864     
   340.000000000000        94.9313348805220     
   341.000000000000        94.8936660129648     
   342.000000000000        94.8545550119157     
   343.000000000000        94.8168573658403     
   344.000000000000        94.7785037945727     
   345.000000000000        94.7400808347481     
   346.000000000000        94.7014820891734     
   347.000000000000        94.6641496549979     
   348.000000000000        94.6252696914614     
   349.000000000000        94.5877394264348     
   350.000000000000        94.5494866322460     
   351.000000000000        94.5117325842456     
   352.000000000000        94.4734047512550     
   353.000000000000        94.4356966920488     
   354.000000000000        94.3970796962549     
   355.000000000000        94.3588767200746     
   356.000000000000        94.3212524281129     
   357.000000000000        94.2827231641650     
   358.000000000000        94.2456208472542     
   359.000000000000        94.2066779128431     
   360.000000000000        94.1682185653682     
   361.000000000000        94.1303277503280     
   362.000000000000        94.0927689693522     
   363.000000000000        94.0551196102224     
   364.000000000000        94.0174694281785     
   365.000000000000        93.9787232971996     
   366.000000000000        93.9400379766913     
   367.000000000000        93.9022277806330     
   368.000000000000        93.8655227751305     
   369.000000000000        93.8271639386362     
   370.000000000000        93.7886139076455     
   371.000000000000        93.7514641607278     
   372.000000000000        93.7131277047688     
   373.000000000000        93.6759826795430     
   374.000000000000        93.6379310989820     
   375.000000000000        93.5996119396754     
   376.000000000000        93.5615936608696     
   377.000000000000        93.5237390872538     
   378.000000000000        93.4862114045546     
   379.000000000000        93.4477790342437     
   380.000000000000        93.4104693775501     
   381.000000000000        93.3728940093309     
   382.000000000000        93.3349261812531     
   383.000000000000        93.2976955324408     
   384.000000000000        93.2595286175503     
   385.000000000000        93.2216537000098     
   386.000000000000        93.1834222536696     
   387.000000000000        93.1461309062417     
   388.000000000000        93.1083008097559     
   389.000000000000        93.0709086552810     
   390.000000000000        93.0325694589383     
   391.000000000000        92.9953841693594     
   392.000000000000        92.9580402677594     
   393.000000000000        92.9202554858876     
   394.000000000000        92.8825875039115     
   395.000000000000        92.8441902329055     
   396.000000000000        92.8071469277784     
   397.000000000000        92.7701630088849     
   398.000000000000        92.7326639674242     
   399.000000000000        92.6945996918009     
   400.000000000000        92.6577600668567     
   401.000000000000        92.6194270357043     
   402.000000000000        92.5827221588141     
   403.000000000000        92.5448440596851     
   404.000000000000        92.5079551485415     
   405.000000000000        92.4699654180563     
   406.000000000000        92.4318897527782     
   407.000000000000        92.3947723607974     
   408.000000000000        92.3575265711142     
   409.000000000000        92.3203246919791     
   410.000000000000        92.2831493825189     
   411.000000000000        92.2449186908757     
   412.000000000000        92.2079834576650     
   413.000000000000        92.1711482754863     
   414.000000000000        92.1336077231348     
   415.000000000000        92.0961635941758     
   416.000000000000        92.0585317322149     
   417.000000000000        92.0216384411683     
   418.000000000000        91.9843826638741     
   419.000000000000        91.9461600027401     
   420.000000000000        91.9103981362272     
   421.000000000000        91.8726202966585     
   422.000000000000        91.8351328703232     
   423.000000000000        91.7986004779367     
   424.000000000000        91.7611770063090     
   425.000000000000        91.7242924529319     
   426.000000000000        91.6869281165811     
   427.000000000000        91.6498023440036     
   428.000000000000        91.6125119893565     
   429.000000000000        91.5754191975851     
   430.000000000000        91.5383657946184     
   431.000000000000        91.5015181560131     
   432.000000000000        91.4647197262356     
   433.000000000000        91.4274072116667     
   434.000000000000        91.3908960411508     
   435.000000000000        91.3538413505856     
   436.000000000000        91.3171045272974     
   437.000000000000        91.2807336091690     
   438.000000000000        91.2428856590786     
   439.000000000000        91.2056919463218     
   440.000000000000        91.1694374497272     
   441.000000000000        91.1331034608159     
   442.000000000000        91.0952533315795     
   443.000000000000        91.0590704878433     
   444.000000000000        91.0214641021792     
   445.000000000000        90.9852705143273     
   446.000000000000        90.9487836999779     
   447.000000000000        90.9121571280388     
   448.000000000000        90.8746469009118     
   449.000000000000        90.8381949954921     
   450.000000000000        90.8012835178453     
   451.000000000000        90.7650386927562     
   452.000000000000        90.7288679753237     
   453.000000000000        90.6906058706253     
   454.000000000000        90.6548272427426     
   455.000000000000        90.6180051622478     
   456.000000000000        90.5820711183426     
   457.000000000000        90.5446802977380     
   458.000000000000        90.5088738916514     
   459.000000000000        90.4718702672941     
   460.000000000000        90.4358458732395     
   461.000000000000        90.3988658311439     
   462.000000000000        90.3631852136060     
   463.000000000000        90.3263505609079     
   464.000000000000        90.2902527914981     
   465.000000000000        90.2534775060914     
   466.000000000000        90.2175925763701     
   467.000000000000        90.1801858110569     
   468.000000000000        90.1446945158491     
   469.000000000000        90.1083993750446     
   470.000000000000        90.0724500624212     
   471.000000000000        90.0360570600622     
   472.000000000000        89.9985155674967     
   473.000000000000        89.9631064356909     
   474.000000000000        89.9270058226485     
   475.000000000000        89.8907121951127     
   476.000000000000        89.8543211638604     
   477.000000000000        89.8183571951112     
   478.000000000000        89.7829920394552     
   479.000000000000        89.7468595661091     
   480.000000000000        89.7099959917854     
   481.000000000000        89.6738865281995     
   482.000000000000        89.6371990926787     
   483.000000000000        89.6019300444084     
   484.000000000000        89.5656923000736     
   485.000000000000        89.5305203584140     
   486.000000000000        89.4941522992549     
   487.000000000000        89.4583390896027     
   488.000000000000        89.4226154308067     
   489.000000000000        89.3859162183379     
   490.000000000000        89.3505592088001     
   491.000000000000        89.3143854942856     
   492.000000000000        89.2787817443607     
   493.000000000000        89.2430165898106     
   494.000000000000        89.2078019825056     
   495.000000000000        89.1717638322673     
   496.000000000000        89.1362869629578     
   497.000000000000        89.0997493083188     
   498.000000000000        89.0650605585873     
   499.000000000000        89.0281083216140     
   500.000000000000        88.9932318107650     
   501.000000000000        88.9569989316665     
   502.000000000000        88.9227121598454     
   503.000000000000        88.8865546798059     
   504.000000000000        88.8508130080055     
   505.000000000000        88.8154392022644     
   506.000000000000        88.7794018233098     
   507.000000000000        88.7440087390580     
   508.000000000000        88.7091177453941     
   509.000000000000        88.6733264279870     
   510.000000000000        88.6383856984193     
   511.000000000000        88.6024655906812     
   512.000000000000        88.5671593658544     
   513.000000000000        88.5316474256970     
   514.000000000000        88.4963522151030     
   515.000000000000        88.4614220263049     
   516.000000000000        88.4262734058398     
   517.000000000000        88.3898359624241     
   518.000000000000        88.3552905228455     
   519.000000000000        88.3204408485812     
   520.000000000000        88.2846069539714     
   521.000000000000        88.2497256198623     
   522.000000000000        88.2148627009478     
   523.000000000000        88.1790985081796     
   524.000000000000        88.1449132850800     
   525.000000000000        88.1095494152985     
   526.000000000000        88.0745924558041     
   527.000000000000        88.0394257417767     
   528.000000000000        88.0041212971586     
   529.000000000000        87.9694022962734     
   530.000000000000        87.9340317194319     
   531.000000000000        87.8990824332902     
   532.000000000000        87.8646250746917     
   533.000000000000        87.8297292993552     
   534.000000000000        87.7950276719919     
   535.000000000000        87.7597864979196     
   536.000000000000        87.7252796914894     
   537.000000000000        87.6905767049780     
   538.000000000000        87.6558039408117     
   539.000000000000        87.6218130963854     
   540.000000000000        87.5863539021894     
   541.000000000000        87.5526116538593     
   542.000000000000        87.5169161364546     
   543.000000000000        87.4823218593378     
   544.000000000000        87.4479693124220     
   545.000000000000        87.4136042916200     
   546.000000000000        87.3785237046629     
   547.000000000000        87.3450136134990     
   548.000000000000        87.3093120013652     
   549.000000000000        87.2756642710716     
   550.000000000000        87.2406665636049     
   551.000000000000        87.2068318458416     
   552.000000000000        87.1723367419521     
   553.000000000000        87.1386856657903     
   554.000000000000        87.1039527692417     
   555.000000000000        87.0693239379905     
   556.000000000000        87.0355233136753     
   557.000000000000        87.0012286605494     
   558.000000000000        86.9665199562113     
   559.000000000000        86.9323992791222     
   560.000000000000        86.8975698251580     
   561.000000000000        86.8637110519422     
   562.000000000000        86.8303214721679     
   563.000000000000        86.7957328358163     
   564.000000000000        86.7613431203428     
   565.000000000000        86.7273896244059     
   566.000000000000        86.6946604005040     
   567.000000000000        86.6594162294589     
   568.000000000000        86.6261875018803     
   569.000000000000        86.5921569111676     
   570.000000000000        86.5595247537351     
   571.000000000000        86.5247455581340     
   572.000000000000        86.4906785488155     
   573.000000000000        86.4570018979891     
   574.000000000000        86.4233116444040     
   575.000000000000        86.3894985756045     
   576.000000000000        86.3548206719473     
   577.000000000000        86.3211618000928     
   578.000000000000        86.2882358242525     
   579.000000000000        86.2545157951191     
   580.000000000000        86.2211679864779     
   581.000000000000        86.1876375484355     
   582.000000000000        86.1537609254556     
   583.000000000000        86.1200302605167     
   584.000000000000        86.0861021944436     
   585.000000000000        86.0531299100506     
   586.000000000000        86.0192160624854     
   587.000000000000        85.9873646807761     
   588.000000000000        85.9526175857395     
   589.000000000000        85.9189873697525     
   590.000000000000        85.8864900390467     
   591.000000000000        85.8527923413842     
   592.000000000000        85.8199746763824     
   593.000000000000        85.7854672496599     
   594.000000000000        85.7531089634153     
   595.000000000000        85.7199500465686     
   596.000000000000        85.6866293767481     
   597.000000000000        85.6528967578903     
   598.000000000000        85.6204951611034     
   599.000000000000        85.5877408133793     
   600.000000000000        85.5542158023612     
   601.000000000000        85.5219578300856     
   602.000000000000        85.4890124251418     
   603.000000000000        85.4552618673637     
   604.000000000000        85.4223879775085     
   605.000000000000        85.3904491916852     
   606.000000000000        85.3575257289648     
   607.000000000000        85.3237677574278     
   608.000000000000        85.2916817274589     
   609.000000000000        85.2588144804331     
   610.000000000000        85.2254654036927     
   611.000000000000        85.1928686476075     
   612.000000000000        85.1607400087790     
   613.000000000000        85.1267574906340     
   614.000000000000        85.0949080162762     
   615.000000000000        85.0629169217000     
   616.000000000000        85.0306743571394     
   617.000000000000        84.9978725305892     
   618.000000000000        84.9643912202717     
   619.000000000000        84.9327352378796     
   620.000000000000        84.9001256119866     
   621.000000000000        84.8677599739473     
   622.000000000000        84.8344160251260     
   623.000000000000        84.8027546764513     
   624.000000000000        84.7720106227815     
   625.000000000000        84.7383913406443     
   626.000000000000        84.7071740750842     
   627.000000000000        84.6732039448831     
   628.000000000000        84.6422126300986     
   629.000000000000        84.6099997530255     
   630.000000000000        84.5786464668561     
   631.000000000000        84.5459997790791     
   632.000000000000        84.5138579594189     
   633.000000000000        84.4818832641623     
   634.000000000000        84.4488318521148     
   635.000000000000        84.4175787742111     
   636.000000000000        84.3856647645815     
   637.000000000000        84.3531003503040     
   638.000000000000        84.3217985912255     
   639.000000000000        84.2894854598487     
   640.000000000000        84.2578189791639     
   641.000000000000        84.2261566205545     
   642.000000000000        84.1952329752248     
   643.000000000000        84.1631997762773     
   644.000000000000        84.1309614904739     
   645.000000000000        84.1003766992340     
   646.000000000000        84.0686275318239     
   647.000000000000        84.0364215725210     
   648.000000000000        84.0054455969941     
   649.000000000000        83.9733049374880     
   650.000000000000        83.9424938919634     
   651.000000000000        83.9117462350766     
   652.000000000000        83.8794149071445     
   653.000000000000        83.8480055806414     
   654.000000000000        83.8171147847223     
   655.000000000000        83.7857948597009     
   656.000000000000        83.7549821587160     
   657.000000000000        83.7228470921572     
   658.000000000000        83.6911576993893     
   659.000000000000        83.6614227573484     
   660.000000000000        83.6295785965204     
   661.000000000000        83.5984141955222     
   662.000000000000        83.5666888341145     
   663.000000000000        83.5360767138172     
   664.000000000000        83.5040242314112     
   665.000000000000        83.4737949305871     
   666.000000000000        83.4432807900186     
   667.000000000000        83.4123184928003     
   668.000000000000        83.3808009941003     
   669.000000000000        83.3507611622216     
   670.000000000000        83.3193894404629     
   671.000000000000        83.2897000767462     
   672.000000000000        83.2587015930154     
   673.000000000000        83.2276085373473     
   674.000000000000        83.1974975004736     
   675.000000000000        83.1660899151390     
   676.000000000000        83.1359760258691     
   677.000000000000        83.1057235717350     
   678.000000000000        83.0745671706807     
   679.000000000000        83.0436695180517     
   680.000000000000        83.0137404849635     
   681.000000000000        82.9834469085348     
   682.000000000000        82.9528812691133     
   683.000000000000        82.9229915048927     
   684.000000000000        82.8923451866755     
   685.000000000000        82.8621759223068     
   686.000000000000        82.8320697185138     
   687.000000000000        82.8021192806910     
   688.000000000000        82.7717256469403     
   689.000000000000        82.7404757697194     
   690.000000000000        82.7118884290637     
   691.000000000000        82.6821346493899     
   692.000000000000        82.6521041197449     
   693.000000000000        82.6211383407768     
   694.000000000000        82.5920929148723     
   695.000000000000        82.5616894371038     
   696.000000000000        82.5324802909132     
   697.000000000000        82.5024934149216     
   698.000000000000        82.4722861804531     
   699.000000000000        82.4428461233762     
   700.000000000000        82.4124463273580     
   701.000000000000        82.3829420028168     
   702.000000000000        82.3534050095737     
   703.000000000000        82.3246579188264     
   704.000000000000        82.2944073871821     
   705.000000000000        82.2647650403948     
   706.000000000000        82.2347989845396     
   707.000000000000        82.2051296001906     
   708.000000000000        82.1772011598615     
   709.000000000000        82.1464910317532     
   710.000000000000        82.1178535421312     
   711.000000000000        82.0884863502309     
   712.000000000000        82.0587145089133     
   713.000000000000        82.0301927373514     
   714.000000000000        82.0007004614178     
   715.000000000000        81.9719034613050     
   716.000000000000        81.9432830294915     
   717.000000000000        81.9129015124091     
   718.000000000000        81.8843692752279     
   719.000000000000        81.8551114838693     
   720.000000000000        81.8265792024177     
   721.000000000000        81.7965933007913     
   722.000000000000        81.7677720552512     
   723.000000000000        81.7395140333039     
   724.000000000000        81.7115426010931     
   725.000000000000        81.6826530627192     
   726.000000000000        81.6539918632103     
   727.000000000000        81.6241910471887     
   728.000000000000        81.5961156048144     
   729.000000000000        81.5670611662631     
   730.000000000000        81.5390816928369     
   731.000000000000        81.5103988511635     
   732.000000000000        81.4821640869178     
   733.000000000000        81.4524376117472     
   734.000000000000        81.4247698427359     
   735.000000000000        81.3957997946577     
   736.000000000000        81.3679382876140     
   737.000000000000        81.3404013406955     
   738.000000000000        81.3120320409380     
   739.000000000000        81.2837441702011     
   740.000000000000        81.2555671826556     
   741.000000000000        81.2262753743565     
   742.000000000000        81.1992819049281     
   743.000000000000        81.1710117170634     
   744.000000000000        81.1428776848690     
   745.000000000000        81.1155199889437     
   746.000000000000        81.0879234581888     
   747.000000000000        81.0598597588156     
   748.000000000000        81.0313690959248     
   749.000000000000        81.0039704971002     
   750.000000000000        80.9757363195876     
   751.000000000000        80.9481424275341     
   752.000000000000        80.9203256125025     
   753.000000000000        80.8931141980699     
   754.000000000000        80.8650323088724     
   755.000000000000        80.8380050564123     
   756.000000000000        80.8094536194171     
   757.000000000000        80.7833109650626     
   758.000000000000        80.7549372592690     
   759.000000000000        80.7279732381120     
   760.000000000000        80.7020604039602     
   761.000000000000        80.6738867765938     
   762.000000000000        80.6464154983495     
   763.000000000000        80.6189694926309     
   764.000000000000        80.5917498079733     
   765.000000000000        80.5644458899050     
   766.000000000000        80.5373858789868     
   767.000000000000        80.5115488483387     
   768.000000000000        80.4835023181083     
   769.000000000000        80.4571833350860     
   770.000000000000        80.4298270044864     
   771.000000000000        80.4024033132654     
   772.000000000000        80.3755405542444     
   773.000000000000        80.3482634301360     
   774.000000000000        80.3229380370271     
   775.000000000000        80.2957739352725     
   776.000000000000        80.2693381111801     
   777.000000000000        80.2424113432194     
   778.000000000000        80.2166929521493     
   779.000000000000        80.1898953534509     
   780.000000000000        80.1626011456502     
   781.000000000000        80.1360923344170     
   782.000000000000        80.1100862680496     
   783.000000000000        80.0834594230310     
   784.000000000000        80.0572470202613     
   785.000000000000        80.0309113616209     
   786.000000000000        80.0046652019339     
   787.000000000000        79.9773452404170     
   788.000000000000        79.9523788360645     
   789.000000000000        79.9259561318538     
   790.000000000000        79.8995128467996     
   791.000000000000        79.8742635232575     
   792.000000000000        79.8480187381650     
   793.000000000000        79.8220536169713     
   794.000000000000        79.7961126950980     
   795.000000000000        79.7695448739156     
   796.000000000000        79.7445967862670     
   797.000000000000        79.7189076137022     
   798.000000000000        79.6938851600797     
   799.000000000000        79.6673368033911     
   800.000000000000        79.6423123777887     
   801.000000000000        79.6165294640315     
   802.000000000000        79.5906515506214     
   803.000000000000        79.5652825438327     
   804.000000000000        79.5400067583645     
   805.000000000000        79.5137312232524     
   806.000000000000        79.4885780985396     
   807.000000000000        79.4645074476175     
   808.000000000000        79.4395915707575     
   809.000000000000        79.4131676987971     
   810.000000000000        79.3875556057081     
   811.000000000000        79.3631415652039     
   812.000000000000        79.3377699285529     
   813.000000000000        79.3133308185441     
   814.000000000000        79.2884211253836     
   815.000000000000        79.2631353540453     
   816.000000000000        79.2385949249912     
   817.000000000000        79.2128333228484     
   818.000000000000        79.1886217469650     
   819.000000000000        79.1635189200569     
   820.000000000000        79.1397379203378     
   821.000000000000        79.1153329997996     
   822.000000000000        79.0902028431395     
   823.000000000000        79.0662319845226     
   824.000000000000        79.0409652920155     
   825.000000000000        79.0170604036756     
   826.000000000000        78.9927107397901     
   827.000000000000        78.9680038509324     
   828.000000000000        78.9422925120226     
   829.000000000000        78.9195450422427     
   830.000000000000        78.8939860751142     
   831.000000000000        78.8708589865140     
   832.000000000000        78.8468239375255     
   833.000000000000        78.8233571859522     
   834.000000000000        78.7981800937120     
   835.000000000000        78.7746779169014     
   836.000000000000        78.7513120520434     
   837.000000000000        78.7266832688765     
   838.000000000000        78.7030191768490     
   839.000000000000        78.6790273335653     
   840.000000000000        78.6551693365350     
   841.000000000000        78.6319696832947     
   842.000000000000        78.6080024023380     
   843.000000000000        78.5848171988613     
   844.000000000000        78.5612678571484     
   845.000000000000        78.5378649140644     
   846.000000000000        78.5150032909248     
   847.000000000000        78.4909677666022     
   848.000000000000        78.4666268420471     
   849.000000000000        78.4438292259006     
   850.000000000000        78.4198380603556     
   851.000000000000        78.3971598620287     
   852.000000000000        78.3732385121677     
   853.000000000000        78.3516855617202     
   854.000000000000        78.3278302341526     
   855.000000000000        78.3042330951291     
   856.000000000000        78.2839580942099     
   857.000000000000        78.2605197325978     
   858.000000000000        78.2361840650915     
   859.000000000000        78.2133386713334     
   860.000000000000        78.1911991314136     
   861.000000000000        78.1689012965707     
   862.000000000000        78.1448857430590     
   863.000000000000        78.1229507485441     
   864.000000000000        78.1005735528807     
   865.000000000000        78.0790402626570     
   866.000000000000        78.0575517083062     
   867.000000000000        78.0333332376935     
   868.000000000000        78.0105296319737     
   869.000000000000        77.9881641092506     
   870.000000000000        77.9672042935403     
   871.000000000000        77.9454766067449     
   872.000000000000        77.9220809594288     
   873.000000000000        77.8996862832277     
   874.000000000000        77.8777166992370     
   875.000000000000        77.8571394799970     
   876.000000000000        77.8335539540233     
   877.000000000000        77.8121589524336     
   878.000000000000        77.7907117243375     
   879.000000000000        77.7684071659435     
   880.000000000000        77.7482686191885     
   881.000000000000        77.7261105721946     
   882.000000000000        77.7043316759804     
   883.000000000000        77.6818161380120     
   884.000000000000        77.6607296910939     
   885.000000000000        77.6392972300658     
   886.000000000000        77.6190473952663     
   887.000000000000        77.5967686965233     
   888.000000000000        77.5770189846605     
   889.000000000000        77.5537096522129     
   890.000000000000        77.5326073261908     
   891.000000000000        77.5130053073403     
   892.000000000000        77.4903344101458     
   893.000000000000        77.4698959706709     
   894.000000000000        77.4491949002583     
   895.000000000000        77.4277398041993     
   896.000000000000        77.4055422855213     
   897.000000000000        77.3863467626864     
   898.000000000000        77.3662068205342     
   899.000000000000        77.3460492145700     
   900.000000000000        77.3241340122925     
   901.000000000000        77.3027333870996     
   902.000000000000        77.2835241123234     
   903.000000000000        77.2625776871652     
   904.000000000000        77.2420467165089     
   905.000000000000        77.2236749187211     
   906.000000000000        77.2019958452240     
   907.000000000000        77.1806919182503     
   908.000000000000        77.1605008427484     
   909.000000000000        77.1407694315352     
   910.000000000000        77.1208048178968     
   911.000000000000        77.1014141899809     
   912.000000000000        77.0801736484231     
   913.000000000000        77.0613064263654     
   914.000000000000        77.0404768625563     
   915.000000000000        77.0218711389443     
   916.000000000000        77.0025760753649     
   917.000000000000        76.9814199604581     
   918.000000000000        76.9627559259454     
   919.000000000000        76.9427114908763     
   920.000000000000        76.9236206280251     
   921.000000000000        76.9052942096682     
   922.000000000000        76.8851456938044     
   923.000000000000        76.8654731358212     
   924.000000000000        76.8452755634559     
   925.000000000000        76.8258346923376     
   926.000000000000        76.8075070252112     
   927.000000000000        76.7891120484288     
   928.000000000000        76.7699091427466     
   929.000000000000        76.7496166372727     
   930.000000000000        76.7307127756717     
   931.000000000000        76.7110359506648     
   932.000000000000        76.6944389489097     
   933.000000000000        76.6744866775369     
   934.000000000000        76.6572357753687     
   935.000000000000        76.6379415780434     
   936.000000000000        76.6173191564496     
   937.000000000000        76.6003380654628     
   938.000000000000        76.5827971900251     
   939.000000000000        76.5635936138061     
   940.000000000000        76.5443181216155     
   941.000000000000        76.5265963512650     
   942.000000000000        76.5076040550795     
   943.000000000000        76.4893077854282     
   944.000000000000        76.4720549414082     
   945.000000000000        76.4523591062173     
   946.000000000000        76.4376334821096     
   947.000000000000        76.4188152761477     
   948.000000000000        76.4014499377439     
   949.000000000000        76.3816528148768     
   950.000000000000        76.3639947942817     
   951.000000000000        76.3458977863293     
   952.000000000000        76.3293842589534     
   953.000000000000        76.3118014694112     
   954.000000000000        76.2924216794446     
   955.000000000000        76.2779361699074     
   956.000000000000        76.2596009724238     
   957.000000000000        76.2409343111669     
   958.000000000000        76.2247673906462     
   959.000000000000        76.2063340521015     
   960.000000000000        76.1899475509615     
   961.000000000000        76.1723475928593     
   962.000000000000        76.1553615338370     
   963.000000000000        76.1393008303637     
   964.000000000000        76.1223261052276     
   965.000000000000        76.1045026319988     
   966.000000000000        76.0881542524914     
   967.000000000000        76.0707986017683     
   968.000000000000        76.0552467591605     
   969.000000000000        76.0375334586122     
   970.000000000000        76.0209196324913     
   971.000000000000        76.0064824285989     
   972.000000000000        75.9873992378627     
   973.000000000000        75.9707054775472     
   974.000000000000        75.9553490144502     
   975.000000000000        75.9391154199826     
   976.000000000000        75.9236598907957     
   977.000000000000        75.9055197106268     
   978.000000000000        75.8910644559133     
   979.000000000000        75.8749567508232     
   980.000000000000        75.8580886505738     
   981.000000000000        75.8431329856291     
   982.000000000000        75.8262221623125     
   983.000000000000        75.8106117048311     
   984.000000000000        75.7948531539491     
   985.000000000000        75.7780887555435     
   986.000000000000        75.7644025729424     
   987.000000000000        75.7486594689658     
   988.000000000000        75.7327406595499     
   989.000000000000        75.7173487938710     
   990.000000000000        75.7037066025578     
   991.000000000000        75.6881541204260     
   992.000000000000        75.6723333807226     
   993.000000000000        75.6569986218528     
   994.000000000000        75.6426467191332     
   995.000000000000        75.6262750660714     
   996.000000000000        75.6126517836946     
   997.000000000000        75.5984656841526     
   998.000000000000        75.5823702702584     
   999.000000000000        75.5666054938464     
   1000.00000000000        75.5515048614873     
   1001.00000000000        75.5377480748696     
   1002.00000000000        75.5230597267695     
   1003.00000000000        75.5100327098519     
   1004.00000000000        75.4940035367535     
   1005.00000000000        75.4818714435953     
   1006.00000000000        75.4662626830266     
   1007.00000000000        75.4527267147526     
   1008.00000000000        75.4376618660357     
   1009.00000000000        75.4239407378939     
   1010.00000000000        75.4096017302186     
   1011.00000000000        75.3955796936611     
   1012.00000000000        75.3815936792019     
   1013.00000000000        75.3673184696579     
   1014.00000000000        75.3563087443985     
   1015.00000000000        75.3397256570828     
   1016.00000000000        75.3262645286379     
   1017.00000000000        75.3139012093352     
   1018.00000000000        75.2990218603836     
   1019.00000000000        75.2857326716923     
   1020.00000000000        75.2734514508523     
   1021.00000000000        75.2597266209364     
   1022.00000000000        75.2461890538072     
   1023.00000000000        75.2337717292621     
   1024.00000000000        75.2208585845326     
   1025.00000000000        75.2060905601535     
   1026.00000000000        75.1937395416314     
   1027.00000000000        75.1833923126619     
   1028.00000000000        75.1682589460605     
   1029.00000000000        75.1551689602528     
   1030.00000000000        75.1441050133984     
   1031.00000000000        75.1300649747657     
   1032.00000000000        75.1176916373169     
   1033.00000000000        75.1053673134152     
   1034.00000000000        75.0941042800076     
   1035.00000000000        75.0810786604223     
   1036.00000000000        75.0675466285346     
   1037.00000000000        75.0555571081067     
   1038.00000000000        75.0426168638704     
   1039.00000000000        75.0312982623208     
   1040.00000000000        75.0208627465859     
   1041.00000000000        75.0068299758874     
   1042.00000000000        74.9962591607913     
   1043.00000000000        74.9859314772979     
   1044.00000000000        74.9717861201736     
   1045.00000000000        74.9610878146293     
   1046.00000000000        74.9499488552439     
   1047.00000000000        74.9387684072238     
   1048.00000000000        74.9261652598976     
   1049.00000000000        74.9142709573887     
   1050.00000000000        74.9034753962999     
   1051.00000000000        74.8920823736864     
   1052.00000000000        74.8800023782924     
   1053.00000000000        74.8685956704071     
   1054.00000000000        74.8588954008241     
   1055.00000000000        74.8486250681063     
   1056.00000000000        74.8372772996913     
   1057.00000000000        74.8256760819074     
   1058.00000000000        74.8164407477351     
   1059.00000000000        74.8041497778545     
   1060.00000000000        74.7931525444843     
   1061.00000000000        74.7845563642450     
   1062.00000000000        74.7736413137712     
   1063.00000000000        74.7622060443809     
   1064.00000000000        74.7530881280099     
   1065.00000000000        74.7417401950851     
   1066.00000000000        74.7315224943166     
   1067.00000000000        74.7216837406420     
   1068.00000000000        74.7123622587010     
   1069.00000000000        74.7009578709681     
   1070.00000000000        74.6936822560633     
   1071.00000000000        74.6823856923527     
   1072.00000000000        74.6730806703615     
   1073.00000000000        74.6649042071089     
   1074.00000000000        74.6511665753103     
   1075.00000000000        74.6460338143614     
   1076.00000000000        74.6333079133034     
   1077.00000000000        74.6265199635785     
   1078.00000000000        74.6167102117127     
   1079.00000000000        74.6057691628057     
   1080.00000000000        74.5982361043434     
   1081.00000000000        74.5862122986299     
   1082.00000000000        74.5790303241878     
   1083.00000000000        74.5692991567845     
   1084.00000000000        74.5619854225295     
   1085.00000000000        74.5501550536977     
   1086.00000000000        74.5432958198279     
   1087.00000000000        74.5348654383440     
   1088.00000000000        74.5278949303041     
   1089.00000000000        74.5186361530135     
   1090.00000000000        74.5080687743115     
   1091.00000000000        74.5002675638547     
   1092.00000000000        74.4924961981592     
   1093.00000000000        74.4831028330848     
   1094.00000000000        74.4773734372445     
   1095.00000000000        74.4662494102699     
   1096.00000000000        74.4608499376346     
   1097.00000000000        74.4528314167694     
   1098.00000000000        74.4430907971176     
   1099.00000000000        74.4370773620071     
   1100.00000000000        74.4297103827392     
   1101.00000000000        74.4219785410155     
   1102.00000000000        74.4131437938041     
   1103.00000000000        74.4070142805988     
   1104.00000000000        74.3999250057200     
   1105.00000000000        74.3926355021956     
   1106.00000000000        74.3839123443212     
   1107.00000000000        74.3749955236416     
   1108.00000000000        74.3703015906890     
   1109.00000000000        74.3636056769595     
   1110.00000000000        74.3561858136605     
   1111.00000000000        74.3501351558999     
   1112.00000000000        74.3446524774805     
   1113.00000000000        74.3363023258585     
   1114.00000000000        74.3309822153752     
   1115.00000000000        74.3219097171768     
   1116.00000000000        74.3168268845685     
   1117.00000000000        74.3105201358674     
   1118.00000000000        74.3030222237964     
   1119.00000000000        74.2970409008931     
   1120.00000000000        74.2917374160803     
   1121.00000000000        74.2858177500663     
   1122.00000000000        74.2812166867523     
   1123.00000000000        74.2740437078795     
   1124.00000000000        74.2682806361429     
   1125.00000000000        74.2630792091000     
   1126.00000000000        74.2563964634233     
   1127.00000000000        74.2506548653750     
   1128.00000000000        74.2450973944483     
   1129.00000000000        74.2388326506830     
   1130.00000000000        74.2325185311520     
   1131.00000000000        74.2286198243323     
   1132.00000000000        74.2240815023630     
   1133.00000000000        74.2192212132422     
   1134.00000000000        74.2145140563935     
   1135.00000000000        74.2085204281973     
   1136.00000000000        74.2039998242462     
   1137.00000000000        74.1995256301452     
   1138.00000000000        74.1941578466246     
   1139.00000000000        74.1896517191884     
   1140.00000000000        74.1846727074701     
   1141.00000000000        74.1804149533456     
   1142.00000000000        74.1767972362060     
   1143.00000000000        74.1726626029413     
   1144.00000000000        74.1656184621253     
   1145.00000000000        74.1643334679843     
   1146.00000000000        74.1593958806903     
   1147.00000000000        74.1547212315316     
   1148.00000000000        74.1531572905875     
   1149.00000000000        74.1471614629305     
   1150.00000000000        74.1434972400033     
   1151.00000000000        74.1381511594378     
   1152.00000000000        74.1344506992450     
   1153.00000000000        74.1336189003580     
   1154.00000000000        74.1266598336766     
   1155.00000000000        74.1242480985346     
   1156.00000000000        74.1205006719104     
   1157.00000000000        74.1196398657618     
   1158.00000000000        74.1136589833393     
   1159.00000000000        74.1141948916030     
   1160.00000000000        74.1095857545646     
   1161.00000000000        74.1065073031154     
   1162.00000000000        74.1055506957737     
   1163.00000000000        74.1012431506144     
   1164.00000000000        74.0987560895700     
   1165.00000000000        74.0949538388105     
   1166.00000000000        74.0937118412429     
   1167.00000000000        74.0905293524096     
   1168.00000000000        74.0893919784563     
   1169.00000000000        74.0853845711023     
   1170.00000000000        74.0851647572945     
   1171.00000000000        74.0813527720236     
   1172.00000000000        74.0823954043235     
   1173.00000000000        74.0794422356554     
   1174.00000000000        74.0779134865677     
   1175.00000000000        74.0738606786446     
   1176.00000000000        74.0729004490366     
   1177.00000000000        74.0717789745814     
   1178.00000000000        74.0700212222667     
   1179.00000000000        74.0693892913327     
   1180.00000000000        74.0690029142413     
   1181.00000000000        74.0654983691068     
   1182.00000000000        74.0636153402191     
   1183.00000000000        74.0630886900034     
   1184.00000000000        74.0609664418930     
   1185.00000000000        74.0626620101612     
   1186.00000000000        74.0590116815196     
   1187.00000000000        74.0601009859025     
   1188.00000000000        74.0599216888470     
   1189.00000000000        74.0601996088901     
   1190.00000000000        74.0586011898728     
   1191.00000000000        74.0573590542309     
   1192.00000000000        74.0578933646400     
   1193.00000000000        74.0594766527545     
   1194.00000000000        74.0546484005328     
   1195.00000000000        74.0582065409873     
   1196.00000000000        74.0543260560971     
   1197.00000000000        74.0593308532635     
   1198.00000000000        74.0592952180149     
   1199.00000000000        74.0567797234435     
   1200.00000000000        74.0578807180817     
   1201.00000000000        74.0571718677753     
   1202.00000000000        74.0587728495755     
   1203.00000000000        74.0605528017250     
   1204.00000000000        74.0593707338647     
   1205.00000000000        74.0613018950095     
   1206.00000000000        74.0640646417996     
   1207.00000000000        74.0629911858752     
   1208.00000000000        74.0640914689444     
   1209.00000000000        74.0655798872443     
   1210.00000000000        74.0675213919878     
   1211.00000000000        74.0678420577531     
   1212.00000000000        74.0705155851415     
   1213.00000000000        74.0710611332945     
   1214.00000000000        74.0742122044243     
   1215.00000000000        74.0717580238037     
   1216.00000000000        74.0770913132601     
   1217.00000000000        74.0778449216433     
   1218.00000000000        74.0799618478559     
   1219.00000000000        74.0811801961172     
   1220.00000000000        74.0816131996678     
   1221.00000000000        74.0878719832290     
   1222.00000000000        74.0879031511021     
   1223.00000000000        74.0904428485144     
   1224.00000000000        74.0910623223117     
   1225.00000000000        74.0926458748167     
   1226.00000000000        74.1001549192369     
   1227.00000000000        74.1011576864368     
   1228.00000000000        74.1035749004030     
   1229.00000000000        74.1068033068655     
   1230.00000000000        74.1088508341965     
   1231.00000000000        74.1106313739942     
   1232.00000000000        74.1150745503755     
   1233.00000000000        74.1172629669901     
   1234.00000000000        74.1223763050580     
   1235.00000000000        74.1253765697348     
   1236.00000000000        74.1276657240227     
   1237.00000000000        74.1309345698621     
   1238.00000000000        74.1375347064689     
   1239.00000000000        74.1392870223001     
   1240.00000000000        74.1413936019111     
   1241.00000000000        74.1459900986173     
   1242.00000000000        74.1504663272883     
   1243.00000000000        74.1556258707725     
   1244.00000000000        74.1579942493781     
   1245.00000000000        74.1625996173529     
   1246.00000000000        74.1676337743969     
   1247.00000000000        74.1717414762738     
   1248.00000000000        74.1800199875220     
   1249.00000000000        74.1794101980039     
   1250.00000000000        74.1884344665609     
   1251.00000000000        74.1903668825933     
   1252.00000000000        74.1971462226241     
   1253.00000000000        74.2002766664439     
   1254.00000000000        74.2065653477971     
   1255.00000000000        74.2105408161152     
   1256.00000000000        74.2189564402613     
   1257.00000000000        74.2220101129636     
   1258.00000000000        74.2251015491701     
   1259.00000000000        74.2341633356267     
   1260.00000000000        74.2379116033717     
   1261.00000000000        74.2434090422125     
   1262.00000000000        74.2514315714774     
   1263.00000000000        74.2556147818455     
   1264.00000000000        74.2625183192396     
   1265.00000000000        74.2685332966502     
   1266.00000000000        74.2755809715394     
   1267.00000000000        74.2785495518157     
   1268.00000000000        74.2882724679383     
   1269.00000000000        74.2942406709820     
   1270.00000000000        74.2986764503976     
   1271.00000000000        74.3055003701236     
   1272.00000000000        74.3124443728983     
   1273.00000000000        74.3176583185877     
   1274.00000000000        74.3283855784076     
   1275.00000000000        74.3335945981627     
   1276.00000000000        74.3394080654013     
   1277.00000000000        74.3495165039087     
   1278.00000000000        74.3540483111098     
   1279.00000000000        74.3647096346055     
   1280.00000000000        74.3708289729128     
   1281.00000000000        74.3784009809431     
   1282.00000000000        74.3841215634180     
   1283.00000000000        74.3940525068933     
   1284.00000000000        74.4009117869243     
   1285.00000000000        74.4125180373203     
   1286.00000000000        74.4141620689621     
   1287.00000000000        74.4252324162840     
   1288.00000000000        74.4341287508038     
   1289.00000000000        74.4419387065972     
   1290.00000000000        74.4498236263312     
   1291.00000000000        74.4592000143123     
   1292.00000000000        74.4679002870656     
   1293.00000000000        74.4757956814050     
   1294.00000000000        74.4818464732904     
   1295.00000000000        74.4932393226380     
   1296.00000000000        74.5013516387044     
   1297.00000000000        74.5115709375906     
   1298.00000000000        74.5193902093807     
   1299.00000000000        74.5297627847119     
   1300.00000000000        74.5383978141014     
   1301.00000000000        74.5468855004063     
   1302.00000000000        74.5549232513736     
   1303.00000000000        74.5709896901272     
   1304.00000000000        74.5745271078228     
   1305.00000000000        74.5864845376113     
   1306.00000000000        74.5968660671167     
   1307.00000000000        74.6062295289462     
   1308.00000000000        74.6153944645904     
   1309.00000000000        74.6287985491662     
   1310.00000000000        74.6324574986846     
   1311.00000000000        74.6497436650935     
   1312.00000000000        74.6588530403149     
   1313.00000000000        74.6685981879035     
   1314.00000000000        74.6811922441084     
   1315.00000000000        74.6911930235709     
   1316.00000000000        74.6987470677544     
   1317.00000000000        74.7098133474744     
   1318.00000000000        74.7241772444357     
   1319.00000000000        74.7327365940402     
   1320.00000000000        74.7448507272019     
   1321.00000000000        74.7561060927933     
   1322.00000000000        74.7659475167214     
   1323.00000000000        74.7773446105214     
   1324.00000000000        74.7864481564907     
   1325.00000000000        74.8014986138325     
   1326.00000000000        74.8110401609272     
   1327.00000000000        74.8255217790344     
   1328.00000000000        74.8334721099971     
   1329.00000000000        74.8483644586588     
   1330.00000000000        74.8629718007663     
   1331.00000000000        74.8752916619898     
   1332.00000000000        74.8850910311441     
   1333.00000000000        74.8967318505477     
   1334.00000000000        74.9110144131785     
   1335.00000000000        74.9234469078310     
   1336.00000000000        74.9344540666887     
   1337.00000000000        74.9497175284673     
   1338.00000000000        74.9583347448445     
   1339.00000000000        74.9740162355362     
   1340.00000000000        74.9870835410395     
   1341.00000000000        74.9994487839542     
   1342.00000000000        75.0150000593107     
   1343.00000000000        75.0280791719247     
   1344.00000000000        75.0433894743635     
   1345.00000000000        75.0558698367202     
   1346.00000000000        75.0681359111755     
   1347.00000000000        75.0814536959964     
   1348.00000000000        75.0997098286023     
   1349.00000000000        75.1077952107621     
   1350.00000000000        75.1253995621538     
   1351.00000000000        75.1378980941984     
   1352.00000000000        75.1463194283464     
   1353.00000000000        75.1674605308982     
   1354.00000000000        75.1807354956872     
   1355.00000000000        75.1946877067217     
   1356.00000000000        75.2077399843437     
   1357.00000000000        75.2233590192945     
   1358.00000000000        75.2401994978773     
