  0.000000000000000E+000  -1324876.63545640     
   1.00000000000000       -1324876.63545640     
   2.00000000000000       -1324876.63544590     
   3.00000000000000       -1324876.63542496     
   4.00000000000000       -1324876.63539357     
   5.00000000000000       -1324876.63535180     
   6.00000000000000       -1324876.63529965     
   7.00000000000000       -1324876.63523685     
   8.00000000000000       -1324876.63516243     
   9.00000000000000       -1324876.63507335     
   10.0000000000000       -1324876.63496315     
   11.0000000000000       -1324876.63482160     
   12.0000000000000       -1324876.63463352     
   13.0000000000000       -1324876.63438002     
   14.0000000000000       -1324876.63403746     
   15.0000000000000       -1324876.63357867     
   16.0000000000000       -1324876.63297243     
   17.0000000000000       -1324876.63218409     
   18.0000000000000       -1324876.63117509     
   19.0000000000000       -1324876.62990392     
   20.0000000000000       -1324876.62832602     
   21.0000000000000       -1324876.62639357     
   22.0000000000000       -1324876.62405737     
   23.0000000000000       -1324876.62126525     
   24.0000000000000       -1324876.61796459     
   25.0000000000000       -1324876.61410095     
   26.0000000000000       -1324876.60962012     
   27.0000000000000       -1324876.60446696     
   28.0000000000000       -1324876.59858639     
   29.0000000000000       -1324876.59192403     
   30.0000000000000       -1324876.58442623     
   31.0000000000000       -1324876.57603926     
   32.0000000000000       -1324876.56671092     
   33.0000000000000       -1324876.55638994     
   34.0000000000000       -1324876.54502598     
   35.0000000000000       -1324876.53256985     
   36.0000000000000       -1324876.51897412     
   37.0000000000000       -1324876.50419146     
   38.0000000000000       -1324876.48817722     
   39.0000000000000       -1324876.47088750     
   40.0000000000000       -1324876.45227937     
   41.0000000000000       -1324876.43231228     
   42.0000000000000       -1324876.41094618     
   43.0000000000000       -1324876.38814322     
   44.0000000000000       -1324876.36386665     
   45.0000000000000       -1324876.33808163     
   46.0000000000000       -1324876.31075405     
   47.0000000000000       -1324876.28185215     
   48.0000000000000       -1324876.25134594     
   49.0000000000000       -1324876.21920597     
   50.0000000000000       -1324876.18540511     
   51.0000000000000       -1324876.14991799     
   52.0000000000000       -1324876.11272040     
   53.0000000000000       -1324876.07379010     
   54.0000000000000       -1324876.03310589     
   55.0000000000000       -1324875.99064866     
   56.0000000000000       -1324875.94640071     
   57.0000000000000       -1324875.90034634     
   58.0000000000000       -1324875.85247054     
   59.0000000000000       -1324875.80276031     
   60.0000000000000       -1324875.75120447     
   61.0000000000000       -1324875.69779223     
   62.0000000000000       -1324875.64251533     
   63.0000000000000       -1324875.58536655     
   64.0000000000000       -1324875.52633981     
   65.0000000000000       -1324875.46543087     
   66.0000000000000       -1324875.40263561     
   67.0000000000000       -1324875.33795266     
   68.0000000000000       -1324875.27138048     
   69.0000000000000       -1324875.20292029     
   70.0000000000000       -1324875.13257215     
   71.0000000000000       -1324875.06033964     
   72.0000000000000       -1324874.98622589     
   73.0000000000000       -1324874.91023456     
   74.0000000000000       -1324874.83237169     
   75.0000000000000       -1324874.75264312     
   76.0000000000000       -1324874.67105686     
   77.0000000000000       -1324874.58761909     
   78.0000000000000       -1324874.50233951     
   79.0000000000000       -1324874.41522761     
   80.0000000000000       -1324874.32629216     
   81.0000000000000       -1324874.23554504     
   82.0000000000000       -1324874.14299635     
   83.0000000000000       -1324874.04865892     
   84.0000000000000       -1324873.95254332     
   85.0000000000000       -1324873.85466427     
   86.0000000000000       -1324873.75503377     
   87.0000000000000       -1324873.65366563     
   88.0000000000000       -1324873.55057274     
   89.0000000000000       -1324873.44577155     
   90.0000000000000       -1324873.33927412     
   91.0000000000000       -1324873.23109768     
   92.0000000000000       -1324873.12125543     
   93.0000000000000       -1324873.00976417     
   94.0000000000000       -1324872.89663819     
   95.0000000000000       -1324872.78189429     
   96.0000000000000       -1324872.66554760     
   97.0000000000000       -1324872.54761529     
   98.0000000000000       -1324872.42811144     
   99.0000000000000       -1324872.30705424     
   100.000000000000       -1324872.18445908     
   101.000000000000       -1324872.06034319     
   102.000000000000       -1324871.93472168     
   103.000000000000       -1324871.80761218     
   104.000000000000       -1324871.67903024     
   105.000000000000       -1324871.54899218     
   106.000000000000       -1324871.41751637     
   107.000000000000       -1324871.28461722     
   108.000000000000       -1324871.15031156     
   109.000000000000       -1324871.01461566     
   110.000000000000       -1324870.87754703     
   111.000000000000       -1324870.73911982     
   112.000000000000       -1324870.59935164     
   113.000000000000       -1324870.45825873     
   114.000000000000       -1324870.31585520     
   115.000000000000       -1324870.17215879     
   116.000000000000       -1324870.02718419     
   117.000000000000       -1324869.88094743     
   118.000000000000       -1324869.73346422     
   119.000000000000       -1324869.58474927     
   120.000000000000       -1324869.43481841     
   121.000000000000       -1324869.28368680     
   122.000000000000       -1324869.13136766     
   123.000000000000       -1324868.97787969     
   124.000000000000       -1324868.82323292     
   125.000000000000       -1324868.66744555     
   126.000000000000       -1324868.51053019     
   127.000000000000       -1324868.35250201     
   128.000000000000       -1324868.19337338     
   129.000000000000       -1324868.03316044     
   130.000000000000       -1324867.87187534     
   131.000000000000       -1324867.70953316     
   132.000000000000       -1324867.54614579     
   133.000000000000       -1324867.38172822     
   134.000000000000       -1324867.21629110     
   135.000000000000       -1324867.04984976     
   136.000000000000       -1324866.88241645     
   137.000000000000       -1324866.71400357     
   138.000000000000       -1324866.54462275     
   139.000000000000       -1324866.37428855     
   140.000000000000       -1324866.20301206     
   141.000000000000       -1324866.03080299     
   142.000000000000       -1324865.85767728     
   143.000000000000       -1324865.68364432     
   144.000000000000       -1324865.50871550     
   145.000000000000       -1324865.33290304     
   146.000000000000       -1324865.15621759     
   147.000000000000       -1324864.97867174     
   148.000000000000       -1324864.80027409     
   149.000000000000       -1324864.62103608     
   150.000000000000       -1324864.44096971     
   151.000000000000       -1324864.26008576     
   152.000000000000       -1324864.07839095     
   153.000000000000       -1324863.89589932     
   154.000000000000       -1324863.71261949     
   155.000000000000       -1324863.52856026     
   156.000000000000       -1324863.34373447     
   157.000000000000       -1324863.15814830     
   158.000000000000       -1324862.97181380     
   159.000000000000       -1324862.78473813     
   160.000000000000       -1324862.59693257     
   161.000000000000       -1324862.40840431     
   162.000000000000       -1324862.21916425     
   163.000000000000       -1324862.02921986     
   164.000000000000       -1324861.83857995     
   165.000000000000       -1324861.64725300     
   166.000000000000       -1324861.45524882     
   167.000000000000       -1324861.26257302     
   168.000000000000       -1324861.06923649     
   169.000000000000       -1324860.87524664     
   170.000000000000       -1324860.68060957     
   171.000000000000       -1324860.48533563     
   172.000000000000       -1324860.28943053     
   173.000000000000       -1324860.09290336     
   174.000000000000       -1324859.89576121     
   175.000000000000       -1324859.69801083     
   176.000000000000       -1324859.49965869     
   177.000000000000       -1324859.30071620     
   178.000000000000       -1324859.10118392     
   179.000000000000       -1324858.90107368     
   180.000000000000       -1324858.70039148     
   181.000000000000       -1324858.49914282     
   182.000000000000       -1324858.29733421     
   183.000000000000       -1324858.09497405     
   184.000000000000       -1324857.89206820     
   185.000000000000       -1324857.68861989     
   186.000000000000       -1324857.48463957     
   187.000000000000       -1324857.28013242     
   188.000000000000       -1324857.07510219     
   189.000000000000       -1324856.86955810     
   190.000000000000       -1324856.66350297     
   191.000000000000       -1324856.45694543     
   192.000000000000       -1324856.24988856     
   193.000000000000       -1324856.04233891     
   194.000000000000       -1324855.83430444     
   195.000000000000       -1324855.62578655     
   196.000000000000       -1324855.41679377     
   197.000000000000       -1324855.20732887     
   198.000000000000       -1324854.99740031     
   199.000000000000       -1324854.78700898     
   200.000000000000       -1324854.57616476     
   201.000000000000       -1324854.36486853     
   202.000000000000       -1324854.15312800     
   203.000000000000       -1324853.94094558     
   204.000000000000       -1324853.72832762     
   205.000000000000       -1324853.51528009     
   206.000000000000       -1324853.30180315     
   207.000000000000       -1324853.08790738     
   208.000000000000       -1324852.87359241     
   209.000000000000       -1324852.65886601     
   210.000000000000       -1324852.44372902     
   211.000000000000       -1324852.22818880     
   212.000000000000       -1324852.01224868     
   213.000000000000       -1324851.79591211     
   214.000000000000       -1324851.57918437     
   215.000000000000       -1324851.36206903     
   216.000000000000       -1324851.14456882     
   217.000000000000       -1324850.92669111     
   218.000000000000       -1324850.70843539     
   219.000000000000       -1324850.48980891     
   220.000000000000       -1324850.27081428     
   221.000000000000       -1324850.05145356     
   222.000000000000       -1324849.83173440     
   223.000000000000       -1324849.61165583     
   224.000000000000       -1324849.39122522     
   225.000000000000       -1324849.17044403     
   226.000000000000       -1324848.94931591     
   227.000000000000       -1324848.72784511     
   228.000000000000       -1324848.50603303     
   229.000000000000       -1324848.28388592     
   230.000000000000       -1324848.06140526     
   231.000000000000       -1324847.83859451     
   232.000000000000       -1324847.61545633     
   233.000000000000       -1324847.39199563     
   234.000000000000       -1324847.16821226     
   235.000000000000       -1324846.94411401     
   236.000000000000       -1324846.71969934     
   237.000000000000       -1324846.49497310     
   238.000000000000       -1324846.26993892     
   239.000000000000       -1324846.04459925     
   240.000000000000       -1324845.81895527     
   241.000000000000       -1324845.59301330     
   242.000000000000       -1324845.36677138     
   243.000000000000       -1324845.14023692     
   244.000000000000       -1324844.91340943     
   245.000000000000       -1324844.68629256     
   246.000000000000       -1324844.45889095     
   247.000000000000       -1324844.23120313     
   248.000000000000       -1324844.00323385     
   249.000000000000       -1324843.77498781     
   250.000000000000       -1324843.54646303     
   251.000000000000       -1324843.31766473     
   252.000000000000       -1324843.08859448     
   253.000000000000       -1324842.85925625     
   254.000000000000       -1324842.62964955     
   255.000000000000       -1324842.39977951     
   256.000000000000       -1324842.16964581     
   257.000000000000       -1324841.93925413     
   258.000000000000       -1324841.70860448     
   259.000000000000       -1324841.47769614     
   260.000000000000       -1324841.24653751     
   261.000000000000       -1324841.01512552     
   262.000000000000       -1324840.78346733     
   263.000000000000       -1324840.55155811     
   264.000000000000       -1324840.31940780     
   265.000000000000       -1324840.08701166     
   266.000000000000       -1324839.85437524     
   267.000000000000       -1324839.62149973     
   268.000000000000       -1324839.38838836     
   269.000000000000       -1324839.15504077     
   270.000000000000       -1324838.92146024     
   271.000000000000       -1324838.68764871     
   272.000000000000       -1324838.45360697     
   273.000000000000       -1324838.21933833     
   274.000000000000       -1324837.98484334     
   275.000000000000       -1324837.75012518     
   276.000000000000       -1324837.51518241     
   277.000000000000       -1324837.28002431     
   278.000000000000       -1324837.04464159     
   279.000000000000       -1324836.80904519     
   280.000000000000       -1324836.57323168     
   281.000000000000       -1324836.33720599     
   282.000000000000       -1324836.10096595     
   283.000000000000       -1324835.86451894     
   284.000000000000       -1324835.62786048     
   285.000000000000       -1324835.39099533     
   286.000000000000       -1324835.15392316     
   287.000000000000       -1324834.91664916     
   288.000000000000       -1324834.67917246     
   289.000000000000       -1324834.44149240     
   290.000000000000       -1324834.20361418     
   291.000000000000       -1324833.96553587     
   292.000000000000       -1324833.72726421     
   293.000000000000       -1324833.48879616     
   294.000000000000       -1324833.25013209     
   295.000000000000       -1324833.01127694     
   296.000000000000       -1324832.77223027     
   297.000000000000       -1324832.53299614     
   298.000000000000       -1324832.29357076     
   299.000000000000       -1324832.05395827     
   300.000000000000       -1324831.81416325     
   301.000000000000       -1324831.57418077     
   302.000000000000       -1324831.33401654     
   303.000000000000       -1324831.09366912     
   304.000000000000       -1324830.85314356     
   305.000000000000       -1324830.61243609     
   306.000000000000       -1324830.37155200     
   307.000000000000       -1324830.13049156     
   308.000000000000       -1324829.88925369     
   309.000000000000       -1324829.64784296     
   310.000000000000       -1324829.40625881     
   311.000000000000       -1324829.16450085     
   312.000000000000       -1324828.92257381     
   313.000000000000       -1324828.68047762     
   314.000000000000       -1324828.43821049     
   315.000000000000       -1324828.19577623     
   316.000000000000       -1324827.95317774     
   317.000000000000       -1324827.71041189     
   318.000000000000       -1324827.46748249     
   319.000000000000       -1324827.22438782     
   320.000000000000       -1324826.98113268     
   321.000000000000       -1324826.73771827     
   322.000000000000       -1324826.49414243     
   323.000000000000       -1324826.25040660     
   324.000000000000       -1324826.00651342     
   325.000000000000       -1324825.76246405     
   326.000000000000       -1324825.51825802     
   327.000000000000       -1324825.27389643     
   328.000000000000       -1324825.02938102     
   329.000000000000       -1324824.78471284     
   330.000000000000       -1324824.53989300     
   331.000000000000       -1324824.29492081     
   332.000000000000       -1324824.04979930     
   333.000000000000       -1324823.80452905     
   334.000000000000       -1324823.55910951     
   335.000000000000       -1324823.31354353     
   336.000000000000       -1324823.06782755     
   337.000000000000       -1324822.82197115     
   338.000000000000       -1324822.57596689     
   339.000000000000       -1324822.32981744     
   340.000000000000       -1324822.08352950     
   341.000000000000       -1324821.83709475     
   342.000000000000       -1324821.59051867     
   343.000000000000       -1324821.34380747     
   344.000000000000       -1324821.09695180     
   345.000000000000       -1324820.84995768     
   346.000000000000       -1324820.60282648     
   347.000000000000       -1324820.35555922     
   348.000000000000       -1324820.10815506     
   349.000000000000       -1324819.86061409     
   350.000000000000       -1324819.61293775     
   351.000000000000       -1324819.36512853     
   352.000000000000       -1324819.11718850     
   353.000000000000       -1324818.86911160     
   354.000000000000       -1324818.62090427     
   355.000000000000       -1324818.37256895     
   356.000000000000       -1324818.12410028     
   357.000000000000       -1324817.87550305     
   358.000000000000       -1324817.62677797     
   359.000000000000       -1324817.37792165     
   360.000000000000       -1324817.12894251     
   361.000000000000       -1324816.87983486     
   362.000000000000       -1324816.63060184     
   363.000000000000       -1324816.38124204     
   364.000000000000       -1324816.13175958     
   365.000000000000       -1324815.88215453     
   366.000000000000       -1324815.63242175     
   367.000000000000       -1324815.38257248     
   368.000000000000       -1324815.13259744     
   369.000000000000       -1324814.88250171     
   370.000000000000       -1324814.63228636     
   371.000000000000       -1324814.38195374     
   372.000000000000       -1324814.13149945     
   373.000000000000       -1324813.88092665     
   374.000000000000       -1324813.63023765     
   375.000000000000       -1324813.37943013     
   376.000000000000       -1324813.12850685     
   377.000000000000       -1324812.87746721     
   378.000000000000       -1324812.62631553     
   379.000000000000       -1324812.37504263     
   380.000000000000       -1324812.12366223     
   381.000000000000       -1324811.87216659     
   382.000000000000       -1324811.62055688     
   383.000000000000       -1324811.36883511     
   384.000000000000       -1324811.11700503     
   385.000000000000       -1324810.86506076     
   386.000000000000       -1324810.61300817     
   387.000000000000       -1324810.36084265     
   388.000000000000       -1324810.10857061     
   389.000000000000       -1324809.85619099     
   390.000000000000       -1324809.60370362     
   391.000000000000       -1324809.35110455     
   392.000000000000       -1324809.09840046     
   393.000000000000       -1324808.84559359     
   394.000000000000       -1324808.59267708     
   395.000000000000       -1324808.33965909     
   396.000000000000       -1324808.08653151     
   397.000000000000       -1324807.83330348     
   398.000000000000       -1324807.57997128     
   399.000000000000       -1324807.32653435     
   400.000000000000       -1324807.07299815     
   401.000000000000       -1324806.81935701     
   402.000000000000       -1324806.56561881     
   403.000000000000       -1324806.31177423     
   404.000000000000       -1324806.05783369     
   405.000000000000       -1324805.80379082     
   406.000000000000       -1324805.54964927     
   407.000000000000       -1324805.29540928     
   408.000000000000       -1324805.04107053     
   409.000000000000       -1324804.78663542     
   410.000000000000       -1324804.53210531     
   411.000000000000       -1324804.27747046     
   412.000000000000       -1324804.02274814     
   413.000000000000       -1324803.76792530     
   414.000000000000       -1324803.51300716     
   415.000000000000       -1324803.25799626     
   416.000000000000       -1324803.00289087     
   417.000000000000       -1324802.74769215     
   418.000000000000       -1324802.49239708     
   419.000000000000       -1324802.23701115     
   420.000000000000       -1324801.98153617     
   421.000000000000       -1324801.72596291     
   422.000000000000       -1324801.47030545     
   423.000000000000       -1324801.21454999     
   424.000000000000       -1324800.95871005     
   425.000000000000       -1324800.70277805     
   426.000000000000       -1324800.44675383     
   427.000000000000       -1324800.19064633     
   428.000000000000       -1324799.93444408     
   429.000000000000       -1324799.67815683     
   430.000000000000       -1324799.42178357     
   431.000000000000       -1324799.16531851     
   432.000000000000       -1324798.90877271     
   433.000000000000       -1324798.65213630     
   434.000000000000       -1324798.39541616     
   435.000000000000       -1324798.13860777     
   436.000000000000       -1324797.88171496     
   437.000000000000       -1324797.62474151     
   438.000000000000       -1324797.36768089     
   439.000000000000       -1324797.11053765     
   440.000000000000       -1324796.85330878     
   441.000000000000       -1324796.59599830     
   442.000000000000       -1324796.33860964     
   443.000000000000       -1324796.08113347     
   444.000000000000       -1324795.82357729     
   445.000000000000       -1324795.56594120     
   446.000000000000       -1324795.30822373     
   447.000000000000       -1324795.05042785     
   448.000000000000       -1324794.79255029     
   449.000000000000       -1324794.53458898     
   450.000000000000       -1324794.27655670     
   451.000000000000       -1324794.01844417     
   452.000000000000       -1324793.76024822     
   453.000000000000       -1324793.50197787     
   454.000000000000       -1324793.24363111     
   455.000000000000       -1324792.98520526     
   456.000000000000       -1324792.72670715     
   457.000000000000       -1324792.46812526     
   458.000000000000       -1324792.20947395     
   459.000000000000       -1324791.95074570     
   460.000000000000       -1324791.69194083     
   461.000000000000       -1324791.43306510     
   462.000000000000       -1324791.17410971     
   463.000000000000       -1324790.91508300     
   464.000000000000       -1324790.65598537     
   465.000000000000       -1324790.39681374     
   466.000000000000       -1324790.13756847     
   467.000000000000       -1324789.87825090     
   468.000000000000       -1324789.61886070     
   469.000000000000       -1324789.35939844     
   470.000000000000       -1324789.09986671     
   471.000000000000       -1324788.84026552     
   472.000000000000       -1324788.58059175     
   473.000000000000       -1324788.32084933     
   474.000000000000       -1324788.06103588     
   475.000000000000       -1324787.80115499     
   476.000000000000       -1324787.54120359     
   477.000000000000       -1324787.28118337     
   478.000000000000       -1324787.02109745     
   479.000000000000       -1324786.76094205     
   480.000000000000       -1324786.50071693     
   481.000000000000       -1324786.24043101     
   482.000000000000       -1324785.98007375     
   483.000000000000       -1324785.71965261     
   484.000000000000       -1324785.45916215     
   485.000000000000       -1324785.19860769     
   486.000000000000       -1324784.93798839     
   487.000000000000       -1324784.67730528     
   488.000000000000       -1324784.41655590     
   489.000000000000       -1324784.15574285     
   490.000000000000       -1324783.89486717     
   491.000000000000       -1324783.63392906     
   492.000000000000       -1324783.37292153     
   493.000000000000       -1324783.11185758     
   494.000000000000       -1324782.85072733     
   495.000000000000       -1324782.58954012     
   496.000000000000       -1324782.32828474     
   497.000000000000       -1324782.06697309     
   498.000000000000       -1324781.80559700     
   499.000000000000       -1324781.54415997     
   500.000000000000       -1324781.28266676     
   501.000000000000       -1324781.02111168     
   502.000000000000       -1324780.75949554     
   503.000000000000       -1324780.49781772     
   504.000000000000       -1324780.23608626     
   505.000000000000       -1324779.97429247     
   506.000000000000       -1324779.71244227     
   507.000000000000       -1324779.45053162     
   508.000000000000       -1324779.18856538     
   509.000000000000       -1324778.92654455     
   510.000000000000       -1324778.66446160     
   511.000000000000       -1324778.40232019     
   512.000000000000       -1324778.14013011     
   513.000000000000       -1324777.87787956     
   514.000000000000       -1324777.61557033     
   515.000000000000       -1324777.35321005     
   516.000000000000       -1324777.09079319     
   517.000000000000       -1324776.82832308     
   518.000000000000       -1324776.56579522     
   519.000000000000       -1324776.30321643     
   520.000000000000       -1324776.04058351     
   521.000000000000       -1324775.77789119     
   522.000000000000       -1324775.51515756     
   523.000000000000       -1324775.25235852     
   524.000000000000       -1324774.98951377     
   525.000000000000       -1324774.72661529     
   526.000000000000       -1324774.46366554     
   527.000000000000       -1324774.20066244     
   528.000000000000       -1324773.93761013     
   529.000000000000       -1324773.67450493     
   530.000000000000       -1324773.41134950     
   531.000000000000       -1324773.14814284     
   532.000000000000       -1324772.88488933     
   533.000000000000       -1324772.62158126     
   534.000000000000       -1324772.35822812     
   535.000000000000       -1324772.09482051     
   536.000000000000       -1324771.83137155     
   537.000000000000       -1324771.56786770     
   538.000000000000       -1324771.30431484     
   539.000000000000       -1324771.04071852     
   540.000000000000       -1324770.77707372     
   541.000000000000       -1324770.51337721     
   542.000000000000       -1324770.24963751     
   543.000000000000       -1324769.98585136     
   544.000000000000       -1324769.72201570     
   545.000000000000       -1324769.45813240     
   546.000000000000       -1324769.19421043     
   547.000000000000       -1324768.93023566     
   548.000000000000       -1324768.66621604     
   549.000000000000       -1324768.40215854     
   550.000000000000       -1324768.13804484     
   551.000000000000       -1324767.87389659     
   552.000000000000       -1324767.60969822     
   553.000000000000       -1324767.34545696     
   554.000000000000       -1324767.08117593     
   555.000000000000       -1324766.81684600     
   556.000000000000       -1324766.55247313     
   557.000000000000       -1324766.28805745     
   558.000000000000       -1324766.02360364     
   559.000000000000       -1324765.75910625     
   560.000000000000       -1324765.49456500     
   561.000000000000       -1324765.22997805     
   562.000000000000       -1324764.96535827     
   563.000000000000       -1324764.70068959     
   564.000000000000       -1324764.43598490     
   565.000000000000       -1324764.17123485     
   566.000000000000       -1324763.90644976     
   567.000000000000       -1324763.64161904     
   568.000000000000       -1324763.37675238     
   569.000000000000       -1324763.11184535     
   570.000000000000       -1324762.84689467     
   571.000000000000       -1324762.58191339     
   572.000000000000       -1324762.31688628     
   573.000000000000       -1324762.05182026     
   574.000000000000       -1324761.78672029     
   575.000000000000       -1324761.52157958     
   576.000000000000       -1324761.25640189     
   577.000000000000       -1324760.99118332     
   578.000000000000       -1324760.72593648     
   579.000000000000       -1324760.46064255     
   580.000000000000       -1324760.19531496     
   581.000000000000       -1324759.92995234     
   582.000000000000       -1324759.66455223     
   583.000000000000       -1324759.39911647     
   584.000000000000       -1324759.13364584     
   585.000000000000       -1324758.86813797     
   586.000000000000       -1324758.60259362     
   587.000000000000       -1324758.33701831     
   588.000000000000       -1324758.07140747     
   589.000000000000       -1324757.80575663     
   590.000000000000       -1324757.54007638     
   591.000000000000       -1324757.27436130     
   592.000000000000       -1324757.00861087     
   593.000000000000       -1324756.74282744     
   594.000000000000       -1324756.47701355     
   595.000000000000       -1324756.21116091     
   596.000000000000       -1324755.94528283     
   597.000000000000       -1324755.67936336     
   598.000000000000       -1324755.41341862     
   599.000000000000       -1324755.14743761     
   600.000000000000       -1324754.88142659     
   601.000000000000       -1324754.61537911     
   602.000000000000       -1324754.34931068     
   603.000000000000       -1324754.08320027     
   604.000000000000       -1324753.81706240     
   605.000000000000       -1324753.55089621     
   606.000000000000       -1324753.28469657     
   607.000000000000       -1324753.01846880     
   608.000000000000       -1324752.75220746     
   609.000000000000       -1324752.48592012     
   610.000000000000       -1324752.21960104     
   611.000000000000       -1324751.95325285     
   612.000000000000       -1324751.68687274     
   613.000000000000       -1324751.42047060     
   614.000000000000       -1324751.15403137     
   615.000000000000       -1324750.88757036     
   616.000000000000       -1324750.62107444     
   617.000000000000       -1324750.35455481     
   618.000000000000       -1324750.08800863     
   619.000000000000       -1324749.82142903     
   620.000000000000       -1324749.55482738     
   621.000000000000       -1324749.28819777     
   622.000000000000       -1324749.02153473     
   623.000000000000       -1324748.75485328     
   624.000000000000       -1324748.48814255     
   625.000000000000       -1324748.22140122     
   626.000000000000       -1324747.95463741     
   627.000000000000       -1324747.68784598     
   628.000000000000       -1324747.42103260     
   629.000000000000       -1324747.15418745     
   630.000000000000       -1324746.88732056     
   631.000000000000       -1324746.62042691     
   632.000000000000       -1324746.35351129     
   633.000000000000       -1324746.08656879     
   634.000000000000       -1324745.81959949     
   635.000000000000       -1324745.55260950     
   636.000000000000       -1324745.28558856     
   637.000000000000       -1324745.01855153     
   638.000000000000       -1324744.75148528     
   639.000000000000       -1324744.48440174     
   640.000000000000       -1324744.21728655     
   641.000000000000       -1324743.95015149     
   642.000000000000       -1324743.68299573     
   643.000000000000       -1324743.41581168     
   644.000000000000       -1324743.14861149     
   645.000000000000       -1324742.88138544     
   646.000000000000       -1324742.61413475     
   647.000000000000       -1324742.34686454     
   648.000000000000       -1324742.07957121     
   649.000000000000       -1324741.81225748     
   650.000000000000       -1324741.54491943     
   651.000000000000       -1324741.27756051     
   652.000000000000       -1324741.01018406     
   653.000000000000       -1324740.74278506     
   654.000000000000       -1324740.47536166     
   655.000000000000       -1324740.20791687     
   656.000000000000       -1324739.94045828     
   657.000000000000       -1324739.67297243     
   658.000000000000       -1324739.40547227     
   659.000000000000       -1324739.13794567     
   660.000000000000       -1324738.87040328     
   661.000000000000       -1324738.60284001     
   662.000000000000       -1324738.33525502     
   663.000000000000       -1324738.06765563     
   664.000000000000       -1324737.80003097     
   665.000000000000       -1324737.53239241     
   666.000000000000       -1324737.26473229     
   667.000000000000       -1324736.99704958     
   668.000000000000       -1324736.72935629     
   669.000000000000       -1324736.46164131     
   670.000000000000       -1324736.19390688     
   671.000000000000       -1324735.92615271     
   672.000000000000       -1324735.65838356     
   673.000000000000       -1324735.39059272     
   674.000000000000       -1324735.12278667     
   675.000000000000       -1324734.85496795     
   676.000000000000       -1324734.58712339     
   677.000000000000       -1324734.31926308     
   678.000000000000       -1324734.05139224     
   679.000000000000       -1324733.78350001     
   680.000000000000       -1324733.51558686     
   681.000000000000       -1324733.24766133     
   682.000000000000       -1324732.97972012     
   683.000000000000       -1324732.71175639     
   684.000000000000       -1324732.44378602     
   685.000000000000       -1324732.17579405     
   686.000000000000       -1324731.90778205     
   687.000000000000       -1324731.63976261     
   688.000000000000       -1324731.37172148     
   689.000000000000       -1324731.10366791     
   690.000000000000       -1324730.83559353     
   691.000000000000       -1324730.56751340     
   692.000000000000       -1324730.29940754     
   693.000000000000       -1324730.03128990     
   694.000000000000       -1324729.76316123     
   695.000000000000       -1324729.49501456     
   696.000000000000       -1324729.22685207     
   697.000000000000       -1324728.95867531     
   698.000000000000       -1324728.69048747     
   699.000000000000       -1324728.42228132     
   700.000000000000       -1324728.15406509     
   701.000000000000       -1324727.88582614     
   702.000000000000       -1324727.61758086     
   703.000000000000       -1324727.34932198     
   704.000000000000       -1324727.08104433     
   705.000000000000       -1324726.81275699     
   706.000000000000       -1324726.54445230     
   707.000000000000       -1324726.27613738     
   708.000000000000       -1324726.00780571     
   709.000000000000       -1324725.73946408     
   710.000000000000       -1324725.47110496     
   711.000000000000       -1324725.20273664     
   712.000000000000       -1324724.93435419     
   713.000000000000       -1324724.66595865     
   714.000000000000       -1324724.39754855     
   715.000000000000       -1324724.12913271     
   716.000000000000       -1324723.86069453     
   717.000000000000       -1324723.59224950     
   718.000000000000       -1324723.32378913     
   719.000000000000       -1324723.05531510     
   720.000000000000       -1324722.78683511     
   721.000000000000       -1324722.51833509     
   722.000000000000       -1324722.24982878     
   723.000000000000       -1324721.98130695     
   724.000000000000       -1324721.71277547     
   725.000000000000       -1324721.44423062     
   726.000000000000       -1324721.17567355     
   727.000000000000       -1324720.90710492     
   728.000000000000       -1324720.63852707     
   729.000000000000       -1324720.36993336     
   730.000000000000       -1324720.10132936     
   731.000000000000       -1324719.83271638     
   732.000000000000       -1324719.56408928     
   733.000000000000       -1324719.29545226     
   734.000000000000       -1324719.02680017     
   735.000000000000       -1324718.75814011     
   736.000000000000       -1324718.48946930     
   737.000000000000       -1324718.22078733     
   738.000000000000       -1324717.95209344     
   739.000000000000       -1324717.68338465     
   740.000000000000       -1324717.41466964     
   741.000000000000       -1324717.14594026     
   742.000000000000       -1324716.87720779     
   743.000000000000       -1324716.60845490     
   744.000000000000       -1324716.33969479     
   745.000000000000       -1324716.07092287     
   746.000000000000       -1324715.80214182     
   747.000000000000       -1324715.53335085     
   748.000000000000       -1324715.26454377     
   749.000000000000       -1324714.99573090     
   750.000000000000       -1324714.72690569     
   751.000000000000       -1324714.45807291     
   752.000000000000       -1324714.18922125     
   753.000000000000       -1324713.92036581     
   754.000000000000       -1324713.65150507     
   755.000000000000       -1324713.38262153     
   756.000000000000       -1324713.11373173     
   757.000000000000       -1324712.84483606     
   758.000000000000       -1324712.57592505     
   759.000000000000       -1324712.30700402     
   760.000000000000       -1324712.03807404     
   761.000000000000       -1324711.76913286     
   762.000000000000       -1324711.50018118     
   763.000000000000       -1324711.23121957     
   764.000000000000       -1324710.96224395     
   765.000000000000       -1324710.69326053     
   766.000000000000       -1324710.42426845     
   767.000000000000       -1324710.15526308     
   768.000000000000       -1324709.88624815     
   769.000000000000       -1324709.61722294     
   770.000000000000       -1324709.34818494     
   771.000000000000       -1324709.07914113     
   772.000000000000       -1324708.81008288     
   773.000000000000       -1324708.54100890     
   774.000000000000       -1324708.27193698     
   775.000000000000       -1324708.00284442     
   776.000000000000       -1324707.73374270     
   777.000000000000       -1324707.46463234     
   778.000000000000       -1324707.19551114     
   779.000000000000       -1324706.92637852     
   780.000000000000       -1324706.65723496     
   781.000000000000       -1324706.38807697     
   782.000000000000       -1324706.11891450     
   783.000000000000       -1324705.84973749     
   784.000000000000       -1324705.58054734     
   785.000000000000       -1324705.31134816     
   786.000000000000       -1324705.04213918     
   787.000000000000       -1324704.77291630     
   788.000000000000       -1324704.50368549     
   789.000000000000       -1324704.23443934     
   790.000000000000       -1324703.96517979     
   791.000000000000       -1324703.69591558     
   792.000000000000       -1324703.42663337     
   793.000000000000       -1324703.15734763     
   794.000000000000       -1324702.88804038     
   795.000000000000       -1324702.61872943     
   796.000000000000       -1324702.34939952     
   797.000000000000       -1324702.08006202     
   798.000000000000       -1324701.81071479     
   799.000000000000       -1324701.54134993     
   800.000000000000       -1324701.27196786     
   801.000000000000       -1324701.00258709     
   802.000000000000       -1324700.73318198     
   803.000000000000       -1324700.46376974     
   804.000000000000       -1324700.19434258     
   805.000000000000       -1324699.92490394     
   806.000000000000       -1324699.65545348     
   807.000000000000       -1324699.38598752     
   808.000000000000       -1324699.11650741     
   809.000000000000       -1324698.84701450     
   810.000000000000       -1324698.57750903     
   811.000000000000       -1324698.30798857     
   812.000000000000       -1324698.03845695     
   813.000000000000       -1324697.76890984     
   814.000000000000       -1324697.49934803     
   815.000000000000       -1324697.22977003     
   816.000000000000       -1324696.96018248     
   817.000000000000       -1324696.69057669     
   818.000000000000       -1324696.42095075     
   819.000000000000       -1324696.15132238     
   820.000000000000       -1324695.88167101     
   821.000000000000       -1324695.61200713     
   822.000000000000       -1324695.34232273     
   823.000000000000       -1324695.07262813     
   824.000000000000       -1324694.80291259     
   825.000000000000       -1324694.53318742     
   826.000000000000       -1324694.26343976     
   827.000000000000       -1324693.99367899     
   828.000000000000       -1324693.72389894     
   829.000000000000       -1324693.45410576     
   830.000000000000       -1324693.18429422     
   831.000000000000       -1324692.91446274     
   832.000000000000       -1324692.64461322     
   833.000000000000       -1324692.37475008     
   834.000000000000       -1324692.10486863     
   835.000000000000       -1324691.83496612     
   836.000000000000       -1324691.56504326     
   837.000000000000       -1324691.29510956     
   838.000000000000       -1324691.02514528     
   839.000000000000       -1324690.75517260     
   840.000000000000       -1324690.48517077     
   841.000000000000       -1324690.21515908     
   842.000000000000       -1324689.94512005     
   843.000000000000       -1324689.67506242     
   844.000000000000       -1324689.40498338     
   845.000000000000       -1324689.13488600     
   846.000000000000       -1324688.86476252     
   847.000000000000       -1324688.59461957     
   848.000000000000       -1324688.32446257     
   849.000000000000       -1324688.05427152     
   850.000000000000       -1324687.78406252     
   851.000000000000       -1324687.51383309     
   852.000000000000       -1324687.24357443     
   853.000000000000       -1324686.97330111     
   854.000000000000       -1324686.70299617     
   855.000000000000       -1324686.43267159     
   856.000000000000       -1324686.16231774     
   857.000000000000       -1324685.89194384     
   858.000000000000       -1324685.62154462     
   859.000000000000       -1324685.35111674     
   860.000000000000       -1324685.08066228     
   861.000000000000       -1324684.81018111     
   862.000000000000       -1324684.53968152     
   863.000000000000       -1324684.26913970     
   864.000000000000       -1324683.99858624     
   865.000000000000       -1324683.72799225     
   866.000000000000       -1324683.45737771     
   867.000000000000       -1324683.18672897     
   868.000000000000       -1324682.91605799     
   869.000000000000       -1324682.64534421     
   870.000000000000       -1324682.37461638     
   871.000000000000       -1324682.10384945     
   872.000000000000       -1324681.83304548     
   873.000000000000       -1324681.56222357     
   874.000000000000       -1324681.29136060     
   875.000000000000       -1324681.02046392     
   876.000000000000       -1324680.74954087     
   877.000000000000       -1324680.47857844     
   878.000000000000       -1324680.20758767     
   879.000000000000       -1324679.93655385     
   880.000000000000       -1324679.66549561     
   881.000000000000       -1324679.39439126     
   882.000000000000       -1324679.12325781     
   883.000000000000       -1324678.85208541     
   884.000000000000       -1324678.58087282     
   885.000000000000       -1324678.30963115     
   886.000000000000       -1324678.03834249     
   887.000000000000       -1324677.76701731     
   888.000000000000       -1324677.49565499     
   889.000000000000       -1324677.22425118     
   890.000000000000       -1324676.95280357     
   891.000000000000       -1324676.68131565     
   892.000000000000       -1324676.40978969     
   893.000000000000       -1324676.13822024     
   894.000000000000       -1324675.86660666     
   895.000000000000       -1324675.59494120     
   896.000000000000       -1324675.32324297     
   897.000000000000       -1324675.05149694     
   898.000000000000       -1324674.77970073     
   899.000000000000       -1324674.50785828     
   900.000000000000       -1324674.23596805     
   901.000000000000       -1324673.96403773     
   902.000000000000       -1324673.69205114     
   903.000000000000       -1324673.42001700     
   904.000000000000       -1324673.14792831     
   905.000000000000       -1324672.87579361     
   906.000000000000       -1324672.60360673     
   907.000000000000       -1324672.33137096     
   908.000000000000       -1324672.05906975     
   909.000000000000       -1324671.78672539     
   910.000000000000       -1324671.51432660     
   911.000000000000       -1324671.24186332     
   912.000000000000       -1324670.96935325     
   913.000000000000       -1324670.69677359     
   914.000000000000       -1324670.42414291     
   915.000000000000       -1324670.15145750     
   916.000000000000       -1324669.87870127     
   917.000000000000       -1324669.60589776     
   918.000000000000       -1324669.33301570     
   919.000000000000       -1324669.06008421     
   920.000000000000       -1324668.78708949     
   921.000000000000       -1324668.51401406     
   922.000000000000       -1324668.24089034     
   923.000000000000       -1324667.96769139     
   924.000000000000       -1324667.69442694     
   925.000000000000       -1324667.42109125     
   926.000000000000       -1324667.14769362     
   927.000000000000       -1324666.87421496     
   928.000000000000       -1324666.60067018     
   929.000000000000       -1324666.32705005     
   930.000000000000       -1324666.05335916     
   931.000000000000       -1324665.77959387     
   932.000000000000       -1324665.50574881     
   933.000000000000       -1324665.23182726     
   934.000000000000       -1324664.95782751     
   935.000000000000       -1324664.68375112     
   936.000000000000       -1324664.40959048     
   937.000000000000       -1324664.13535391     
   938.000000000000       -1324663.86102418     
   939.000000000000       -1324663.58661745     
   940.000000000000       -1324663.31212544     
   941.000000000000       -1324663.03754421     
   942.000000000000       -1324662.76287024     
   943.000000000000       -1324662.48811515     
   944.000000000000       -1324662.21327104     
   945.000000000000       -1324661.93832582     
   946.000000000000       -1324661.66329022     
   947.000000000000       -1324661.38816159     
   948.000000000000       -1324661.11294343     
   949.000000000000       -1324660.83761786     
   950.000000000000       -1324660.56219254     
   951.000000000000       -1324660.28667628     
   952.000000000000       -1324660.01105269     
   953.000000000000       -1324659.73533299     
   954.000000000000       -1324659.45949275     
   955.000000000000       -1324659.18355986     
   956.000000000000       -1324658.90751296     
   957.000000000000       -1324658.63136463     
   958.000000000000       -1324658.35509367     
   959.000000000000       -1324658.07871939     
   960.000000000000       -1324657.80223122     
   961.000000000000       -1324657.52562506     
   962.000000000000       -1324657.24889769     
   963.000000000000       -1324656.97206043     
   964.000000000000       -1324656.69509369     
   965.000000000000       -1324656.41800431     
   966.000000000000       -1324656.14080432     
   967.000000000000       -1324655.86346035     
   968.000000000000       -1324655.58599881     
   969.000000000000       -1324655.30840788     
   970.000000000000       -1324655.03068134     
   971.000000000000       -1324654.75282312     
   972.000000000000       -1324654.47483670     
   973.000000000000       -1324654.19670295     
   974.000000000000       -1324653.91843937     
   975.000000000000       -1324653.64002496     
   976.000000000000       -1324653.36147408     
   977.000000000000       -1324653.08278112     
   978.000000000000       -1324652.80393046     
   979.000000000000       -1324652.52494831     
   980.000000000000       -1324652.24580035     
   981.000000000000       -1324651.96650552     
   982.000000000000       -1324651.68704493     
   983.000000000000       -1324651.40744420     
   984.000000000000       -1324651.12767935     
   985.000000000000       -1324650.84773942     
   986.000000000000       -1324650.56765144     
   987.000000000000       -1324650.28738816     
   988.000000000000       -1324650.00695945     
   989.000000000000       -1324649.72635841     
   990.000000000000       -1324649.44558551     
   991.000000000000       -1324649.16463958     
   992.000000000000       -1324648.88350585     
   993.000000000000       -1324648.60220115     
   994.000000000000       -1324648.32070720     
   995.000000000000       -1324648.03903184     
   996.000000000000       -1324647.75717365     
   997.000000000000       -1324647.47511149     
   998.000000000000       -1324647.19286363     
   999.000000000000       -1324646.91041958     
   1000.00000000000       -1324646.62777160     
   1001.00000000000       -1324646.34493289     
   1002.00000000000       -1324646.06188383     
   1003.00000000000       -1324645.77862992     
   1004.00000000000       -1324645.49516525     
   1005.00000000000       -1324645.21148529     
   1006.00000000000       -1324644.92759578     
   1007.00000000000       -1324644.64348493     
   1008.00000000000       -1324644.35914981     
   1009.00000000000       -1324644.07459827     
   1010.00000000000       -1324643.78981402     
   1011.00000000000       -1324643.50479996     
   1012.00000000000       -1324643.21956327     
   1013.00000000000       -1324642.93407719     
   1014.00000000000       -1324642.64835288     
   1015.00000000000       -1324642.36238877     
   1016.00000000000       -1324642.07618117     
   1017.00000000000       -1324641.78972116     
   1018.00000000000       -1324641.50301377     
   1019.00000000000       -1324641.21605054     
   1020.00000000000       -1324640.92881966     
   1021.00000000000       -1324640.64133492     
   1022.00000000000       -1324640.35358212     
   1023.00000000000       -1324640.06556225     
   1024.00000000000       -1324639.77726650     
   1025.00000000000       -1324639.48869109     
   1026.00000000000       -1324639.19984342     
   1027.00000000000       -1324638.91070701     
   1028.00000000000       -1324638.62129190     
   1029.00000000000       -1324638.33157560     
   1030.00000000000       -1324638.04156717     
   1031.00000000000       -1324637.75127259     
   1032.00000000000       -1324637.46065272     
   1033.00000000000       -1324637.16975073     
   1034.00000000000       -1324636.87852477     
   1035.00000000000       -1324636.58698799     
   1036.00000000000       -1324636.29513457     
   1037.00000000000       -1324636.00295574     
   1038.00000000000       -1324635.71045988     
   1039.00000000000       -1324635.41762661     
   1040.00000000000       -1324635.12446139     
   1041.00000000000       -1324634.83096051     
   1042.00000000000       -1324634.53710930     
   1043.00000000000       -1324634.24292850     
   1044.00000000000       -1324633.94838136     
   1045.00000000000       -1324633.65347986     
   1046.00000000000       -1324633.35822630     
   1047.00000000000       -1324633.06260789     
   1048.00000000000       -1324632.76661594     
   1049.00000000000       -1324632.47025660     
   1050.00000000000       -1324632.17351777     
   1051.00000000000       -1324631.87639337     
   1052.00000000000       -1324631.57889742     
   1053.00000000000       -1324631.28099349     
   1054.00000000000       -1324630.98269777     
   1055.00000000000       -1324630.68400073     
   1056.00000000000       -1324630.38491173     
   1057.00000000000       -1324630.08539736     
   1058.00000000000       -1324629.78547902     
   1059.00000000000       -1324629.48513356     
   1060.00000000000       -1324629.18436763     
   1061.00000000000       -1324628.88316961     
   1062.00000000000       -1324628.58154218     
   1063.00000000000       -1324628.27947345     
   1064.00000000000       -1324627.97695595     
   1065.00000000000       -1324627.67399952     
   1066.00000000000       -1324627.37058107     
   1067.00000000000       -1324627.06670571     
   1068.00000000000       -1324626.76236195     
   1069.00000000000       -1324626.45755417     
   1070.00000000000       -1324626.15227233     
   1071.00000000000       -1324625.84650536     
   1072.00000000000       -1324625.54025238     
   1073.00000000000       -1324625.23351628     
   1074.00000000000       -1324624.92627769     
   1075.00000000000       -1324624.61853346     
   1076.00000000000       -1324624.31029370     
   1077.00000000000       -1324624.00153521     
   1078.00000000000       -1324623.69226911     
   1079.00000000000       -1324623.38246185     
   1080.00000000000       -1324623.07214009     
   1081.00000000000       -1324622.76128732     
   1082.00000000000       -1324622.44987994     
   1083.00000000000       -1324622.13794414     
   1084.00000000000       -1324621.82544747     
   1085.00000000000       -1324621.51239371     
   1086.00000000000       -1324621.19879272     
   1087.00000000000       -1324620.88461015     
   1088.00000000000       -1324620.56986798     
   1089.00000000000       -1324620.25452974     
   1090.00000000000       -1324619.93862504     
   1091.00000000000       -1324619.62212470     
   1092.00000000000       -1324619.30502892     
   1093.00000000000       -1324618.98733306     
   1094.00000000000       -1324618.66902969     
   1095.00000000000       -1324618.35012079     
   1096.00000000000       -1324618.03058512     
   1097.00000000000       -1324617.71044172     
   1098.00000000000       -1324617.38965323     
   1099.00000000000       -1324617.06824356     
   1100.00000000000       -1324616.74618856     
   1101.00000000000       -1324616.42348504     
   1102.00000000000       -1324616.10014130     
   1103.00000000000       -1324615.77612851     
   1104.00000000000       -1324615.45146576     
   1105.00000000000       -1324615.12613363     
   1106.00000000000       -1324614.80012425     
   1107.00000000000       -1324614.47343872     
   1108.00000000000       -1324614.14607609     
   1109.00000000000       -1324613.81801427     
   1110.00000000000       -1324613.48926466     
   1111.00000000000       -1324613.15981545     
   1112.00000000000       -1324612.82966874     
   1113.00000000000       -1324612.49879819     
   1114.00000000000       -1324612.16721651     
   1115.00000000000       -1324611.83492425     
   1116.00000000000       -1324611.50190094     
   1117.00000000000       -1324611.16814658     
   1118.00000000000       -1324610.83365390     
   1119.00000000000       -1324610.49842992     
   1120.00000000000       -1324610.16244858     
   1121.00000000000       -1324609.82573491     
   1122.00000000000       -1324609.48825444     
   1123.00000000000       -1324609.15001314     
   1124.00000000000       -1324608.81101569     
   1125.00000000000       -1324608.47124792     
   1126.00000000000       -1324608.13070901     
   1127.00000000000       -1324607.78939418     
   1128.00000000000       -1324607.44729000     
   1129.00000000000       -1324607.10440822     
   1130.00000000000       -1324606.76073012     
   1131.00000000000       -1324606.41627271     
   1132.00000000000       -1324606.07099593     
   1133.00000000000       -1324605.72493681     
   1134.00000000000       -1324605.37806734     
   1135.00000000000       -1324605.03038240     
   1136.00000000000       -1324604.68190224     
   1137.00000000000       -1324604.33258263     
   1138.00000000000       -1324603.98246629     
   1139.00000000000       -1324603.63151820     
   1140.00000000000       -1324603.27974803     
   1141.00000000000       -1324602.92714003     
   1142.00000000000       -1324602.57371983     
   1143.00000000000       -1324602.21944905     
   1144.00000000000       -1324601.86435071     
   1145.00000000000       -1324601.50842390     
   1146.00000000000       -1324601.15163198     
   1147.00000000000       -1324600.79402176     
   1148.00000000000       -1324600.43554828     
   1149.00000000000       -1324600.07624721     
   1150.00000000000       -1324599.71608286     
   1151.00000000000       -1324599.35507463     
   1152.00000000000       -1324598.99321060     
   1153.00000000000       -1324598.63050486     
   1154.00000000000       -1324598.26693851     
   1155.00000000000       -1324597.90251866     
   1156.00000000000       -1324597.53724571     
   1157.00000000000       -1324597.17111337     
   1158.00000000000       -1324596.80412391     
   1159.00000000000       -1324596.43628261     
   1160.00000000000       -1324596.06757856     
   1161.00000000000       -1324595.69803459     
   1162.00000000000       -1324595.32761303     
   1163.00000000000       -1324594.95634972     
   1164.00000000000       -1324594.58421938     
   1165.00000000000       -1324594.21124844     
   1166.00000000000       -1324593.83741351     
   1167.00000000000       -1324593.46273508     
   1168.00000000000       -1324593.08719950     
   1169.00000000000       -1324592.71081102     
   1170.00000000000       -1324592.33357633     
   1171.00000000000       -1324591.95549783     
   1172.00000000000       -1324591.57657897     
   1173.00000000000       -1324591.19681479     
   1174.00000000000       -1324590.81620685     
   1175.00000000000       -1324590.43476164     
   1176.00000000000       -1324590.05248623     
   1177.00000000000       -1324589.66937509     
   1178.00000000000       -1324589.28544217     
   1179.00000000000       -1324588.90068058     
   1180.00000000000       -1324588.51509551     
   1181.00000000000       -1324588.12868831     
   1182.00000000000       -1324587.74148014     
   1183.00000000000       -1324587.35344764     
   1184.00000000000       -1324586.96461585     
   1185.00000000000       -1324586.57498151     
   1186.00000000000       -1324586.18454297     
   1187.00000000000       -1324585.79332539     
   1188.00000000000       -1324585.40131034     
   1189.00000000000       -1324585.00850946     
   1190.00000000000       -1324584.61494193     
   1191.00000000000       -1324584.22059093     
   1192.00000000000       -1324583.82547485     
   1193.00000000000       -1324583.42960795     
   1194.00000000000       -1324583.03296895     
   1195.00000000000       -1324582.63559633     
   1196.00000000000       -1324582.23747717     
   1197.00000000000       -1324581.83861050     
   1198.00000000000       -1324581.43902684     
   1199.00000000000       -1324581.03870770     
   1200.00000000000       -1324580.63768032     
   1201.00000000000       -1324580.23593626     
   1202.00000000000       -1324579.83349110     
   1203.00000000000       -1324579.43035514     
   1204.00000000000       -1324579.02651827     
   1205.00000000000       -1324578.62201072     
   1206.00000000000       -1324578.21683136     
   1207.00000000000       -1324577.81096308     
   1208.00000000000       -1324577.40446937     
   1209.00000000000       -1324576.99730445     
   1210.00000000000       -1324576.58949565     
   1211.00000000000       -1324576.18106275     
   1212.00000000000       -1324575.77199173     
   1213.00000000000       -1324575.36231342     
   1214.00000000000       -1324574.95201834     
   1215.00000000000       -1324574.54112384     
   1216.00000000000       -1324574.12963543     
   1217.00000000000       -1324573.71756570     
   1218.00000000000       -1324573.30492334     
   1219.00000000000       -1324572.89170313     
   1220.00000000000       -1324572.47793477     
   1221.00000000000       -1324572.06361365     
   1222.00000000000       -1324571.64875875     
   1223.00000000000       -1324571.23335724     
   1224.00000000000       -1324570.81744808     
   1225.00000000000       -1324570.40102387     
   1226.00000000000       -1324569.98409829     
   1227.00000000000       -1324569.56666994     
   1228.00000000000       -1324569.14876970     
   1229.00000000000       -1324568.73037591     
   1230.00000000000       -1324568.31152980     
   1231.00000000000       -1324567.89222405     
   1232.00000000000       -1324567.47247192     
   1233.00000000000       -1324567.05227411     
   1234.00000000000       -1324566.63165801     
   1235.00000000000       -1324566.21061285     
   1236.00000000000       -1324565.78916093     
   1237.00000000000       -1324565.36731653     
   1238.00000000000       -1324564.94507064     
   1239.00000000000       -1324564.52245083     
   1240.00000000000       -1324564.09944724     
   1241.00000000000       -1324563.67608809     
   1242.00000000000       -1324563.25238262     
   1243.00000000000       -1324562.82832184     
   1244.00000000000       -1324562.40393902     
   1245.00000000000       -1324561.97920783     
   1246.00000000000       -1324561.55419058     
   1247.00000000000       -1324561.12884094     
   1248.00000000000       -1324560.70320423     
   1249.00000000000       -1324560.27727704     
   1250.00000000000       -1324559.85107661     
   1251.00000000000       -1324559.42459140     
   1252.00000000000       -1324558.99786608     
   1253.00000000000       -1324558.57087078     
   1254.00000000000       -1324558.14363654     
   1255.00000000000       -1324557.71616643     
   1256.00000000000       -1324557.28847788     
   1257.00000000000       -1324556.86057457     
   1258.00000000000       -1324556.43244385     
   1259.00000000000       -1324556.00413039     
   1260.00000000000       -1324555.57562216     
   1261.00000000000       -1324555.14693081     
   1262.00000000000       -1324554.71806365     
   1263.00000000000       -1324554.28903532     
   1264.00000000000       -1324553.85984054     
   1265.00000000000       -1324553.43050253     
   1266.00000000000       -1324553.00102808     
   1267.00000000000       -1324552.57140749     
   1268.00000000000       -1324552.14166908     
   1269.00000000000       -1324551.71181234     
   1270.00000000000       -1324551.28185000     
   1271.00000000000       -1324550.85177416     
   1272.00000000000       -1324550.42161950     
   1273.00000000000       -1324549.99136334     
   1274.00000000000       -1324549.56103805     
   1275.00000000000       -1324549.13063159     
   1276.00000000000       -1324548.70016130     
   1277.00000000000       -1324548.26964661     
   1278.00000000000       -1324547.83906748     
   1279.00000000000       -1324547.40843741     
   1280.00000000000       -1324546.97779737     
   1281.00000000000       -1324546.54709748     
   1282.00000000000       -1324546.11639009     
   1283.00000000000       -1324545.68565510     
   1284.00000000000       -1324545.25491721     
   1285.00000000000       -1324544.82417363     
   1286.00000000000       -1324544.39343327     
   1287.00000000000       -1324543.96269424     
   1288.00000000000       -1324543.53197027     
   1289.00000000000       -1324543.10126819     
   1290.00000000000       -1324542.67060295     
   1291.00000000000       -1324542.23994752     
   1292.00000000000       -1324541.80934449     
   1293.00000000000       -1324541.37876649     
   1294.00000000000       -1324540.94826586     
   1295.00000000000       -1324540.51779443     
   1296.00000000000       -1324540.08739135     
   1297.00000000000       -1324539.65703882     
   1298.00000000000       -1324539.22677308     
   1299.00000000000       -1324538.79656909     
   1300.00000000000       -1324538.36644468     
   1301.00000000000       -1324537.93640595     
   1302.00000000000       -1324537.50645656     
   1303.00000000000       -1324537.07659563     
   1304.00000000000       -1324536.64682110     
   1305.00000000000       -1324536.21717305     
   1306.00000000000       -1324535.78760510     
   1307.00000000000       -1324535.35815862     
   1308.00000000000       -1324534.92882305     
   1309.00000000000       -1324534.49959996     
   1310.00000000000       -1324534.07050680     
   1311.00000000000       -1324533.64153633     
   1312.00000000000       -1324533.21268314     
   1313.00000000000       -1324532.78396593     
   1314.00000000000       -1324532.35539091     
   1315.00000000000       -1324531.92694991     
   1316.00000000000       -1324531.49866049     
   1317.00000000000       -1324531.07049609     
   1318.00000000000       -1324530.64250065     
   1319.00000000000       -1324530.21463101     
   1320.00000000000       -1324529.78694930     
   1321.00000000000       -1324529.35938959     
   1322.00000000000       -1324528.93202115     
   1323.00000000000       -1324528.50478659     
   1324.00000000000       -1324528.07773188     
   1325.00000000000       -1324527.65084390     
   1326.00000000000       -1324527.22412062     
   1327.00000000000       -1324526.79757636     
   1328.00000000000       -1324526.37120353     
   1329.00000000000       -1324525.94499484     
   1330.00000000000       -1324525.51898351     
   1331.00000000000       -1324525.09314710     
   1332.00000000000       -1324524.66748200     
   1333.00000000000       -1324524.24202245     
   1334.00000000000       -1324523.81671928     
   1335.00000000000       -1324523.39163562     
   1336.00000000000       -1324522.96671261     
   1337.00000000000       -1324522.54199482     
   1338.00000000000       -1324522.11747339     
   1339.00000000000       -1324521.69313849     
   1340.00000000000       -1324521.26899960     
   1341.00000000000       -1324520.84505438     
   1342.00000000000       -1324520.42131358     
   1343.00000000000       -1324519.99776546     
   1344.00000000000       -1324519.57442488     
   1345.00000000000       -1324519.15127069     
   1346.00000000000       -1324518.72833527     
   1347.00000000000       -1324518.30558808     
   1348.00000000000       -1324517.88304711     
   1349.00000000000       -1324517.46072256     
   1350.00000000000       -1324517.03858317     
   1351.00000000000       -1324516.61666079     
   1352.00000000000       -1324516.19495150     
   1353.00000000000       -1324515.77343278     
   1354.00000000000       -1324515.35212963     
   1355.00000000000       -1324514.93103400     
   1356.00000000000       -1324514.51013972     
   1357.00000000000       -1324514.08946869     
   1358.00000000000       -1324513.66898221     
